2 16 0.5 300
1
1
9 300
   0.0883949      0.33509    0.0167799     0.160973    0.0194131     0.402971   -0.0899273     0.192043     0.187399
    0.272003     0.185136     0.288622     0.339085     0.544927     0.595364    0.0424751     0.216663     0.410655
     0.16258   -0.0366254     0.168717    0.0230065     0.498058     0.220648     0.130195     0.671142     0.509443
    0.430609     0.391013     0.371503     0.561415     0.416107    0.0709104     0.675241     0.591124     0.331836
   0.0153674    -0.745984    -0.146996     0.223663      1.58508  -0.00894095     0.151367      0.79194     0.820738
     1.12425      1.70581     0.533534    -0.751171      1.16387     -1.06951     -1.90785   -0.0593595     0.472816
    0.500267     0.148535    0.0142257    0.0394637     0.296938     0.123086     -0.15453    0.0569672    -0.161658
    0.221324     0.116399    -0.139721    -0.095353   -0.0557444    -0.183874   -0.0574042    0.0156951    0.0527912
    0.291465     0.131996     0.386179     0.204605     0.318111     0.182592     0.766534     0.300826     0.510602
    0.908309   -0.0248073     0.822849      0.81135    -0.115081     0.026095     0.428035    -0.484183    0.0888762
    -0.05037   -0.0275488    -0.161598    0.0268684    -0.072561     -0.27613    0.0470473    0.0620682    -0.175815
    0.613164      0.32589     -3.16408      0.45111    -0.122907      1.24823      0.13537    0.0311284     0.585082
   -0.278099    -0.617486    -0.213425    -0.104487    -0.104739     0.286473      3.14708     -1.09674    -0.134046
    0.588445     0.293036     0.331101   -0.0493609     0.142852       0.2493    0.0955398     0.160852     0.508644
    0.808689     0.540429    -0.362036     0.446123    0.0484877     0.610538     -1.25056     0.893075     0.906359
    0.345069     0.132236     0.139149  -0.00349954     0.125864   0.00874021     0.187915     0.127177     0.489653
   0.0865694     0.194396     0.196004     0.744581  -0.00573218     0.312307      0.24836     0.191932   -0.0675054
    -1.12605     0.850774      0.45278     -1.06509   -0.0626781     0.453384    -0.668377     0.914513      1.25269
    0.604212     0.584084     0.180565     0.373957    0.0928661     -1.93503     0.712008     0.127718     0.196152
    0.347061      0.13391    0.0564567     0.129513     0.214717     0.221841    -0.055871      0.10501     0.360376
     2.04196   -0.0833412     0.371943     0.256788   -0.0793892      0.26076    0.0533649    -0.369203     0.214849
     0.52029     0.422775     0.877127     0.566127     0.715216     0.128134      1.10025     0.388304     0.108372
    0.392204     0.206954     0.668369   -0.0767902     0.105424     0.285025      0.11428    -0.326191      1.07123
      1.2396     0.827099    -0.523514     0.551989     0.305856      0.65844    -0.394375     -2.27097     0.984957
   0.0125249    -0.522253  -0.00822867    0.0371125    0.0922338    -0.118619     0.338097   -0.0231087    0.0909007
  -0.0526009    -0.584508     0.337779      0.18962      0.76264     0.410035     0.584988     0.296441     0.392046
     0.12277      1.28486     0.524163      -2.3376     0.557629   -0.0025429    -0.043456     0.677553    -0.771498
   -0.580676     0.178196    -0.197188      1.22998     0.679561     0.947514        -4.45      1.35801    -0.106824
    0.233197     0.144282     0.337607     0.295974     0.216915     0.504403    0.0939443    0.0128323     0.196423
     -3.7666    -0.296464     0.249022      0.34109      0.66382     0.611759     0.888861     0.230387     0.757179
    0.349655     0.220585     0.841993     0.678652     0.295725      1.54293    -0.867383    -0.608047     0.916191
     1.92604      1.00459      1.07223     -0.92742     0.857992      1.17353     -1.49263    -0.627613      2.12197
  -0.0269157    0.0783283     0.425005   -0.0488778     0.423249   -0.0112536    0.0246395     0.513982     0.186412
   0.0485146   -0.0160985     0.686763      -0.1259     0.544434    -0.812513      1.34981    -0.195983    -0.720171
    0.490245     0.487307     0.192735     0.194321     0.228396     0.141939    -0.823818     0.155289     0.193222
     1.45422   -0.0955136     -0.97974       1.1425    0.0384456    -0.405946     0.389087    0.0917181    -0.283775
    0.496116     0.521626     0.596928      0.76403     0.372325     0.742326     0.200922      0.12903     0.217772
    0.392016      3.10212     0.690562    0.0078272    -0.970375    -0.349529     -1.65705      -1.0604       2.4649
   -0.629236    -0.557363     -2.40645     -1.30433      1.89713      1.01177     0.779115     0.885677      2.54204
    0.124457     0.261716     0.107479      2.69767     0.267491   -0.0445569    -0.911778  -0.00966118    -0.550761
    0.160158     0.474614     0.500195     0.674842     0.125657     0.577961     0.347283     0.410962   -0.0617701
    0.343882     0.426106     0.223183     0.183509     0.393967     0.879994     0.950308    -0.256272     0.815193
    -0.13303    -0.268154     -0.56803     0.322556    -0.214379     0.278015      1.32794    -0.291302    -0.430693
    0.372452   -0.0469856     0.596073     -1.14753     0.147644    -0.640812    -0.614888      2.32886     0.549729
   -0.147593    -0.645711   0.00361562    0.0522003     0.126416     0.317359    -0.375502    -0.300204    -0.148114
   -0.504878     0.428127     0.458386    -0.114225    0.0411939     0.515401   -0.0563145     0.193819     0.115911
   -0.168725     0.375296     0.440219     0.606266     -0.16985     0.535752     0.693844     0.315153   -0.0707567
    0.233798     0.141066    0.0917886     0.117047     0.197253   0.00830748     0.122047     0.255977     0.127822
   -0.779181     0.717953    0.0157255      1.18504     -2.93326      2.86091     -0.26161     0.474652    -0.339702
    0.015716    -0.623826   -0.0305458     0.756018     0.205794      1.29938    -0.539948    -0.361683       1.0681
     1.55619      1.54068       1.3619     0.149949     0.307916    0.0423297   -0.0139905     0.215463     0.249471
   0.0368318    0.0846369   -0.0351231     0.350609    -0.190716     0.084071    -0.094376    0.0365863    -0.286794
    0.667006    -0.142701     0.456638     0.193066   0.00444626    -0.235782     0.364563    -0.428133      0.24389
   -0.114628     -0.30872    0.0265224     0.234215     0.376672     0.150675     0.185009    -0.306315   -0.0321956
    0.662379     0.202062     0.677477     -1.14677   -0.0139152     0.248865      0.23465    -0.136493     0.550251
    0.219213   -0.0863701      0.17716     0.128171     0.513151    0.0645896     0.234084    0.0225673      0.26904
   0.0628506      1.43172    -0.997457    0.0707367    -0.914855     0.573799       -1.239      0.52429     0.489922
     1.57797     0.719588     0.761226     0.786642    -0.220709     -1.90703      1.35426    -0.536701    -0.482487
    0.118212     0.120105     0.185663     0.416191   -0.0123913     0.161648      0.30671   -0.0815582    -0.204445
    0.272444     0.272352     0.133793    0.0266194     0.392702     0.402387     0.243619     0.473224     0.584771
    0.604741     0.751285   -0.0804659     -1.96228     -1.10728     -1.79119     -1.03786   -0.0445683      5.74995
   0.0331297   0.00389597      0.63337      2.16122     0.534977     -1.41648     0.819445     0.344382     0.676394
    0.127509   -0.0194207     0.115701     0.279756     0.198657     0.259523     0.200475     0.142104     0.281396
     2.33121      1.93254      1.27024     -3.61437      1.10854    -0.110464    -0.286138     -0.67167     0.926664
    0.447173    0.0602476     0.556792     0.443452      0.16769     0.339719   -0.0437453    -0.239781    0.0503757
   -0.268609     0.166095     0.168988      -0.1136   -0.0829836     0.282369     0.151757     0.158085    -0.218448
    0.274139     0.413679     0.323993      0.12683     0.158194     0.194116     0.104485     0.340753    0.0210363
    0.418666    0.0606394     0.114813     0.286565     0.394354     0.187974      1.05452      0.20761     0.529594
    0.321902      5.19557     -1.41215       1.3561     0.185181      1.06092     -1.39178    -0.793291     -1.65883
     5.42467     0.896047    -0.122441      1.00991     0.738868   0.00779797    -0.212411   -0.0429049     -1.29467
  -0.0880595     0.259873     0.252086      0.37215    -0.181766     0.682801     0.204599    -0.416864    -0.064062
    0.380477      1.07989     0.319909       1.0356     0.472594    0.0643465      -1.8327     0.330704    -0.101161
   -0.350067     0.603089    -0.929082     0.646345    -0.738524     0.232652      -1.0871   -0.0765612      2.34815
  -0.0843988     -2.76593     0.503196  -0.00131498     0.278449     0.390492     0.111791     0.254113     0.887462
    0.535433     0.463086     0.335959      0.75187     0.121464     0.597585     -0.08952   -0.0692882     0.535203
  -0.0451502      0.99646     0.765322      0.15076      1.27711      1.33914    -0.219167    -0.985524    0.0681327
    0.348469     0.700371    -0.012347     0.127814      0.13221     -0.42231     0.632878     0.352394     0.172417
    -2.03527     0.756382     0.934218     -1.66049      1.34758     0.684952    -0.709702     0.614607     0.832688
    0.113301    -0.655565    0.0347183     0.369342     0.313107     0.741512    -0.274239     0.572754      0.55421
   -0.217395   -0.0601117    -0.654393      1.95532    -0.668225     0.603869    -0.980752    -0.657799      1.53614
   -0.699557    -0.125416    -0.670667      1.27742     0.983131      1.31342    -0.835749    0.0844857    -0.474512
    -1.05013    -0.142256       1.0737     -0.14359    -0.623074     0.558303    -0.876998    -0.254272    -0.367097
    0.607429     0.516865     0.609551    -0.333621      6.25334     -1.98652      0.43029     -1.61225     -1.62574
     2.89514    -0.686991      1.13828   -0.0377109    -0.709743   -0.0109317     0.646188     -1.45167     0.349375
    0.467303     0.612921     0.344133      5.93366     0.111427    -0.994707     -1.51049    -0.875947     -0.39963
  -0.0415035     -0.97361    -0.126059      1.66279     0.285037      1.62543    -0.762602    -0.164287     0.794336
   -0.283837    -0.147923    -0.445859    -0.946823     0.420772      1.38916    -0.391738     0.256445     0.474812
      0.1491     0.167438     0.705821     -1.59228    -0.809053     -1.05014    -0.045617      1.11581     0.565918
     1.30459     0.807959      0.52449    -0.261648     0.366947    -0.358446    -0.672442     -0.18295     0.644297
  0.00670423    -0.770708      3.89836    -0.610222    -0.514918     -1.82433     0.280552     0.719889    -0.414531
    0.367212     0.182609       0.1822     0.501604     0.667709      0.47179     0.224703     0.158836     0.320579
    0.132818    0.0619107       1.4086    -0.103383      1.15044    -0.208575      1.41541   -0.0202225     -1.06428
    -1.34384     -1.11449    -0.999904     -1.18586      7.56653    -0.897516    -0.398533    -0.275374     -0.04205
     0.36934     0.929902     0.408785     0.337321     0.295848     0.549145   0.00871462     -1.44385     0.311403
  -0.0731762    -0.206213    -0.103436      0.34865     0.264858     0.607711     -0.18242    0.0155712      0.10872
   0.0640388      0.29639    0.0887782     0.439236     0.224424     0.654472   -0.0792169    -0.223439    -0.120634
    0.134526      0.59309   -0.0470346     0.124469     0.144839    -0.123343     0.221817     0.272315    -0.117207
    -0.34002     0.243055     0.877414    -0.506757    0.0472628     0.596183    -0.156985     0.293771     0.807513
     0.25529      0.12619     0.550174     0.290698     0.251081     0.536818     0.223137   -0.0922265    0.0163175
   -0.168158    -0.854594     0.250131     0.239788     0.392315     0.489934    -0.150479      1.16183     -0.44465
     1.13107     0.201531     -2.06985        0.807     0.112648   -0.0112134     0.468131    -0.263792     0.826464
    0.193723    0.0552895    0.0932326     0.153879     0.122612     0.224022    0.0636532    0.0643506     0.174401
  -0.0638026     0.091224    -0.402419     0.304894    0.0247368    0.0285504    -0.226072    0.0328821    -0.650014
    0.249522     0.510949    -0.168506     0.854505      1.00161     0.737299     -1.26346    -0.302215     -1.70946
   0.0357538    -0.239724   -0.0735444      1.17959     0.353053     0.693477     0.351348    -0.246337     0.471439
    -0.34002     0.405494      1.09285    -0.444169      2.54625     0.401608     -2.68991     0.385111     0.416654
    0.164537     0.220967      1.42554    -0.606106      1.00751     0.543932     0.375273     0.617372     0.625147
    0.742006     0.566848       0.9136      0.29707     0.751029      0.23346     0.401487    -0.118017      0.44161
    0.353893     0.357296     0.236204   0.00516875     0.565779     0.172347     0.415534     0.585844     0.474993
    0.383722     0.859725     0.914853    -0.601209      1.48381     0.176132   -0.0346287     0.419349    -0.527917
   -0.305391       1.1483     0.867258   0.00889653     0.170831    -0.722995      1.03728       -1.688    -0.852562
   0.0237246     0.351968    0.0181059     0.253968     0.390238    0.0672793    0.0935415      0.40419   -0.0319551
     0.32848     0.443695     0.332934      0.11117     0.314109   -0.0977812     0.638867     0.392668     0.188786
  -0.0638544    0.0413737     0.330961     0.492767     0.202066     0.531038     0.555543      -0.1417    0.0626744
    0.251201     0.205766    0.0293702     0.359014     0.191599     0.641721   -0.0341043     0.464003     0.522887
    0.105052    0.0233347     0.453791     0.469078      0.12984     0.222874     0.706756      0.32657     0.161472
   0.0935629      3.63952     -1.27355    -0.309841     -0.51685     0.113476    -0.717006     0.643671      1.19333
    0.391702     0.294664     0.310061     0.100556    0.0664418      0.21728    0.0210256    0.0719398     0.348822
    0.112143     0.227058     0.181782     0.428347   -0.0551277     0.260763    0.0119227    -0.117012   -0.0929613
   -0.306272    -0.127018     -0.03342     0.231927    0.0331227     0.225547      0.94224     0.058926    -0.105223
    -4.04397      -1.2092     0.462178      1.12787      0.76488      1.43599     0.773464    -0.637882     0.213271
    0.537108    -0.717927       1.4945    -0.160227    0.0143012    -0.692035    0.0318793     0.419924     0.159159
    0.398415     0.590251     0.145119      0.58659    -0.135619       0.7813    0.0350214     0.692467     0.412378
     1.54594     -0.52234     0.471773       1.1457     -1.01895     0.732699    -0.699497     -2.41042      1.04851
    0.286754     0.380039     0.196369    0.0911359     0.326286     0.333361    -0.256432      0.18741     0.194994
    0.303845     0.356547    -0.119894      0.12078    -0.157029    -0.376376     0.394184     0.193309    0.0521758
    0.536093     0.639149     -0.81249      1.08452      1.90678    0.0525876    -0.127416    -0.934742    -0.943476
    0.589428     0.595715   0.00496659     -4.47115     0.939958    -0.422321     0.749317     0.977567    0.0712009
    0.154624    0.0180999     0.235428     0.424837      0.37772     0.462043    -0.972791    -0.275528    -0.186962
    0.254547    -0.303517    -0.715072      1.27857     0.151221      1.66197     0.967526   -0.0762187     0.101106
    0.106855    0.0143475   -0.0409427      0.25638     0.377207     0.290822     0.208345      0.44101     0.281166
    -0.47134     0.616461    -0.171379     0.471946     -1.58571    -0.123259     0.269151      1.72876     -1.93959
    0.677163     0.615705     0.483494    -0.196051     0.676097  -0.00330165    -0.172984    -0.167362     0.100827
    0.129312     0.132746    -0.230027     0.124495    -0.212778     0.121451    -0.204187     0.279674    0.0534288
    0.556003     0.304285     0.563924   -0.0563234     0.662639    0.0496667     0.388935     0.266939     0.743538
   -0.592672     -2.46459    -0.409746      1.92173    -0.112952      1.50032     0.784152     -1.85013      4.39308
    0.883355    -0.988469      1.06485    -0.259541     -2.27538    -0.124296     0.679465    -0.924077      1.26881
   -0.966712     0.195817      1.07207     0.132781     0.460411      1.36111     0.185266    0.0179162     0.228802
    0.370406    0.0819562     -1.25228     0.507735    -0.777939     0.314455    0.0560734      0.27108     0.424188
    0.329393      0.30206     0.347963   -0.0969761     0.356679     0.353686    0.0742912     0.160621     0.569537
    0.408542      -0.1749     0.858995    -0.480445   -0.0219193     0.471543      1.53625    -0.630091     0.870459
    0.409778     0.342513     0.155278      1.10814     0.194446     0.097606    0.0538938     0.060716   -0.0655885
   -0.322887      2.00369    -0.298229   -0.0973006   -0.0696492     0.295108    -0.400989     0.449975    -0.215262
    0.607013     0.527469     0.164933   -0.0117465      1.88857     0.269581     -1.23782    -0.444864    -0.456457
     1.07206      1.51183     0.470056    -0.245521     0.227037     -2.11501     -3.16485     0.762909     -1.34924
    0.841209    -0.140704     -1.28517      0.19103    0.0568705    -0.216643      1.54101     0.750904      1.01857
    0.127231      1.59548     0.164027   -0.0526593      0.35049   -0.0356867     0.414894      0.59977     0.223251
     4.09329    -0.614054     0.506901   -0.0145623    -0.201237     0.504171    -0.119227    -0.433139   -0.0239945
    0.303409      1.67066     0.950486    0.0920021     -0.66167     0.299453       1.0089    -0.864382    -0.590243
    0.342348     0.886094     0.275299     0.371733     0.232331     0.245914     0.148939     0.390238    0.0300971
    0.111218    -0.266346     0.154065 -0.000991019     0.399485    -0.139336     0.301524     0.261027     0.184457
    0.178331    -0.250274    -0.216293     0.511126     0.137455     0.383806     0.342477   -0.0971983     0.033712
    0.534031     0.581399     0.252387    0.0874967     0.368275     0.188642     0.391707     0.626209     0.199988
    0.862918     0.500954    -0.053008     0.577302     0.769323   -0.0205134     0.124195     0.137608     -0.70178
     0.38593     0.786963    -0.120685     0.340903    0.0499111     0.114399   -0.0261767    -0.034916     0.139339
    0.524556      0.20236      1.39499    -0.201656     0.655905    -0.167147     0.669758    -0.489788     -1.06924
   -0.166528     0.191666    -0.123583    -0.176785     0.797714      3.00783     -1.01222     0.248423     0.387903
    0.162559     0.345761    0.0234713    -0.111441   -0.0873385     0.406155    -0.407412     0.331634      0.61239
   -0.467858    -0.176241     0.879135     -1.11003      1.08555      0.56635    -0.199787    -0.241604    0.0275423
    -1.84063      1.14442     -3.34471      2.88974      1.64954      3.52676    -0.121775      1.99385     -1.89756
    0.279812     0.420689     0.392779     0.223728      0.33922     0.271846     0.370257     0.402281     0.143832
   0.0237976    -0.382645    -0.177785    0.0742714     0.184198     0.173152    -0.216683    -0.227095    -0.125128
    0.837719     -6.38402   -0.0529443     0.698521     0.573788     0.148695      1.48237      1.08673      1.07872
    0.209471     0.157825     0.209917      0.43166     0.222415     0.322105     0.366344     0.398457     0.250238
    0.226988     -0.10548  -0.00943881     0.148194     0.255242     0.187171    0.0687244   -0.0249402     0.272102
    0.136543    0.0769165    0.0168626    0.0136406     0.137331   0.00818918     0.260976     0.222822     0.176585
    0.148122   -0.0766009     0.212093     0.161294      0.41801     0.774297   -0.0510804     0.128098     0.637434
    0.249359     0.187164   -0.0553696    -0.111791  -0.00497548    -0.425146   -0.0117423     0.344629     0.184771
   -0.297291      0.98912    -0.310497    -0.108073     0.178128     0.255189    -0.852104     0.666292    -0.757027
    0.737777     -1.37526   -0.0314667     0.952725      1.04375     0.658746    -0.201025       1.0249     0.644995
    0.249406     0.437159     0.523646   -0.0636609      0.31342     0.529439     0.065726      0.32225      0.71438
    0.150357      0.27562    0.0974439    0.0790719      0.13378     0.240563    0.0847805     0.273702     0.283052
    0.731433    0.0656385    -0.659686     0.646664     -0.42111     0.268307     0.174732     0.324855     0.711633
     0.11028     0.307503     -1.01832      1.14725     0.320305      0.17236      3.36288   -0.0716598     -1.25075
   -0.445751      1.44411    -0.470634    -0.433934    -0.460981    -0.422855    -0.262615     0.656522      2.75422
   0.0593035     -0.19335    -0.184946  -0.00107099     0.155756     -0.07697     0.115194     0.351585      0.20362
    0.130981    -0.696834     0.613161    0.0314536     0.113139      0.53759     0.565338    -0.295508      1.31316
    0.172416     0.332713     0.239319     0.323106     0.282115      0.43455    0.0527497     0.791854   -0.0317925
   -0.795657     0.814226     0.286303      0.50627    -0.596332    0.0734368     0.819181     0.925995    -0.575618
     1.21383      1.26622    -0.962232      1.19218    -0.986347     0.851437     -1.49151     0.027556      0.71175
   -0.388537       1.4296     0.697483     -1.02504     -2.33522     0.242741    -0.107232     0.801258   -0.0612461
    0.926563     0.459278      1.44013     0.202719     0.558611    -0.511251       1.5219    -0.524262      -1.0638
     1.52472     0.504438      1.60527      -0.1852     0.689801     -0.72968     0.934608     -1.46276    -0.215725
     3.12922    -0.345663     0.493004     0.148741   -0.0673524     0.603862     0.235055     0.125661     0.441665
     0.17069     -1.11468     0.156176     0.274678     0.460329     0.572734     0.702394   -0.0904839     0.918985
    0.396297     -1.30677     0.821157    -0.322184     0.995502    -0.315061      1.52833    -0.251835      1.24355
    0.619684     0.322854   -0.0129091     0.342003     0.297224    -0.387535  -0.00619983    0.0729477     0.247139
    0.218066     0.156429    -0.221109     0.785622    -0.163671     0.134715     0.142565     0.218148     0.155469
   0.0982961    -0.479791    -0.949519     0.887066    0.0727894    -0.132517   -0.0120891      1.98421    -0.966377
   -0.185806    -0.602596     0.102581      1.00095      1.26509      1.80965     -1.18637    -0.805441    0.0483646
    0.314131    0.0594908     0.176047     0.569014     0.233797     0.398883     0.496541     0.138974     0.275782
    0.266062      0.66438     0.417604    -0.502979      1.44472 -0.000838135    -0.395983    -0.110111    -0.921145
   -0.139742    0.0489373    -0.389563    -0.647217    -0.116501    -0.869403      3.94736    -0.046186     -0.57504
    0.949667     -1.23006    -0.371949       1.2754     0.217626     -4.27588      1.96342      1.00429      1.54757
    0.179641      1.97409     0.507199     -1.70916   -0.0978609     -2.03881     0.847422     0.575683      1.85274
     0.39456     0.577907      0.96979    -0.530113      1.79358     0.576248    -0.242445    0.0522482    -0.329125
     0.19324      2.24633     0.405718   -0.0524475     0.863374    -0.279157     -2.55422      1.34448    0.0238979
    0.466897     0.292768    -0.179655     0.421995   -0.0391155     0.262742    0.0709458      0.21353     0.506074
  0.00338777    -0.150298      5.95734     -1.13104     -1.01463     -1.55655     -1.02355      0.86274    -0.618076
   -0.176072      2.26605    -0.288501    -0.156377     0.603782    -0.361464     0.284406    -0.126983     -0.83163
    0.571962     0.240328     0.310911    0.0617011     0.434745    -0.137595   -0.0272739   -0.0296491     0.397545
   0.0603402     0.208444    0.0589069    0.0368458     -0.13494     0.365598   -0.0895991   -0.0617106    0.0285887
     1.10492     -1.84391      -0.3733      1.85078     0.289112     0.842308     0.210725     -1.34216     -1.57185
  -0.0325678     0.218105     0.136157    -0.556504   -0.0282588    0.0567709    -0.227088     0.122679     0.121779
     2.01869      1.51535    -0.480554   -0.0243337     0.670189    -0.159106     -0.61028       0.2452     -3.01262
    0.470796     0.553119     0.275334     0.344273     0.476763     0.231472      0.42296     0.473232     0.387925
    0.327905   -0.0277143    0.0203449    -0.487764     -0.15177    -0.814486   -0.0791599      4.35099    -0.228239
      0.2773     0.826466     0.305659     0.459072     0.259641     0.468291    0.0675083      0.50553    0.0929067
    0.187293     -0.43159     0.742489     0.106711    -0.174011     0.495176     0.454214     -0.20213     0.830388
  -0.0766687     0.232754    0.0346168    0.0774438     0.126785     0.274524    -0.112514    0.0959515    0.0609181
   0.0607115     0.761505    -0.607805     0.257218     0.839016    -0.610326      2.22477     0.959208    -0.714758
   -0.706702     -0.24293     -1.72732       1.3581      1.88637    -0.879256      2.37348     0.767015     -1.30319
    0.086876     -1.43036      6.98017    -0.292946     -2.50581    -0.665316     0.424557     -1.51434    -0.153808
    0.175399      0.13951     0.372609    -0.127666     0.390754   -0.0344345     0.285295     0.308459     0.372932
    -1.54075      3.80459      1.40294     -1.04836      1.95876      1.93542     -1.12021     -2.34544     0.210631
    0.526037     0.361851     0.523485     0.525895     0.588936     0.650645     0.490408     0.466589     0.768133
    0.377185     0.311897     0.361067     0.107995      0.56937      0.20886     0.566216     0.513548     0.518515
    0.446566     0.509964     0.317536     0.465594     0.307758     0.612728     0.158091      0.36703     0.485867
    -1.93693       1.1084    -0.649157     0.416195     0.474013    0.0124254    -0.366324      1.78325     0.859958
   -0.124253    -0.329816    -0.444044     0.420573    -0.250814     0.477617     0.816407     -1.01163    0.0513261
   -0.563126   -0.0165048     0.534502     0.717114    -0.417065      1.15971     0.838849     0.287839     0.250778
   -0.851919     -1.49484     -1.48737      1.48124     -1.44435      2.94343      1.27362     -0.57784     0.455302
   -0.366056     0.462444     0.424257    -0.152942      1.58798      0.40039     -1.20162     0.574943     0.231703
     0.29863     0.545634      0.21211       1.0378    -0.127175    -0.267199     0.520933     0.711253    -0.231982
    0.748296     0.517368     0.765623      0.26284     0.212309    -0.281341       0.3306    -0.183903     -0.23621
  -0.0120242    -0.259055    0.0628151     0.303385      0.22612     0.479027    -0.340955    -0.141151   -0.0139963
    0.178307   -0.0951914    -0.128891     0.219343     0.209112       0.1998     0.386172     0.362916     0.646408
    0.331171   0.00369761    -0.250262     -2.13296      1.26609     0.205929     0.124568      1.24718     0.901315
   0.0442297      0.33873     0.499905    -0.477168     0.203343    -0.022893   -0.0507092     0.234759     0.774132
    0.534269     0.172163    0.0481985     0.586449     0.291213     0.309935     0.125822     0.195633    -0.606939
  -0.0393606    -0.310077    -0.130839     0.994193     0.242203      1.35608     0.483997    -0.373756    -0.179442
     0.25795    0.0820392   -0.0755591   -0.0227338     0.010299     -0.11109    0.0685484     0.167228     0.113886
     1.36651     0.517933     -1.66039     0.839703     -1.29437   -0.0736228    -0.648272     0.749893      1.14952
    0.371904     -2.02297     0.655595     0.351024     0.620451  -0.00917677     0.843978    -0.213496     -0.23182
     0.82841     0.281769     0.389433     0.103764     0.200684    0.0957714    0.0995241   -0.0169071    -0.492846
    0.901886    0.0485435     0.495961     0.021787    0.0359066   -0.0362835    0.0838056    -0.648089     0.326245
   -0.475193     0.230141    -0.461648     0.285664    -0.186665     0.419503     0.897146    0.0541901    -0.331251
    -2.83637     0.317707      1.06074     0.644926     -2.04972     0.505479      0.80034      1.02588     -1.48044
     1.75636     -0.96546      1.47896     -1.82999     -1.98292     -2.15655      1.60336    -0.990842      1.60122
   -0.326795    -0.548586    -0.521665    0.0808661    -0.172423     0.198296    -0.234881      3.20055    -0.840029
    0.126639    -0.112174   -0.0213679     0.504391     0.125901      0.21628      0.23614     0.152275     0.123013
     1.71842     0.693906      1.80156     0.305851     0.657036     -1.36982      2.08743     -3.15067    -0.206385
    -0.16234     0.364236     0.412418    -0.368758     0.785833     0.327085    -0.514209     0.184291    0.0680455
     1.77701    -0.228958    0.0409294    -0.761224     -2.49163    -0.195395     0.750304    -0.188094      2.08361
    0.248736     0.150034     0.223343     0.287325     0.215556    0.0725428     0.315916     0.246016     0.151641
    0.187929     0.103385     0.100458    -0.228656    0.0604394    -0.191086     -0.16796     0.980921    0.0378194
   0.0306299    -0.212317     0.065199   -0.0889115     0.168373    -0.039147    0.0821916   -0.0211491     0.050337
    0.197729     0.186494     0.346527     0.166619     0.152099     0.133078     0.190032    0.0389234    0.0861673
    0.137112    -0.367686   -0.0752611     0.979199      5.65576    -0.167566     0.763465   -0.0553979     -0.64326
     2.54826     0.139339     0.856565   -0.0325127     0.657977     -1.78381     0.841704    -0.620296      5.11575
     1.33653    -0.116831      1.12977     -2.13758      1.12338     0.126221     -1.56069    -0.314777      2.88929
    0.818775    -0.326334     0.683398     0.619228   -0.0522991    0.0174027      1.07484     -1.26336    -0.922914
   -0.668376     -0.42752      1.73436     0.130343   -0.0338661      1.10311     -3.51006      -1.3231     0.176249
    0.405096     0.160067    -0.205081     0.376864     0.177713     -0.43962   -0.0722932    -0.274011    -0.148063
    0.481173    0.0301793     0.400797     0.504641   -0.0869731     0.151713    0.0808685    -0.352353    0.0540846
    0.457683     0.602291      0.57307    -0.215023    -0.156311     0.216091   -0.0534629     -2.34195     0.422971
     3.30273     0.583021     0.162115    -0.828531     0.377052    -0.805285     0.355278      1.03006   -0.0817924
    0.521525     0.266953     0.750318    -0.187012     0.548375     0.733527    -0.154607    -0.133874     0.939662
   -0.153488   -0.0361629    -0.066566     0.298972    0.0257462     0.180038    0.0737069   -0.0159479   -0.0374759
    0.231978     0.414473     0.161944     0.184648     0.217759     0.183879    -0.206665     0.291462    0.0200719
    0.139945     0.150311    0.0893259     0.145117    0.0494276    0.0827813     0.123797     0.161089  -0.00636292
     1.22877     0.198814     0.499946     0.308673     0.285588      1.19536     0.167498     -3.78205      1.58909
   -0.133039     0.216688    -0.670573    -0.325194     0.322482    0.0517419    -0.328907      1.12852     0.263497
   -0.194754     0.189102    -0.142828    0.0129963   -0.0951478 -0.000991177     0.217263     0.280249   -0.0229095
   -0.165095    -0.616827    -0.038967     0.871666      0.73117      0.67675     0.761177     0.109719     0.138798
    -1.09333     -3.14485    -0.012588     0.487883     0.706324     0.534241     0.917858      3.51548    -0.664757
    0.283405     0.143557     0.409395   -0.0379509     0.686457     0.162139     0.271118     0.288615     0.298669
  -0.0185369     0.841351     0.852164     0.238573     0.812315      1.25752    -0.877811     0.797995     -3.23725
   -0.122241      0.30742     0.175672    0.0371552   -0.0616418    0.0716191     0.390737     0.179758  -0.00860265
    0.159144    0.0563262    -0.041484   -0.0411771   -0.0760803    0.0407927   -0.0687923     0.221786     0.156922
   -0.274515     0.938687     -0.90055    -0.507014     0.863195     -0.26003    -0.355162        1.439   -0.0967159
    0.237667    -0.397109     0.466283    -0.241598     0.101373    -0.357712     0.230935    -0.346552     0.171679
   0.0447509    -0.321845    0.0451696     0.932361     0.568552      1.16059    -0.395762     0.162786     0.331865
    0.181553      0.14025     0.248702   -0.0495646     0.127041    0.0715533     0.122856     0.118083    -0.180467
    0.397002     0.698191   -0.0766964     -1.31024    -0.240784       -1.405       3.1031    -0.194133    -0.205364
    0.132198     0.280553     0.329911    -0.114254     0.171404     0.184231   -0.0282737      0.13161     0.116629
    0.201908    -0.367938       1.4265     -2.78861    -0.396246     0.305645     0.751069    0.0706678      1.36126
   -0.153211     0.203284    -0.867622       0.6983      0.35194     0.646388    -0.407058    -0.138893    -0.516213
   -0.547042    -0.416814    -0.438863    -0.603978    -0.668522       5.9625    -0.338882    -0.532392     -0.40135
    0.867843     0.700131     -1.13446      1.37649     -1.87312     0.312075    -0.498942      1.04729      0.80971
    0.119344    -0.122998    -0.331187     0.680706     0.552804     0.497715     0.400596     0.135376     0.145857
   0.0570392     0.797653      1.07088     0.307249     0.041951      1.26856     0.058184   0.00369074     -4.36746
   0.0254474    0.0675322    0.0736488    0.0301311      0.28981     0.180224   -0.0126987     0.688394      0.22041
    0.424028     0.353673     0.404987    0.0953355       1.7744     0.622144   -0.0888446     0.054672       0.5721
    -4.53556     0.690202     0.524068     0.199404    0.0364149    -0.420204     0.625716     0.585871    -0.145237
     0.50593     0.546402    -0.122777    0.0509909    -0.368568    -0.435775    -0.257232    0.0514902     0.232263
    0.242237   -0.0108476     0.391979     0.162425     0.591407     0.522456    0.0962623    0.0288597     0.302369
   0.0368425    -0.316823     0.282394    -0.117817    0.0488329    0.0477852    0.0802884    -0.197343     0.152248
     1.28702     0.564462     -3.41289   -0.0520379     0.521131    -0.275962     0.769637     0.508965     0.752608
    0.558857   -0.0715096     0.516327    -0.556394    -0.105774     0.148765      1.47356     -0.30925      0.90007
    0.258247    0.0132741   -0.0690918     0.283188   -0.0210139    -0.495763      1.12344     0.147965     -0.22918
    0.306146    -0.554156     0.128933    0.0603611   -0.0551223    -0.153053      0.70008    -0.357494     0.263943
    0.304876    -0.256262     0.299883     0.131749    -0.141541   -0.0840381     0.211771    -0.379086    0.0789323
    0.944675  -0.00322766     0.984677      1.02515      1.62265     0.858077     0.298651    -0.341335     -2.24338
    0.248035     -0.48384     0.841944      0.10308    -0.061393    0.0829784     0.147375    -0.235808     0.389501
    -1.79563     0.198848    -0.444386     -1.11611     0.205864      3.88573     0.709589      1.88974    -0.435259
    0.733635     0.375776     0.309238     -0.26467     0.430282     0.293419    -0.677958    -0.659125     -1.20465
    0.564738     0.672171     0.830512    -0.526912     0.495521    -0.520511     0.374232     0.563704     0.813997
    -1.47983     -2.49682    -0.132054       0.9612      1.91085    -0.080798      1.59551     0.535724     0.962658
    0.831333     0.701164     0.437721       0.1281     0.130792    -0.587128     0.218602    0.0189578      0.29297
-3.09702
-3.10066
-3.11949
-3.02164
-3.31611
-3.44217
 -3.3489
-3.22004
-3.13411
-3.13961
-3.27628
-3.55059
-3.70024
  -3.135
-3.31216
-3.14022
-3.11594
-3.16813
-3.19876
-3.11407
-3.35249
-3.05822
-3.24809
 -3.0803
-3.23422
-3.13903
-3.63112
 -3.0709
-3.12949
-4.21947
-3.22299
-4.10156
-3.30362
-3.27186
-3.30338
-3.72433
-3.05189
-3.23136
-4.48353
-3.84318
-3.10884
-3.34154
-3.43007
-3.43944
-3.33782
-3.17418
-3.13406
-3.13589
-2.69429
-3.25405
-2.99528
-3.25344
-3.18864
-3.26431
-3.36344
-3.15565
-3.27344
-3.04017
-3.11618
-3.09982
-3.66177
-3.74104
-3.13049
-4.37053
-3.19937
 -3.2403
-3.11228
 -3.2142
-3.96285
-4.24946
-3.15147
-3.61237
-3.57452
-3.57275
-3.06568
-3.49733
-3.17748
-4.15379
-3.27946
-3.64521
-3.84514
  -3.439
 0.64439
-3.49931
-4.78642
 -3.4337
-3.58441
-3.31916
-3.22553
-4.38024
 -3.0577
-3.27442
 2.79164
-3.15674
-3.25162
-3.16587
-3.19254
-3.19481
-3.32522
-3.44609
-3.44688
-3.13976
-3.32155
-3.54074
-3.13391
-3.86197
-3.12028
-2.94944
-3.11625
  -3.352
  -3.378
-3.22898
-3.11669
 -3.2044
-3.05001
-3.20741
-3.31764
-3.18123
-3.18577
-3.25182
-4.38035
-3.71216
-2.98946
-3.13089
-3.16399
-3.23688
-3.72779
-3.36797
-3.37538
 -3.2989
-3.16998
 -3.4603
-3.17836
-3.20578
-3.07185
-3.49353
-4.11023
-3.27227
 -3.1415
-3.07435
-3.38329
-3.18964
-3.18571
-3.57162
-4.07644
-3.60776
-3.16393
-4.39438
-3.07898
-3.10679
 -3.1896
-3.19944
-3.18354
 -3.4428
-3.16472
-3.34676
-3.47621
-3.15465
-3.40691
-1.24397
  -3.084
-3.33044
-3.83379
-3.08269
-3.17229
-3.15881
 -3.1148
-3.19845
-3.25979
-3.72682
 -3.0704
-3.10786
-3.10383
-3.55863
-3.24052
-3.22785
 -3.2611
-3.13859
-3.15551
-3.46622
-3.77948
-3.23219
-3.28515
-3.79484
-3.21915
-3.39374
-3.15503
-3.09449
-3.36568
 -3.5585
-3.07489
-3.55515
 -3.5369
-3.64889
-3.54797
-3.35315
-3.32447
-3.05247
0.865411
-3.44264
-3.11016
-3.28441
-3.42738
-3.19309
-3.76134
-3.03931
-3.66043
-3.11173
-3.27235
-3.16383
-3.35543
-4.07319
-2.95628
-3.14839
 -3.5608
-3.01409
-3.08965
-3.01061
-3.32195
-3.31439
-3.19025
-2.38878
-3.54848
-3.15513
-3.11015
-3.25746
-3.14761
-3.62342
-3.18672
-3.25091
 -3.2812
-3.17022
-3.29423
-3.55945
 -3.2587
-3.19832
-3.58023
-2.94722
-4.21559
-3.44273
-3.13364
-3.31787
-3.29589
 -4.7484
-3.11656
-3.23622
-3.21369
-3.14956
 -4.1924
-1.66096
-3.81803
-3.24792
-3.82713
-3.30523
-3.15182
-3.10572
-4.04889
-3.04761
-3.18519
-3.17057
-3.16628
-3.20843
-3.29465
-3.18211
-3.18225
-4.16893
-3.10771
-3.13657
-3.16132
-3.20049
-3.49087
-3.31524
-3.21224
-3.28909
-3.68535
-3.13201
 -3.1988
-3.31767
-4.21206
-3.09629
-3.18352
-3.95424
-3.19912
-3.13461
-3.50813
 -3.1884
-3.12747
-3.28373
-3.30963
-3.48099
-3.30245
-3.28046
-3.24816
-4.11174
-3.36682
-4.06297
-3.59128
-3.14348
-4.36966
-3.08853
1
4
300 10
 0.000299253     0.167627        0.423     0.300246      1.21274     0.340307     -0.43674    -0.242262     0.226944     0.138903    0.0678604      1.01197     0.477782    -0.346426     0.128578   -0.0434233     0.357987    -0.624484    0.0340464   0.00115625     -2.11504     0.574968   -0.0546971     0.227508     0.251314     0.358486   -0.0245272     0.208993     0.131623     -6.44459     0.131927     0.622818     0.111703     0.072017   -0.0294469     -1.13649     0.143822      1.05634      1.97393     0.226073      0.55635     0.172482     0.586112   -0.0124639     0.135951    -0.477582     0.464026      0.13385     0.484325    -0.157692   -0.0425252     0.523647    -0.185413   -0.0586906    -0.518992     0.232806    -0.202695   -0.0109308     0.538649     0.369342     0.980592     0.649374    0.0106952     0.698018     0.014993     0.156389     0.186363     0.378759    -0.189707     -6.47511     0.353507   -0.0109188    -0.539711     0.301033   -0.0390769     -0.48262   -0.0619083     -2.10443     0.424995    -0.203492    -0.121883     0.384187      1.26477     -3.67158     0.247101      0.53821     0.635141    -0.797065    -0.290078     0.358981     0.200321   -0.0915045     -1.88451     0.258512     0.247778    0.0696167   0.00468104    -0.301517     0.040159     0.960398     0.145607   -0.0089033     0.146881    -0.860182   -0.0709557     0.934799     0.764949     0.447799     0.483248    -0.197483     0.298614    -0.128382     0.242002    0.0691587     0.242677     0.463687   -0.0710713   -0.0621127    0.0968069    0.0710645     -6.00999  -0.00343246     0.143013    -0.596716     0.103344    0.0671325    -0.557506    0.0145493    -0.195053     0.767332      0.35132      2.44662     0.147367    0.0708741     0.429155   -0.0371851     -2.86432     -1.21388    0.0342828     0.367149    -0.362964    -0.120555    -0.155544   -0.0214552   -0.0396222     0.387636    0.0754609     -5.99265      1.28859     0.162809     0.353472     0.595542      0.26855     -0.66511    -0.115972      0.34787      1.29144   -0.0178486    -0.131614     -1.13064     0.269116      0.16196      1.08084     0.269428      0.19216     0.117627     0.384603    0.0438684   -0.0913344     0.681167     0.162795       0.1039     -0.24682     0.200966    -0.930756     0.352516     -0.27345     0.515267     0.272703    0.0629484      1.13566     0.502684     0.700401     -4.10637     0.382992     0.345551    0.0403665     0.118079     0.892286    -0.290997     0.269749    -0.533118     0.442587     0.614864   -0.0390887    -0.221969     0.385562   -0.0347327      0.67839    -0.839505     0.267605     0.123807    0.0693849     0.166521     -1.94382      0.18546     0.278489     0.137472    -0.663409     -0.30719     0.114213     0.500306   -0.0673878     0.170733    -0.923871     0.256402     0.422163    0.0781052     -2.31734    -0.192087  -0.00121264     0.288576     0.113858     0.488923     0.156163      0.21649      0.24827     0.897994   -0.0871113    -0.146776     0.613746    0.0392209     -1.22594     0.957785    -0.446908    -0.564465    0.0168804      0.30858     -2.10566      1.01497      0.32557      1.02747   -0.0788475     -3.13677     0.261821    -0.111598     0.117123     0.135338      1.21172     0.666509      2.06838     0.890385     0.120303    -0.464754    0.0556385     0.241538     -4.56649     0.593643    -0.225116    0.0381594    0.0777524      1.14657      0.41666  -0.00303398     0.477679      2.21083     0.295167      2.64628     0.057756   0.00783223   -0.0809981    -0.257832     0.241882    0.0793466     0.118928     0.254079    0.0198359   -0.0731774      1.10364     0.419215     0.403686      1.80269     0.204216     0.601983     -7.79421   -0.0715037     0.188366   -0.0186433    -0.360976    -0.304682      0.33466    0.0848416    0.0399911     -2.17632    -0.166858      1.12923    -0.262285     0.110617     0.923522    0.0693082
   -0.166982   -0.0415628     0.114972   -0.0372382     0.781446      1.62397     0.138668   -0.0554395    -0.277977      0.90829  -0.00892276     0.291427     0.945414     0.157136     0.353819   -0.0520028    0.0292351     -1.07477     0.454444   -0.0604661     0.718235   -0.0667797     0.389038     0.413459    -0.472305    -0.414919      0.27625      1.01571   -0.0933302      1.88884    -0.106806     0.511636     0.110354     0.101005     0.504885    -0.785788   -0.0405184    -0.457579      2.49588     0.490085   -0.0472074     0.428863     0.575029    -0.122263      -0.6929    -0.508845   -0.0750082   -0.0918486    -0.167606    0.0205733      1.55165    0.0652504     0.549246     0.232778     0.561629  -0.00931879     -1.65294     0.986759    0.0509992  -0.00161446    -0.447213      1.00475    0.0337971     0.848832     0.205744     0.107964     0.167386    -0.212972     -6.46509      1.40856     0.124319      1.22248    -0.298084     -3.75767     0.371261      -1.0874     -0.61415     0.156019    -0.896272     0.804616     0.832603    -0.598624     0.308186      2.38821      2.40795    -0.916735     0.375394     -0.45586      1.10132      1.46871   -0.0966713     0.259326    -0.783816    0.0645009   -0.0421447    -0.357077    -0.380173     -0.32415    0.0256921     -1.13507    -0.900365    -0.183618    -0.101804    -0.430539     0.588292      0.77216    -0.321353     0.237616   0.00388404     0.480008    -0.760981     0.161659    -0.205889    0.0779175    -0.111043    -0.212779     -4.56506     0.174752    0.0337712     0.271989      2.40003     -0.63521    -0.143142      2.62019   -0.0264474     -0.39088    0.0538354    -0.123649   -0.0660263     0.751652     0.288836     0.678766     0.337911   -0.0457802    -0.128606      1.09251      1.14367    -0.573309    0.0864697    -0.250573      0.24065     0.112151     -1.80876    0.0206762      1.62729    -0.525434     -1.16596      1.25721    -0.913267    -0.307011    -0.250021    -0.193856     0.191298    -0.272155    -0.579267     0.207145    -0.543216   -0.0510937    -0.538549      2.14009     0.025061     -0.31838     -8.76298    -0.116287    -0.125761   -0.0391502   -0.0210984     0.069092     0.129824     -2.10036     -0.23479     -0.11651    -0.304884     0.858037    -0.913395    0.0796281    -0.119679     0.237148    -0.881169    -0.063242    -0.621065     0.884383      1.23841      0.84138    -0.451618    -0.751167     0.383885     0.260078     0.359477     -1.21593   0.00265531     0.147099    -0.142926     0.648374     -1.27153      0.10404      1.57101   -0.0754028     -2.56683     -2.01202     0.387963    -0.169432     -1.76043   -0.0944965      1.98716    -0.210465      1.50114    -0.223614    0.0680289   -0.0696288     0.257065     0.910716      2.30142   -0.0808299     -5.49034    -0.246926    -0.121882     -0.19023      1.49244     0.946684    -0.023378      1.24555      1.04889   -0.0444125     0.521162    -0.346009    0.0547103     0.337038    -0.110259   -0.0856095  -0.00351374  -0.00684518    -0.690983     -2.64398     0.478222     0.852463     0.235496     -1.58881     0.291482     0.769584    0.0019482      1.07595     0.038446      0.56037   0.00955259   0.00631225     -0.20032    0.0923884     0.749397       1.4541    -0.263909      0.73581     0.424323    0.0391043     0.603469      1.13437      1.15724   -0.0184655     0.210643    0.0793258    0.0089924      2.21307      0.88946   -0.0488751     0.161931     -1.23336    0.0401807    -0.126817    -0.236892    -0.245315     0.895323   -0.0200785    -0.408191    0.0759739    -0.683285    0.0384686     -1.04883     0.213174     0.929513     -0.91748     0.405272     0.353855     0.270926    -0.127846      1.29904     0.129548    -0.382152    -0.223482    -0.664629    -0.117046    -0.193261   -0.0152928     0.271439    -0.712706    -0.262812      1.04865     0.431659   -0.0707125      2.38944      0.42363
   -0.134428     0.049599     0.156961     0.216737     0.254427     0.781995   -0.0562835   -0.0644932    -0.133394    -0.349286    0.0112554     -4.65741     0.701127     0.054974      1.19684   -0.0654007   -0.0319133     -0.24787     0.834604  -0.00967895    0.0478994     0.341557     0.240857    -0.256548    0.0559111      0.65863     0.816062     0.771879    -0.215198      1.67379     0.269837       1.1958    -0.211499      1.39787     0.344156    -0.223044    -0.151559     0.714919     -2.44112     0.702155    -0.206358    -0.506378    -0.306131    -0.305449   -0.0198717    -0.422297    -0.329975    0.0982881     0.311941     0.876094     0.612638    0.0194217     -0.29316     0.261144     0.252754     0.309672     0.513418      1.12839   -0.0184779    -0.252984      1.01297     0.874908     0.183831      1.23074     -0.52793  -0.00972485   0.00103533    -0.150809     0.590061      1.24875   -0.0173896     0.434959       1.7475     0.727224     0.366001   -0.0494275     0.279725    -0.449293     0.451491      1.65787     -1.17448     -1.34557    -0.265935    -0.107341      1.49531     0.752244     0.112439     -1.47451     0.418749     -5.80107    -0.191878      1.65827     -1.14987     0.274827   -0.0740468    -0.368937     0.106973    -0.163219   -0.0361913   -0.0566531     -2.59323     -0.11382    -0.285202     -1.16263    0.0336559     -1.22775    -0.119581      0.28601   -0.0315148   -0.0493884      1.58255   -0.0645979     0.248119      0.11964     0.139726     -0.30875     0.357615    0.0922623   -0.0676748     0.274463     0.772619     -2.06295     0.235927      1.17874    -0.036518     0.051785    -0.842556     0.350473    -0.352484     -0.94386   -0.0681593    -0.284901     0.261879     0.144487      0.18919       2.0447   -0.0388714     -0.29726     -1.30984     0.152833    0.0837913     0.214744   -0.0211944     -1.15487    -0.554121     -2.35024     0.356423     0.509264      1.10436     0.344382     0.241757    -0.386756   -0.0443573      0.11297     0.260031     0.346675    -0.150245      0.44487     0.114133     -2.81107     0.124259    -0.215329      2.08545   0.00228387    -0.153989    -0.111997     0.320244     0.030055    -0.332104    0.0861194      0.10223    -0.189521    -0.398021     0.982251     0.882011   -0.0576713     0.367069   -0.0118082    -0.501566      2.47805    0.0442864      1.29229      1.24281     0.267981     0.500016     0.668382     0.365214   -0.0163535    0.0702057    -0.561624    -0.182153    -0.342948     0.806574     0.733569    -0.621547     -0.23161     0.492243    -0.130434      4.42666     0.376873     0.144148     0.055984     -1.46492     -0.15608     0.375424     0.150769    0.0786377     0.140909     -0.32378    -0.185363     0.585463     0.557875     -10.2587   -0.0329823     0.534043    0.0118682    0.0489018     0.116086    -0.311252    -0.295705     0.296922     0.583258    -0.760692     0.432403      0.23004   -0.0209643    -0.325696    -0.231778   -0.0604383    -0.108387    -0.327729    -0.114979      1.05078     0.412293     0.223795    -0.181412    -0.313123     -2.00598     -2.43236     0.408537    0.0621317       2.2648    -0.398217     0.169082   0.00030046   -0.0242459    0.0597108     -0.13785    -0.154606     -1.38726     0.899715     0.218047     -1.22908      0.29125    -0.144398     0.562568     0.797812      0.22523    0.0122013    0.0816603    -0.104923     -0.42866    -0.627563    -0.388819      0.46531      2.45225     0.185211   -0.0898754    -0.144154    0.0511423     -1.71911    -0.367406   -0.0030136     0.152798     0.676845    -0.108397     0.306697     -1.64432      1.83008      1.15048    -0.462045     0.312457     0.011682    -0.103886     0.474462     0.562318    -0.050813    -0.261746     -4.87636    -0.230783     0.154106    -0.273939    -0.507657   -0.0464293    -0.953515      1.17421    -0.221867    -0.334069       2.2312     0.509156
   0.0983339      0.24078     0.132373   -0.0667335   -0.0237886    -0.143053   -0.0292422    0.0238618      0.06736     -0.44458  -0.00415044     0.177944     0.846554    -0.202533     0.206534      0.24028    -0.488078      1.29652      1.12959    0.0937223     0.321099   -0.0413149     0.132177     0.368434     0.014473     0.109014     -3.20745      2.05864  -0.00931251      1.38563    -0.183999    -0.696352     0.361927    -0.161299   -0.0452577      1.05501       -0.192      1.87368    -0.403226     -3.31107    -0.151003     0.277312     0.497209      1.18593     0.341762     0.351945     -0.29947     0.143143     -1.91853    -0.106257    -0.527848      -0.2702     0.332472     0.119664     -1.55223     0.117651    -0.426915      1.88355    -0.150799    -0.328204      1.23082     -2.53034   -0.0522881     -5.06572    -0.178201    -0.473703    -0.135622       0.3548   -0.0882377      1.74389    -0.159459    -0.967065    -0.109732    0.0575396    -0.602246     0.756754     0.458585      3.00695     0.229944     -2.22461      1.42351      0.51198    -0.224957     0.337308     -9.12252    -0.805415    -0.780566      2.06421   -0.0893596      2.88905     0.269502    -0.527144     -1.18349     0.242775     0.420527     0.375412    -0.088014     0.475446    0.0066772      0.75923     0.832514    -0.021036   -0.0646544      0.77734    -0.179278      2.59768    -0.135713  -0.00059943    -0.301557   -0.0616979     0.320518   0.00259692     0.195876     0.037017     0.141189   -0.0950516     0.437475  -0.00589262    -0.324799    -0.078555       1.4063     0.791538    -0.230013      -1.7399     0.187264     0.502983    -0.119954     -5.81227     0.204074      1.56315    0.0110372     0.234976    -0.601321  -0.00834283     0.203744     -1.34669      0.37538     0.800256     0.374208    -0.050724    -0.620504     -0.92332    -0.201727     0.998167   -0.0358713     0.926666   -0.0634906     0.780784     0.225895    -0.191022     0.184169     0.340013   -0.0966358       0.1638    0.0247064    -0.534163      1.56419     0.112299     0.737133     0.823798    -0.208021      0.33929    -0.338242    0.0059702    0.0832009   -0.0712629     0.190101     0.377237     0.151249     0.211592   0.00893797   -0.0283667     0.331139      1.25908     0.871333     -0.12633    -0.455938     0.163024    -0.241977     -1.83484     0.324761   -0.0274603    -0.479203      0.50719    -0.342094    -0.668466   -0.0846429    -0.441064    0.0409366      2.12275    0.0381121     0.071038      0.73118      1.70124      2.72707     0.479082     0.630554     0.114412    -0.387291    0.0624678    0.0353837   -0.0555958      1.23618    -0.116598    -0.902344    -0.009607      0.42581    -0.179999    -0.108794     0.133548    -0.292061    -0.970601     0.257566     0.176712      2.04441   -0.0588786     -0.24544   -0.0923835     0.640992     0.329424     -0.66951     -1.54779      1.57212    -0.578979   -0.0599745     0.217931    0.0792076     -2.44388     0.573454     0.292856       1.1238    0.0500148     0.513013     0.118957    0.0569795  -0.00300875     0.187631    -0.391238       2.9213     0.446497    -0.266511     0.284929     0.856793      1.07511  -0.00857077     0.456746    0.0789667    0.0505802      1.61368    -0.748798    -0.623865      0.15936      1.17183    -0.223384    -0.407231     0.140302     0.710904     -0.22714  -0.00214415    0.0889131   -0.0109601      1.01575     -0.22638   -0.0174448     0.307532   -0.0103189    -0.195068    -0.833709    0.0668451     0.162132    -0.656621    0.0977813     0.353194  -0.00324457     0.702739     0.059708     -3.27581     0.478579     0.760887    0.0214227     0.312702    -0.407754    0.0983805     0.752295     0.980801     0.485479     0.362579    0.0119096     0.116697     0.226658     0.625768     0.341691      0.12864      1.29466    0.0156199    -0.102147    -0.545741      1.06985     -0.78667     0.692352
     -0.2363    -0.589856    -0.361299     -0.27785     -1.72537    -0.828787    -0.290357     -0.11926     0.159433   -0.0379153     -0.13183     0.659287     0.857726    0.0372342     0.383073   -0.0380494    -0.166328    -0.143619    -0.176517    -0.249474     0.409502   -0.0659693    0.0465237     0.250659    -0.110564    -0.709464     0.607105      1.22911     -0.19116     0.627808    -0.343152    -0.206148    -0.277633   -0.0205349   -0.0314828    0.0509653    -0.244964      1.04737     -1.90399     0.437095    0.0269252    -0.136942     0.119273     0.382349    -0.259838    -0.267263   -0.0227806    -0.244995     -1.37847    -0.119485    -0.229746    -0.171714     0.138044    -0.693433      0.28604    -0.673493     0.528208   -0.0990974    -0.245425    -0.333873      1.74984    0.0799632    -0.303082    -0.424414    0.0403122     0.166353    -0.125633    -0.111336     0.335829    -0.344604    -0.215406     0.446237    -0.376327     0.369848    -0.327811     -1.46414    -0.136158     -1.11206   -0.0937755    -0.280997    -0.663858     0.107389      3.68967     0.817168     0.943155     0.162522    -0.396538    -0.316352     0.169064     0.806434    -0.857626     -0.47783      9.20077    -0.654269    -0.215443    -0.295387    -0.104558    -0.429992    -0.046158     0.153641     0.458235    -0.174676   -0.0722057    -0.583531    -0.258024     -2.87526    0.0758229     -0.78182    -0.510825     -1.40856    -0.279238    -0.311388   -0.0399625   -0.0786365    -0.217799    0.0659196     0.520091    -0.176225      -0.1488    0.0394882      1.14972     0.648277    -0.205611     0.119268    -0.338675    -0.272406     -2.60492     0.716895    -0.211232    -0.263641    -0.415832      0.53869     -1.00109     -0.14048    -0.175401     0.257379     -1.27851   -0.0886691     0.285837    -0.316844      1.11081   -0.0620383     0.378746     -1.98974     0.712312    0.0929086   -0.0679244     0.613535    -0.271771    -0.242294    -0.472065     0.133646    0.0502543    -0.560921    -0.268032    -0.210112    -0.365839     -0.12525    -0.855424      2.19559    -0.209611    -0.419502      1.28379    -0.131235    -0.304204    -0.193594    -0.427357   -0.0115213     0.191073      -0.1411    -0.313561    -0.243354     0.142442    -0.750713     0.119147    -0.200323     0.262471    -0.125991     0.219731    -0.288699     -2.60742     0.114329    -0.167539     0.583402    -0.111613     0.433558    -0.463478    -0.344275       0.3886     -1.04969    -0.187763     -1.71172     0.938237     0.378218      1.24553     -2.21261     0.140376  -0.00426375     -2.57251     0.204587    -0.374937    -0.212471      0.65352   -0.0461832     -1.31345    -0.413542     0.676352    -0.173361    0.0217944    -0.267735    -0.308989     -2.85931      1.15985    -0.280184     -1.05938    -0.168211    -0.469813    -0.279768    -0.529149     0.148086    -0.496576     0.402565     -1.79951    -0.101092    -0.421855    -0.204019    -0.221308    -0.946016    -0.159103   -0.0796931   -0.0829024    0.0694266     0.538882    0.0266121   -0.0264775     0.334772     0.114177       1.3794      1.12728     0.745603    -0.318191     0.367849    -0.815903     -2.93626    -0.204413     0.304597    -0.284055    -0.115608     -9.92478     -1.97392      1.57643     0.523305     0.105117    -0.197361    -0.224675    -0.288358   0.00736544    -0.614387    -0.260367    -0.165917   -0.0825605     0.156768     0.136832     0.064486    -0.717998   -0.0646488    -0.826553     -0.20747    0.0232484    -0.335864    -0.458419     0.256494    0.0198713     0.021675     0.932564    -0.126825      0.96155    -0.217987     0.454828    -0.390047    -0.868407      0.37775    -0.155216     -2.21684      1.60803   -0.0684378    -0.504638    0.0412555      1.11237     0.337002    -0.153104     0.319828   -0.0715397     -1.58947     0.275386     0.647699     -0.50554     0.159529     -1.36652    -0.146538
  -0.0335202    0.0109582   -0.0529685    -0.390873    -0.387551     -1.81349     0.103169   -0.0124362    0.0394455    -0.893973    -0.148309    0.0459827     0.244328    0.0927894    -0.117834   -0.0430182   -0.0229813        0.575     -2.51617     -0.20038    -0.547995    -0.410188     0.475486  0.000267466    -0.132626     0.133274     0.519104     0.419651    -0.132088     0.497642     0.686999    -0.340826    -0.221191     0.278155   -0.0425765      1.00747   -0.0186491     -1.80184      -2.2235     0.834905   -0.0459422     0.452026     0.131032     0.505757     0.125319     0.360048    -0.115805   -0.0366713     -0.69424     0.711319    -0.557447    0.0130765    -0.451481     0.256265     0.965217   -0.0491021   -0.0902011     -2.21227    -0.224428    -0.190667      1.49498     -1.76498   -0.0349123      1.14263    -0.147153    -0.268518   -0.0138621     0.101613     0.725716     0.701607    -0.217873    0.0179753      1.14531     0.819067    0.0986341     0.248158   -0.0896041    -0.202776     0.269541     0.111147     0.640816     0.867655     -1.80888    -0.293719     0.991386      1.35862     -1.51797     0.944762    -0.763098    -0.763943     0.256929      0.27213    -0.838048    0.0396345    0.0624863    0.0821377   0.00965268      1.09833    -0.144837     0.704459     0.164521    0.0953563     0.446925     0.987801     0.679792    -0.853455    0.0608727    -0.307115     0.145413    -0.162772    -0.585374   -0.0226827   -0.0301428   0.00269699    -0.127375   -0.0709987     0.786801     0.118836    -0.130436    0.0845574      1.55801    -0.205285    -0.333935     -1.29727    -0.121101    0.0596537      1.41852      2.92212     0.336173     -0.64641    -0.017649    -0.446245    -0.194369   -0.0574434    -0.219724      2.56948      1.68445     0.807787    -0.610037   -0.0132307     0.687457     0.111333    0.0570679    -0.102049    -0.847397     0.527851    -0.027871      0.13175     -0.10178    -0.198563    -0.165953     0.037654     0.597344      0.80252   -0.0416052    -0.832809     -3.12562     0.296852    -0.038939      3.80892    0.0149325     0.102827     0.601894    0.0274534  -0.00629971     0.130739    -0.136008    -0.288524    -0.131196      1.05258     0.298039   -0.0153394    -0.653656      1.40215      1.22099   -0.0633466     0.632248     0.129212    -0.511471    -0.193382      1.91875    -0.714878      -1.2417     0.218609     0.162286     0.355855    -0.400786    -0.139559      1.09188     0.727654    -0.133922    0.0275397     0.958613     -6.57663    -0.145933   -0.0197047    -0.741147     -0.11354    -0.229057  -0.00845207    -0.375619    -0.197687     0.952892      0.19263       2.2104     0.021184     0.746873   -0.0299259      0.56944    0.0240527      1.01261      1.91766     0.913183   -0.0979367      1.31588    0.0881519    0.0666018   -0.0817274    -0.258669    0.0584547     0.234517     -3.50811    -0.235324     -0.66702      -0.7957     0.285341    -0.076611    -0.139238     0.217216     0.442692    -0.373432     0.100592    -0.931057    -0.484168     0.112075    -0.281815    0.0315363    -0.553561      1.67588     0.682857   -0.0765029     -1.33999    -0.144097      2.45398     -0.13555     0.217763    0.0694552    -0.165143      1.35489    -0.480476      1.69172     -0.94164     0.730829   -0.0822853     -0.35575    0.0495371      1.45257    0.0849735   -0.0607834   -0.0754782  -0.00585032     0.538152    -0.226233    0.0230474     0.296277     0.016979  -0.00624484      1.58313    0.0469436     0.179808    -0.114067    -0.129083     0.698764    0.0537736      1.49603     0.023806      2.12356     0.632739      -8.2078     -1.74883     0.327698     -0.71598    -0.125026  -0.00410903    0.0747732     -0.45868    0.0303963    0.0452528      1.13746     0.928659     -0.33976    -0.247494    -0.178057       1.7454     0.290414     -5.19031    -0.502224     0.112676    -0.608133    -0.651788
    0.491607   -0.0149536     0.326663     0.187661     0.334998     -1.88435     0.283787      0.18345    -0.117521     0.368127    0.0770152      2.30063     -4.17037     0.250317    -0.795719     0.130114     0.107378      1.25531      0.27705     0.106857      0.35876     0.122781    -0.218489     0.452734    0.0780725     0.218306     0.910845     -6.33194    0.0476287     0.750336     -1.10553     -1.25018     0.324712    -0.802451    -0.790345     0.733492     0.122757    -0.460114      1.34355    -0.772268  -0.00591636    -0.993832     -1.49411     0.570199    -0.273327     0.364121    -0.335122     0.123763      1.84785    -0.861067    -0.125908   -0.0839257    0.0939009     0.157287    -0.152521     0.146264      1.36976        0.158    0.0157597     0.281967      1.35621      1.44106     0.016756      -1.6175   -0.0778415     0.209783     0.151818    -0.615147      1.48314       2.4101    0.0318417     -2.15615     0.478999      0.10459     0.139473      1.65897    -0.131693      1.53283    -0.301789     0.189476    -0.127195     -1.02826     0.319081    -0.164162      1.51148     -1.37678      1.20256    -0.059138    -0.512903    -0.103392     0.200769     0.946309    -0.301782     0.720339   -0.0744622     0.424542   -0.0609587     0.397254     0.225414      0.15168      1.25355     0.134503     0.106315    -0.221421    -0.279382     -1.08752      1.07305     0.548301    0.0165835      1.23728    -0.149101    0.0628759    -0.183945    -0.101957     0.318987    0.0540241      1.37926    0.0465184    0.0938742    -0.817762     -1.42315     0.729439     0.678519    -0.921522    -0.107462    0.0220248    0.0926891      1.05827    -0.937368    -0.544815     0.206738     -0.78729      0.26665     0.350521    0.0976597     0.232207     0.410995     0.589786      1.50471     0.286539     -1.54097     0.468869     0.722413    -0.385843     -4.72537    -0.108552    -0.112935     0.507179    -0.350266    0.0426667     0.412344    -0.199422    -0.526448     0.364936     0.498841      1.37514      1.31234     0.299746      1.50021     -2.90312   -0.0175765     0.153825     0.290861     0.152443    0.0868399    0.0373392       0.1323    0.0527851     0.273965    0.0508423     0.209245     0.277692      1.33989     -3.97411      1.19155      0.21545    -0.343845   0.00627138    -0.187581      1.29585     0.758342   -0.0942662     0.347525     0.466372    -0.563377    -0.915859     0.142288     0.677089    -0.505973    -0.473366   -0.0188292     0.907089     -5.33792      1.05596     0.167837      1.67914     -3.35004     0.726233      1.09575    0.0360978    0.0200251     0.201817     0.936989     0.438676     0.572912     0.122309     0.526155   -0.0671551    -0.187503     0.435695      -2.8761        -2.69      1.62145      0.29414      1.69687    0.0423498    -0.069815     0.216533     0.096202    -0.820354    -0.661791    -0.249537    -0.157009     0.113815     0.366842    -0.363008     0.138748      1.61306     0.255924     0.414969    -0.466099      0.12164      2.46657     0.703995     0.346982    0.0522487    -0.700842    -0.339405     -1.49848    -0.638511    0.0485367     0.947708     0.300045      1.67872       0.1733    -0.268763     0.248284       0.2066      1.83405    0.0521103     -1.85362    0.0861912     -4.54546     0.304062     0.146178     0.110178    -0.292903    0.0876703   -0.0130397    -0.266502     0.146935    -0.872834     0.742379    0.0159571    -0.476535     0.904566     0.348138    -0.364432    -0.130327     0.141575      0.81857     0.378502    -0.783727     0.277665     -4.41226     0.305643     0.284605     0.409979      1.81495       2.8601    -0.349369      1.84852     0.170113     0.449904    0.0169861     0.435279     0.235704     0.116105      1.19909     -1.44594    -0.802999     -0.39996   0.00503247      2.11096     0.107077      1.21616     0.544626    0.0528927     -1.47717     0.046839
  -0.0482928      0.03854    -0.372329   0.00719711    -0.514414     0.803262      0.29364    0.0170447     0.186662     0.626021   -0.0435008    -0.290196  -0.00340207    0.0456589    -0.963028   -0.0089942    0.0344859     0.459167    -0.100507    -0.122781     0.335149    0.0258996   -0.0933888     -3.05243     0.255857    -0.108668      1.15243     0.250801    0.0925908     0.457334    -0.365392     -1.49206    -0.131363    -0.199119     0.204696      -0.4494    0.0900568      -2.2026      1.23784     0.190456    -0.141717    0.0907156    0.0229794     -2.84906     0.242819    0.0408506   -0.0162323  -0.00420271    -0.831748    -0.123685   -0.0271665   -0.0222751     0.196253    -0.207772     0.351882    -0.102434     0.187292    -0.872291   -0.0921599     0.332255     0.782947     0.581633     0.102834      1.31984     0.455937    -0.176598   -0.0776434     0.343322      1.95876    -0.664908    -0.562971     0.736196     0.442865      1.01032    -0.172755    -0.817843    0.0957189     0.545939    -0.364968      1.25241    -0.199673    -0.383812     -2.07712      1.30658     0.569046    -0.123353    0.0696048    -0.352745    -0.710244     0.357568   -0.0374653    0.0231464      -1.1278     -1.69164     -0.18904    -0.124218     0.384473   -0.0684185    0.0880967     -1.31598    -0.468771     0.112371     0.253009      1.73283     -0.23359     0.840784    -0.622229    -0.585554     0.299798      1.25432     -1.65199      0.36492    0.0379383    -0.284936    -0.261513     0.181535      1.00738   -0.0286961   -0.0516949     0.111821     -1.37397     0.531645    -0.398087     0.908703     0.180417   -0.0845474     0.134115     0.493709     0.508419    -0.115495    0.0914212     -2.21176     0.190356    -0.248773    -0.223759      1.08577      1.45799     -0.55845      -0.1281    -0.118957     0.658607     0.165685      1.08892      1.15507      3.16325     0.965108     0.853165      1.93468     -1.87667     0.357099    -0.139457    -0.206637   -0.0998772     0.452762   -0.0588891     0.207041    -0.308339    -0.177483    -0.508286  -0.00367585     0.179129     0.273191      3.52727   -0.0492351   -0.0146973     0.125208    -0.152663    -0.182998     0.931062    -0.863308   -0.0758556     0.105873    0.0670324    0.0240995     0.542436   -0.0889455      0.78916    -0.402271     0.334804    -0.627824     -2.02417    -0.269244     -1.54769       1.2474      1.02226      1.35915    -0.334506     -0.15867     -2.33574   -0.0839504    0.0955295      1.44771     0.508853     0.075015     0.670354      1.00245      1.60128    -0.196893     0.113268      1.39671    -0.366573    0.0656395      1.28795   -0.0946048      1.99547      0.19502     -5.19617     0.239482     0.719076    0.0447901     0.962848     0.690825      1.79102   -0.0278325   -0.0262935    0.0209371    0.0982458     -0.04673       2.1567    -0.647286    0.0166438      1.38474     0.785841    -0.324584     0.127333     0.179516     0.382317     0.409929   -0.0933532     0.231559    -0.396452      -0.1658      -0.8971      1.17334     0.426333    -0.177881    -0.125323    0.0409263     0.790597     -3.55839     0.155219      -5.0784     0.421376      1.66397    0.0988962    -0.752268     0.139397   -0.0275472     0.690809     -1.00674     -2.93423    -0.112442      1.30287   -0.0840208     0.385833     -2.66512    -0.126274    -0.576691    -0.100086     0.200852    -0.003516     -4.50992    -0.133023     0.180114    -0.219696     -4.65707    0.0772726    -0.463123    -0.019947    -0.194306      1.33346     0.155484    -0.289233     0.092355     0.249479    0.0339361   -0.0253342     0.224521     0.549663    -0.413819    0.0802237      1.83842    -0.324498     0.206043      2.25458    -0.451195     0.151729     0.170995      1.26419     0.850077    0.0292401     0.502935     0.310517     0.931896     0.567139      0.72622      1.34685    -0.333263    -0.538338    -0.398649
  -0.0367537   0.00110838     -0.31978  -0.00548317     0.288524      1.53291    0.0068636    0.0265199    -0.156125    -0.243596     0.133266     0.396211       0.2873   -0.0282978    -0.701268    -0.203763     0.454803     -1.36125     0.226041     0.174523     0.191574    -0.548454     -0.87221      1.47902    -0.125004    -0.346204    -0.899901     0.150145    0.0474808    -0.705309     0.845204      1.71888     0.156086    -0.566833     0.259911    -0.313641     0.168098     0.117751 -0.000611019      1.02869   -0.0099505     0.115589     0.311642     0.499945     0.124327     0.443448     0.665669   -0.0245644       2.2838    -0.265338    -0.428247    0.0926415    -0.373992   -0.0496601    0.0174302    0.0804016    -0.589079    -0.627757     0.172835    0.0165125     -8.20637    -0.166644   -0.0760915       1.7616    0.0156835     0.161017    -0.242845    -0.187979      1.54826    0.0685338     0.586125     0.564275     -2.47389     0.448176    0.0290411      1.22956    0.0872333     -1.52214     0.392962      -1.4061    -0.834911      1.14952     -1.14244    -0.363548     0.719565     0.552485      0.24886     0.391476     0.627297      1.02355     0.121596     -1.98109     -1.88039     0.947919   -0.0278842    0.0626963      0.11875    -0.450193   0.00430147   -0.0841209     0.833598   -0.0202204    -0.116522    -0.130115     -0.14737     0.860923    -0.678253    0.0720249   0.00359153    -0.739481      1.37793    0.0666341     -0.18881     0.218164    -0.154503    0.0557221    0.0797929    -0.215474     0.336317     0.428182      1.66242     0.102188    0.0305722    -0.177876     0.135925   -0.0946701      2.40395     0.224741     0.477919    -0.141412   -0.0281106    -0.225276     0.500789    -0.224576    -0.187748     -5.99595    -0.858444      0.59907    -0.636863   0.00774373    -0.208996     0.290162    0.0918551      1.26062     0.777528     0.555838    -0.128235     0.150854     0.988432   -0.0232374    0.0927787    -0.167861    -0.209118    -0.185725     0.323405    -0.915208    0.0889152    -0.561697    -0.174037     -1.99359    -0.301515    0.0729081     0.538878     0.147347     0.164747    0.0534832    -0.118374   -0.0316392    -0.975824     0.881148    -0.354832    -0.152225   -0.0879639     0.165058     -2.87405     0.114742    -0.806373    -0.441243      1.42985    -0.441175      1.19081     -1.79136   -0.0368536   -0.0654766    -0.522482    -0.825168     0.581473     0.112666    0.0465332     0.913278   0.00284742     -0.15657      1.03021      1.36559     -2.62179    -0.258415    -0.663055    0.0227549    -0.415025       1.1336     0.301072     0.132651     -2.15865    -0.170109     -2.95597    0.0839125     0.713045   -0.0927416    -0.170206  -0.00364892     0.495005      2.07476      2.13926    -0.164448      2.18411   -0.0534982   -0.0385946   0.00448962     -1.12063     0.292586      1.33806      1.44888    -0.124529     0.575396    -0.271534     0.268477    -0.330765     0.493681    -0.851917    -0.953889    -0.324924    -0.159616    -0.550731    -0.282107    -0.873934    -0.100377     0.523827      3.06668     -1.24602    0.0902534   -0.0199727     0.308288    -0.119614     -1.48464   -0.0180546    0.0221698    0.0070906    0.0752904      2.37843       3.6031    -0.568645     -1.19933      1.95272     0.509183    0.0428918     0.645236     0.981803       0.2097        0.371   -0.0464464   -0.0638071     0.612564    -0.706477     0.350126    -0.456405     0.112205    -0.124963      -2.0302     0.420778    -0.161125   -0.0747863    -0.256628     0.204976    -0.252134      0.83169    -0.111836     0.515999    0.0461904     0.716281    -0.848778    0.0346021     -5.40444   -0.0893416      0.63285      1.17402    -0.281293     0.145964   -0.0388837      1.09314    -0.251083     0.353349    -0.220415    -0.215045     -1.15265 -0.000911821    -0.552971    -0.607767    -0.724485    -0.448549    -0.382723
  0.00109665   -0.0189951    0.0237056   -0.0132136    0.0743089    0.0174168    -0.109738    0.0475157   0.00704898   -0.0721417    0.0402641    0.0978575   -0.0318253   -0.0123095    0.0612866    0.0242099   -0.0823962    -0.151122    0.0759183    0.0077642   -0.0360915    0.0527731     0.089223   -0.0447163    0.0776661    0.0565934      0.16162   -0.0548593    -0.016051    0.0625154    0.0904717     0.755735   0.00297895     0.212381   0.00322113     0.252545   -0.0697934    -0.101723    -0.024075   -0.0265793   -0.0604609    -0.142361    0.0456653    0.0167504    0.0400993     0.062375    -0.119654  0.000908746    -0.101876    0.0309724     0.134643   -0.0269194    0.0476862    0.0531415  -0.00506241     0.015917    -0.442558     0.208746   -0.0142595  -0.00620718    0.0186856    -0.212136  -0.00497665    -0.110831   -0.0848864    0.0567921  -0.00973667    0.0184014    0.0166481     0.126323    0.0191371     0.108167      -0.1155    0.0569512   -0.0228559   -0.0756782  0.000705341   -0.0630301   0.00102242    0.0102275     0.702272    0.0356656     0.228407   -0.0672782   -0.0865513   -0.0392552   -0.0846443   -0.0525666    0.0687585     0.029117   -0.0210576     0.111992    -0.404272    -0.180118    0.0736709    0.0337528    0.0265158     0.216553   -0.0239543   -0.0731393     0.126354   0.00260807     0.069056    0.0540916   -0.0217605    -0.449919     0.108969   -0.0618638    0.0297982   -0.0827804    -0.286594     0.056939    0.0292773    0.0238277   -0.0181807   -0.0694462    0.0964553   0.00249744   -0.0236205   -0.0146791   -0.0747924    -0.211738   -0.0871013   -0.0365246  -0.00151383    0.0646907   -0.0629753    0.0816754   -0.0857891    0.0333721    0.0127497    -0.330563   -0.0752251     0.019806    0.0691624    -0.118815    -0.135992     0.174442    0.0854759  -0.00548894    0.0392992   -0.0855547    0.0961801    -0.199172  0.000491259     0.253819    0.0452594    -0.121992     0.155714    0.0261526    0.0396375    0.0260254   -0.0421024    -0.225292     -0.01275    0.0459591    -0.192179   0.00139855   -0.0295292   -0.0407092   -0.0137244    0.0484361    -0.102381   -0.0299962    0.0316003    0.0426361    0.0183531    0.0624465      0.35218   -0.0306496    0.0263865   0.00972823     0.100398   -0.0301219    -0.153455    0.0642294     0.202886   -0.0141695    -0.315772   -0.0630506   -0.0317671     0.250455     0.460466   -0.0459345     0.158065     0.640979   0.00598138   -0.0437304    0.0171728     0.297971   -0.0234707    -0.142033   -0.0877303     0.156946   -0.0199701    -0.177911     0.210941   0.00387352   -0.0365887    0.0273709   -0.0133686    0.0286924     0.101169    0.0870438  0.000772317   -0.0261385    0.0963874    0.0379481    0.0840735    0.0174106    -0.120611    -0.221536    0.0783667    0.0724906   -0.0583816   -0.0641683    0.0121138   -0.0296581   -0.0222115    0.0535892    -0.328471     0.108066  -0.00584838   -0.0468668    0.0278154   0.00435706    0.0424285    0.0685602    0.0808102   -0.0428694     0.146832    0.0362296    0.0469533     0.182152    -0.116091    0.0399858    0.0698088    0.0345977    -0.329159    0.0420137    -0.023457    -0.144416   -0.0262879    -0.015506    -0.011848    0.0103355    0.0504368  -0.00512443    0.0118829   -0.0379148     0.224178     0.275349   -0.0883758   -0.0148151   -0.0383286   -0.0307984   -0.0680355    0.0441374   0.00241362   0.00244406   0.00493228    0.0780118     0.170167    0.0619606    0.0510327   -0.0515297    0.0054388    0.0481562    0.0476659    0.0243148     0.499636     0.147152     0.114257   -0.0162782  -0.00230486    0.0139218     0.130813     0.265292    -0.173523     -0.11347    0.0390237     0.255006    0.0304924   -0.0741261     0.263835    0.0407118   -0.0204939    0.0737158    0.0866851    -0.034745     0.121872    0.0909694   0.00527771    -0.144758   -0.0328634    0.0492671    -0.431215     0.142052    -0.182565    0.0296883
  0.398341
  0.695568
-0.0773933
 0.0491836
    -1.991
  0.704901
   1.63391
 -0.368518
 -0.374127
  -0.05683
