2 16 0.5 1100
1
1
9 300
    0.131774     0.342473     0.124132      0.24032   0.00517772     0.422045   -0.0295291     0.233461     0.215135
    0.310401     0.241732     0.376583     0.398501     0.527199     0.638084     0.146158     0.276117     0.459829
    0.200537    0.0525799     0.262188    0.0554924     0.443915     0.252317     0.165401      0.69479     0.582427
    0.429292     0.464238     0.466062     0.636398       0.3976     0.119944      0.73387      0.63437     0.408286
    0.216967    -0.326257  -0.00295179     0.192264       1.3015   -0.0576342      0.22047     0.977192      1.01222
     1.88114      1.99106     0.487471     -1.53971      3.26317     -1.50882     -2.40862     0.867828     0.693815
    0.479408     0.197096    0.0497692     0.119595     0.262754     0.134581   -0.0884403    0.0718118    -0.107202
    0.210825     0.133387    -0.094351   -0.0369926   -0.0579225    -0.142764   -0.0513063    0.0442372    0.0751909
    0.288149     0.203821     0.400788     0.318146     0.391004     0.196866     0.734607      0.31802     0.527359
     0.74564     0.219803     0.914336     0.748093     0.079535     0.146429     0.599885    -0.452422    0.0464933
   -0.013298   0.00631656     -0.12001    0.0684561    -0.105065    -0.241812    0.0702467    0.0712855    -0.115114
   0.0952981   -0.0313718     -3.95055      1.17899   -0.0595926      1.00354    0.0643269     0.224271     0.287974
   -0.448559    -0.945949    -0.503009   -0.0709732    -0.102804     0.645212      3.52133    -0.653053    -0.335915
    0.528956     0.310272     0.340262     0.026991     0.190935     0.274729    0.0901402     0.219536     0.494865
    0.939952     0.723254    -0.436115     0.336966     0.254893     0.572139     -1.52021     0.759852     0.965044
    0.327209     0.168666      0.18103    0.0543314     0.162324    0.0637553     0.186802     0.179119     0.471958
   0.0732249     0.234364     0.266716     0.812319   -0.0399321     0.291031     0.368416     0.193191    0.0239872
    -1.52204      1.00171     0.820891      -1.8334     0.127982     0.524404     -1.34965     0.546119       1.6179
    0.542138     0.911359    0.0648839      0.47535     0.347703     -2.13068     0.351177     0.265897    -0.354407
    0.349873     0.161884     0.121319     0.177931     0.174178     0.255316    0.0165227     0.147741     0.385192
     2.15907    0.0391063     0.293175     0.269835     0.125562      0.47726     0.203825    -0.408696      0.15077
    0.601122     0.603079      1.00422     0.693054     0.783753    0.0820207      1.11808     0.353379     0.136326
    0.336012     0.264827     0.626888   -0.0264271     0.261196     0.348897    0.0523681    -0.272037      1.02519
    0.832735     0.318455     -1.12028     0.590987      0.86637    -0.130256    -0.707392     -2.98423     0.715114
   0.0221964    -0.411921    0.0791882     0.121041     0.121309    -0.063951     0.351419   0.00958483     0.120625
  -0.0155824    -0.433045     0.419786     0.271508     0.738074      0.46816     0.587233     0.310379     0.483417
    0.105316      1.59736      1.06232      -2.2093      1.19959    -0.137542    -0.252759     0.900964     -1.35972
   -0.331732     0.122378    -0.804704     0.933463    -0.171915     0.558641     -4.99055      1.18614     0.706605
    0.257253     0.196379     0.387992     0.361527      0.22313     0.512858     0.152305    0.0565998     0.239098
    -4.19694    -0.749574     0.140265    -0.926586     0.844299      0.60647     0.951792     0.104181      1.35352
    0.708831   -0.0964741      1.00017     0.668869      0.27516      1.89592     -1.01885    -0.612402        1.137
     2.47307      1.38805        1.276    -0.974204      1.47883      1.40741     -2.06544   -0.0127393      2.54133
   0.0422649     0.147984     0.441268   -0.0406678     0.329735    0.0522693     0.117838     0.519564     0.309938
     0.16272     0.301312     0.854067   -0.0407096     0.680898     -1.12353      1.24061   -0.0569855      -1.1935
    0.462892     0.507877     0.138562     0.212345     0.267145     0.124693    -0.778229     0.150547      0.25832
     1.73784   -0.0391595     -1.28635      1.19409      0.40566    -0.273799     0.679275    -0.324349    -0.404162
    0.479585     0.540953     0.660463     0.812429     0.381444     0.730091     0.288985     0.190165     0.283125
     1.02331      3.00242    0.0229149    -0.405622     -1.22337     0.332721     -1.83964    -0.778138     0.963181
    -1.57201    -0.919902     -2.63611     -1.70104      1.43384      1.79364      2.03684      1.57368      2.87357
   0.0915925   -0.0286333     0.416157      2.68754   -0.0330862    -0.582856    -0.864968     0.434838    -0.477583
    0.200582     0.529462     0.530099     0.726308     0.135667     0.559875     0.406184      0.38731   0.00687581
    0.408494      0.50238    0.0739201     0.366267     0.598962     0.938007      0.96612    -0.144777     0.802305
   -0.291912    -0.381337    -0.791783     0.441837    -0.367656     0.278359      1.66385    -0.103898    -0.381383
    0.460384     0.369729     0.641351     -1.78319   -0.0585445    -0.696755     -1.19475      2.62395     0.698766
   -0.055098    -0.557338    0.0752152    0.0784018    0.0740662     0.354552    -0.335006    -0.264039    -0.150249
    -0.40733      0.40156     0.438096 -0.000900618  -0.00426674     0.547665    0.0444728     0.172778     0.245878
   -0.165568     0.362516      0.50446     0.703263    -0.189634     0.505611     0.764981     0.357841   -0.0218319
    0.236425     0.196599     0.154764     0.179514     0.178961    0.0637477     0.169483     0.276706     0.173993
    -1.51494      1.06393    -0.224555      1.94596     -3.11067      2.81068    -0.968209       1.0894     0.339351
   -0.172988    -0.773644    -0.387391     0.802605     0.194927      1.65408    -0.585234    -0.278715      1.26908
     1.74669      2.27203      2.34812    -0.179266     0.479873     0.152612    0.0546557      0.13696   -0.0736162
   0.0303567     0.133784    0.0103827     0.377279    -0.181469    0.0936177    0.0057607    0.0259005    -0.220279
    0.614966   -0.0725249     0.485149     0.181744      0.10801    -0.144003     0.377938    -0.365409     0.224341
  -0.0850184    -0.256399    0.0554092     0.299948      0.30988      0.21921     0.213564    -0.235948      0.03609
    0.608387     0.175139     0.601883     -1.08932     0.150593     0.131217     0.281229   -0.0646352     0.394583
    0.242796   -0.0178397     0.268586     0.208616     0.451581      0.15043     0.293529     0.114012     0.317848
    -1.25613      1.06251    -0.957341     0.157237     -1.35418      1.19206     -1.59869     0.956621     0.310947
     2.36037     0.661447      1.04176      2.01852    -0.106649     -1.23555      2.14604    -0.527151     -1.79437
    0.140306      0.17302     0.258606     0.498681    -0.037878     0.155886     0.371384   -0.0470171    -0.112276
    0.279575     0.303588     0.295182     0.142043     0.411883     0.418977     0.308881     0.565741     0.637206
    0.316327     0.634645    -0.377811     -1.17209    -0.862933     -1.28061     -1.22387    -0.585432      6.86764
    -1.06982      0.19884      1.28011      2.00478        1.107     -1.72597      1.17996      1.74014     0.449841
    0.143154    0.0378471     0.172451     0.321007     0.198724     0.304553     0.243566     0.187395     0.306907
     2.37099       2.1572      1.58794     -3.56601      1.50553     0.234345   -0.0420101     -0.15248     0.549071
     0.41439     0.127147     0.607136     0.480729     0.224214     0.353125     0.040925     -0.23266     0.085123
   -0.226161     0.197062     0.218259   -0.0898178   -0.0941805     0.262821     0.167384     0.152384    -0.108249
    0.270679     0.465091      0.36986     0.180855     0.188699     0.219146     0.141145     0.356788    0.0887972
    0.389937     0.157674    0.0973488     0.455142     0.467288     0.232342      1.06364     0.231712     0.561513
    0.990313      5.22114     -1.52891      1.36214    -0.156685     0.153889     -1.11928    -0.588693     -1.06637
     6.16427     0.413952    -0.775605      1.42266      1.68696    0.0812219    0.0384195      1.03311    -0.910094
  -0.0502431     0.239398     0.325781     0.383273    -0.231405     0.652656     0.211839    -0.346588  -0.00550429
     0.13279      1.10942     0.246229      1.16825     0.870352    -0.192444     -2.38126     0.304137     0.501363
   -0.270674     0.973315    -0.271267     0.898562     -0.68921     0.656065    -0.950297   -0.0129653      2.24311
    0.444289     -2.60331     0.408092    0.0458346     0.375471     0.652149    -0.106473    0.0268512     0.648566
    0.483861     0.470255     0.367569     0.723772     0.192504     0.638136   -0.0371648    0.0336516     0.514498
   -0.764014     0.868227      0.50097     0.101751      1.28943     0.962538    -0.836653     -1.32962    -0.287725
    0.402645     0.703215    0.0718685     0.254822     0.157963    -0.393118     0.579532     0.377703      0.13867
    -2.88238     0.752933      1.70506     -2.58689      2.71036      2.21349     -2.53468     0.444738     0.355955
    0.144175     -0.60124    0.0848618     0.298833     0.297461     0.830277     -0.29812     0.504306      0.56261
  -0.0438447     0.936701    -0.170499      2.39601    -0.652003     0.793194     -1.46931    -0.747928      1.34319
    -0.70167    -0.155056    -0.810247      2.64092      2.17352      2.44168    -0.454807    -0.226892    -0.695216
   -0.599773    -0.418271      1.34138    -0.296678    -0.824988     0.932321    -0.548826    -0.126087     -0.55695
     1.76408     -1.14515    -0.117018     -2.52299      7.48465     -3.93127     0.924453     -2.08207    -0.867142
     2.71333    -0.888428      1.43388     0.608974    -0.597367      0.40065     0.863954     -1.61469     0.328598
    -0.33663     0.756806     0.473726      6.89637     0.580987    -0.446576     -1.20123     -1.29023     -2.04048
   -0.150479      -1.0478    -0.690128      1.41874      0.40203      2.30768    -0.924092   -0.0649309      1.29968
   -0.308496    -0.217326     0.025259     -1.20693     0.599265      1.47519    -0.442393       0.1125     0.418486
   -0.239803     0.501039     0.513813     -2.33244    -0.260339      -1.7237    -0.879354       1.1212     0.671435
     1.32248      0.86288     0.596912    -0.631656     0.593405    -0.246239    -0.643783    -0.307791     0.958157
   -0.639795    -0.534844      4.49957    -0.709907     0.162569     -2.06695     0.809074     0.814183    -0.410699
    0.399523     0.243148     0.316125      0.62796     0.626076     0.556534     0.341907     0.233663     0.379708
    0.369626     0.457208      1.84054    0.0558217      1.45306    -0.540441      1.56379   -0.0711066      -1.3891
     -1.1059     -1.51227     -2.25211      -1.6354      8.05425     -1.32504     -1.44548     -1.02415    -0.566756
    0.270934      1.03353     0.250496     0.360966     0.258134     0.339302    -0.165509     -1.68638    -0.007864
 -0.00322848    -0.140029    -0.052134     0.378775     0.213814     0.626021    -0.107168     0.037844     0.158104
    0.122207     0.328463     0.157858     0.535948     0.184521     0.668944   0.00404742    -0.195564   -0.0727351
    0.167932     0.581533    0.0784369     0.202001      0.14359    -0.101384     0.235343     0.314881   -0.0959675
   -0.887403   -0.0123828      1.25471    -0.376529    -0.319525     0.787084       0.3017     0.399594      1.51455
    0.263031     0.179364     0.559261     0.348164     0.253699     0.525089     0.244515    -0.058902    0.0778225
    0.117891    -0.835352     0.419166    0.0796796     0.107197        0.589    -0.393442      1.19642     -0.40344
      1.2963    0.0617789     -2.59185       1.5083     0.478579    -0.413204     0.709694    -0.514426     0.932915
    0.197644     0.108309     0.155901     0.222502     0.131138     0.264926     0.102052    0.0961076     0.196885
  -0.0408424     0.142906    -0.290734     0.296974   -0.0194594     0.099203    -0.108252    0.0132391    -0.571638
    0.972386     0.832279     0.582618     0.689394     0.974544       0.6174     -1.17715    -0.609449     -1.75203
   0.0358142     -0.30879    -0.160214      1.21833     0.320922     0.833596     0.318126    -0.221049     0.528478
    0.142571      1.63305      1.26026     -1.26971      4.04736      0.46667      -1.2085     0.589656      1.27296
   0.0641598     0.354196      1.54239     -0.60043     0.823122     0.455757     0.427078     0.541746     0.993744
    0.767636     0.672507      1.05049     0.379979     0.628926     0.325563     0.497602    0.0748506     0.499408
    0.330378     0.420866     0.378672     0.158401     0.604705     0.219817     0.427888     0.650245     0.542721
    0.785389      1.14142      1.39699     -0.24948       1.9615     0.105143     0.219789     0.382174    -0.549799
     0.24085      1.07503      0.42012     0.345585     0.180039     -1.28218     0.641196     -1.71015    -0.841573
   0.0771709     0.382918     0.107225     0.292603     0.351611      0.11881     0.153463     0.449145    0.0434996
     0.32757     0.499493     0.383424     0.220682     0.347901   -0.0702779     0.602896     0.400329      0.20825
  0.00710816     0.057394     0.355344     0.508851     0.136672     0.535417     0.531438    -0.089074     0.112171
    0.275902     0.245575     0.143353     0.393093     0.178013     0.641006     0.054257     0.488235     0.531089
    0.129156     0.107527     0.483635     0.597442     0.189111     0.216563     0.728517     0.318879     0.219147
     1.04485      4.32952     -1.33206     -1.01245     -1.87278     0.239837    -0.660403     0.647889   -0.0666928
    0.359226      0.32837     0.325134     0.144027     0.124315     0.260956     0.044175     0.123732     0.346433
    0.129895     0.240244     0.215615       0.4585   -0.0668299     0.258215    0.0718903   -0.0885467   -0.0364758
   -0.226502    -0.128574    0.0232006     0.214776   -0.0708164     0.211416     0.935286     0.114756   -0.0307584
    -4.85497     -2.25983    0.0323191      1.63037     0.669703      1.38972     0.347008    -0.312757     -1.04225
    0.127635    -0.632773      2.01919     0.216729    0.0659959    -0.768259      0.23004  -0.00139444     0.412957
    0.363433     0.616537     0.257918     0.650012    -0.124284     0.750219     0.152544     0.739921     0.439702
    0.523161      -1.1922     0.284682       0.6344     -1.00335      1.70469    -0.922389     -2.69833      1.18574
    0.307016     0.396506     0.273766     0.146773     0.295579      0.36385    -0.140734     0.228819     0.238419
    0.316038     0.365301   -0.0686054     0.220057     -0.11889     -0.32046     0.355549     0.230639    0.0403615
     1.91963     0.144256     -1.90479     0.936884      1.84594    -0.815248   -0.0835372     -1.36557     -1.38577
     0.25285     0.854995    -0.374042     -4.87609     0.975599     -1.03815     0.266095      1.23766     -0.44755
    0.288503    0.0308784     0.303499     0.475931     0.359562     0.429665    -0.901447    -0.307215    -0.225038
    0.183169    -0.256236     -1.32928      2.45591    -0.681151      1.92192      1.68329    0.0756807    -0.371871
     0.15876    0.0767939    0.0586556     0.319995     0.344625       0.3195     0.273285     0.484728     0.367825
    -1.11893      1.42812     -0.89225     0.813563     -3.14516     0.355808     0.531194       1.2092     -2.33885
    0.604774     0.588153     0.652503  -0.00870532     0.636249     0.046768   -0.0914864   -0.0274012     0.215083
    0.111056     0.171779    -0.163434     0.163324    -0.188133     0.142803    -0.153581     0.288135     0.080364
    0.549484     0.362844     0.644643    0.0218331     0.654643     0.119275     0.405786     0.329179     0.750466
    0.435989      -2.1874    -0.617222       3.2823     -1.03257      1.31526      1.92232     -1.23185      3.96807
    0.849615     -1.85947      1.39833     0.444268      -2.6884    0.0580709      1.55464     -1.58587     0.759362
     -1.5456   -0.0481317      1.55611   -0.0562006   -0.0889174      1.82749       1.2957     0.479505      1.16716
     0.67934    0.0433799     -1.23499     0.853029    -0.540593     0.392424     0.276669     0.307402      0.19898
    0.315339     0.329796     0.458446   0.00744482      0.34903     0.416032     0.106664     0.237607     0.577071
    0.399115   -0.0820904     0.790094    -0.553219     0.242881     0.255345      1.67872    -0.592787     0.872672
    0.312673     0.399585     0.221897      1.13767     0.181588    0.0736746     0.162659     0.076629   -0.0161671
  -0.0650629      2.04751    -0.242417    -0.225742   -0.0317382     0.301152    -0.328553     0.326396    -0.324516
      1.0449     0.786227     0.528554     0.277215      1.70703    0.0681119     -1.20847       -0.594    -0.916456
     1.91617      2.14273      0.83525   -0.0422654     -2.38423     -1.70569     -4.08517    -0.214744     -1.61641
      1.1675    -0.257365     -1.79869     0.942487    -0.369033     -0.22205      1.82719      1.29228      1.00128
    0.218625      1.67164     0.297211     0.139926     0.489882  -0.00636988     0.502915     0.738353      0.12872
     4.43316    -0.501659     0.312978     0.235664     0.192412      1.34286    0.0743094    -0.712396   -0.0499705
    0.208645      1.41625      1.27056     0.310344    -0.717335     0.659185      0.52788    -0.741545    -0.634309
     0.32357     0.895311     0.407096     0.463177     0.261903     0.237883      0.21696     0.443885    0.0762522
     0.12581    -0.170714     0.247845    0.0835853     0.340535   -0.0465627     0.365467     0.298705     0.276946
    0.236051    -0.173575    -0.175524     0.599643     0.109666     0.378747     0.418413   -0.0921357     0.066637
    0.466817      0.63104     0.262242     0.150161     0.469474     0.166385     0.347842     0.594712     0.235262
     1.05688     0.575913    -0.341151      0.58288     0.875595    -0.200008     0.292003     0.225114    -0.903384
    0.389298     0.746395    0.0303775     0.459858  -0.00960379    0.0809007   0.00215915    0.0148669    0.0927852
    0.670288      0.65201      1.67971     0.060859     0.890562    -0.221828       1.0633     -0.69966    -0.978401
    0.337847     0.350656     0.352977    -0.243023      0.47804      2.87823    -0.824468    0.0788485   -0.0479502
    0.177935     0.351844     0.106825    -0.088501   -0.0263523     0.433399      -0.3729     0.361208     0.555604
   -0.929251    -0.188996     0.938312     -1.37025      1.30245     0.644301    -0.567262    -0.506406     0.333225
    -2.35934       2.3884       -3.034      2.21576    -0.218399      5.21188      -1.9886      1.78567     -2.16686
    0.277074     0.493189     0.468027     0.315791     0.399209     0.278935     0.382475      0.41816     0.198821
   0.0527423     -0.27315   -0.0533731     0.132864     0.146437     0.234696     -0.12559    -0.206776   -0.0778073
    0.583075     -7.15067     0.745038      1.57347      1.63639     0.741508      1.99224      1.04024      1.33882
    0.235971     0.216841     0.266373     0.498404     0.211773     0.346617     0.407941     0.404493     0.307093
    0.248911   -0.0411358    0.0727594     0.213637     0.215936     0.230966     0.130897    0.0220226     0.301991
    0.152542     0.121585    0.0840042    0.0972103     0.144073    0.0521407     0.268848     0.254953     0.215526
    0.193381  -0.00984879     0.316864     0.182269      0.40144      0.78171    0.0400114     0.193216     0.661011
    0.216837     0.218821    -0.024639   -0.0948225   -0.0111263    -0.377295    0.0160513      0.35066     0.222758
   0.0428718      1.33698     -0.25915    -0.220502     0.433968     0.214484    -0.478159     0.838809    -0.798171
     1.12475     -1.54537     0.328141      1.15802      0.70278     0.873845    -0.356804      1.19935     0.766734
    0.244909     0.473053     0.588358    0.0433726     0.367085      0.57651    0.0640056      0.37578      0.71191
    0.179577     0.303249     0.197187     0.164816     0.156288     0.283375     0.126089     0.320282     0.310251
    0.869512     0.107484    -0.606548     0.726139    -0.233284     0.385036     0.332812     0.487114     0.533654
   -0.145266    0.0934977     -1.41071      1.47647     0.129799     0.708093      4.12795     0.048978     -1.38708
   -0.762238      1.99064  -0.00602115    -0.055535   -0.0180767   -0.0792295     0.080472     0.606535      2.82266
   0.0819331    -0.120357    -0.111727    0.0524372     0.114603   -0.0378848     0.178125     0.365194     0.287821
   -0.163187     -0.43311     0.685553     0.061633     0.275109     0.610294     0.632386    -0.149883      1.37699
    0.211292     0.420767     0.255369     0.335291     0.271821     0.428537     0.077826     0.763686    0.0454513
    -1.56376     0.729282     0.498005     0.987829     -1.40944     0.716541     0.693468     0.694848    -0.986663
      1.5463      1.76037     -1.33192      1.16581      -0.6447     0.477613      -2.6381    0.0966753     0.883415
   -0.573584      1.34142     0.621801    -0.881702     -2.81664      0.22819     -1.05275     0.670774     0.279591
     1.32885       1.4312      2.35662     0.921471     0.467359    -0.725569      1.94091    -0.506127     -1.84748
     1.90738     0.768666      2.66767    -0.349872      1.46749     -1.05074      1.79622     -1.69478    -0.390856
     3.25703     0.015372     0.257759     0.348833      0.17467      1.24657     0.102405   -0.0511082     0.176832
   0.0628652    -0.855648    0.0942172     0.335643     0.736431     0.615099     0.839139   -0.0640588      1.04077
      1.5318      -1.8162     0.717927    -0.376478      1.82127    -0.446101      1.74404    -0.466772      1.92115
    0.581042     0.325156   -0.0482591     0.380757     0.260734    -0.356838    0.0400788     0.115898     0.275226
    0.195035     0.212951     -0.15858      0.84737    -0.164131     0.204466     0.242073      0.27674     0.159203
    0.303147    -0.932177      -1.4955     0.966638     0.125879    -0.497409     0.025496      1.90737    -0.681496
   -0.241332    -0.785168    -0.369158      1.66309      1.65969      2.45386      -1.1315    -0.470243    0.0540586
    0.332099     0.122257     0.244026     0.639456     0.249649     0.419009     0.532407     0.186021     0.312777
    0.859674      0.91114      1.06757   -0.0648513      1.77283    -0.237276    -0.400214    -0.322385     -1.08806
   -0.146226     0.412153    -0.130006    -0.965428    -0.732799    -0.689498      4.41809    -0.182721    -0.316056
     1.95924     -1.69606    -0.971448      1.76938     0.588455     -5.18611       2.8204      1.52888      2.42155
     0.51726      1.95346     0.878813     -1.05523    -0.558182      -2.1746     0.689243     0.557641      2.51577
    0.483451        0.797      1.40927    -0.177932      2.10975     0.431141     0.124756    0.0330195    -0.175148
     1.10757      3.59575    0.0801407    -0.643857      1.92752    -0.864723     -1.27014      2.50195    0.0956471
    0.464722     0.303626   -0.0755251     0.487537   -0.0030151     0.301911     0.111369      0.28283     0.452138
     2.49759     0.264902      5.47603    0.0695883    -0.700476     -1.53051     0.649327      1.90386    -0.935773
    0.646175      2.06367    -0.106394    0.0909075     0.811171     -1.12191   -0.0720852    -0.110451     -1.34344
    0.567519     0.277415     0.335459    0.0663568     0.375088   -0.0687142    0.0517325    0.0433332     0.483547
    0.072341     0.226894     0.131092     0.100156    -0.117737     0.365991   -0.0609891   -0.0209469    0.0733697
    0.391218     -1.74344     0.114444      3.19271     0.789759      2.10939       1.0128     -1.63637      -1.8968
  -0.0283488     0.254767     0.179503    -0.501036    0.0105151    0.0963832    -0.228385     0.131797     0.162055
     2.06458      2.21271    -0.190762     0.930129      1.29844    -0.893807     0.138249     0.736247     -3.75052
    0.454082     0.575481     0.410226     0.473381     0.481352     0.279114     0.467828     0.520969     0.423528
    0.773902     0.615542     0.736726    -0.366327     -1.22895    -0.644589    -0.340716      5.24218     -1.00659
    0.280592     0.842167     0.387988     0.507022     0.308755     0.468929     0.134798     0.525454     0.140209
   0.0589449    -0.313515     0.695379     0.258269   -0.0254605     0.527799     0.366136    -0.167016     0.804947
  -0.0121311     0.241766     0.104381     0.149391    0.0750471     0.303561   -0.0570553     0.125698     0.112784
    0.185328      1.34871    -0.783626   -0.0515954      0.68871    -0.567103      2.56153        1.278    -0.615254
    -1.70603     -1.42979     -2.92988        2.128       2.2465     -1.27346      4.25838      1.38303     -1.78344
    0.243454     -1.25067      8.09463     0.633431     -2.34942    -0.639888      1.19833     -1.04408    -0.428447
     0.18377     0.195287     0.440252   -0.0472665     0.386974    0.0367778     0.298485     0.365938     0.428585
    -2.08153      3.42687      2.03672    -0.503517      1.82718      1.83979    -0.655888     -2.02277      0.41639
    0.509164     0.432544     0.586816      0.62051      0.61548     0.680504      0.53628     0.488403     0.772261
    0.355323     0.379187     0.474698     0.264637     0.590052     0.251496     0.563875     0.563019     0.570247
    0.434891     0.526501     0.416267     0.532607     0.306524     0.627494     0.228269     0.420378     0.509613
    -2.40531      1.29982     -1.02995   -0.0291251     0.456957    -0.118256    0.0165016      2.16536      1.65269
   -0.246682    -0.656358    -0.506212     0.573109    -0.399561     0.442021     0.669662    -0.981759     0.170311
    -1.00323    -0.228616     0.639946     0.817764    -0.665041      1.47695      1.14697     0.274903      0.15594
    -2.31274     -3.15672     -1.63462      2.87646     -2.03459      3.20714      2.80441     -0.06454      1.40002
   -0.238078     0.464146     0.498081     0.162669      1.69598    0.0863722    -0.443871     0.720949     0.701923
    0.162075     0.664457     0.216985      1.20093    -0.205359    -0.400703     0.738848     0.718481     -0.11705
    0.739328     0.726412     0.959775     0.285815     0.224917    -0.161593     0.519864    -0.138086    -0.220919
   0.0584737    -0.192781     0.116456     0.328167     0.180592     0.514896    -0.261662    -0.122855   0.00904542
    0.178943   -0.0168478   -0.0301623     0.296763     0.267697     0.251737     0.450116     0.433757     0.663322
   -0.441079     0.103873     0.476544     -2.20816     0.920699     0.502747     0.334867      1.43109      1.58834
   0.0582538     0.377853     0.523077    -0.449373     0.254318   0.00949796   -0.0796988     0.319013      0.74535
    0.488608     0.258179    0.0909773     0.623818     0.330129     0.435366     0.205032     0.226986     -0.65325
    0.291938    -0.137112     -0.23299      1.29395      0.29988      1.38235     0.588836    -0.394044    -0.229674
    0.238392     0.117252    -0.038489    0.0179967    0.0234012   -0.0745579    0.0681123     0.179721     0.139493
     1.60647      0.59312     -1.76243     0.647959     -1.05914     0.174651     -1.28631     0.931016     0.792724
    0.672543     -1.72817     0.641211     0.864961      1.45363    -0.272863        1.052    -0.640343    -0.605721
    0.742698     0.377835     0.371157    0.0849758     0.339953     0.195409     0.165946    0.0515582    -0.524752
    0.861519    0.0446572     0.516725   -0.0495727      0.14362   -0.0243611    0.0681961    -0.592049     0.314401
   -0.482472     0.256819     -0.41788     0.197242    -0.289754     0.482308      0.96514     0.141145    -0.199126
    -3.76012       1.8652     0.666977      1.94491     -3.03173    -0.597515     0.466174     0.491201     -2.07728
     2.75906     -2.16032       2.8715      -2.4584     -4.18927     -2.61794      1.81417     -2.01993      2.56062
   -0.822391     -0.45943     -1.21473  -0.00484027    -0.302168    -0.600503    -0.794347      3.27074    -0.587698
    0.123419   -0.0255012    0.0697935     0.547256     0.120215     0.251346     0.332287     0.179553     0.179448
     2.38029     0.423979      2.29243      1.18805      1.74934     -2.29205      3.23396     -3.02073    -0.858458
  -0.0140416     0.352824     0.502682    -0.254396     0.733042     0.321197    -0.266498     0.266378     0.213862
     1.22694     0.118835     -0.33658     -1.00418     -2.83431    0.0909857   -0.0290891     0.191208     0.735998
    0.258655     0.218006     0.289368     0.353324     0.224059     0.126928     0.366238     0.275595     0.209707
    0.189823     0.152069    0.0528143    -0.269249   -0.0368761    -0.239736    -0.210695     0.911529    0.0426407
   0.0421564    -0.128395     0.135116  -0.00768438     0.154898     0.028581     0.117241    0.0125611    0.0965199
    0.233876     0.228929     0.375103      0.21975     0.148837     0.173389     0.223475    0.0810237     0.141449
    0.647277    0.0664805     0.281199     0.971312      5.43367     0.379847     0.757035     0.428579     0.804777
      4.3317     0.837032     0.578158    0.0693028     0.126291     -0.49335     0.640633     0.434154      4.13178
     1.86124     0.751544      1.98222     -2.53932      1.85251     0.250407     -1.41095    -0.164799      2.78743
     1.30893      0.16176      1.08636      1.43166   -0.0285123    0.0226143       1.5054      -1.2637     -1.75414
   -0.370351    -0.712889      1.61783     0.216772   -0.0634603      1.21188     -3.87453     -1.14705    -0.415319
    0.411099     0.188258    -0.268515     0.453508     0.142788    -0.527646     -0.11593    -0.307591    -0.194139
     0.39456     0.121934     0.445721     0.510377   0.00825078     0.215003     0.175924    -0.307535    0.0879941
     0.11674     0.471164     0.571465    -0.119367    0.0693946     0.114673     -0.50485     -2.60735    0.0126433
     4.17725    -0.184535    0.0520036      -1.3981     0.615657     -1.13156     0.610173       1.6412   -0.0326616
    0.535255     0.327327     0.895387    -0.193954     0.516454     0.900898    -0.176418    0.0179249      1.00239
  -0.0831964   -0.0272017   -0.0500772     0.331215   -0.0501487     0.181512    0.0881203   0.00721406    0.0269682
    0.241022      0.44606     0.206259     0.204677     0.213974     0.212042     -0.12061     0.314068    0.0612358
    0.155364     0.194154     0.131343     0.197338    0.0573576     0.118809     0.148818     0.176891    0.0470446
    0.186802    -0.294252      1.73662     0.280844      0.23631      2.06546     0.484249     -4.59274       2.1558
  0.00840556     0.310888    -0.595952    -0.238597     0.364205   -0.0415466    -0.216695      1.17334     0.358452
  -0.0930576     0.205882   -0.0857497    0.0458537    -0.100347    0.0197622     0.224419     0.289355    0.0390717
  -0.0715127    -0.549079    -0.139396     0.943682     0.660114     0.764502     0.814291     0.108806     0.230232
    -1.13522     -3.50169    -0.750729     0.902038     0.342946     0.548101      0.82248      3.89304     -1.22867
    0.279885     0.232399     0.556308     0.104001     0.686831      0.23807     0.318035     0.382425     0.402307
    -2.09137      2.18235       2.0576     0.414449     -2.07562     0.510422     -1.43864     0.590482     -2.70458
   -0.062285      0.30409     0.202161    0.0949309   -0.0637434    0.0888012      0.36564     0.209218    0.0412239
    0.146233     0.106725   0.00984106    0.0155393   -0.0599895    0.0857879   -0.0495576     0.240903     0.169455
   -0.222375      2.39659    -0.629422    -0.694556      1.55468     -0.56482    -0.451542      2.17641     -0.21408
     0.20086    -0.323715     0.441428    -0.219659      0.18436    -0.308486     0.214064    -0.322607     0.213618
   0.0736049    -0.272916   -0.0514442      1.11042     0.750235      1.38483    -0.461547     0.070826     0.376847
    0.162358     0.197158     0.279796    0.0147676     0.147868    0.0862261     0.129635     0.127117    -0.122569
    0.477528      1.14361    -0.111975     -1.59162    -0.157896     -1.19744      3.32849     0.268263     0.298305
    0.158688     0.324218     0.386623   -0.0408012     0.184751     0.220286    0.0116474     0.170179     0.172473
   -0.672226   -0.0972481      2.08729     -4.06459    -0.247099       1.3923      1.35016     0.258976      1.70399
   -0.157816     0.311348    -0.958466     0.895787     0.305446     0.870898   -0.0497145    -0.258286    -0.409594
   0.0842434    -0.207886     -0.50187    -0.209654      -0.5519      6.10405    -0.516666    -0.591668    -0.497017
    0.946308      1.28693    -0.967527      1.23195      -1.3037      0.30934      -0.4054      1.09339    0.0649029
    0.169206   -0.0601316    -0.312144     0.809778     0.521782     0.601953     0.525542     0.210147     0.241437
    0.710474      1.13639      1.02015      1.24488    -0.473133     0.932759     0.445326     0.100733     -4.84605
   0.0658013     0.137396     0.106098    0.0532783      0.22445     0.184725    0.0437726     0.689138     0.313323
    0.454776     0.401885     0.794541     0.240936      1.80717     0.877663     0.201631     0.449119     0.769684
    -4.51494     0.695926      1.14409     0.116056     -0.45192    -0.806839     0.568616     0.543183     0.540367
    0.414657     0.592838   -0.0803647    0.0753162    -0.316551    -0.359113    -0.222687       0.1006     0.164987
     0.24904    0.0767216     0.478544     0.287683     0.555926     0.571358     0.185994    0.0949812     0.357614
    0.054143    -0.232916     0.282977   -0.0567655    0.0782649    0.0875425    0.0853617    -0.172416     0.165392
     1.82457     0.465128     -3.94384      0.76465    0.0517068     -0.45698       1.2349     0.976845      0.94012
    0.473483     0.250991     0.316989    -0.450569     0.156365    0.0258259      1.48045    -0.286271     0.802093
     0.38348   -0.0989514   -0.0992005     0.483481   -0.0510582    -0.540736      1.10884     0.204828    -0.212182
    0.325566    -0.517132     0.114808     0.140051     0.052592    -0.117927     0.641533    -0.308129     0.246382
    0.283979    -0.175011      0.32779     0.195215   -0.0509371   -0.0184086     0.231371    -0.337033    0.0786038
     1.80797    -0.277946      1.03166     0.788171      1.00799     0.863567   -0.0702568    0.0301547     -1.89608
    0.196081    -0.394173     0.942998     0.355157  -0.00609554    0.0602522     0.148959    -0.270531     0.367665
    -1.21223     0.395727    0.0220462     -1.94887     0.585341      4.35913      0.51035      2.17801    -0.200229
     1.01111     0.498608     0.486919    -0.318924      1.08465      0.14613    -0.506234    -0.739636     -1.54256
    0.575848     0.750098     0.890567    -0.598695     0.623848    -0.556132     0.199868      0.60435     0.805087
    -1.71673     -2.71039     -2.03275     0.112329      1.48726    -0.960693      1.55604     0.828361     0.619529
    0.758669     0.806724     0.564185    0.0561266     0.143108    -0.470949     0.277705    0.0983399     0.299607
 -3.40606
 -3.30557
 -3.37384
 -3.20067
 -3.52489
 -3.41672
 -3.65433
 -3.57084
 -3.42821
 -3.52343
 -3.58427
 -3.66097
  -4.2657
 -3.51927
 -3.72687
 -3.48696
 -3.35914
 -4.01544
 -3.61914
 -3.42884
 -3.96207
 -3.16779
 -3.66884
 -3.70015
 -3.55047
 -3.37424
 -3.93309
 -3.70517
 -3.39708
  -4.6486
 -3.60166
 -4.17871
 -3.54133
  -3.7256
 -3.67929
 -4.04403
 -3.26415
 -3.74617
 -4.75916
 -4.72308
 -3.35085
 -3.68549
 -3.66786
 -3.67883
 -3.65518
 -3.52176
  -3.3841
 -3.43301
  -3.7444
 -3.57364
 -3.77716
 -3.53885
 -3.62056
 -3.55198
 -3.86596
 -3.38694
 -4.07275
  -4.7934
 -3.38171
 -3.27481
 -3.85756
 -4.55736
 -3.42132
 -4.37946
 -3.51391
 -3.57517
 -3.42031
 -3.44685
 -4.42143
 -5.55351
 -3.46298
 -4.35799
 -4.33223
 -4.04181
 -3.41342
 -4.17577
 -3.49358
 -4.50408
 -3.58341
 -4.49559
 -5.68053
 -3.99725
 0.290779
 -4.40899
 -4.77098
 -3.85082
 -3.95702
 -3.92785
 -3.73587
 -5.17074
 -3.20884
 -3.82131
  2.75286
 -3.64705
  -3.5539
 -3.43657
 -3.49409
 -3.83434
 -3.54751
 -3.94479
 -3.88816
 -3.45361
 -3.67329
 -4.48853
 -3.48362
 -3.95025
 -3.35526
 -3.08079
 -3.25136
 -3.38784
 -3.96904
 -3.50849
 -3.41491
 -3.51163
 -3.34261
 -3.40262
 -3.26609
 -3.49805
 -3.47842
 -3.61068
 -5.42745
 -4.19716
 -3.26959
 -3.55574
 -3.44556
 -3.53881
   -5.204
 -3.73287
 -3.76667
 -3.03301
 -3.39204
 -3.08089
 -3.40384
 -3.53536
 -3.31602
 -3.77757
 -5.85119
 -4.20174
 -3.70967
 -3.31551
  -4.0712
 -3.50588
 -3.65421
 -4.41112
 -3.21671
 -3.99302
 -3.38071
 -4.74875
 -3.52846
 -3.32945
 -3.43226
 -3.50462
 -3.51551
 -3.79193
  -3.4613
 -3.43352
 -4.19642
 -3.51228
 -3.98721
-0.931781
 -3.32809
 -3.61798
 -3.27422
 -3.34154
 -3.45314
  -3.4657
 -3.35389
 -3.54245
 -3.92538
 -4.02725
 -3.32563
 -3.39548
 -3.57804
 -4.07055
 -4.25714
  -3.5127
 -3.83423
 -3.44447
 -3.56973
 -4.63381
  -3.5512
 -3.72649
 -3.91271
 -4.46083
 -3.51452
 -4.22409
 -3.45973
  -3.3807
 -3.70027
 -4.37123
 -3.32623
 -4.10325
 -3.87589
 -3.74454
 -4.52896
  -3.4298
 -3.79849
 -3.41603
 -1.83859
 -3.92703
 -3.41001
 -3.53647
 -2.88192
 -3.54068
 -4.22996
 -3.22866
  -3.6589
 -3.35687
 -3.75177
 -3.49402
 -3.75099
 -4.59671
 -4.57134
 -3.40604
 -4.56949
 -3.21032
 -3.24125
 -3.26297
 -4.06097
 -3.75199
 -3.40989
 -1.00706
 -3.91435
 -3.30198
 -3.36971
   -3.565
 -3.41312
 -3.93528
  -3.5182
 -3.55929
 -3.51356
 -3.53753
 -4.60134
 -3.79277
 -3.66844
 -3.68649
  -3.8853
 -3.41713
 -6.09378
 -3.53862
  -3.3957
 -4.05967
 -3.59455
 -5.73812
 -3.37344
 -3.64724
 -3.51567
 -3.43852
 -4.50487
 -1.54413
 -3.57624
 -3.82881
 -4.56776
 -3.60623
 -3.49069
 -3.59793
 -4.65595
 -3.22494
 -3.51712
 -3.49305
 -3.48507
 -3.90349
 -3.65257
 -3.54382
  -3.4453
 -4.15991
 -3.24675
 -1.99165
 -3.50076
 -3.50804
 -4.83678
 -3.69031
 -3.58805
 -3.57904
 -4.51674
 -3.43336
 -3.84843
 -3.72293
 -4.89234
 -4.21753
 -3.36743
 -4.92643
 -3.49636
 -2.95606
 -4.40207
 -3.58748
 -3.32716
 -3.60744
 -3.81242
 -4.08034
 -3.56686
 -3.66923
  -3.6039
 -4.99576
 -3.72577
 -4.87998
 -4.29375
 -3.48069
 -5.36236
 -3.48485
1
4
300 10
    0.113833     0.323212     0.565713     0.538485      1.32968        1.069    -0.362383    -0.176181     0.401656      0.35786     0.124458      1.04311     0.935435    -0.212055     0.190899    0.0776176     0.502706    -0.369674    0.0962044     0.112028     -2.37415     0.926993     0.100333    -0.114191     0.343632     0.505684      0.79644    -0.235836     0.266609      -8.5298     0.243996      1.44436     0.240299     0.346567     0.029673     -1.19429     0.345943     0.910901      1.85474   -0.0919778     0.720332     0.437497     0.880781     0.625729     0.169081    -0.380355     0.625389     0.248281     0.534419     -0.27586     0.204321     0.587452   -0.0563303    0.0189648    -0.459211     0.368406    -0.449827     0.353927     0.678966     0.530435      1.43342     0.350343     0.131366      1.20029     0.145884     0.250877     0.324946      0.57042    -0.167713     -8.16949     0.478696    -0.176291     -0.55609      0.32707     0.113112    -0.505472    0.0798018     -1.26371     0.520588    -0.141878    -0.191179     0.699655      2.41823     -4.27057    -0.393294     0.263055      1.15201    -0.666122    -0.209683     0.512487      0.37901     0.456051     0.570288     0.386802     0.307284     0.184144     0.109706    -0.124199     0.177955      1.13535   -0.0879548     0.100777      0.17062    -0.770665    0.0273094      1.19969      1.07677     0.791535      0.65793      0.42498     0.287493   -0.0286167     0.412217     0.208648     0.366112     0.639059     0.295539    0.0639685     0.202676       0.2078     -7.57897    0.0660582     0.278202    -0.947714     0.224894     0.176129     -1.77768    0.0976695    -0.177702      1.27266      0.46996      2.21224     0.337174     0.129293     0.640039      1.35308      -3.2557     -1.49029     0.141208     0.541124    -0.379948   0.00095591    0.0288366   -0.0179598    -0.557917     0.869134     0.241355     -7.78307      1.66831     0.323613     0.481147     0.700299     0.402339    -0.646965  -0.00556925     0.855443      1.78802    0.0930622    0.0946189     -1.15647     0.440537     0.203591      1.04193     0.422126     0.292496     0.229908     0.521216     0.115862    0.0476985     0.778381     0.358279     0.230332    -0.116791      1.55897     -1.00637     0.437185    -0.199639     0.626482     0.341489     -0.15767     0.927404      1.33873      1.31308     -5.18436     0.500895      0.55231     0.124517     0.253918     0.887603     -0.28595     0.440308    -0.191349      1.24851      1.73167    -0.113616      0.35545     0.877185    0.0929118      1.18274    -0.938955     0.402097     0.211869     0.456062     0.281839     -2.51149     0.384964     0.649193     0.288207    -0.578613    -0.210069   -0.0027039     0.238867      1.60288     0.323167    -0.764993     0.477003     0.614588     0.257473     -2.64747   -0.0649849    -0.132044      2.23465     0.230906     0.719872     0.399563      0.26839     0.385773      1.14085    0.0708527   -0.0531644     0.712064     0.122985     -1.50766       1.1979    -0.355644    -0.466844     0.174174     0.341097     -3.73425      1.24094     0.442788      2.35269     0.103619      -3.4856     0.408536   -0.0261938     0.207347     0.272889     0.236038      1.53183      3.07608      1.38957      0.64256    -0.465218     0.188464     0.388548     -5.92335     0.882267    -0.149476      0.14001     0.183683       1.8095      0.54481    0.0834156     0.607304      2.86727     0.490816      2.88851      0.17119    0.0894701      0.13745    -0.164069     0.280026     0.188379   -0.0273086     0.389998    -0.405291    -0.104891      1.06455     0.357196     0.515531      2.53988     0.310362     0.923115     -10.1401    -0.017562     0.352254    0.0662964    -0.382323    -0.268693     0.540696     0.183051     0.134676     -1.88662   -0.0564415      1.53989    -0.154767     0.336986     0.755996     0.223918
   -0.218917   -0.0998563     0.107545    -0.126046      1.05187      3.18629    0.0926035   -0.0930164    -0.332722     0.849877   -0.0462403      1.27952      1.55751     0.136908     0.295682   -0.0764313   -0.0652891     -1.45698     0.207812   -0.0922082     0.682796    -0.176485     0.367406     0.501335    -0.502515    -0.499899     0.397311      1.93546    -0.156769      1.62772     -0.19749     0.726023    0.0850159    0.0110325      0.48077    -0.867743    -0.127359     -1.03278      3.86499     0.744947    -0.125636     0.207688     0.748685     0.187822    -0.776384    -0.593688    -0.167333    -0.131686     0.049999     0.113589      2.14055   0.00582522     0.503404     0.174412     0.630235   -0.0580461     -1.70361     0.975947   -0.0254677   -0.0225578     0.880409      1.77651   -0.0151328      1.38885     0.137734    0.0571385     0.119758    -0.299633     -7.09602       2.0395    0.0501865      2.21319     0.202206     -4.25742     0.287814     -1.26893    -0.698094      -1.2485    -0.982383      1.16531     0.550306    -0.615798      1.57272       2.2405      2.28943    -0.802726     0.200442    -0.132629      1.30706      1.46736     -0.16886     0.125538     -1.35312    -0.194377   -0.0855356    -0.441786     -0.43385    -0.462111    -0.031333     -1.33314    -0.932518    -0.229161    -0.148869    -0.781684     0.541748     0.450122    -0.234835     0.186204  -0.00627598      0.26725     -1.15808     0.126982    -0.253658  -0.00692621    -0.144261    -0.291928     -5.96966     0.130751   -0.0356867     0.275965      2.24795    -0.940492    -0.186592      2.55394   -0.0710498    -0.444043    -0.464538     0.127249    -0.152641     0.971127     0.265541     0.862864     0.311268   -0.0805178     -0.11883     0.800987      1.07419     -0.70538     0.212346    -0.279571      0.17682  -0.00646005     -2.09225    -0.429981     0.491136    -0.767964     -1.28599       1.1871    -0.871078    -0.370573    -0.286408    -0.215099     0.186292    -0.428676    -0.654006     0.415454      -0.7964   -0.0903916    -0.836042     0.592734   -0.0255214    -0.362356     -10.5357    -0.173902    -0.157764   -0.0712361   -0.0825598    0.0516199     0.100947        -2.42    -0.272253    -0.156383    -0.290278       1.5461    -0.775236    0.0744821    -0.232021     0.209033    -0.857669    -0.686734     -1.00107      1.24869      1.59134     0.909188    -0.516635     -1.04569     0.336881     0.209307     0.425316        -1.69   -0.0674989    -0.310832     0.601418   -0.0838232     -1.71065    -0.246563      2.09466    -0.104868      -2.2899     -2.48061     0.368001     -0.22439     -2.21547    -0.149415      0.92565    -0.261448      2.13463    -0.278672   -0.0219297    -0.125039     0.688809     0.773011      3.59526    -0.101739     -6.04784    -0.312817    -0.156916    -0.246004      2.21549      1.12047     -0.06543     0.603799      1.12248    -0.236103     0.524235    -0.412995    0.0429744     0.422854   -0.0893502    -0.138522  -0.00348428   -0.0391169     -1.03211     -3.12999     0.446143      0.82999     0.263903     -1.78335      1.30799      1.27601   -0.0517574    -0.414731   -0.0579291    -0.536674    -0.048957  -0.00700119    -0.240172    0.0330505      1.23152      1.26182     0.452023      1.03434     0.218488   -0.0174396     0.532049      1.18067      1.79367   -0.0286507     0.165304    0.0320675    -0.040992      2.82545      1.02556   -0.0784435    0.0946434     -1.38135 -0.000459981    -0.894638    -0.287863    -0.281227       1.4908   -0.0417006    -0.501579    0.0289151    -0.845684   -0.0105294      -1.2444      0.23067     0.994674      -1.0807     0.384684     0.390682     0.258935    -0.229378      1.40158    0.0418608    -0.447241    -0.263787    -0.648105    -0.241152    -0.226555   -0.0295507      0.22842    -0.756621    -0.355919      1.75242     0.134158     0.119005       3.4503     0.355164
   -0.114402    0.0421926     0.176565     0.194955     0.372421      0.33231      -0.0523   -0.0362529    -0.130843    -0.432151    0.0707636     -6.44597     0.666312    0.0576136      1.45583   -0.0559753   -0.0260859     -0.28117      1.07461   -0.0021913   -0.0623019      0.33069     0.272296    -0.865099     0.104118      0.70093     0.545541      1.90226    -0.214905      3.06386     0.356327      1.91287    -0.180416      1.68265     0.391879    -0.377283     -0.20313      1.26325     -3.08965      1.05358    -0.225583    -0.535829    -0.517044    -0.343779    0.0568215     -0.36719    -0.309439     0.117829     0.914689     0.814081     0.878704     0.064859    -0.299136      0.28978     0.301034     0.319928     0.522412      1.48814  -0.00249574    -0.255423      1.02368     0.767003     0.196971       1.3103    -0.557717    0.0375978    0.0152048    -0.180931     0.422016      1.33229   0.00121625     0.494213      1.60914     0.883501     0.359541    -0.170135     0.302634     0.417482      0.47355        1.694      -1.3585     -1.50203     -2.12564    -0.223068      1.60749     0.564758     0.159171     -1.66843     0.435738     -7.45095    -0.218087      1.98726     -1.96487      0.22243   -0.0479113      -0.3824     0.139664     -0.22214   -0.0500678   -0.0256769     -3.35186    -0.096703    -0.228959     -1.13905    -0.025852      -1.0897    -0.148065     0.247652   -0.0437243    -0.083999      1.62779   -0.0261332     0.259624     0.126907     0.137405    -0.309243     0.229572     0.102458   -0.0506752     0.288541      2.19021     -2.52407      0.19932      1.70329   -0.0257192    0.0776901     -1.02191    -0.188346    -0.335373      -1.8047   -0.0547419     0.371807      0.22836     0.185371      0.17436      2.02109      0.10412    -0.250445     -1.42548      0.15808     0.341514     0.240762   -0.0295647     -1.06291     0.762635     -2.96821     0.405553     0.424441      1.32684     0.362532     0.278326    -0.403931   -0.0529557     0.182825     0.275535     0.391751     0.174589     0.471492      0.39759     -2.43676      0.12531    -0.172796      3.38089  0.000866777    -0.141273   -0.0903875     0.341031    0.0661542    -0.267699     0.116016     0.111691    -0.171694    -0.439505    -0.276637     0.812013   -0.0176509      0.43589   0.00177267    -0.503392      3.30705     0.189333      1.82342      1.60345     0.211744     0.539642      1.02225     0.383462  -0.00209291     0.731938     -0.63324     -0.19897    -0.395569     0.942555     0.173069    -0.403576    -0.276652     0.856635    -0.131181      3.39277     0.626719      0.13924    0.0815885     -1.88958    -0.118084      1.71636     0.133705     0.252402     0.145175    -0.293842    -0.152706    -0.132517     0.253482     -12.5057    -0.020575     0.615468   -0.0224036    0.0344138    0.0964509    -0.276929    -0.327205      0.36785      1.46844    -0.626917     0.484974     0.264445    0.0108304    -0.322526    -0.420199    -0.059404    -0.126548    -0.501204   -0.0882943      1.72673     0.854371     0.208444    -0.189832    -0.405946     -1.35483     -3.31896      1.19451    0.0766358      3.09871    -0.351573     0.488269     0.011311    0.0451581    0.0999878     -0.12332     0.469332      -2.8152      0.89585     0.207789     -1.70549     0.338453    -0.158056     0.482589     0.855522     0.260684    0.0534971      0.10578   -0.0779135   -0.0554826    -0.620195    -0.343612     0.424854       3.0348     0.187479     0.204197    -0.101191    0.0832877     -1.72644    -0.347807   -0.0558647     0.174749     0.959399   -0.0860263     0.842405     -1.77497      1.93651      1.57024    -0.527143    0.0927547    0.0502446   -0.0930893     0.981676     0.630541   -0.0506765     -0.22567     -6.52962   -0.0768793     0.150903    -0.255288    -0.490742    -0.316344     -1.02457      1.66667    -0.538806    -0.387853      2.15331     0.559812
    0.102923     0.241566     0.117365    -0.102978    -0.131472    -0.748782   -0.0179999     0.030111    0.0357764    -0.449958  -0.00284639     0.582356     0.995373    -0.200997   -0.0904699     0.237125    -0.498368      1.26628      1.13709     0.093699      0.47206   -0.0712951     0.120025     0.699545   0.00526909    0.0686912     -3.64645      2.00638   -0.0115249      1.91902    -0.390759       -1.447     0.352786    -0.228855   -0.0729962         1.65    -0.180791      1.04051    -0.886576     -3.97425    -0.152518     0.397149     0.677975      1.84664     0.348165     0.321055    -0.351534     0.140424     -1.89866   -0.0801742    -0.572593    -0.257062     0.335892     0.102536     -1.61736      0.10723    -0.563404      2.38967    -0.151936    -0.339736      1.95279      -3.5705   -0.0589513     -5.85677    -0.187375    -0.486925    -0.134188     0.382806     0.170462      1.73473    -0.159229     -1.44896     0.157218      0.18252    -0.599683     0.957108     0.453692      3.43205     0.259479      -2.5962      1.89129     0.552032     0.294058     0.706806     -10.7331    -0.842969     -0.91715      2.84578    -0.152164      3.46179      0.28755    -0.538958     -2.22944     0.394124     0.436091     0.394864   -0.0909401     0.315706   0.00142895     0.963788      1.46974   -0.0218102    -0.040021     0.747144    -0.127732      2.91107      -0.2379   -0.0171525    -0.319176    -0.298284    0.0850568  -0.00692863     0.173899    0.0235223     0.142428    -0.140893     0.797915  -0.00609449    -0.323102    -0.119605     0.795779      1.08716    -0.212198     -1.57782     0.183336     0.513071      0.10028     -7.24027     0.199861      2.35317    0.0063158     0.527524    -0.622032   0.00492844     0.188852    -0.904128    0.0962385     0.536669     0.455219   -0.0604772    -0.829937    -0.958377     -0.30612     0.601669    -0.245434      1.17539   -0.0391784      1.25479     0.203656    -0.187188     0.168435     0.377956   -0.0996412     0.320621    0.0474379    -0.615243       1.5284     0.104685     0.757339      1.80905    -0.218902     0.335373   -0.0769516   -0.0042758    0.0829825   -0.0773318      0.18817     0.391257      0.10216     0.115184   -0.0147123   -0.0317121     0.369293      1.84909      1.54292    -0.130035    -0.561601     0.174948      -0.3645     -2.11597      1.02994    -0.180358    -0.842741     0.742606    -0.347896    -0.725589   -0.0869835    -0.433886   0.00525123      2.27435    0.0454968    -0.267282     0.066379      2.31123        3.445     0.338652   -0.0439315     0.124782     0.436373    -0.081266    0.0323774   -0.0530105      1.98088    -0.117429    -0.807198   -0.0154476     0.934503    -0.175593    -0.185256     0.131495    -0.110875     -1.60854    -0.276613     0.156802      1.65456   -0.0709872     -0.26672    -0.090598     0.601338     0.419809    -0.742991     -2.45543      1.59612    -0.657541   -0.0833672     0.225031    0.0667763     -2.73174     0.572209     0.386571      1.32059    0.0541721     0.272199     0.378583     0.106265  -0.00462039     0.202241    -0.474239      4.23344     0.695704    -0.267016     -0.66628      0.83142      1.35256   -0.0184457     0.506442    0.0695398    0.0400104      1.93023     -1.01002     -1.15694     0.455333     0.804769    -0.227955    -0.413339    0.0305114     0.188523    -0.290302  -0.00593711    0.0905795   -0.0108638       1.0492    -0.290667   -0.0257095     0.355433     0.561953    -0.210448     -0.35698    0.0433734      0.16833      -1.0274    0.0917214     0.421829  -0.00559703    -0.143677    0.0528056     -4.44822     0.641703      1.05753    0.0316028     0.387677      0.35425    0.0977055     0.813485        1.389     0.518452     0.352473  -0.00213596     0.490652     0.109802     0.693799      0.36078     0.120188      1.58387  -0.00383048    -0.781485    -0.567586      1.09633     -1.93148     0.701028
   -0.410749    -0.846047    -0.602028    -0.571434      -2.2214    -0.902798    -0.406645    -0.220313   -0.0640608    -0.235102    -0.233853     0.844557     0.792389    -0.145779     0.331226    -0.202903    -0.405905    -0.616674    -0.237906    -0.424098     0.415558    -0.381553    -0.107882     0.310467    -0.231432    -0.988864      0.63653      2.28517    -0.398393    0.0123195    -0.533622    -0.487914    -0.462999    -0.168308    -0.147027    -0.232871    -0.527681      1.78821     -1.25942    0.0873338    -0.218008    -0.283759    -0.131209    -0.333981    -0.334767    -0.429195     -0.28392    -0.418938     -2.30761    -0.234406    -0.504388    -0.307407    0.0421176    -0.856671     0.250487    -0.868414      0.53361     0.073585    -0.442433    -0.572296      1.94414   -0.0111673    -0.505212    0.0532041    -0.139385    0.0383383    -0.318835    -0.311954     0.421313    -0.491272    -0.417506     0.227825    -0.404357     0.441408    -0.560188     -1.74288    -0.318005     -2.44268    -0.272419    -0.181895    -0.930967    0.0995039      4.24855      1.26014     0.407572     0.160824    -0.630332    -0.444916     0.111511     0.962678     -1.13561    -0.857305      8.90158    -0.836248    -0.373867    -0.467169    -0.269088    -0.698235    -0.226149     0.114094     0.414915    -0.345869    -0.172399     -1.04602    -0.521903     -3.95303      -0.2251     -1.07788    -0.758229     -1.83438    -0.486229    -0.499089    -0.249187    -0.298824    -0.446786    -0.164672      1.12967    -0.353318    -0.325846    -0.156336     0.328802     0.678607    -0.484155     -0.24543    -0.518754    -0.424343     -3.17717      1.72121    -0.318945    -0.472646    -0.628069     0.277382      -1.1773    -0.265369    -0.410017     0.160328     -1.56552    -0.184785     0.120815    -0.536423      1.19014    -0.299372     0.485812     -2.42053      2.04565   0.00472931    -0.213463     0.699624    -0.603675    -0.475058    -0.637151   -0.0376364    -0.156121    -0.755282    -0.442724    -0.449301     -0.62324     -0.27462     -1.19935      3.69014    -0.447276    -0.510836      2.58406    -0.371925    -0.465014    -0.358803    -0.665163    -0.127301    0.0811943    -0.210725    -0.568968    -0.433041   -0.0364843      -1.4695   -0.0090048    -0.340865    0.0888355    -0.336616    -0.111802     -0.50749     -3.22807    0.0598807     0.405072     0.507669    -0.309627     0.790401    -0.615274    -0.566867     0.056335     -1.27281    -0.434463      -2.0651       1.0245      1.68945      1.42911      -2.7688    -0.105625    -0.198243     -1.80165   0.00310668    -0.538892    -0.346174     0.617999    -0.139362    -0.389451    -0.687964   -0.0284872    -0.407224    -0.162109    -0.420409    -0.464043     -4.14278     0.227786    -0.474119    -0.911123    -0.489398    -0.730887    -0.553936     -1.00476   -0.0746968    -0.896263     0.216097      -2.2805    -0.400455    -0.624923    -0.338972    -0.426949     -1.05965    -0.337795    -0.236319    -0.259646   -0.0598694     0.290608   -0.0701986    -0.154777     0.276069   -0.0492642      1.33024      1.74729     0.126016    -0.520007      1.57386     -1.02383     -3.30031    -0.411337     0.149422    -0.408797    -0.299356     -12.6883     -2.14708      1.12887     0.467282      1.15369    -0.314362    -0.400122    -0.370859    -0.422684    -0.891996    -0.423773    -0.338296    -0.243584     0.316747   -0.0156051   -0.0817334     -1.03781    -0.368872     -1.07658     0.820228    -0.148287    -0.466679    -0.618685     0.206431    -0.169892    -0.108584      1.42239    -0.293025      1.48699    -0.361046     0.385236    -0.900822     -1.11271     0.680014    -0.346513     -2.81087      1.38747    -0.177314    -0.742392   -0.0707992      1.31138     0.404209    -0.334783      0.23031    -0.184539     -1.77004     0.171643     0.741807    -0.613031   -0.0368474     -2.30059    -0.308925
  -0.0609885   0.00241056    -0.118865    -0.481998    -0.397881     -2.18698     0.107277   -0.0296446   -0.0434925    -0.978102    -0.165079     0.577649     0.406848    0.0298754     0.212436    -0.104894   -0.0483773     0.997052     -3.14932    -0.230087    -0.661316    -0.536014      0.41214      0.24059    -0.182631    0.0552801     0.495281     0.614668    -0.155805     0.506002     0.985278    -0.350866    -0.277337     0.216149   -0.0152983     0.876187   -0.0263849     -1.82598     -2.99179     0.864125   -0.0845692     0.515355     0.169134     0.909085     0.132732     0.341615    -0.160273   -0.0740646     -1.39304      1.04025     -1.07357 -1.32574e-06    -0.531248      0.26519     0.877131   -0.0899301     0.023466     -3.00465    -0.244461      -0.2529      1.00853     -2.74002   -0.0694579      1.28844    -0.159456    -0.286805    -0.057835    0.0419173      1.09896     0.936068    -0.200122     0.137041      1.21265     0.853548    0.0930808     0.584823    -0.124427   -0.0766255     0.311097     0.296175      1.40438     0.890003     -1.53233      -0.5375     0.950789      2.00995     -1.63773      1.13706    -0.823553     -1.15752     0.263428    0.0928139     -1.35274     0.261647    0.0816216     0.110134  -0.00445393      1.13787    -0.169415     0.873223     0.354017    0.0652995     0.471917      1.17845     0.816584    -0.708549    -0.142962    -0.404613    0.0752282   -0.0452884    -0.231319   -0.0323416     -0.09601   0.00984701    -0.154141    -0.134639     0.645864     0.070362    -0.142385    0.0841049      2.70766    -0.297114    -0.408009     -1.20106    -0.130742     0.023047      2.30155      3.40078     0.397726    -0.969291   -0.0474985     -1.03748    -0.218854   -0.0784095    -0.330062       1.6097      2.16316     0.954429    -0.735946     -0.07619      0.68281    0.0949875    0.0654739    0.0963055     -1.59721     0.371464   -0.0432893     0.224373    -0.162985    -0.241004    -0.234933    0.0263723     0.548739     0.788655   -0.0553565     -1.02839     -3.40553     0.278539    -0.126048      2.71016   -0.0397655      0.10348     0.866851   -0.0207481    -0.034505    0.0893516    -0.154214    -0.330274    -0.176756      1.42258     0.235199   -0.0583954    -0.750007      1.90254      1.00059    -0.105871     0.644671     0.101047    -0.757633     0.208038      1.49243     -1.38557     -2.07267     0.194082     0.098815    -0.195909    -0.450572    -0.187706      1.38202      1.35886    -0.169566      0.25288      1.43805     -8.59004    -0.487347     0.145021    -0.838123    -0.157694   -0.0699473     0.172027    -0.433369    -0.217235        1.355     0.161481       1.9521   -0.0338474      1.04616     -0.05948     0.571254    0.0084236      1.61279      4.05663     0.288032    -0.179495      1.41043    0.0311796   -0.0179486    -0.120864  -0.00846191     0.109372     0.228246       -2.967    -0.148425    -0.796843    -0.917966     0.303111    -0.144308    -0.590309      0.12655     0.452439    -0.315036    0.0720309     -0.97887    -0.602231    0.0941178    -0.372768     0.127912    -0.300659      2.37806     0.952116    -0.103268     -1.22047     -0.13542      2.66524    -0.184568     0.253347    0.0350184    -0.204773       2.5063    -0.561492      1.75342     -1.53639      1.46617    -0.119829    -0.387072     0.293395      2.82934     0.024797   -0.0666621   -0.0871735   -0.0348755      0.76276    -0.191453  0.000473139     0.393717     0.184443   -0.0688927      1.20416    0.0162368     0.149078    -0.141087    -0.204715     0.910946    0.0333709      2.13463   -0.0175881      2.34527     0.776172     -9.81429     -2.02257      0.40931    -0.504698    -0.162829     0.134564   -0.0193825    -0.513601   0.00795441   0.00524014      2.08949     0.944172    -0.375442     -0.31478    -0.217664      2.02293     0.254261     -6.14724    -0.428232   -0.0663332   -0.0413905    -0.768909
    0.541422    0.0524761     0.408683     0.293387     0.406165     -2.71836     0.303915     0.192123   -0.0579029     0.390961    0.0724881      2.01539     -5.59621     0.302182    -0.934855      0.16974     0.199014       1.6763     0.204572     0.150209     0.449151     0.211879    -0.178985      1.28906    0.0854881     0.338403      1.35038     -8.49028     0.112164      1.79302     -1.16668     -1.57424     0.382739    -0.860086    -0.816684     0.921536     0.229817    -0.650636      1.50661     -0.99989    0.0872878     -1.15906     -1.78788     0.681274    -0.277695     0.463217      -0.2521     0.164455       2.7795      -1.0141   -0.0715822   -0.0565244    0.0912148     0.208829    -0.169372      0.19844       1.4808     0.357077     0.058794     0.342599      1.56488      1.68533    0.0781857     -1.60571   -0.0317903     0.233944     0.203564    -0.619235       3.3555      4.10096     0.100118     -2.50382     0.393941     0.149425     0.226709      2.09318   -0.0962815      1.76214    -0.255572      0.26233     -0.23748     -1.12004       -2.631    -0.555289      2.27506     -1.63456      1.37234    -0.215607    -0.529934    0.0322687     0.265234     0.987665     0.844214      1.02795   -0.0442426     0.486465   -0.0279383     0.759254     0.283384     0.198157      1.74278     0.179966     0.114348    -0.346115    -0.201322      -1.0115      1.32911      0.62449    0.0784991       1.1211      0.36253    0.0970748    -0.141616   -0.0393335     0.385115     0.127742      1.37703    0.0998105     0.152323     -0.83714     -1.01995     0.811891     0.821913     -1.26946   -0.0622741    0.0390455    0.0688743      1.19471     -1.00393     -0.73768     0.258106    -0.488074     0.302982     0.372209     0.159607     0.378428     0.393952     0.906059      1.50155     0.346156     -1.76976      0.57044     0.787894    -0.555206     -5.76814    -0.240881    -0.144972     0.870287    -0.351182     0.115785     0.455234    -0.179132    -0.479026     0.301204     0.587743      1.34122      1.26976     0.337955      2.11663     -2.09648    0.0491638     0.165718    -0.182737     0.233707     0.123024    0.0724824     0.187382    0.0547315     0.228017      0.10551     0.294572     0.328908      1.37732     -5.03046      1.20358     0.234952    -0.213883     0.075602   -0.0616439      1.41214      1.70068   -0.0316664     0.559516     0.726765    -0.538663    -0.886269     0.182209     0.760845    -0.399376    -0.802748    0.0518878     0.893311     -7.55923    -0.345245    -0.132415      1.67719     -4.33565     0.776787     0.399886     0.221805    0.0568131      0.24209     0.911529     0.469304     0.882678      0.20338       1.3045    0.0078103   -0.0763268     0.480966      -3.5741     -3.06851       1.4207     0.356892      2.79455     0.147336   0.00575805     0.309437   -0.0371171    -0.885486    -0.380015     -2.22111    -0.213272     0.208073     0.409389    -0.334269     0.180374      1.87206     0.337588     0.454859    -0.466637     0.135773      2.65938     0.759923     0.393951    0.0544638     -0.80418     -1.85695       -3.316     -0.49706     0.103107       1.7435     0.362166      1.59004     0.230152    -0.247323     0.272989     0.256058     0.915209     0.784125     -2.06324    0.0676661     -5.92445     0.330595     0.187082     0.450979     0.201885       0.1503    0.0340418    -0.225494     0.182344    -0.899332      0.67188    0.0347002    -0.434387      1.27349     0.416907    -0.431115   -0.0944183     0.169321     0.485695     0.383126    -0.817717     0.298721     -5.81597     0.350452      1.64212     0.473387      1.72639      2.87044    -0.319118       1.0265     0.220911     0.374074     0.661362     0.439587     0.301992     0.142722      1.35817      -1.6496    -0.859851    -0.432303   0.00201292      2.29193     0.154971     0.756128     0.772478     0.102817     -1.00288    0.0799533
  -0.0206981     0.141521    -0.308898     0.146675    -0.328928     0.721118     0.325117  -0.00941936     0.285649     0.754779   -0.0660514    -0.665433     -0.26079    0.0722006     -1.08982    0.0147183     0.104425     0.413516   -0.0111492   -0.0978843     0.365023     0.198646   -0.0849866     -4.37605     0.264411    0.0523467       1.0522    -0.124073     0.159646     0.115658    -0.405382      -1.9854   -0.0692652    -0.234247     0.198543    -0.784178     0.209354     -2.48353      1.33227     0.581224   -0.0413645     0.108732     0.147996     -3.86302      0.26401    0.0495817    0.0532227    0.0346841     -1.13263    -0.203854    -0.178133    -0.018606     0.212831    -0.169567     0.287988   -0.0303546     0.223639     -1.44162   -0.0455089     0.411726     0.105692      0.85228     0.153339     0.892912     0.540422    -0.172881   -0.0140844     0.435705     0.984905     -1.27558    -0.570243     0.547819     0.408767     0.766666    -0.112806     -1.23879     0.162903      1.16834    -0.392015       1.3023    -0.458907    -0.495507     -1.39432      1.51634      0.98714    -0.270376  -0.00406756    -0.817174    -0.888547      1.47743    0.0870588     0.230325     -1.03322     -2.17921    -0.157533   -0.0816379     0.425529    -0.151127     0.158449     -1.57349    -0.938692     0.144872     0.251371      2.30735     -0.21491      1.18884    -0.612211    -0.435393     0.413314      2.03541     -2.09075     0.431733     0.131432    -0.223268    -0.206422     0.281252     0.729133   0.00650322   -0.0212688     0.140126     -1.84223     0.950259    -0.336674      1.01636     0.229262   -0.0842739     0.436337     0.397557      0.60432      0.34445     0.154027     -3.10758     0.267142    -0.266415    -0.131543      1.06608      2.53557     -1.20325    -0.139468   -0.0608691     0.569429     0.232817      1.01906      1.88345       2.2274      1.23417      1.02414      2.17358     -2.01952      0.44745   -0.0874051    -0.179145  -0.00840697      0.63545    -0.072515     0.366986    -0.397149    -0.183678     -0.76528     0.396163      0.28273     0.281964      3.13775    0.0328274    0.0101595     0.154425     -0.08806    -0.203566      1.06025     -1.20738  -0.00588795     0.148592    0.0431873     0.381907     0.993366   -0.0891098     0.794713    -0.333817     0.421268    -0.375177      -2.0544    -0.535307     -1.93371      1.47936      1.13313      1.26323    -0.341519    -0.159143     -2.97627    -0.138666     0.173856      2.26729     0.378044    -0.102724       1.1092      1.76808      2.19238    -0.181868    -0.183967      1.58935    -0.334555    0.0719181        1.484    -0.118253       2.4541     0.315288     -7.12462     0.336392     0.743766    0.0665012       1.5274     0.701524      2.92559    0.0423568    -0.980435     0.166262     0.227431    0.0469763      2.60164    -0.776145    -0.230141      1.15686     0.923262    -0.216949     0.164348     0.216564     0.435456     0.602853   -0.0737518      0.30514    -0.312023    -0.167268    -0.685862       1.2163     0.491867    -0.185192    -0.121964     0.654821        1.887     -4.71277     0.196566     -6.00177     0.520942      2.03662     0.165686     -0.82514     0.155156    0.0294031      2.90721    -0.300008     -3.44155    -0.296338      1.30827    -0.147481     0.439673     -3.45064      -1.0461    -0.569906   -0.0917355     0.247031     0.027373     -6.20683    -0.178971     0.184898   -0.0507725     -5.80286        0.203    -0.917917    0.0131162    -0.196673      1.47083     0.154244    -0.260375     0.130512     0.624686    0.0765839     -1.07954     0.131604      1.50616    -0.225548     0.139607      2.62379    -0.292933     0.667682      2.30631    -0.490582     0.258001     0.184398     0.926068     0.853172  -0.00300554     0.480783     0.331697      1.02614     0.684198     0.792166      1.82266    -0.314935    -0.109575    -0.360928
  0.00153977    0.0047622    -0.298485    0.0426164     0.140571      1.66098    0.0239226    0.0995771   -0.0992325    -0.186172     0.199045      0.70466      0.68958    0.0209054    -0.679934    -0.143256     0.512466     -1.49464     0.840677      0.22401     0.432361     -0.57036    -0.855051      2.19744   -0.0712144    -0.334118     -1.47732     -0.12077    0.0772146     -0.37632     0.937413      1.82574     0.152274    -0.666094     0.325677   -0.0527973     0.157275     0.877984     -0.25241      1.56104    0.0152397      0.21206     0.254601     0.145174     0.142276     0.479382     0.781287    0.0157756      2.39065    -0.185064    -0.597908     0.147387    -0.292874   -0.0158896     0.110294     0.105189    -0.430242     -0.85776     0.221494    0.0508859     -9.95878      1.05997   -0.0295684      1.22252    0.0532274     0.201678    -0.227532    -0.118843     0.709321    -0.110394     0.639578     0.796972     -3.00654     0.733409    0.0549393      1.28311     0.125528     -1.89744     0.449804     -1.89984    -0.894026      1.15666    -0.787902     0.111537      2.37144     0.693848     0.254242   -0.0931824     0.700319     0.930309     0.105749     -2.40177     -2.33162      1.11948  -0.00813624    0.0661718     0.142195    -0.321465    0.0189015    -0.214708      1.05525    0.0225856    -0.105266   -0.0398408    -0.160783     0.975406    -0.707243   0.00182109    0.0110577     -1.23456      1.75644    0.0689566    -0.161513     0.258495    -0.109103     0.126632      0.69722    -0.170474      0.38133     0.501793      2.31274    0.0639163     0.105435    0.0615046     0.147794   -0.0152483      3.51244     0.334286     0.551098    -0.530632  -0.00404088     0.324884      0.47944    -0.160604    -0.187896     -6.58334     -1.51369      1.50232    -0.529575    0.0321057    0.0668133      0.38128     0.192628      1.68573      2.71986     0.793938    -0.225526     0.841492     0.903169   -0.0307279     0.119778    -0.137361     -0.21021    -0.184755     0.362673     -1.28635     0.225159    -0.516649     -0.33483     -3.38221    -0.290504      0.10665    0.0917377     0.189491     0.211889    0.0999813   -0.0760527    0.0398713      -1.0291      1.15913     -0.33571    -0.114457     0.032422    -0.295197     -3.65259     0.162633    -0.705303    -0.448842       1.8272    -0.696525      1.06369     -2.44136    -0.567164     0.373436     -0.48328    -0.772901     0.697095     0.193616   -0.0646195      1.27833    0.0451768    -0.327233      1.79517      3.21258     -3.02482    -0.671971    -0.630717    0.0875087     -0.92294      1.23818     0.347357     0.178059     -2.94751    -0.150325     -4.19697    0.0864088     0.582029     -0.10555   -0.0722944    0.0253532     0.405285      2.92854      2.57968    -0.145919      2.50485   -0.0339786   -0.0193526    0.0254352     -1.59443     0.298673      1.88447      2.01181    -0.160029     0.789418    -0.283249     0.296065    -0.268701     0.754059    -0.862488     -1.03673    -0.412144   -0.0967575    -0.470989    -0.621931    -0.933299   -0.0107381     0.583383      3.36045     -1.66057    -0.314058    0.0351793     -0.60692    -0.189413    -0.766602       0.0249    0.0020009    0.0445841     0.110089      2.24617      3.43465    -0.652511     -1.42957      2.06946      0.71503     0.113277     0.925043      1.64518     0.227344     0.417047   -0.0299385    -0.023109     0.269475    -0.679707     0.401571    -0.514888    -0.637449    -0.148686     -2.40267     0.472093    -0.109033    -0.127828    -0.219998      0.22715    -0.242258      1.60427   -0.0940866     0.722954    0.0570622      1.09529    -0.467604    0.0065193     -7.19766   -0.0746458     0.410813      2.12061    -0.149868     0.144768   0.00649664      1.40528   -0.0821643     0.422238    -0.130806    -0.140726     -1.78991    0.0472252    -0.223612    -0.749171    -0.806138    -0.654904    -0.319529
  0.00739521    0.0159887    0.0466377  -0.00845915    -0.070388     0.045952    -0.110453    0.0165666    0.0158424     -0.16953   -0.0112131    0.0645365    -0.159314   -0.0087199     0.129077    0.0157517    -0.128485    -0.871275   -0.0975191    0.0157101   -0.0218075  -0.00454143    0.0495078   -0.0271161    0.0127658    0.0721786    0.0922311     0.160064  -0.00945459     0.111992     0.431056     0.600128    0.0628558     0.146882    0.0658208    -0.150096   -0.0326351    0.0181577    0.0119092    0.0228521   -0.0314409    -0.126497   -0.0656203     -0.18854    0.0387234    0.0600537    -0.112894  -0.00807212    -0.193397    -0.398772     0.446102   -0.0858428   -0.0691066    0.0093298    -0.113616   0.00818547     -1.18582     0.998985   -0.0945575    0.0323404    -0.180204     0.151509  -0.00607085    0.0204742    -0.059603     0.043185  -0.00577288   -0.0434235   -0.0519036     0.128583   -0.0260926   -0.0561685      0.15532   0.00178265    0.0184366   -0.0401308   -0.0755787    -0.194055   -0.0151594     0.355475      1.76098    -0.121148     0.298729   -0.0471019    -0.379229     -0.58577    -0.252547     -0.25305     0.294624    0.0196996 -0.000976482     0.216428    -0.298221    -0.053941    0.0321734    0.0294765  2.72709e-05     0.818134   -0.0369601    0.0457899     0.196299  -0.00254436   -0.0650116    -0.333655    -0.131751   -0.0335161     0.170954    -0.142953    0.0485873    -0.187362    0.0431316    0.0568568  -0.00817564   -0.0328442   0.00104991   -0.0650933     0.138455 -0.000748823   -0.0623593   -0.0622894    -0.184104   -0.0846223   -0.0086871     0.261439    0.0275401   -0.0227632    -0.138384     0.205552    -0.016042    0.0706109    0.0133197    -0.302231   -0.0821116  -0.00362807    0.0270784    -0.265192    -0.401862     0.728524     0.270324    0.0163278    -0.113318    -0.123699      0.25447    -0.130602   -0.0253173     0.684334     0.144588    0.0462357     0.111356    0.0210821    0.0442275   -0.0386088   -0.0195445     -0.57395   -0.0390124     0.154952    -0.332963    0.0283234    -0.236205  -0.00360095  -0.00622276    0.0286906   -0.0592985   -0.0156643    0.0199858    0.0275175    0.0272541    0.0403518      0.46074   -0.0155695    0.0540302    0.0226231     0.219553   -0.0215412     0.113851     0.051758     0.334966    0.0285703     -1.02848    -0.129933     0.141739     0.218165     0.270154     0.026034    0.0438801      1.39282    -0.076767   -0.0892223    -0.108371     0.384029    -0.047183    -0.183678   -0.0783801     0.360141   -0.0799332    -0.182839     0.149033   0.00281226    0.0299479     0.153818   -0.0340046     0.018887    0.0689751     0.116692   -0.0727535   -0.0281365    0.0867787    0.0638866    0.0936097    0.0218624    -0.238732    -0.100819   0.00233998     0.079736    0.0498683   -0.0244573    0.0309582  -0.00183355   -0.0229977    -0.122556    -0.392979     0.453338   -0.0198321    0.0289945   -0.0616975     0.029212    0.0660065     0.163629    0.0990368    -0.105052     0.106071    0.0137185   -0.0844714     0.388614    -0.164884   0.00735703     0.163235     0.151856    -0.294352     0.106815   -0.0627505     0.077419   -0.0365217    -0.184293   -0.0295647   -0.0366409    0.0290346   -0.0290001    0.0575824     0.123539     0.104378     0.444744     0.164319    -0.131279   -0.0813332   -0.0269682    -0.189005    0.0646542   -0.0490966    0.0180632    -0.012977    0.0477801   0.00882013    0.0473121    -0.180673    0.0087115    0.0107999     0.201462    0.0444213    0.0245161      1.43453    0.0614779     0.207467    -0.036479    0.0370447    0.0223739     0.175605     0.164848    -0.159934     0.116294    -0.058852     0.160817    0.0502152    -0.101655    0.0660373   -0.0246308    0.0114854    0.0494184   -0.0376325    -0.205918   -0.0184272   -0.0163916   -0.0769395    -0.154868   -0.0982037    0.0650535    -0.475853    0.0563793    -0.639867    -0.141151
   2.73812
 -0.551487
    1.0194
 0.0830864
   -5.6442
 0.0712107
   2.37813
 -0.477236
   1.05384
-0.0561019
