2 16 0.5 1300
1
1
9 300
    0.145183     0.329528      0.14745     0.243354 -0.000409416     0.422523   -0.0245591     0.241141     0.218244
    0.328728      0.24411     0.381058     0.403665     0.531085     0.651301     0.157376      0.28594     0.482435
    0.194345    0.0398523     0.271405    0.0689379     0.474726     0.255298     0.163825     0.692333     0.615971
    0.430061     0.464078      0.47438     0.652142     0.411304      0.13351     0.744114     0.638874     0.449067
    0.189643    -0.423919    0.0530726     0.270793      1.41769   -0.0297265     0.160654      1.00688      1.08954
     1.79074      1.97136       1.1651     -1.60645      2.90256    -0.822118     -2.45372     0.980454     0.878404
     0.48591     0.202231    0.0461331       0.1255     0.247835     0.137131   -0.0794179    0.0631704    -0.121321
    0.211207     0.133172   -0.0869124   -0.0286818    -0.061468    -0.137323   -0.0398709    0.0463116    0.0700626
     0.28642     0.209891     0.399427     0.325138     0.403558     0.205459     0.722784      0.32661     0.546075
    0.765068     0.255442      0.86708     0.708175     0.101928      0.19166     0.567435    -0.415976    0.0415078
 -0.00134079    0.0138545    -0.108275    0.0774957    -0.108964    -0.235864    0.0767224    0.0752894    -0.103428
     0.13031   -0.0971429     -4.10471      1.03573  -0.00036105      1.12444    -0.481943    0.0874084      0.39127
   -0.456715    -0.864694    -0.389408    0.0313974     -0.29075     0.577749      3.46445    -0.553679    -0.291272
    0.532507     0.302117       0.3452     0.037259     0.185665     0.280409    0.0991004     0.227143     0.484301
     1.10059     0.694711    -0.481043     0.301475     0.368984     0.578063     -1.59057     0.856746       1.0017
    0.318532     0.168911     0.185676    0.0592096     0.172201    0.0697479     0.192166     0.187767     0.470782
    0.126541     0.233945     0.278078     0.813906   -0.0447629     0.297223     0.366714     0.194254    0.0525173
    -1.42039       1.0106     0.831748     -2.09692    0.0580571     0.323251     -1.45873     0.757825      1.58325
    0.393168      1.03817     0.172661     0.682054     0.381966     -2.34214     0.484705     0.204616    -0.438604
     0.35378     0.165645     0.135276     0.185298     0.172283     0.267036    0.0346073     0.155309     0.391088
     2.16068    0.0727077     0.306509     0.297188    0.0482556      0.46401     0.219018    -0.415675     0.140591
    0.595028     0.605949      1.00634     0.700362      0.80584    0.0998412      1.11722     0.359075     0.185866
    0.326939     0.257328     0.635159    -0.011191       0.2889     0.337767    0.0406589    -0.264792      1.02596
    0.842397     0.592688     -1.00874     0.453328      1.03425   -0.0668573    -0.707659     -3.37878     0.517652
   0.0246347    -0.403145    0.0879035     0.136155     0.118309   -0.0623601     0.354311    0.0252516     0.149827
  0.00866024    -0.446432     0.401139     0.292412     0.759715     0.444656     0.606743     0.327558     0.587063
    0.383072      1.62529     0.985724     -2.28268      1.01755     0.144349    -0.223867     0.771159     -1.22764
   -0.540508     0.161609    -0.882448     0.878428    -0.221485     0.918976     -4.69548      1.02405     0.901051
    0.267648     0.201157     0.391424     0.363349     0.224203     0.521608     0.151504    0.0647502     0.252167
    -4.09129     -1.09977     0.033297    -0.790764      1.09493     0.229458     0.742687     0.364127      1.33096
    0.742134   -0.0304058     0.935262     0.620134      0.30767      1.99646    -0.947837     -0.60497      1.15335
     2.25645      1.76807      1.12278    -0.851768      1.45109      1.51319     -2.04785     0.292696      2.50438
   0.0259499     0.146928     0.450356   -0.0424212     0.339424    0.0652243      0.13415     0.519791     0.318005
    0.191182     0.178155     0.848599     0.123599     0.601507     -1.22876      1.21203   -0.0111505     -1.10877
    0.468418     0.530311     0.136475     0.232894     0.276104     0.126372    -0.761338     0.152229     0.260318
     1.64808    0.0210925     -1.58861      1.24285     0.546802    -0.326709     0.958697    -0.413563    -0.532761
    0.502829     0.536366     0.659973     0.810441     0.378648     0.741027     0.291467     0.200697     0.296295
    0.927337      2.98969     0.102139    -0.454541    -0.765907     0.381011     -1.62624    -0.901322      1.35363
    -1.69115     -1.93802     -2.04637     -2.00061      1.79585      1.87644      2.17971      1.63298      3.16545
    0.120368     0.171961     0.358257      2.76701    -0.218997    -0.589853     -0.75221     0.384286    -0.343954
    0.217536     0.531396     0.536244     0.722143     0.159287     0.561962     0.387779     0.388949    0.0300227
    0.364251     0.603725    0.0323393     0.380917     0.641799     0.970096     0.962682    -0.176526     0.830599
   -0.383212    -0.360216    -0.720057     0.464235    -0.285166     0.270296      1.54944   -0.0993987    -0.321643
   0.0944458     0.411303     0.840272      -1.6131   -0.0883731    -0.695657       -1.013      2.64484     0.608838
  -0.0427465    -0.536728     0.103448    0.0870364    0.0474692     0.342952      -0.3315    -0.246213    -0.116456
    -0.36298     0.385003     0.464686   0.00572617   -0.0558109     0.543004    0.0624625     0.167873     0.253962
   -0.133462     0.392736     0.492889     0.706417    -0.146048     0.513729     0.751187     0.343666   0.00278472
    0.239492     0.201414      0.16313     0.191362     0.181092    0.0704344     0.176721     0.280699     0.191035
   -0.754985     0.942459     -0.19616      1.97519     -4.18397      2.84574     -1.07373      1.27238     0.376802
   -0.139005    -0.669817    -0.474661     0.851142     0.108131      1.65382    -0.518454    -0.241888      1.26638
     2.07577      2.43168      2.28732    -0.253628     0.359208      0.23614      0.03669     0.202703    0.0391608
   0.0522258     0.144407    0.0174684     0.380625    -0.174612    0.0971354  -0.00114895    0.0253142    -0.191247
    0.600077   -0.0568042     0.475162     0.165147     0.133328    -0.133812     0.373109    -0.354979     0.214717
  -0.0569678      -0.2589    0.0570035     0.307448     0.318812     0.217695     0.226101    -0.227511    0.0397697
    0.668562     0.137859     0.623878     -1.06286     0.111674     0.116037     0.251325   -0.0248941      0.37954
    0.259163   -0.0161204     0.273168     0.224554     0.453692     0.165158     0.313257     0.133955     0.349482
    -1.44271     0.981349     -1.04904    0.0321169     -1.39711      1.27478     -1.44604      1.06707      0.21106
     2.41047     0.733012      1.05866      2.24261    -0.107244     -1.27228       2.2021    -0.752083     -1.48566
    0.167425     0.181866      0.26417     0.502734   -0.0239655     0.163532     0.361122   -0.0351309   -0.0814533
    0.288205     0.287414     0.308092      0.14541     0.432897     0.435477     0.296272     0.574013     0.669692
    0.367277      1.21249     0.162253     -1.63724     -1.01192     -1.38673    -0.794932    -0.676231      7.12731
    -1.88751     0.280316      1.15554      2.13911      1.75342     -1.87787      1.34472      1.82871      1.02235
    0.160617    0.0405272     0.176548      0.33072     0.196646     0.309039      0.25258     0.197854     0.323854
     2.35438      2.12838      1.57191     -3.47305      1.01506     0.329341    0.0683178    0.0401883     0.907039
    0.414614     0.137581     0.600892     0.475946     0.219485     0.371842    0.0287255    -0.232112    0.0821829
   -0.203431     0.200103     0.229228   -0.0887256   -0.0926765     0.264026     0.168857     0.152743   -0.0869448
    0.280979     0.464562     0.371851     0.183311     0.196899     0.227988     0.136299     0.359361     0.100735
    0.392082      0.18168    0.0851961     0.464674      0.48822     0.253574      1.06031     0.236481     0.585228
     1.34955      5.21856     -1.62173      1.27179    -0.522374    -0.447503    -0.535169    -0.991852    -0.822208
     6.27123     0.347854    -0.949235      1.77722      1.82646   -0.0292642   -0.0747692     0.826002    -0.943177
  -0.0011827     0.262064     0.316564     0.369092    -0.217515     0.663837     0.218073    -0.345102    0.0109821
    0.138961      1.18609  -0.00120507      1.41981      1.06253    -0.328439     -2.51601  -0.00107198     0.626406
    -0.55772      1.04223    -0.104977      1.20199    -0.699064     0.564021     -1.28833    0.0841751      2.43143
    0.607145     -2.59168     0.374511    0.0352273     0.517661     0.593113    -0.229918     0.167337     0.679516
    0.520951     0.451064     0.369226     0.718148     0.192827      0.64699   -0.0178948    0.0552153     0.508929
   -0.600504     0.958025      0.54448   -0.0307946      1.47457     0.847626    -0.771625     -1.63478     -0.83658
     0.41065     0.719769    0.0722419     0.296084     0.142952    -0.404382     0.606041     0.381204     0.147476
    -3.04656      1.02336      1.91492     -2.85234      2.77239      2.31291     -2.79649     0.390137   -0.0113766
    0.171621    -0.588518     0.120123     0.313386     0.330939     0.794448    -0.329678     0.525071     0.650683
   -0.454588      1.07774    -0.209241      2.49603    -0.690277      0.76384     -1.51388    -0.838075      1.51376
   -0.734386    -0.314293    -0.887295      2.70017      2.48168      2.59066    -0.395313    -0.404455    -0.714029
   -0.593824    -0.400305      1.30338    -0.386659    -0.694125     0.971047     -0.51378    -0.181851    -0.566072
     2.69909     -1.70526    -0.863628     -2.90521      7.75751     -3.46174     0.499286     -2.11631       -1.464
     2.81962    -0.727011      1.35854     0.659547    -0.739992     0.499482     0.993245     -1.62571     0.187357
   -0.131967     0.468785     0.342525      7.27642     0.501549    -0.621876     -1.08919     -1.66727     -1.57759
   0.0954541     -0.85035    -0.871037       1.3587     0.571706      2.20609     -1.00597    0.0633762      1.37759
   -0.222653    -0.318983     0.103303     -1.28849     0.747383      1.53602    -0.599989     0.105358     0.559948
   -0.153655     0.273799     0.731744     -2.39268    -0.377121     -1.87414     -1.02669      1.37271     0.397273
     1.43595     0.933782     0.631984    -0.674325     0.534031    -0.234756    -0.558157    -0.320351     0.939733
   -0.643862     -0.91872      4.81232     -1.00702     0.521985     -1.81486     0.584537     0.974134    -0.913973
    0.430844     0.232066     0.319592      0.63056     0.634384     0.580932     0.358273      0.23764     0.398584
    0.243063     0.464615      1.74441    0.0835097      1.53024    -0.527462      1.59465    -0.218078     -1.47433
    -1.56436     -1.50739       -1.606     -1.66178      8.12536     -1.71423      -1.6339    -0.953741    -0.437138
    0.375412      1.20109     0.210836     0.263867     0.299742     0.397371    -0.111016      -1.8093    -0.176175
 0.000896297    -0.131123   -0.0373073     0.379354     0.219182     0.626402   -0.0978255    0.0463357     0.167773
    0.144658     0.324893     0.181673     0.526439     0.181955       0.6703    0.0145432    -0.195897   -0.0783052
    0.184907      0.58265    0.0893562     0.230833      0.11762    -0.104943     0.237912     0.319184   -0.0693911
   -0.895926   -0.0145711      1.22588    -0.440089    -0.283291     0.844832     0.312594     0.562485      1.67071
    0.269247     0.183119     0.559248     0.350112     0.251933     0.526753     0.244812   -0.0509627    0.0877704
  0.00585754    -0.898686     0.526045     0.181946     0.124035     0.518842    -0.517114      1.26612    -0.389065
     1.64713    -0.343319     -2.68564      1.41428     0.708942    -0.290123     0.674759    -0.399854     0.891783
    0.206229     0.107595     0.163642     0.230066     0.126777     0.270897     0.103881     0.100107     0.207052
  -0.0185562     0.137126    -0.286945     0.297186   -0.0337586    0.0971162    -0.118635   0.00705735    -0.561786
     1.23181     0.714793     0.965283     0.639717     0.774629     0.470966     -1.56956    -0.660213     -2.00755
   0.0217611    -0.311023    -0.172951      1.22595     0.357787     0.827973     0.304921    -0.280278     0.548976
  -0.0258492      1.92287      1.78852     -1.05558      3.86612     0.580339      -1.2835      1.02755      0.93491
  -0.0193953     0.315476      1.53419     -0.59015     0.887832     0.349966      0.47747     0.522813      1.16046
     0.76658     0.681041      1.00165     0.392273     0.659899      0.36636     0.535427     0.106316      0.54659
    0.352525     0.406538     0.377984     0.175098     0.621409     0.249197     0.410127      0.65231      0.58893
    0.900195      1.18237      1.38155    -0.377508      1.98292     0.257132     0.157031     0.286229    -0.534389
    0.384345      1.18042     0.418436     0.646216    0.0121324     -1.50014     0.825341     -1.71013     -1.03018
   0.0948617     0.386574     0.115893     0.299656     0.335583     0.127347     0.159188     0.447204    0.0511841
    0.334077     0.504973     0.384517     0.243223     0.350631   -0.0644588     0.600151     0.404573     0.232878
   0.0356491    0.0669506     0.359118     0.515576     0.138549     0.534151     0.531224   -0.0796807     0.125523
    0.284889     0.237498     0.164409     0.396029     0.196201     0.636287     0.059842     0.496751     0.550192
    0.137501     0.107667     0.495006     0.607491     0.204104     0.221246     0.706254      0.32586     0.239881
    0.914835      4.42467     -1.39792     -1.12962     -1.36923     0.237162    -0.235963     0.314887    -0.351548
    0.364684     0.326672     0.324231     0.149798     0.130985     0.268583    0.0497949     0.132455     0.344208
    0.161742     0.242752     0.219444     0.458778   -0.0757339     0.268293    0.0764572     -0.08547   -0.0231316
   -0.200217    -0.086116    0.0187318     0.239481   -0.0865273     0.210963      0.92773     0.111972    0.0123696
    -4.40689     -1.78683     0.151401      1.68985    0.0130453      1.54363     0.624774     -0.99711    -0.741244
  -0.0408372    -0.733012      2.29176     0.244067    0.0197241    -0.807183     0.236016   0.00532005     0.241388
    0.387201     0.589771     0.295543     0.655538    -0.128025     0.740625     0.173948     0.761416      0.45692
     0.70787     -1.07553    -0.112265     0.928594     -1.23702      1.65858    -0.944306     -2.70872      1.19986
    0.309391     0.407583     0.283452     0.155368     0.293815     0.375338    -0.133067     0.233987     0.249883
    0.310688     0.372695   -0.0621628      0.24007    -0.104162    -0.322038     0.364732      0.23527    0.0403612
     2.16488     0.331912     -2.19734      1.36371      1.88825     -1.27732    -0.477592     -1.57632     -1.76906
    0.521712      0.12754    -0.860578     -4.94288      1.23921    -0.790971    -0.405226      1.52326     -0.18411
    0.303587    0.0496162     0.353904     0.492578      0.32856     0.424832    -0.923888    -0.316424     -0.23442
    0.275796    -0.389684     -1.39242      2.47706    -0.292117      2.07228      1.35442      0.16465    -0.579198
    0.175263    0.0694669     0.073917     0.322139     0.358759     0.329793     0.267681     0.483304     0.387195
   -0.799504      1.53288     -1.24056     0.609936     -2.86807     0.659873    -0.275781       1.0518     -1.99552
    0.619064     0.592711     0.618625    0.0142384     0.617548      0.11083   -0.0715131 -0.000769472      0.22405
     0.11526     0.167592    -0.147239     0.167558    -0.179629     0.140392    -0.144681     0.294332     0.088531
    0.534553     0.363927     0.641378    0.0361191     0.683609     0.135871      0.41152     0.340532     0.784565
    0.376475      -2.4633     -1.14701      3.45296    -0.937543      1.46636      2.80932    -0.979687      3.87596
    0.661905     -1.81387      1.99803     0.452785     -3.67531     0.451882      2.05918     -1.49573     0.711376
    -1.55812     0.110968       1.5823   -0.0898595   -0.0398152      1.84422      1.44115     0.836097      1.40351
    0.813934   -0.0822948     -1.35172     0.881862    -0.508978     0.439032     0.262364     0.315308     0.126131
    0.324925     0.319803     0.462153    0.0212463      0.36599     0.428568      0.10405     0.253585     0.610405
    0.474158   -0.0593191     0.744734    -0.552084     0.236244     0.292491      1.62303    -0.529192     0.808103
    0.360566     0.377522     0.232905      1.13521     0.138981     0.088478     0.184224    0.0823296   0.00424221
  -0.0497886      1.98129    -0.133509    -0.194293     -0.11657     0.197217    -0.294175     0.325421    -0.177434
    0.964506     0.988877     0.747748     0.194657      1.68759    0.0265517     -1.40489    -0.795515    -0.961804
     2.57499      2.52138   -0.0709782     0.236249    -0.929576     -1.43406     -4.39577    -0.460516     -2.01579
     1.20965    -0.458861     -1.98503      1.11046   -0.0637589    -0.207962      1.67863      1.44289      1.08539
    0.220425      1.65559     0.314607     0.220639     0.413372   -0.0317566     0.498987     0.775187     0.233321
     4.58831    -0.423216     0.251289     0.171175     0.479823      1.33785    -0.207239    -0.755755    -0.491187
    0.197991      1.48492      1.08439     0.247634    -0.665874      0.83374     0.692434    -0.766406    -0.497339
    0.343607     0.890327     0.421811     0.490013     0.241821     0.232868     0.220694     0.456083     0.114018
    0.115588    -0.175052     0.262405     0.101954     0.350208   -0.0404877     0.383496     0.312468     0.327691
    0.228095    -0.167946    -0.161649      0.59649     0.149474     0.382676     0.402464   -0.0885589    0.0757143
    0.484643     0.628041     0.252984     0.165723     0.485714      0.17506     0.319095     0.594601     0.244389
     1.25356      0.65427     -0.59593     0.575893     0.715439    -0.329165     0.396117     0.224099     -1.08827
    0.408448     0.735318    0.0585443     0.475523   -0.0271302    0.0769479    0.0315132    0.0225181     0.089008
    0.523033     0.809316      1.78189   -0.0475635      1.03477    -0.111218      1.14241    -0.696584     -1.13117
    0.318367     0.401703     0.516776    -0.302529     0.459958      2.89729     -0.89987   -0.0476306     0.268151
    0.191554      0.33981     0.115819   -0.0807115    -0.015835     0.425051    -0.369114     0.381256      0.56187
   -0.874632    -0.583491      1.04212     -1.51355      1.58903     0.536429    -0.560418    -0.405969     0.181546
    -3.33413      1.84694     -3.46687      2.06251     0.150566      5.57448     -2.52022      2.02757     -3.19156
    0.298835     0.490629     0.467625     0.327281     0.401015      0.28708     0.369837      0.42417     0.228638
   0.0601331    -0.267401   -0.0357542     0.134746     0.134952     0.241443    -0.119312    -0.199512   -0.0653333
     1.03351     -6.99696     0.350323      1.37914      1.29123     0.964934      1.93732      1.42056      2.24513
    0.252199      0.21523     0.279049     0.507314     0.219717     0.350981      0.40605     0.407613     0.330905
      0.2591   -0.0374379    0.0853269     0.218283     0.215682     0.244639     0.135872    0.0305913     0.315393
    0.163767     0.122149      0.09139     0.108323     0.144804    0.0623593     0.263681        0.256     0.229821
    0.214979   -0.0133478     0.325973     0.186116     0.425343     0.780555    0.0438531     0.217441       0.6967
    0.205755     0.225136   -0.0130676   -0.0921947  -0.00130056    -0.369813    0.0324974     0.356633     0.221012
   0.0867358      1.34939    -0.241766    -0.249609     0.455139      0.19456    -0.457341     0.861585    -0.787886
     1.14069     -1.75931     0.297492      1.28996      1.12243     0.813435    -0.523039      1.38948     0.855083
    0.260689     0.457158     0.587211    0.0554474     0.375511     0.579883     0.056128      0.38796     0.738467
    0.186992      0.29503     0.209344     0.170133     0.159514     0.290027     0.121807     0.325512      0.32154
    0.901419    0.0472834    -0.670851     0.764952    -0.237508     0.409744     0.377134     0.502637     0.506276
 -0.00145607   0.00577283     -1.45545      1.47189     0.537784     0.823566      3.67007     0.151961     -1.37825
    -0.84477      1.74312     0.152458   0.00889755      0.30339    -0.399971    -0.214719      1.08656      3.08013
   0.0935764    -0.122586   -0.0921437    0.0594776     0.124439   -0.0274103     0.175602     0.365474     0.308514
   -0.188071    -0.368715     0.611648    0.0203569     0.310531     0.652508     0.629348    -0.128583      1.38616
    0.212254     0.429605     0.256909     0.333778     0.298709     0.434798    0.0607465     0.754718    0.0570969
    -1.64031     0.615648     0.550489     0.866752     -1.36492     0.715982     0.791206     0.582122     -1.18347
     1.90985      1.61069     -1.54547      1.19894    -0.632898     0.353393      -2.6097     0.183413     0.796267
   -0.507712      1.49392     0.775692    -0.977142       -3.201     0.281589    -0.884725     0.489989     0.151797
     1.24191      1.36061      2.50392     0.831173     0.721002    -0.457073      1.95054    -0.317726     -2.05525
     1.82242      0.76082      2.87064     -0.45069      1.81601    -0.926983      2.00399     -1.58595    -0.418793
     3.29349    0.0827114     0.184273      0.39146     0.142629       1.1697    0.0372161   -0.0328701    0.0987252
   0.0365041    -0.797877  0.000678136     0.330049      0.76082     0.623524     0.868449   -0.0321164       1.1897
     1.48675     -1.56621     0.638112    -0.476915      2.00676    -0.482037      1.80031    -0.566946      1.97603
    0.593175     0.341622   -0.0329249     0.399993     0.240029    -0.338713    0.0908627     0.109764     0.284988
    0.246101     0.181217     -0.12779     0.829629     -0.17073     0.220218     0.246685     0.289615     0.164423
    0.137768     -1.07791     -1.36023      1.05307     0.930837    -0.710825    -0.299399      1.90011      -0.4193
   -0.447377    -0.744219    -0.200683      1.62132      1.77178      2.43577    -0.777069     -0.47771    0.0716971
    0.342759     0.127427     0.250819     0.641116     0.264712     0.427655     0.524167     0.193003     0.330319
    0.945089      1.01062      1.04368    -0.236559      1.77381   -0.0925508    -0.519239    -0.461156     -1.11177
   0.0327703     0.496165     -0.30198    -0.917931    -0.611759    -0.428083      4.26995   -0.0326621   -0.0957373
     1.58055     -1.97996    -0.669882      2.06779     0.875148     -5.13463      3.05887      1.35047      2.65287
    0.725466      1.95484      1.04679     -1.19279    -0.498348     -2.25709     0.461427     0.933596      2.39217
    0.523278     0.817062      1.44901    -0.329243      2.26439     0.516411    0.0591239    -0.111651    -0.245675
     1.40501      3.53156   -0.0187185    -0.763384      1.95074    -0.185389     -1.30575        2.818    0.0474481
    0.467825     0.281684    -0.053284     0.486211 -3.93075e-05     0.311746      0.12415     0.293639     0.443799
     2.03572      0.46972        5.083     0.628883    -0.189563     -1.68587       1.6865      2.10389     -1.19776
    0.642113      2.07676   -0.0457419     0.269999     0.684058      -1.3943    -0.134409    -0.205931     -1.40262
    0.575586     0.288113     0.336785    0.0759349     0.376997   -0.0397104    0.0814535    0.0562998      0.49175
   0.0900179     0.228156      0.14567     0.108199      -0.1188     0.365877    -0.057146   -0.0117004    0.0880465
   0.0401238     -2.36394     0.030159      2.99447      1.08257      2.06168       1.2471      -1.9916     -1.63736
  -0.0245839     0.247777     0.187805    -0.496072    0.0129697    0.0972666    -0.232063     0.124151      0.17285
     2.62734      1.60446     -0.72773     0.841178      1.41301    -0.931855    -0.438477      1.21312     -4.33292
    0.470765     0.569182     0.415578     0.493839     0.476497     0.294063      0.47437     0.524565     0.457583
    0.743534     0.822056     0.845857    -0.279011     -1.21523    -0.675569    -0.313536      5.29138    -0.824538
    0.299126     0.837809     0.399968     0.523059       0.2997     0.466069     0.131369     0.532568     0.172051
   0.0451968     -0.29941      0.69019     0.263607   -0.0622462     0.567309     0.364042    -0.170246     0.780489
  0.00443171     0.227773     0.122284      0.15292    0.0592003     0.304527   -0.0459426     0.129871     0.104036
    0.463588      1.34178    -0.925097     0.244874     0.515566    -0.686222      2.39339      1.24515    -0.309836
    -1.15654     -1.21316      -3.1086      2.16312      2.45624     -1.52786      4.45326     0.665357     -1.28542
    0.589512      -1.8559      8.10554     0.256847     -2.98075    -0.336378     0.451419      -1.2068     0.128396
    0.170442     0.190009      0.44454   -0.0398938     0.403178     0.046095     0.305002     0.373201     0.449386
    -1.32845      3.19072      2.13393    -0.683247      2.02292      1.72641     -1.51582     -2.09359     0.307249
    0.524134     0.423295     0.582795      0.62913     0.631291     0.689629     0.531616     0.497355     0.806886
    0.374963     0.369509     0.471453     0.283599     0.605705     0.275116     0.553074     0.568799     0.617192
    0.451216     0.515321     0.427817     0.540187     0.309294     0.632268     0.238467     0.431371     0.530207
    -2.69583      1.10826      -1.2101     0.238837     0.261634     -0.10039   -0.0565482      2.39773      1.44166
   -0.337859    -0.650595    -0.500206     0.611455    -0.451927     0.437238     0.638317     -1.00278     0.225002
   -0.809517    -0.090054     0.538878     0.762736    -0.717391      1.49331      1.24175     0.156061     0.302497
     -1.2916     -2.90931     -2.14263      3.85346     -1.75278      3.11635      2.38821     0.519213      1.98412
   -0.258802     0.437733      0.60914     0.188116      1.70551     0.132753    -0.397421     0.670956     0.556101
    0.164573     0.679432     0.233335      1.30099    -0.195554    -0.415171      0.77337     0.711547   -0.0861153
    0.743951     0.787247     0.918231     0.268355     0.252858    -0.112775     0.534609    -0.118247    -0.215491
   0.0757288    -0.170264     0.133009     0.335892     0.163916     0.513796    -0.256591    -0.113728    0.0372928
    0.169627   -0.0301429   -0.0274799     0.290478     0.289339     0.264973     0.446632     0.441837     0.680029
   -0.641838   -0.0472379      0.57437      -2.2806      1.30514     0.376921      0.36229      1.50857      1.94401
   0.0397545     0.366471     0.528937    -0.445572     0.263306 -0.000926832   -0.0799965     0.330875      0.74859
    0.485981     0.253826    0.0569469     0.614695      0.33876     0.426198     0.206146     0.219226    -0.687983
    0.244349    -0.117936    -0.265269      1.30033     0.403946      1.42593     0.626862    -0.371483    -0.271172
      0.2333     0.115563   -0.0310575    0.0220729    0.0327344   -0.0707922    0.0670544     0.180314      0.14172
     1.69365     0.430312     -1.99631     0.669019     -1.18606     0.171631     -1.28135      1.03585      1.01568
    0.629136     -1.63459     0.654395      1.08907      1.20896    -0.425902      1.26305    -0.808572     -0.57075
    0.756907     0.386679       0.3494    0.0655664     0.348331     0.194933     0.149242    0.0629975    -0.560937
    0.873727    0.0510341     0.524995   -0.0629241     0.152196   -0.0350137    0.0662995    -0.590445     0.293138
   -0.568733     0.341416    -0.427738      0.19859    -0.314433     0.526107     0.973257      0.12142    -0.151551
    -4.19128      1.73563     0.631058       2.3101      -2.5716    -0.179039     0.115284      0.35685      -2.6616
     2.97132      -1.6774      2.61437     -2.60232     -3.96946     -2.77524       1.7437     -2.25496      2.68486
   -0.815406    -0.345041     -1.07367    -0.124007   -0.0911663     -0.49652    -0.880207      3.13542    -0.717931
    0.148224   -0.0220004    0.0817216     0.553499     0.124067     0.254306     0.329449     0.185543     0.210008
     2.54833     0.570033      2.18668      1.09304      2.53796     -2.25479      3.56843     -2.96843     -1.59029
   -0.016208     0.342895      0.53532     -0.25586     0.741565     0.325054    -0.274447     0.270801     0.202805
     1.02433    -0.255219    -0.598631    -0.981399     -2.93054     0.258355   -0.0322264     0.544164      0.80758
    0.266734      0.22093      0.29531     0.360579     0.230462     0.137714     0.365613     0.281722     0.231089
     0.17323     0.157613     0.069345    -0.266145   -0.0231124     -0.26008    -0.200844      0.91086    0.0308348
   0.0511476    -0.126285     0.142778   0.00357421     0.151265    0.0345084     0.121759    0.0210774      0.11602
    0.240111     0.232749     0.377744      0.22116     0.155072     0.184625     0.223757    0.0878845     0.149238
    0.875839    -0.108318     0.222127     0.875872      5.62245     0.474715     0.950943     0.305214     0.695747
     4.38131     0.967478      0.37404    -0.152587     0.379327    0.0722685     0.682448     0.320732      4.24573
     1.96372      1.10674      2.05933     -2.52099      1.14532     0.399639     -1.09803     0.104039      3.11687
     1.24432       0.1625      1.27887      1.40903    0.0857594    0.0702198      1.42114     -1.11335     -1.68286
   -0.327517    -0.580811      1.97403     0.373101     0.425938      1.31875     -4.29335     -1.49941    -0.611929
    0.433869     0.216398    -0.267203     0.463421     0.104385    -0.529028   -0.0751064    -0.327834     -0.20755
    0.413492     0.132732      0.42581     0.500011   0.00835352     0.241589     0.169925    -0.291818    0.0861666
    0.137318     0.570821     0.422335   -0.0970888    0.0512158     0.117223    -0.440454     -2.72796   -0.0141065
     3.94197    -0.184195     0.361121     -1.13791     0.673698     -1.61747     0.832474      1.73244     0.628298
    0.560047     0.318232     0.854398    -0.181215     0.549921     0.944075    -0.170737    0.0607267      1.05504
  -0.0519936   -0.0178947    -0.042394     0.336949   -0.0678054       0.1911     0.102974   0.00923572    0.0279667
    0.244764     0.458698      0.20898     0.214857     0.212841     0.217006    -0.115167     0.317996    0.0738412
    0.161716     0.194538     0.138762     0.202078    0.0593772     0.124308     0.146829     0.178934    0.0560143
   0.0204609    -0.088256      1.68491     0.333289     0.403194      2.07164     0.534875      -4.5575      2.43034
   0.0404463     0.293753    -0.608982    -0.257927     0.399197  -0.00796218    -0.247958      1.16642     0.301893
   -0.082534     0.211397    -0.074363     0.048889    -0.109273    0.0301349     0.222423      0.28697    0.0478079
  -0.0565692    -0.544368    -0.163262     0.984177     0.716136     0.718354     0.827228    0.0779296     0.286592
    -1.27453     -3.36372    -0.849189      1.13929     0.919939      0.16721      0.49732      3.79301     -1.50849
    0.297545     0.217442     0.540206     0.119457     0.702866     0.265457     0.325227     0.394264      0.45415
    -2.49717      2.72834      1.75883     0.304637     -2.42526     0.304396     -1.41907     0.151473     -2.33471
  -0.0489782     0.313961     0.208938      0.10979   -0.0641159     0.095021     0.365741     0.210167    0.0570305
    0.144645      0.10644    0.0213924    0.0283431   -0.0518764    0.0861494   -0.0439577     0.243986     0.179039
   -0.159961      2.63655    -0.593473    -0.583205      1.75636    -0.665056    -0.544018         2.15     -0.27206
    0.175683    -0.322613     0.445339    -0.233214     0.201146    -0.307191     0.210794    -0.329646      0.20398
    0.103859    -0.238384   -0.0522218       1.1159     0.779288      1.40215    -0.446531    0.0755104     0.400659
     0.16568     0.197485     0.282029    0.0221309     0.147052    0.0846727     0.128606     0.129432    -0.110503
    0.516081     0.995251    -0.462597      -1.5501     -0.13946    -0.802579      3.43775     0.572493     0.268421
    0.163497     0.322798     0.390706    -0.037495     0.189991      0.22888   0.00820494     0.174669     0.183393
    -0.71229     0.159835       2.9103     -4.07638     -0.61819      1.22385     0.993014     0.399062      1.37067
   -0.164524      0.30261    -0.978668     0.843609      0.38057     0.913489   -0.0469475    -0.328904    -0.461201
    0.514178    -0.220733     -0.55294      -0.1548    -0.578723      6.10158    -0.513257    -0.701409    -0.374654
     1.03245      1.23288    -0.986458      1.13269     -1.38379     0.257242    -0.241612      1.24709       0.1263
    0.189016   -0.0568179    -0.290996     0.804624     0.561089     0.616513     0.509658     0.197377     0.252439
    0.676664      1.35156      1.12756      1.32272    -0.862364     0.988663     0.690018   -0.0680534     -5.06776
   0.0671131     0.138613     0.118369    0.0574299     0.233999     0.191639    0.0510864      0.68499     0.321402
    0.513894     0.351967     0.783877     0.246856      1.82096      0.99386     0.228297      0.50361     0.946801
    -4.79986     0.957861     0.936247     0.128646    -0.819747    -0.353115      1.06593     0.704046      0.36681
    0.415442     0.592899    -0.067631    0.0775505    -0.294362    -0.364355    -0.184116     0.125814     0.164106
    0.263789    0.0760036     0.481694     0.293912     0.547844     0.586022     0.196036     0.111237     0.392109
   0.0538307     -0.22927      0.28479   -0.0558807    0.0760124    0.0954808    0.0826499    -0.169618     0.168638
     1.60758     0.723981     -4.76093     0.556393     0.213658    -0.521073      1.24542       1.1563      1.09943
    0.435733     0.285473     0.272305    -0.438527     0.177465    0.0347942       1.4687    -0.226274     0.818036
    0.382352   -0.0572773   -0.0968974     0.522036   -0.0260995    -0.557246      1.13291     0.199824    -0.198877
    0.307922    -0.501096     0.114654     0.137837    0.0612557    -0.106912      0.63438    -0.292114     0.238844
    0.271669    -0.168271     0.319718     0.189524    -0.038868 -0.000524937     0.217937    -0.329578    0.0724535
     1.61258    -0.294081      1.14919     0.592998        1.361     0.866434    -0.273733   0.00317387     -2.16458
    0.174187    -0.391273     0.977357     0.359175   -0.0481701    0.0906035     0.138348    -0.290963     0.335021
    -1.72604     0.759588   -0.0847726     -2.08573      1.03559      4.46855     0.714339      2.05036    -0.215137
     1.17841     0.491844     0.435026    -0.479092      1.07355     0.195772    -0.566278    -0.839317     -1.60054
    0.573678      0.74408     0.917134    -0.619219     0.668177    -0.571761     0.198294     0.601264     0.766158
    -1.73151     -2.52653     -2.13482     0.439648       1.2522     -1.34645      1.29101     0.712051     0.959566
    0.773818     0.840831      0.54329    0.0454303     0.164355    -0.465336     0.319449     0.113032      0.31832
 -3.46252
 -3.31927
 -3.40108
 -3.21711
 -3.38044
 -3.20646
 -3.67753
 -3.60681
 -3.48583
 -3.63743
 -3.61985
 -3.94354
 -4.45594
 -3.55296
 -3.64794
 -3.53547
 -3.40318
 -4.15651
 -3.44446
 -3.45792
 -3.98459
 -3.23063
 -3.71711
 -3.69093
 -3.59772
 -3.35152
 -4.30834
 -3.55721
  -3.4442
 -4.96787
 -3.63998
 -4.16545
 -3.57558
 -3.82676
  -3.6727
 -3.96912
 -3.31017
 -3.91234
 -4.41251
 -4.75434
 -3.42901
 -3.69435
 -3.83594
 -4.03484
 -3.70897
 -3.56725
 -3.45303
 -3.46688
 -3.23894
 -3.63469
 -3.88654
 -3.58805
 -3.69283
 -3.56147
 -3.88582
 -3.38946
 -4.22065
 -5.21925
  -3.4393
 -3.32349
 -3.77346
 -4.36151
  -3.4411
 -4.54599
 -3.57969
 -3.62305
 -3.47072
 -3.49247
 -4.24635
 -5.39095
 -3.49767
 -4.41156
 -4.31998
  -4.0717
 -3.41409
 -4.21031
 -3.49038
 -5.01825
 -3.58626
 -4.57209
 -5.99662
 -4.12927
-0.462805
 -4.33088
  -4.9463
  -4.0658
 -3.94602
 -3.89059
 -3.73512
 -5.09066
 -3.23971
 -4.08837
  2.34296
 -3.61621
   -3.595
 -3.50503
 -3.52487
 -4.05322
 -3.58682
 -4.02727
 -4.15438
 -3.49806
 -3.72795
 -4.34853
 -3.49923
 -4.27056
 -3.40043
 -3.09521
 -3.28617
 -3.61542
 -3.81798
 -3.53871
 -3.44404
 -3.53387
 -3.38052
 -3.48058
 -3.94681
 -3.53037
 -3.51057
 -3.63127
 -5.78951
 -4.13445
 -3.30986
 -3.34801
 -3.47007
 -3.57268
  -4.9565
 -3.74995
  -3.7744
 -3.58109
 -3.43184
 -3.95545
 -3.40116
 -3.57932
 -3.33553
 -3.75038
 -5.27784
 -4.33863
 -3.85927
 -3.34024
 -4.16374
  -3.5277
 -3.84556
 -4.43198
 -2.80767
 -4.43813
 -3.42746
 -4.50261
 -3.65842
 -3.34463
 -3.44963
 -3.59621
 -3.55835
  -3.7834
 -3.48338
 -3.55938
 -4.21876
 -3.54986
 -3.98948
 -1.65309
  -3.3735
 -3.66421
  -3.3449
 -3.38179
 -3.49318
 -3.51008
 -3.35732
  -3.5824
 -4.02505
 -3.89519
  -3.3648
 -3.45211
 -3.66646
 -4.57733
 -4.36751
 -3.55664
 -3.88691
 -3.50283
 -3.84525
 -4.67775
 -3.60582
 -3.76302
 -3.65332
 -4.44444
 -3.51275
 -4.53539
 -3.44958
 -3.43597
 -3.73334
 -4.76132
 -3.38141
 -4.22342
 -4.21562
 -4.14607
 -4.49983
 -3.53697
 -3.54503
 -3.48697
 -1.38938
 -4.00162
 -3.42319
  -3.5694
 -3.61407
 -3.60204
 -3.77063
 -3.24708
 -4.13103
  -3.3866
 -3.79079
 -3.53882
 -4.02911
  -5.0108
 -4.39696
 -3.44897
  -4.8696
 -3.23664
 -3.26369
 -3.28669
 -3.97577
 -3.78338
 -3.45387
-0.672572
 -3.95718
 -3.28224
 -3.41386
 -3.60209
 -3.47835
 -3.73324
 -3.58154
 -3.63636
 -3.59022
 -3.59066
 -4.68072
 -4.10545
 -3.70619
 -3.72478
 -3.89983
 -3.47135
 -6.56213
 -3.79505
 -3.43352
 -3.95688
 -3.62828
 -5.73801
 -3.41801
 -3.68905
 -3.55476
 -3.48641
 -4.23836
  -2.4374
 -3.72923
 -4.24785
 -4.11991
  -3.5985
 -3.53554
 -3.60475
 -4.71733
 -3.20008
 -3.53352
 -3.51661
 -3.53367
 -4.36875
 -3.73694
 -3.59636
 -3.44677
 -4.27002
 -3.26442
 -2.31103
   -3.538
 -3.54627
 -5.14637
 -3.74424
 -3.63337
 -3.62294
 -4.72659
 -3.49059
 -3.82007
 -3.78261
 -5.01029
 -4.24576
 -3.41935
 -4.89726
 -3.53371
 -2.87191
 -3.85431
 -3.62117
 -3.36177
 -3.65773
 -3.84709
 -4.14223
 -3.57826
 -3.74271
 -3.67379
 -4.83671
 -3.80057
  -4.4446
 -4.37489
 -3.55815
 -5.38344
 -3.48984
1
4
300 10
   0.0894087     0.320624     0.565224     0.506539      1.41334      1.33194    -0.385435    -0.204837     0.378504     0.317492    0.0854625     0.653705     0.892849    -0.221116     0.311274    0.0611246     0.454171    -0.237788   -0.0430052    0.0976752     -2.41139     0.896478     0.109298    -0.313312     0.312424     0.505277     0.636377     0.394574      0.24365     -8.65875     0.240455      1.80179     0.226858     0.289492    0.0367261     -1.32149     0.322373      1.18088      2.13112   -0.0553986     0.681421     0.472569     0.764028     0.616676     0.138929    -0.402606     0.557253     0.222672   -0.0697168    -0.280126     0.143832     0.545737   -0.0844836   -0.0100733    -0.467933     0.353399    -0.541228     0.338518     0.630783     0.522631      2.01024      0.40659     0.108738      1.35738     0.116489     0.219206     0.301353     0.540782    -0.145184     -8.27149     0.436732    -0.192797    -0.524201     0.354088     0.104885    -0.747727    0.0344858       -1.294      0.54143    -0.248101    -0.184296     0.647704      1.68389     -4.37143    -0.693176     0.332633      1.22233    -0.725797    -0.214532     0.334812     0.368001     0.372824   -0.0508712      0.30362     0.287693     0.148748    0.0729247    -0.170003     0.153291      1.12797    -0.226014    0.0764074     0.123096    -0.919705  -0.00299979      1.36084      1.07925     0.777596     0.650584     0.289698    0.0439865   -0.0515321     0.381228     0.174075     0.352097     0.598544     0.519985    0.0495115     0.165612     0.154969     -7.73892     0.042306     0.235275     -1.12415     0.216452      0.13109     -2.13169    -0.117965    -0.204078     0.848804     0.452013      2.02203     0.320315    0.0995399     0.641892      1.28617     -3.77172     -1.57366    0.0302669     0.539365    -0.362569   -0.0297543    0.0483802    -0.205296     -0.52293      0.71046     0.214917     -7.92397      1.67749     0.298069     0.460153     0.658571     0.386519    -0.727206   -0.0353956     0.721854      1.81827    0.0962348  0.000725599     -1.61698     0.418127     0.173923      1.20946     0.392342     0.272231     0.201967     0.525874     0.087866    0.0206264     0.867975     0.363207     0.209399     -0.18179      1.50831    -0.927052     0.412046    -0.201278     0.605997      0.22151    -0.255005     0.848555      1.28439      1.28398      -5.2468     0.516028     0.650179     0.101257     0.202525     0.786316    -0.229055     0.407182    -0.363918      1.02862      1.78597    -0.155485     0.223705     0.973792    0.0662355       0.7565     -1.12486     0.392488     0.185413    0.0187387     0.269625     -3.12176     0.367048     0.338919       0.2705     -0.60305    -0.233182      -0.1716     0.396954      1.09202     0.307719    -0.937175     0.475298     0.604437     0.244449     -2.73566    -0.132407    -0.305755      1.43075     0.270027     0.647095     0.349011      0.24522      0.36499      1.23008    0.0722159   -0.0997776     0.653352    0.0954728      -1.6688      1.15228    -0.392431    -0.489379     0.123912    -0.173368     -4.27082      1.12502     0.408024      2.38054     0.105611     -3.56303     0.379324   -0.0486867     0.180354     0.245059     0.340449      1.46181      3.34908      1.33871     0.561625    -0.514827     0.154115     0.214274     -6.07658     0.917569    -0.185762     0.123543     0.153021      1.81669     0.533704    0.0445081     0.581989      2.84843     0.485727      2.36047      0.13282    0.0641083     0.121539    -0.189677     0.302919     0.159651   -0.0373975     0.370767    -0.509673    -0.161583      1.04734     0.238919     0.486029       2.3293     0.296136      1.01396     -10.3626   -0.0420081     0.341943    0.0411434     -1.02572    -0.260933     0.469469     0.150831     0.100448     -1.99277   -0.0857975      1.53762    -0.310769      0.31744      0.66176      0.19434
   -0.214572    -0.102697    0.0952485    -0.145523     0.991068      3.04482     0.106769   -0.0867675    -0.342799     0.837927   -0.0412963      1.44776      1.32189     0.138922     0.242192   -0.0789147   -0.0795861     -1.70481      0.17407   -0.0929197     0.735106    -0.183317     0.358977     0.540226    -0.499405    -0.503502     0.742544      1.85377    -0.155034      2.09733    -0.251148     0.525901    0.0815653 -0.000956511      0.47563    -0.993919    -0.131111     -1.16405      3.88469     0.717064    -0.130084     0.155266     0.686328     0.151328    -0.764028    -0.592904    -0.193135    -0.129992     0.177608     0.117486      2.30349   0.00940195     0.505031     0.185784     0.645431   -0.0578033     -1.62116     0.999894   -0.0302515   -0.0330621     0.726879      1.76648   -0.0169483      1.46459     0.140648    0.0662791      0.12467    -0.320357     -7.21402       2.1072    0.0510675      2.51135     0.145623     -4.32894     0.277637      -1.1763    -0.706466     -1.57824     -1.00119      1.21509     0.492995    -0.647362      1.87528       2.3017      2.21154    -0.814168     0.262381    -0.209006      1.33802      1.12246    -0.170534     0.325565     -1.06362    -0.218991   -0.0740998    -0.425424    -0.429447    -0.438557   -0.0269652     -1.35569     -1.04863    -0.225658    -0.127312    -0.773645     0.548349     0.169714    -0.228334     0.183495   -0.0135625     0.443288     -1.28198      0.13442    -0.256848  -0.00919381    -0.149846    -0.307088     -5.94793     0.129942   -0.0341678     0.272341      2.57806     -1.02601     -0.18636      2.68222   -0.0677545    -0.446822    -0.514411     0.629603    -0.135426     0.818708     0.262508     0.983593     0.319119   -0.0744965    -0.126285     0.573595      1.06007    -0.623817     0.222527    -0.286079     0.151409    -0.018647     -2.08768    -0.448228     0.290303    -0.840855     -1.29291      1.37704    -0.920365    -0.371027     -0.28848     -0.21301     0.192775    -0.471529    -0.653354     0.561007    -0.635243   -0.0983617    -0.817418      1.03723   -0.0238642    -0.347983     -10.8663    -0.180344    -0.155756   -0.0698526   -0.0934521    0.0499891     0.176882     -2.51866    -0.285173    -0.156057    -0.276322      1.03656    -0.998114    0.0736725    -0.231813      0.21776    -0.914891    -0.630323      -1.1604      1.33537      1.75724      1.09242    -0.556574     -1.10136     0.334284      0.20169     0.486904     -1.69617    -0.075101    -0.272145     0.328137    -0.412384     -1.88884   -0.0595722       1.9713    -0.104936     -2.52972     -2.51363     0.365765    -0.218326     -2.30286    -0.145147      1.47923    -0.268467      2.17452    -0.276014   -0.0321092    -0.118084     0.421392     0.464723      3.19151    -0.104694     -5.93748    -0.331036    -0.167543    -0.253511      2.04582      1.17928   -0.0738744    -0.301612      1.11527    -0.320001     0.530809    -0.401422    0.0296318     0.259356    -0.105209     -0.11092   -0.0111593   -0.0344174    -0.999853     -3.17057     0.471734     0.838521     0.258801     -1.98476      1.59334      1.30232   -0.0552789    -0.567082   -0.0535002    -0.393903   -0.0518596  -0.00751785    -0.233927    0.0342106      1.56153      1.67026     0.409321       1.0646    0.0388986  -0.00613482     0.529077      1.23599      2.03758   -0.0544428     0.171404    0.0376887   -0.0368014      3.06445      1.02784   -0.0734617    0.0786747     -1.68795   0.00188247     -1.74106    -0.287939     -0.27815      1.54687    -0.036371    -0.487012    0.0387015     -1.10265  -0.00626643      -1.3014     0.278709      1.35018     -1.01727      0.37675     0.668274     0.256507    -0.228703      1.70345    0.0385286    -0.443504    -0.259564     -0.87532    -0.264923    -0.250361   -0.0270238     0.229209    -0.707627    -0.373052      2.06894     0.187923      0.11591      3.41609     0.352505
  -0.0579463     0.113095     0.248992     0.306088     0.458803     0.194853   -0.0106493    0.0110741   -0.0512263    -0.357539     0.118584     -6.60907     0.762213     0.122493      1.53818   0.00776233     0.055147    -0.325818      1.31086    0.0606125  -0.00344907     0.427965     0.317024     -1.15358     0.154394     0.760149     0.437587       1.9148    -0.155853      2.94479     0.376648      1.96139    -0.125654      1.77058     0.438336    -0.356838     -0.12468      1.26235      -3.1831      1.13602    -0.157161    -0.486919    -0.454625    -0.333761    0.0658839    -0.333275    -0.226453     0.181477     0.698778     0.802612     0.987973      0.11094    -0.241316     0.330377     0.344024     0.386934     0.499036      1.51882    0.0642235    -0.171088      1.04631     0.963675     0.262329      1.24661    -0.511224    0.0727583    0.0757928   -0.0923457     0.334449      1.25063    0.0388213     0.476369      1.73962     0.827836     0.430084    -0.367253     0.384445     0.388942      0.50836      1.84593     -1.44877     -1.56738     -2.04212     -0.11211      2.07212      0.50407     0.104611     -1.65339     0.494996     -7.62307     -0.13353      1.95653    -0.489065     0.118513     -0.01306    -0.342601      0.20051    -0.252526  -0.00227347     -0.11518     -3.31176   -0.0403576    -0.199502     -1.21768    0.0262167     -1.09677    -0.104449      0.34949    0.0430886    -0.116809      1.71661    0.0336978     0.334962     0.183349     0.209675    -0.229113   -0.0890852      0.16065   0.00272438     0.348505      2.00078     -2.56583     0.286031      1.43015    0.0288011     0.146317     -1.02882    -0.537058    -0.328537       -1.744     0.015794     0.103859     0.285511     0.232478     0.255489      2.91835     0.478304    -0.356081     -1.38448     0.227547     0.391005     0.324996   -0.0469667     -1.12685     0.801725     -2.88175     0.460508     0.547951       1.3003     0.437742     0.343267    -0.350619   0.00855314     0.216542     0.340644     0.340496     0.184638     0.521578     0.354385     -2.97556     0.198453    -0.144926      2.98176    0.0805916   -0.0839866    -0.028475     0.401953     0.124854    -0.270623     0.142142     0.181622     -0.10731    -0.364141    -0.238383     0.908513    0.0413015     0.466971    0.0564104    -0.413715      3.37032     0.036085      1.74339      1.44038     0.329536     0.586879      1.10287     0.467936    0.0843155     0.749059    -0.800036    -0.115863    -0.453503      1.29451     0.259436    -0.265477     -0.32793      0.91113   -0.0560501      3.60864     0.659138     0.209791     0.121737     -1.91486   -0.0854765        1.444     0.230025     0.111379     0.214278    -0.250146    -0.105485    -0.156437     0.145103     -12.5905    0.0454667    -0.025621    0.0784031     0.125912      0.18276    -0.195898    -0.302126     0.438977      1.90188    -0.588343     0.640384     0.339574    0.0378967    -0.244522    -0.494668  -0.00975031   -0.0934975    -0.481296   -0.0355921      1.85541     0.991185     0.244942    -0.142438    -0.381741     -1.93589     -3.06488      1.10233     0.147477      2.93762    -0.314304     0.640942    0.0855536    0.0902281     0.146413   -0.0631869     0.246813     -2.35248     0.803981     0.202839      -2.0435      0.40375   -0.0995402     0.234387      1.01777     0.333622     0.104511     0.158568   -0.0223949    -0.462854    -0.571928    -0.291864     0.470262      2.63071      0.26488    -0.358433   -0.0451808     0.133558     -1.73059      -0.3111    -0.054223     0.218284     0.963609    -0.034844     0.812821     -1.76943      1.82481      1.60314    -0.460767    -0.357147      0.10893  -0.00759921     0.768767     0.689995    0.0106337    -0.188546     -6.66512   -0.0359888     0.246553      -0.2015    -0.444007    -0.360739     -0.99477       1.4114    -0.623842    -0.328946      2.11434      0.64185
   0.0975895     0.231725     0.106943    -0.104028    -0.192239    -0.856107   -0.0287932    0.0234382    0.0364275    -0.465778  0.000571267     0.618573      1.08348    -0.216126     -0.22555     0.227681    -0.499274      1.26841      1.23627    0.0795822      0.40815   -0.0486887     0.106875     0.464899   0.00890573    0.0831232     -3.60768       1.8134    -0.018258      1.95077    -0.397182     -1.59467     0.355039    -0.131758   -0.0934731      1.75827     -0.18648     0.826957    -0.818899     -4.04871    -0.148417      0.40237      0.73739      2.02964     0.347576      0.32503    -0.342837     0.136679     -1.94357   -0.0895718    -0.591337    -0.254709     0.323417     0.103145     -1.63241     0.101602    -0.434973      2.45067    -0.150152    -0.348374      1.74189     -3.60887   -0.0636087     -5.91249    -0.195801    -0.478759    -0.134291     0.393219     0.339082      1.52389    -0.166457      -1.5874     0.081804     0.203492    -0.615081      1.03139     0.467987      3.77598     0.243276     -2.69661      2.12793     0.631618     0.663236     0.501366     -10.8079    -0.887402    -0.950448      2.97609    -0.178139       3.8884     0.279133     -0.40851     -1.76353     0.426356     0.431559     0.395677   -0.0792865     0.290817   -0.0014306      1.01358      1.52249   -0.0285495   -0.0258475     0.850613    -0.131737      2.83774    -0.227259    -0.021275    -0.323751    -0.189631     0.171304 -0.000780151     0.181109    0.0263283     0.130797    -0.137385     0.665046   -0.0159381     -0.32734    -0.101181      1.12444      1.14521    -0.225098     -1.66909     0.175505     0.515582    0.0663879     -7.39016     0.195257      2.55675   0.00157835     0.376227    -0.622187  0.000447064     0.181005    -0.915314   -0.0108924     0.583713     0.454684   -0.0706057    -0.825782    -0.965788    -0.247098      0.63218    -0.228423      1.26938    0.0131739     0.974271     0.222723    -0.176864     0.169997      0.37879   -0.0999053     0.352549    0.0442051    -0.518955      1.52547    0.0972903     0.834657      2.25303    -0.215477     0.328456     0.141108  -0.00838425    0.0723222   -0.0789923     0.176354     0.389489     0.143186    -0.130518    -0.022756   -0.0363241     0.353727      2.15244      1.30943    -0.132835    -0.561698     0.175564    -0.348593     -2.32045     0.950836   -0.0979212    -0.806381     0.597203    -0.328023    -0.626489   -0.0995897     -0.44316     -0.15678      2.28101    0.0419576    -0.152779      0.15309      2.78669      3.40699     0.463807   -0.0506929     0.108102  -0.00198796     0.102597     0.018173   -0.0581648      2.07827    -0.118385    -0.638964    -0.018198     0.799309    -0.167912    -0.193499     0.130274     0.091692    -0.980124    -0.371612      0.15504      1.66465   -0.0804447    -0.269517    -0.101008     0.595494      0.38223    -0.707458     -1.84086       1.5831    -0.651482   -0.0790501     0.218789    0.0623136     -2.74987     0.565807     0.395942      1.37089    0.0484966     0.189381      0.46042     0.107691   -0.0279137     0.211091    -0.108389      3.77904     0.864092     -0.26852    -0.347111     0.836481      1.31727   -0.0205979     0.510282    0.0681524    0.0361588      1.83466     -1.50989     -1.12037     0.472276     0.992601    -0.235813    -0.425917   -0.0329452   -0.0681133    -0.307501  -0.00683802    0.0896205   -0.0121993     0.855429     -0.30274   -0.0209587     0.396079     0.754901     -0.21231     0.213615    0.0482074     0.162795     -0.98657    0.0906882     0.405276  -0.00257482    -0.174771    0.0510467     -4.59015     0.700755      1.10525   -0.0106894      0.40173     0.598377    0.0959728     0.784526      1.53919     0.507044     0.345437  -0.00649812     0.479876     0.108675     0.726358     0.360274     0.110651      1.70227   -0.0111664    -0.693502    -0.524262      1.10051     -1.70264     0.698659
   -0.447021    -0.897554    -0.645532    -0.624782     -2.29952     -1.00507    -0.438443    -0.245547    -0.110046    -0.267081    -0.256231      1.19339     0.941464    -0.183007     0.351462    -0.237341    -0.446593    -0.632908    -0.245932    -0.462591     0.402443    -0.430938     -0.13628     0.465881    -0.260297     -1.04689     0.629298      2.14924    -0.440636     0.134583    -0.567185    -0.364488    -0.490554     -0.17705     -0.17891    -0.373192     -0.58289      1.76483     -1.22667    0.0883847    -0.259553    -0.317941    -0.105162     -0.30096    -0.355877    -0.443968    -0.314021    -0.453477     -2.41515    -0.277617    -0.508327    -0.337492    0.0206549    -0.886072      0.24842    -0.909554     0.462495     0.124509    -0.480872     -0.62088      1.85739    -0.069197    -0.545047      0.32711    -0.174588    0.0192642     -0.35529    -0.368074     0.301076    -0.326731    -0.449434      0.16168    -0.376299     0.398191     -0.60581     -1.80978    -0.353391     -2.60248    -0.320613   -0.0516875    -0.926113    0.0939273      4.20485      1.39631     0.547223     0.174052    -0.693567    -0.359784     0.143093      1.20102     -1.19436    -0.912147      8.63937    -0.845665    -0.405401     -0.50521    -0.300102    -0.744711    -0.262146     0.145063     0.381819    -0.381899    -0.197731     -1.15905    -0.557341     -4.09749    -0.257534     -1.12669    -0.804706     -1.91841    -0.536646    -0.530719    -0.284617    -0.333263    -0.492721    -0.205936      1.02752    -0.389471    -0.361577    -0.179278     0.437465     0.768266    -0.533602    -0.180463     -0.55774    -0.456698     -3.46986      2.18786    -0.352622    -0.355636    -0.669501      0.29428     -1.21167     -0.29351    -0.451732    -0.318578     -1.59234    -0.182349    0.0945429    -0.579481      1.17042    -0.338374     0.474706     -2.50816       1.8846    -0.145692    -0.222476     0.706469    -0.653515     -0.51741    -0.672411   -0.0739007    -0.190941    -0.848173    -0.483254    -0.472502      -0.6786      -0.3078     -1.25289      3.90492    -0.488416    -0.535577      2.56351    -0.416434    -0.502242    -0.391709    -0.717501    -0.148831    0.0424718     -0.19826    -0.612074    -0.469971   -0.0808332     -1.38516    0.0746993    -0.371299    0.0232899    -0.369894    -0.026823    -0.413621     -3.32815    0.0732329     0.651869     0.478673    -0.396177     0.724403    -0.649192    -0.607096     0.153785     -1.26053    -0.485251     -2.14993      1.07822      1.92752      1.50827     -2.87416    -0.184493    -0.240411     -1.05951    -0.177492    -0.570783    -0.376803     0.907263    -0.159573    -0.247038    -0.738739     0.361441    -0.448972    -0.199192    -0.450484    -0.422253      -3.9998     0.625889    -0.507871    -0.714837     -0.55242    -0.781453    -0.606572    -0.971806    -0.100258    -0.879194     0.665213     -2.33642    -0.447186    -0.657496    -0.369834    -0.474119     -1.11778    -0.359372    -0.274879    -0.280085   -0.0881339     0.366651   -0.0349456    -0.194087     0.266062   -0.0346995      2.04214      1.87117      0.27513    -0.559855      1.89899     -1.05711     -3.38827     -0.45138     0.137377    -0.436083    -0.334966     -13.1063     -1.96205      1.27991     0.477434      1.20738    -0.346113    -0.436521    -0.289486    -0.140756    -0.950668    -0.452469    -0.374533    -0.276039     0.580046   -0.0283139    -0.104585     -1.08179    0.0497133     -1.12397      1.46808    -0.174292    -0.495559    -0.624724     0.194647    -0.195403    -0.136268      1.62079    -0.325378      1.74417    -0.360942     0.410106    -0.940267     -1.15741     0.476935     -0.37748     -2.93181       1.8891     -0.20498    -0.790038   -0.0948994      1.43979     0.382671    -0.380995     0.198806    -0.209651     -1.71971     0.163837     0.874486    -0.698188   -0.0300896     -2.41975    -0.329336
  -0.0714536   -0.0117612    -0.140453    -0.514384    -0.388457     -2.18499     0.109637   -0.0318808   -0.0668714    -0.975532    -0.167038     0.732408     0.385472    0.0158369      0.30862     -0.11698   -0.0603957     0.902757     -3.25173    -0.237289    -0.693878     -0.58438     0.405335     0.709406     -0.18777    0.0217459     0.279957     0.494227    -0.164192     0.212126      1.03861    -0.391058    -0.300212     0.162858  -0.00870717     0.904521   -0.0389546     -1.79336      -3.4148     0.880214    -0.102002     0.513036     0.172925     0.861729     0.143679     0.329096    -0.183699   -0.0850631     -1.35215      1.07557     -1.13186  -0.00205751    -0.533213     0.272078     0.855035    -0.100036    0.0333239     -3.03977    -0.250414    -0.279107      1.04566     -3.25755   -0.0799236     0.984986    -0.156187     -0.29693   -0.0740693    0.0228098      1.21406       0.9521    -0.192924     0.025561        1.263      0.95277    0.0882992     0.789225    -0.147074    -0.590195     0.316786     0.265665        1.563     0.886963     -1.12871    -0.572281     0.705242       2.1151     -1.68376      1.11759    -0.853113      -1.2741     0.252593   -0.0615094     -1.75826     0.343912    0.0830985     0.112396   -0.0194658      1.17028    -0.175604     0.936427     0.462869    0.0582857     0.476612      1.24411     0.835489     -1.06669    -0.214034    -0.439318    0.0440667     -0.18256    -0.268005   -0.0467029     -0.12144   0.00344898    -0.168481    -0.155407     0.794369    0.0596999    -0.143841    0.0674246      2.57713    -0.295365    -0.430794     -1.02729    -0.140655    0.0115575      2.49023      3.13245     0.416503     -1.11014   -0.0609964      -1.0175     -0.23754   -0.0836876    -0.359823      1.38905      2.29923     0.885727    -0.785494   -0.0972807       0.6498    0.0845133    0.0686489    0.0823562     -1.73167     0.336768   -0.0996983     0.160743     -0.19517    -0.266239    -0.250703    0.0277645     0.530148     0.866961   -0.0637259     -1.14433      -3.4672     0.266447    -0.263771      2.57353   -0.0644249     0.111589      1.20464   -0.0380243   -0.0379514    0.0776181    -0.168084    -0.339514     -0.15205      1.69943     0.209575   -0.0735705    -0.780008      1.79416      1.15364    -0.114361     0.630068    0.0867773    -0.821394     0.342418      1.63789      -1.5383     -2.18034      0.11243     0.077722    -0.273408    -0.456355    -0.201133      1.62363       1.4988     -0.18224      0.18764      1.31057     -8.79891     -0.56979   -0.0105921     -0.72898    -0.168569     0.440076     0.128995    -0.444753    -0.220722      1.69789     0.148958      2.11958    -0.061772      1.25398   -0.0819319     0.571544  0.000869044      1.60366      3.80747     0.532682    -0.203818      1.60071   0.00445394   -0.0505892     -0.14056     -0.18371     0.147219      0.17777     -3.19542    -0.227585    -0.851404    -0.939985     0.309341    -0.161231    -0.722993      0.10217     0.458841     -0.30203    0.0665839       -1.007    -0.414275     0.092768    -0.376314     0.128463    -0.235944      2.69983     0.991827    -0.112212     -1.33774    -0.166128      2.65427     -0.19952     0.249073    0.0299441    -0.214887      3.02049     -1.10599      1.65683     -1.53339      1.44403    -0.116382    -0.384756     0.435447      2.90836   0.00092678   -0.0685477   -0.0962174   -0.0432883      1.16668    -0.182159  -0.00961578     0.402733     0.358797   -0.0990854     0.921783   0.00303961     0.141807    -0.126252    -0.206315     0.944716    0.0252589      1.99828   -0.0322759      2.31899     0.824475     -10.1197     -2.10479     0.419321     -0.51353    -0.179388    0.0860865    -0.409581    -0.521384  -0.00564426   0.00362146      2.56764     0.910512    -0.384925    -0.317008    -0.214422      2.10161     0.266853     -6.47114    -0.424735    -0.110297    -0.171565    -0.797829
    0.518109    0.0273599     0.397964     0.268035     0.469794     -2.62622     0.289952     0.177575   -0.0724648     0.374278    0.0614198      2.03921     -5.75528     0.279965    -0.979146     0.153025     0.178508      1.71932     0.136242     0.130439     0.416989     0.193142    -0.188299      1.60673    0.0867694     0.358823      1.59811     -8.81945    0.0936393      2.12734     -1.19698     -1.65804     0.375142    -0.817939    -0.849845     0.994805      0.19756    -0.689343      1.71399     -1.07644    0.0654457     -1.21094     -1.83101     0.618127    -0.268449     0.443061    -0.263287      0.14642       3.3817     -1.04676   -0.0722783    -0.070311    0.0783115     0.208902    -0.189729     0.187497      1.43924     0.262348    0.0433375     0.318172      1.93457      1.94011    0.0618238     -1.54815   -0.0469273     0.222643      0.18188    -0.641058      3.16279      3.95087    0.0866444     -2.59418       0.2525     0.258547     0.191907      2.19736    -0.122443      1.74296    -0.246691    0.0867021    -0.284219      -1.0868      -2.5288    -0.597059      2.23593     -1.62487      1.47521    -0.218389    -0.578808      0.26626      0.23808      1.30771    -0.337775      1.08551   -0.0558161     0.464831   -0.0511355     0.859314     0.270644     0.225959      1.96595     0.163792     0.104852    -0.232565    -0.219303     -0.78169      1.35848     0.589408    0.0545817      1.29491     0.522375    0.0733436    -0.161979   -0.0544203     0.360719     0.118938       1.4674    0.0797826     0.134524     -0.85184    -0.922776     0.914047     0.803029     -1.28071   -0.0857824    0.0206587     0.564068      1.35446     -1.02358    -0.735365     0.240472    -0.330476      0.27942     0.355352     0.141699     0.455619     0.932328     0.894584      1.52338     0.323594     -1.79929     0.533099     0.723721    -0.405588     -5.71922    -0.170321    -0.198607      0.85045    -0.279545    0.0810632     0.452198     -0.18737    -0.504451     0.295526     0.555378      1.58282        1.334       0.3147      2.35064     -1.58726    0.0238547     0.165884     0.357567     0.213961     0.110604    0.0570417     0.171781    0.0390356     0.199663     0.176282     0.269192     0.306974      1.37777     -5.16457      1.31474     0.225287    -0.189632    0.0542503    -0.051022      1.41427      2.15486     0.239962     0.686271     0.717549    -0.488402    -0.810454     0.153318     0.734296     -0.34333    -0.763155    0.0314207      1.09251     -7.82275    -0.243625     0.106832      1.87017     -4.49032     0.751598     0.692408     0.424414    0.0336608     0.227864      1.25922     0.458602       1.3161     0.169872      1.53073   -0.0295526   -0.0679419     0.461037     -3.65829     -3.18711      1.76351     0.346404      2.95258     0.116875   -0.0162809     0.276329   0.00350618    -0.902297     -0.37891     -2.18098    -0.177214     0.174356     0.399515    -0.340346     0.166222      2.02447     0.333347      0.44615    -0.480049     0.120581      2.74032     0.737084     0.386229    0.0362632    -0.853815     -1.62582     -2.77841    -0.357015    0.0869629      1.99033     0.355037      1.60978     0.211118    -0.260136     0.267345      0.24025       1.3701     0.554947     -2.15718    0.0563822     -6.10507     0.311108     0.170363     0.644838   -0.0837149     0.124122    0.0193959    -0.248949     0.165954    -0.962407     0.654319    0.0181463    -0.425143      1.53915     0.400705    0.0681922    -0.108563     0.155542      0.45655     0.386067    -0.833375     0.287814     -5.99599     0.334288      1.80822     0.425084      1.80026      2.90037    -0.335341      1.72619     0.206514     0.390008       0.8234     0.416977     0.288444     0.141684      1.68696     -1.68255    -0.873956    -0.431706  -0.00414898      2.24042      0.16984     0.779647     0.974229     0.103674    -0.776145    0.0556447
   -0.017342     0.135265    -0.312441     0.139875    -0.345758      0.83841     0.325617  -0.00946303     0.280758     0.747441   -0.0666602     -0.38602    -0.166396    0.0691929     -1.10006    0.0107356     0.114019     0.620129   -0.0364641    -0.100105     0.391917      0.17166    -0.093333     -4.61261     0.255612    0.0388464      1.01428      0.23428     0.156174    0.0677238    -0.423434     -1.91148    -0.075874     -0.29904     0.207111    -0.608727     0.206422     -2.47846      1.15779      0.70452   -0.0380327     0.106376     0.213477     -3.89042     0.262194    0.0531976    0.0665088    0.0306392    -0.957217    -0.139333    -0.215466   -0.0127674     0.197078    -0.178671     0.284005   -0.0424633     0.310002     -1.45427   -0.0441999     0.412231    -0.116628      1.00037     0.149907     0.968359     0.536955    -0.176977   -0.0164626     0.438785     0.936923    -0.886161    -0.568213      0.66857     0.613704     0.663863    -0.112288     -1.30287     0.165125      1.73321    -0.398801      1.54615    -0.544356    -0.442246     -1.36076      1.41289      1.21921    -0.261908  -0.00411374    -0.798491    -0.894612      1.46385    0.0755447  -0.00965089      -1.3476     -2.27302    -0.157336   -0.0860365     0.423891    -0.179239     0.152255     -1.64085    -0.928346      0.14251     0.253955      2.35061    -0.208709      1.50489    -0.633277    -0.452728     0.407414      1.99375     -2.13326     0.426336     0.124228    -0.226344    -0.202688     0.279497     0.830941   0.00455837   -0.0182655      0.14393     -1.55069     0.920093    -0.326414      1.00895     0.227633   -0.0801652     0.668332     0.395771     0.616046     0.589399     0.151885     -2.74842     0.263524    -0.260255    -0.144487      0.83066      2.38896     -1.26893   -0.0531594   -0.0632282     0.561051      0.24063     0.983169      1.96666      2.68381      1.38271      1.02529      2.45428     -2.01667     0.446894    -0.099766    -0.177457   -0.0115464     0.733375   -0.0685322     0.235919    -0.497203    -0.175199    -0.780691     0.502629     0.275719      0.27864      2.82393    0.0313052   0.00582194     0.151476   -0.0866089    -0.205779      1.03476     -1.40909  -0.00414112     0.148469    0.0661486     0.687491      1.11388   -0.0901276     0.802615    -0.337178     0.497746    -0.346704     -1.95258    -0.626432     -2.10119      1.54014      1.16785      1.18702    -0.349057    -0.145404     -3.05361    -0.140307      0.17058       2.2936     0.594543    -0.382925      1.12103      1.71511      2.31685    -0.177059    -0.596242      1.53512    -0.344953    0.0732725       1.2969    -0.116613      2.22479      0.30857     -7.36274     0.335682      0.74195    0.0666079      1.68947     0.701413      3.21447    0.0340875    -0.952316     0.159735     0.219462    0.0460795      2.97188    -0.758027    -0.192187      1.03303     0.940479    -0.172168     0.153392     0.215535     0.441709     0.745302   -0.0706277     0.305847    -0.316262    -0.167717     -0.69415      1.10923     0.497259     -0.19712    -0.107745     0.724172      1.77824      -4.8145     0.195918     -6.37316     0.521025      2.05758     0.160273    -0.830153     0.148363     0.024691      2.83344    -0.305335     -3.35514    -0.291859      1.53382    -0.146851     0.436894     -3.57002     -1.02346    -0.569173    -0.090191      0.24566    0.0259339     -6.44005    -0.170931     0.187158   -0.0489778     -6.04861     0.188675    -0.583811    0.0120417    -0.195266      1.47092     0.137088    -0.269753     0.124582     0.868941    0.0738605     -1.10803     0.108984      1.53691    -0.171185     0.137097       2.5945    -0.294257     0.661185      2.47479     -0.48383     0.247815     0.177887      1.46294     0.866285  0.000413197     0.467808     0.324639      1.01787     0.677368     0.843887      1.89617    -0.326648     0.156793    -0.370437
   0.0371902    0.0461812    -0.268351     0.101843     0.113997      1.67513    0.0448538     0.123393   -0.0574546    -0.139215     0.217872     0.245874     0.720768    0.0546946    -0.755973    -0.111351     0.558591     -1.47531     0.882282     0.258073     0.473289     -0.50942      -0.8343      2.17545   -0.0555066    -0.319115     -1.58056    -0.261847     0.118746    -0.744423      1.00931      1.69422     0.176785    -0.697387     0.347669   -0.0648729     0.214803     0.978132    -0.165378      1.48048    0.0635634     0.266013     0.259682     0.102591     0.154332     0.506791      0.83497    0.0474046      2.41705    -0.187797    -0.690612     0.177181     -0.25961  -0.00788568     0.124374     0.132872    -0.509895     -0.86641     0.264498    0.0922126     -10.2915      1.02813   0.00426819      1.00564    0.0921807     0.225479    -0.192585    -0.073509     0.969569    -0.203505     0.686456     0.818833     -3.17881     0.750282     0.102888      1.37796     0.165083     -1.72512     0.469571     -2.06282     -1.02127      1.14805     -1.30449     0.289526      2.27239     0.604303     0.216284    -0.184047     0.693836     0.856224      0.15055      -2.4892     -1.77756      1.26236    0.0111343     0.106406     0.172935    -0.301828    0.0553831    -0.199662     0.907305    0.0554266   -0.0953806   -0.0331159    -0.156827       1.1318    -0.675275    0.0566807     0.050908       -1.262      1.91853    0.0935746    -0.121456     0.295088   -0.0692033     0.171258      0.66404    -0.134768     0.419697     0.530379      1.63649  -0.00650848     0.155174     0.253993     0.180289    0.0195549      3.33394     0.189888      0.58085    -0.442066    0.0258474     0.259982     0.511681    -0.135381    -0.153249     -6.31732     -1.75162      1.70614    -0.501601    0.0701033     0.111841     0.426359     0.234901      1.79348      2.61978     0.811054    -0.181568     0.745369     0.958277    0.0126026     0.142768    -0.110446    -0.180142    -0.204969     0.407253     -1.31474     0.179481    -0.494496     -0.32101     -3.96522    -0.248199      0.12078     -0.10781     0.233155     0.240953     0.129315   -0.0385682    0.0612453     -1.04821      1.22941     -0.29724    -0.079459    0.0746111    -0.224057     -3.84047     0.182036    -0.686862    -0.420077       1.7905    -0.773236     0.932839     -2.51722    -0.675642     0.339341    -0.502915     -0.85092     0.727213     0.241956    -0.197757      1.19755    0.0935414    -0.325355      1.97047      3.07441     -3.15264    -0.680136    -0.651789     0.129223      -1.1668      1.31607     0.379681     0.210443     -3.28767    -0.132235     -4.55017     0.136702     0.542777   -0.0650126   -0.0429085    0.0529633     0.552409       2.7836      2.39969    -0.114961      2.62497    0.0213315    0.0259369    0.0764022     -1.68033     0.306195      1.95431      2.53612    -0.135684     0.874848    -0.243295     0.318576    -0.236125     0.816886    -0.844168     -1.01998    -0.390883   -0.0716213    -0.508532    -0.847673    -0.917037    0.0228461     0.625994      3.21444     -2.08352    -0.527771    0.0697105    -0.723812    -0.167127     -0.89109    0.0643664    0.0102465    0.0650907     0.146722      1.65248      3.72734    -0.874409     -1.42732      2.40367     0.743057     0.158242      1.05774       1.5509     0.270082     0.440803 -0.000815211   0.00787603     0.253505    -0.694143      0.42623    -0.535728    -0.713693    -0.113368     -2.23506     0.504117   -0.0829614    -0.184405    -0.207793     0.221378     -0.21724      1.77191   -0.0626161     0.687339    0.0236487     0.996884    -0.365999     0.016952      -7.5174    -0.051699     0.422737      1.66204    -0.118827     0.182046    0.0279317     0.949959   -0.0308869     0.455443    -0.108282    -0.109397     -1.87599    0.0584247    -0.254588    -0.798818     -0.79852     -0.96011    -0.283813
  0.00474887    0.0212552    0.0448766 -0.000240377    -0.184543     0.117242    -0.104127    0.0033959      0.02036      -0.1712    -0.020956     -0.15973    -0.136429   -0.0236643     0.212825   0.00382481    -0.115114    -0.726482   -0.0886835   0.00598774   -0.0498766    0.0130582    0.0129209    -0.219096   0.00538866    0.0818473      0.11983    0.0290936  -0.00757179     0.297145     0.363743     0.628471    0.0635131    0.0750939    0.0509229    -0.157917   -0.0214298     0.179429    -0.162888     0.115996  -0.00462295    -0.191436   -0.0507601   -0.0995035    0.0448994    0.0669569   -0.0664336   -0.0101747   -0.0948379    -0.355764     0.478524   -0.0930547   -0.0862597   0.00619018     -0.12714   0.00748497     -1.25924      1.35534   -0.0926796    0.0374754    -0.112633     0.022846   -0.0053294    -0.203652   -0.0680006    0.0485636  -0.00206589   -0.0441346    0.0461188     0.135651   -0.0219139   -0.0573976     0.152074   -0.0197244   -0.0016783  -0.00037345   -0.0967222     -0.21521    0.0135556     0.247423      1.78297    -0.162459      0.20043    -0.147969    -0.308507    -0.463288    -0.272996    -0.269609     0.281712   -0.0495492   0.00541015    0.0770032    -0.307166    -0.137406     0.031306    0.0280155  -0.00360619     0.872014   -0.0280669     0.111991     0.390709  -0.00444157   -0.0803158     -0.40403    -0.188553    -0.221355       0.2367    -0.147008    0.0536776   -0.0987963   -0.0258401    0.0597325  -0.00583676   -0.0272933   0.00536139   -0.0557596  -0.00315812    -0.011228   -0.0671695   -0.0478215    -0.293067     -0.12534   0.00795012    0.0125248    0.0267537   -0.0410838    -0.153422    0.0964074   -0.0528618     0.132584    0.0202618    -0.278878   -0.0738915   -0.0152435   0.00964039    -0.148574    -0.469087     0.879825     0.306888    0.0112326     -0.13072     -0.12435     0.235997   0.00368574    -0.163415     0.998729     0.129579    0.0120549     0.255224    0.0294869    0.0429059   -0.0410425    -0.014754    -0.493434   -0.0516178     0.187985    -0.327553    0.0249588   -0.0457552   -0.0176774   0.00630476    0.0292171    0.0988748  -0.00794119    0.0150119    0.0265578    0.0303556    0.0189282      0.44161   -0.0679949    0.0501219    0.0217923     0.229516    -0.107725    -0.107086    0.0513827     0.351501    0.0394466    -0.984199    -0.353112   -0.0934981    0.0674547    0.0148535    -0.045604    0.0186472      1.42726    -0.104851   -0.0877015    -0.174779     0.454967    -0.043407   -0.0744456     0.184662     0.302115     -0.25998   -0.0876667     0.108874   -0.0127948     0.108597      0.15793   -0.0559836      0.01173    -0.144611     0.111845   -0.0545365   -0.0238642    0.0853107    0.0757512    0.0565773    0.0210308    -0.421903    -0.118236   0.00441828    0.0796552    -0.133577   -0.0256602    0.0375181  -0.00131591     0.176948    -0.140385    -0.297121     0.293456      -0.1104     0.107125   -0.0434426    0.0287549    0.0714729     0.357548    0.0934657    -0.085576    0.0824867    0.0051541    -0.102084     0.202232    -0.144504   -0.0186742     0.234256   -0.0362972    -0.416726    0.0248875   -0.0628646     0.208801   -0.0368825   -0.0704965   -0.0281749   -0.0482802    0.0291018   -0.0295045    0.0451537     0.231247     0.131964     0.507277     0.197371    -0.151029   -0.0958351   -0.0219476    -0.108215    0.0481787   -0.0536559    0.0164945   -0.0138815     0.235326   -0.0188051    0.0464124    -0.210468    -0.175132    0.0179182     0.326449     0.047739     0.017558      1.62996    0.0497595     0.206885   -0.0297854    0.0672512    0.0227311    0.0819321    0.0814132   -0.0963679    -0.082645   -0.0660394    0.0501041    0.0528392   -0.0969618   -0.0891182    -0.067936     0.021059    0.0448513    -0.161748    -0.206749   -0.0279935   -0.0257284   -0.0891913   -0.0781246    -0.144932     0.114033    -0.317053     0.023397    -0.629695    -0.173816
   1.67692
 -0.261828
   2.55308
 0.0591405
  -6.58075
0.00570354
   1.99192
 -0.570126
    1.7968
 -0.136144
