2 16 0.5 1200
1
1
9 300
    0.139917     0.337786     0.131357      0.24947   0.00418068     0.422783   -0.0289029     0.233168     0.220442
    0.323315     0.246629     0.371903     0.406688     0.529277     0.640964     0.162947     0.272304     0.473946
    0.193955    0.0547541     0.255886    0.0576547     0.459805     0.249581     0.173562     0.683371     0.606639
    0.441905     0.467691     0.460509     0.643478     0.402122     0.121293     0.740098     0.625098     0.436869
    0.210929    -0.324181   -0.0724506      0.21416      1.36598   -0.0402471     0.252579     0.939461      1.07929
     1.73518      2.16863     0.500517     -1.54454      3.09071    -0.892583     -2.39206     0.735722     0.857165
    0.490127     0.200277    0.0460248     0.130468     0.250156     0.137608   -0.0883431    0.0701026    -0.105772
    0.211001     0.133221   -0.0903071   -0.0304106    -0.056382    -0.139866   -0.0488246    0.0440276    0.0743893
    0.293754     0.211811     0.396685     0.322525     0.397241      0.19834     0.733608     0.317089     0.535966
     0.78231     0.245499     0.890648     0.754493    0.0467258     0.150567     0.598703    -0.432391    0.0532734
 -0.00895458   0.00845513    -0.115392    0.0736472    -0.102321    -0.241705    0.0707461    0.0712991      -0.1069
    0.174484     -0.12699     -3.97755      1.26751   -0.0677185      1.06039   -0.0175098     0.112083     0.207429
   -0.414594     -1.00776    -0.483333    -0.115194    -0.115278      0.73883      3.52807    -0.648394    -0.492717
    0.537637     0.307051     0.340243    0.0337973     0.184428     0.277258    0.0904542     0.224969     0.489141
    0.996413     0.736764    -0.439357     0.191444     0.273332     0.614575     -1.44755      0.78009     0.990482
    0.321521     0.168717     0.181274     0.058172     0.171668    0.0655943     0.190552     0.178779     0.471771
    0.101576     0.242528     0.269118     0.831036   -0.0434541     0.281299     0.357548     0.190181    0.0502398
    -1.67163      1.09583     0.910583     -2.01738    0.0795275      0.35401     -1.31962     0.597004      1.65684
    0.475897     0.932072     0.082025     0.606317     0.443987     -2.26452     0.367143     0.203311    -0.455953
     0.34688      0.16255     0.125301     0.183892     0.181341     0.258776     0.025271     0.148022     0.391126
     2.14251    0.0836445     0.287414     0.310184     0.104784     0.452021     0.196551    -0.415549     0.133034
     0.62335     0.608922     0.997714     0.680138     0.798811    0.0889237      1.11766     0.329607      0.15266
    0.346431     0.253719     0.625029   -0.0325593     0.258139     0.354316    0.0574595    -0.260929      1.01527
    0.689099     0.454779    -0.875328     0.502347     0.826233   -0.0861276     -0.62353     -3.19658     0.679883
   0.0322646    -0.402266    0.0764472     0.128744     0.127926   -0.0667426     0.350937   0.00846187     0.136543
   0.0306878    -0.422805      0.40017     0.263088     0.756008     0.456714      0.60091     0.288527     0.528088
    0.244568      1.82992     0.924668     -2.24058      1.11008   -0.0131852    -0.278194     0.721886     -1.29932
   -0.358762   -0.0889334     -1.04363     0.548383    0.0252797     0.804231     -4.89953      1.41983     0.750534
    0.264643     0.202677     0.388413     0.374232     0.221344     0.510295     0.153452    0.0559475     0.253054
    -4.25204    -0.932996      0.42523    -0.760394     0.889037      0.15291      0.87974     0.241911       1.3359
    0.773573    -0.142538      1.00242     0.656544     0.337653      1.92504     -1.02274    -0.576701      1.16882
     2.50783      1.40825      1.22949     -1.15132      1.43409      1.60649      -1.9442     0.262611      2.52991
   0.0308658     0.151393     0.439997   -0.0371093     0.340671    0.0530683     0.129122     0.513948     0.322094
    0.224867     0.217894     0.862527   0.00698217     0.711225     -1.14236       1.1339   -0.0217749     -1.30789
    0.463974     0.521565     0.134827     0.216492     0.273616     0.130648    -0.770352     0.145465       0.2571
     1.63859   -0.0246807     -1.35018      1.18999     0.424287    -0.199994     0.737111    -0.344206    -0.462883
    0.497218      0.54351     0.660212     0.833301      0.36993     0.726206     0.287967     0.193026     0.297586
    0.865786      3.03367     0.102294    -0.559218    -0.846707     0.371526     -1.73152    -0.886425      1.09337
    -1.36635     -1.40268     -2.62538     -1.58315      1.69532       1.4312      1.97287      1.69026      3.25003
    0.169922     0.213065     0.318142      2.71175    -0.165465    -0.539611    -0.807946     0.247145    -0.401199
    0.209488     0.535916     0.532766     0.733841     0.144959     0.551093     0.391889     0.382616    0.0303198
    0.370356      0.56114    0.0636662     0.372177     0.625988     0.951033     0.966102    -0.162873     0.822505
     -0.3387    -0.386799     -0.76066     0.478223    -0.283823      0.21982      1.60903    -0.100166     -0.35053
      0.1716      0.17844     0.781276     -1.69238    0.0728522    -0.836523      -1.2906      2.86355     0.556252
  -0.0399511    -0.548594    0.0840074    0.0941266    0.0744038     0.344198     -0.33671    -0.255053     -0.14406
   -0.388484     0.404362     0.444963    0.0160922   -0.0197062     0.541074    0.0521122     0.160748     0.259721
    -0.14916     0.380965     0.505487     0.721704    -0.162366     0.484625     0.747772     0.348814    0.0122999
    0.240026     0.199113     0.154665     0.185927     0.184035    0.0651806     0.174431     0.273783     0.184181
    -1.01746     0.771804    -0.307794      1.86317     -3.49519      2.95407     -1.19574      1.32333     0.353364
   -0.108035    -0.781919    -0.404789     0.757797     0.169397       1.6869    -0.570219    -0.185575      1.23115
     1.88733      2.32934      2.35137    -0.264727     0.274742      0.28078    0.0746501     0.230706   -0.0738559
   0.0417797     0.142615    0.0104743     0.384806     -0.17987     0.086678    0.0002026    0.0237182    -0.201138
    0.608368   -0.0644962     0.472739     0.181761     0.117057     -0.14284     0.383691    -0.369261      0.22105
  -0.0675272    -0.256285    0.0558909     0.305677     0.312033     0.216005     0.219223    -0.236511    0.0436018
    0.673374     0.148799      0.61009     -1.06853    0.0897528     0.116473     0.250881   -0.0143256     0.388145
    0.255437   -0.0154422     0.261744     0.212411     0.459675     0.155115     0.309946     0.111165     0.337379
    -1.50067       1.0235    -0.989709     0.142613      -1.3683      1.33056     -1.66893     0.984259     0.268385
     2.39812     0.552242      1.05884      2.15828     0.100026     -1.23128      2.16043    -0.664699     -1.81655
    0.151686     0.179932     0.260769     0.506892   -0.0244493     0.147248     0.361489   -0.0477439   -0.0877301
     0.30012     0.305808      0.28759     0.155057     0.405238     0.418376      0.31622     0.562356     0.665532
    0.929174     0.976098   -0.0772045     -1.22188     -1.55987     -1.50037     -1.06393    -0.662093      6.93786
    -1.45728     0.288479      1.32771      1.90451      1.26243     -1.84479      1.41056      1.83278     0.645939
    0.160951    0.0407333     0.170228     0.326521     0.194453     0.305648     0.249234     0.187799     0.316877
     2.58502      2.09495      1.58196     -3.50211      1.00041     0.189989   -0.0157475   0.00571186     0.777851
    0.420782     0.141173     0.605808     0.500767     0.206019     0.351192    0.0373072    -0.233619    0.0966423
   -0.216886     0.198015     0.220942   -0.0908743   -0.0977756     0.262926     0.162444     0.152877    -0.092646
     0.27968     0.466292     0.366985       0.1813     0.184813     0.222331     0.142948      0.35642    0.0990111
    0.402208     0.171288    0.0836415     0.453214     0.482255     0.242141      1.07165     0.229983      0.56956
    0.996305       5.2325     -1.45938       1.4902    -0.605272    0.0667764     -1.28544    -0.674528    -0.928997
     6.16772     0.281236    -0.854799      1.44377      1.70466     0.185597    -0.110011      1.10047    -0.924654
  -0.0406743      0.24536     0.323618      0.37268    -0.209441     0.651726     0.206308    -0.346204    0.0106046
    0.138692      1.27103     0.159441       1.1664     0.985801    -0.161056     -2.41596    0.0621441     0.504757
   -0.218988       1.0299     -0.24328     0.942551    -0.785994     0.581194    -0.921286    0.0586161      2.22945
     0.55362     -2.60059     0.410062    0.0227646     0.412035     0.671654     -0.13835    0.0317039     0.663196
    0.511283     0.457489     0.357723     0.717371     0.184236     0.644519   -0.0254261    0.0505363     0.510283
   -0.621059     0.810567      0.55991    0.0222707      1.33369     0.879461    -0.811841     -1.44031    -0.394091
    0.399262     0.707532    0.0807573      0.27281     0.172125    -0.397359     0.580483     0.375746     0.139928
    -3.02187       0.8543      1.86184     -2.79136      2.74645      2.41806     -2.79804      0.29229    0.0446433
    0.164214     -0.60562     0.102817     0.296778     0.304482     0.822917    -0.299853     0.511016     0.593857
 -0.00802075     0.969154    -0.138586      2.37189    -0.812931      0.73065     -1.33876    -0.745668      1.29519
   -0.700155    -0.285595    -0.679561      2.71091      2.18262       2.5725    -0.407341    -0.244273    -0.664122
   -0.665587    -0.457117      1.36358     -0.30166    -0.751662     0.863277    -0.544665    -0.143736    -0.473014
     2.14676     -1.43331    -0.602534     -2.74683      7.55834     -3.87641      1.03475     -2.24336     -1.14773
     2.89419    -0.787006      1.24573     0.813214    -0.763336     0.346389      1.08296     -1.63735     0.234439
   -0.440738      1.17196    0.0186317      6.98193     0.586669    -0.417667     -1.70559     -1.30077     -2.13331
  -0.0438783     -1.06737    -0.684412      1.38687     0.374776      2.34391    -0.963072    0.0784323      1.32244
   -0.196071    -0.212256    0.0786173     -1.26407     0.639422       1.4822    -0.482031    0.0697465     0.415992
   -0.320082     0.443739     0.504754     -2.33133    -0.250405     -1.85174    -0.907487      1.15869     0.710368
     1.33901     0.879611     0.568375    -0.664111     0.608369    -0.232755    -0.619686    -0.318821      0.99141
    -0.56417    -0.556501      4.68044    -0.869373     0.100924     -2.21714     0.897785     0.959562    -0.532722
    0.415048     0.245685     0.312073     0.652504     0.633444      0.55351     0.357141     0.226821     0.399606
    0.405097     0.411567      1.81236   -0.0263544      1.55616    -0.502986      1.49108    -0.104561     -1.59647
    -1.18575     -1.56296     -2.01873     -1.74864      8.07351     -1.53468     -1.63937      -0.8894     -0.50011
     0.27719      1.06837     0.236133     0.299621     0.288061     0.371638    -0.136531     -1.74268   -0.0456226
 -0.00432859    -0.137822   -0.0481011     0.382656     0.220122     0.622952   -0.0983452     0.040461     0.164643
    0.131808     0.325014     0.167639     0.548355     0.184238     0.667947   0.00702975     -0.19657   -0.0643882
    0.186262     0.585872    0.0843346     0.222802     0.132789    -0.105344     0.233456     0.312562   -0.0836261
    -1.03118    0.0738951      1.28139    -0.332472    -0.301556     0.722745     0.353092     0.389087      1.63292
    0.268751     0.183104     0.558586     0.354702     0.250225     0.522843     0.244492   -0.0587906    0.0877179
   0.0950265    -0.886235     0.464463     0.135838      0.16523     0.548626    -0.456367      1.23967    -0.486789
     1.32016    -0.105669     -2.45989      1.53859     0.633765    -0.362568     0.649813    -0.499448     0.833993
    0.207149     0.111764     0.157344     0.234282     0.128068     0.264547     0.102974    0.0954059     0.204923
  -0.0269223     0.148029    -0.291943     0.310289   -0.0320678    0.0956845    -0.113083    0.0104051    -0.557768
     1.05637     0.724062     0.661725     0.750161     0.901881     0.597428     -1.35051    -0.562195      -1.7231
   0.0327705    -0.308676    -0.172042      1.22823     0.322907     0.830684     0.317656    -0.234308     0.532862
   -0.033574      1.71654      1.31193     -1.25939      4.09065     0.713376     -1.13451     0.790107      1.07298
  -0.0108447     0.355293      1.56167    -0.590936     0.859891     0.357288     0.441456     0.521707      1.10497
    0.748405     0.663123      1.01767      0.37115     0.655746     0.342131     0.535961    0.0840217     0.534881
    0.360784     0.423942     0.361282     0.167161     0.598098     0.230864     0.441811     0.642792     0.570431
    0.916401      1.12244      1.31289    -0.318805      1.88001     0.226039     0.289162     0.341646     -0.53051
    0.251873      1.14972     0.487321     0.653069     0.240206     -1.59134     0.474137     -1.70163     -0.90201
   0.0961037      0.38617     0.108878     0.304332       0.3365     0.123871     0.158937      0.44519    0.0527008
     0.33552     0.503795       0.3819     0.224163      0.35302   -0.0652078      0.60292     0.394539     0.215719
   0.0158394     0.059868     0.361157     0.510407     0.145094     0.530342     0.526224   -0.0862957     0.120908
    0.280073     0.243014     0.147115     0.393366      0.18819     0.638674    0.0592812     0.486635     0.541852
    0.139802     0.117551     0.484623     0.613838     0.197385     0.206726     0.717808     0.313321     0.240974
    0.586194      4.32618     -1.23875    -0.895065     -1.23524     0.426118    -0.478554     0.295936     -0.11028
    0.364982     0.327057     0.320874      0.14523     0.122832     0.265703    0.0516873     0.127272     0.345695
    0.143644      0.24378      0.21669     0.467654    -0.069569     0.257284    0.0688011   -0.0867391   -0.0235048
   -0.208349    -0.117667     0.032132     0.221415   -0.0821016     0.203595       0.9296     0.124625   -0.0132124
    -4.82703     -2.22999     0.232208      1.61602     0.565201      1.68684     0.507036    -0.114171     -1.13759
    0.057331    -0.574748       2.0877     0.267478    0.0768256    -0.825398     0.228569   -0.0800442     0.417584
    0.378395     0.600537     0.275789     0.651846    -0.123938     0.754724     0.147051     0.746333      0.44882
    0.692203     -1.26769     0.129812     0.622155    -0.927674      1.54093    -0.921236     -2.52715      1.15855
    0.310395     0.402776     0.274043     0.158404     0.295106     0.367165    -0.130581     0.227191     0.246906
    0.305635     0.363207   -0.0634237     0.231156   -0.0930627    -0.321692     0.351964     0.230912    0.0395402
     1.90776     0.473917     -1.86105      1.32087      1.81145     -1.29695    -0.571739     -1.37278      -1.1237
    0.396929     0.798902    -0.271786     -4.73567     0.831467     -1.14428     0.147208      1.16642    -0.256032
    0.289411    0.0546135     0.316899     0.516304     0.354174     0.423885    -0.918526    -0.324411    -0.217337
    0.168025    -0.388217     -1.31266      2.62329    -0.382368      1.79218      1.52332     0.133182    -0.340701
    0.173506    0.0797196    0.0537725     0.327518     0.346575     0.317837     0.277273     0.476578      0.39005
   -0.903875      1.41794     -1.01395     0.498482     -2.94772     0.494468    0.0490329      1.22477     -2.46284
    0.623991     0.587416     0.619998    0.0124124     0.618626    0.0739563   -0.0690477   -0.0152226     0.226837
    0.113382     0.169415    -0.160863     0.160591    -0.182692      0.14421    -0.150384     0.287724    0.0825537
     0.53855     0.363327     0.634998    0.0173685     0.674647     0.130255     0.421004     0.321176     0.768367
    0.642903     -2.33673     -1.06817      3.32273     -1.00879      1.60591      2.38948     -1.24238      3.90985
     1.07942     -1.78546      1.35758     0.687399     -3.26472     0.224782       2.0504     -1.58499     0.462095
    -1.66596   -0.0660178      1.55081   -0.0363168   -0.0543623      1.79821       1.4964     0.651062      1.24657
    0.749946   -0.0147013     -1.26277     0.882989    -0.486585     0.411253     0.266462     0.303283     0.131537
    0.324657     0.325969     0.455942    0.0090513      0.35556     0.420885     0.117649     0.238994     0.595547
    0.441608   -0.0693754      0.77426    -0.562051     0.206924     0.281038      1.67735    -0.533064     0.821895
    0.346897     0.399679     0.213367        1.156     0.158998    0.0715621      0.16025    0.0767078 -0.000802035
  -0.0355232      2.03185     -0.21484     -0.19598   -0.0644083     0.284893     -0.34161     0.317971    -0.287014
    0.918559     0.922325      0.54029     0.360668      1.77156    0.0855693     -1.28357    -0.765607    -0.882843
     1.96302      2.60647     0.576227     0.623085     -1.48784     -1.81748     -4.50098    -0.648935     -2.01058
     1.04968    -0.390011     -1.91771      1.03915    -0.277967    -0.251461      1.87158      1.47623      1.09716
    0.255134      1.67027     0.296078      0.16899     0.454387  -0.00324053     0.521108     0.740608     0.150801
      4.5711     -0.19719     0.192922     0.409993     0.092895      1.16346    -0.140263    -0.877999    0.0777955
    0.291953      1.46316      1.13861     0.162804    -0.548296      0.74043     0.608223    -0.834238    -0.624801
    0.357595      0.89396     0.414122     0.481395      0.23969     0.236557     0.215302     0.443508     0.089369
    0.123388    -0.164735     0.244411    0.0890875     0.359398   -0.0501707     0.374858     0.288261      0.30776
    0.223966    -0.171272    -0.176624     0.602348     0.139443     0.374455     0.412627    -0.094997    0.0747587
    0.474759     0.636735     0.254016     0.155662     0.471331     0.168612     0.343429     0.594601     0.236843
      1.1341     0.556285    -0.404816       0.6077     0.805112    -0.217445     0.258724     0.290559    -0.952262
    0.397072     0.734753    0.0435588      0.47561  -0.00181251    0.0791021 -0.000354539    0.0197679    0.0912845
    0.676109     0.669713      1.65515   -0.0256711     0.936334    -0.163036      1.11125    -0.720892     -1.04688
    0.502774     0.408051      0.36524    -0.386148     0.452496      2.96455    -0.742115   -0.0130961    -0.111772
    0.192585     0.348754     0.103642   -0.0972314   -0.0271315     0.435336    -0.361278     0.365974     0.550449
   -0.837009    -0.242127      1.02769     -1.54271      1.37515     0.499247    -0.488834    -0.505925     0.321794
    -2.98307      2.20172     -3.00159      1.82795    0.0341159      5.62887     -2.71616      2.07566     -2.81824
    0.301837     0.496783     0.463052     0.321342     0.387049     0.281116      0.38318     0.415535      0.21515
    0.060608    -0.265941   -0.0487225     0.148914     0.145101     0.231573    -0.123077    -0.206254   -0.0662558
    0.788298     -7.01545     0.719253      1.24592      1.61687     0.966784       2.0321      1.17206      1.38611
    0.245684     0.219685     0.268731      0.50878     0.218611     0.342798     0.405055     0.400186     0.325629
    0.251727   -0.0367464    0.0753521     0.223829     0.220499      0.23121     0.135398    0.0223488     0.314822
    0.163023     0.125851    0.0837289     0.107698     0.142717    0.0529074     0.269717     0.253138     0.227521
    0.209934   -0.0104009     0.312581     0.174568     0.412213     0.782143    0.0577549     0.193465     0.681455
    0.201802     0.214746   -0.0195186   -0.0966661   0.00441809    -0.373939    0.0201708      0.35361     0.221811
   0.0668379      1.36776    -0.268966    -0.237169      0.42986     0.238805    -0.488003     0.847433    -0.802322
     1.29585      -1.6343     0.392658       1.1929     0.689918     0.942568    -0.393015      1.22218     0.837683
    0.261077     0.468764     0.584829    0.0460485     0.363247     0.579239    0.0759698     0.376673     0.722335
    0.190179     0.303626     0.197638     0.175377     0.153976      0.28314     0.127884     0.318183      0.32152
    0.875537    0.0894945    -0.613309     0.754487    -0.204982     0.406358     0.342531     0.479389     0.498456
 -0.00258141    0.0257863     -1.33941      1.47148     0.373101     0.544134       3.9001    0.0839689     -1.36637
   -0.817512      1.83248     0.108114   -0.0484418     0.131528    -0.295238    -0.019758     0.950058      2.88296
   0.0877645    -0.117692    -0.111012     0.057148     0.120209   -0.0381024     0.180209     0.359911     0.307126
   -0.144169    -0.409929     0.658225    0.0431946     0.289593     0.636148     0.640562     -0.11737      1.35348
    0.207301     0.427098     0.250289     0.330884     0.281108     0.427216    0.0777921      0.75891    0.0562561
    -1.57288     0.690144     0.562766     0.984054     -1.32698     0.699219     0.634228     0.644039     -1.12018
     1.88682      1.68087     -1.40848      1.13143    -0.616005     0.388089      -2.7439     0.128192     0.766545
   -0.896737      1.33509     0.463348    -0.918944     -2.74317     0.292537     -0.87964     0.476207     0.359928
     1.45631      1.30912      2.46973     0.795826     0.495378    -0.610596      1.87807    -0.463534     -2.09642
      2.1124     0.699169      2.56967    -0.502475      1.48147    -0.901149      1.93811     -1.77459    -0.453015
     3.28047     0.159532     0.194057     0.479053     0.110449      1.09754    0.0151229   -0.0890251     0.257336
    0.122508    -0.843049     0.015107     0.285945     0.743423     0.649609     0.878334   -0.0482713      1.08958
     1.57802     -1.76328     0.700946    -0.478923      2.04035    -0.430386      1.64213    -0.486469      1.88391
    0.574153      0.33288   -0.0594656     0.390935     0.275698    -0.362535    0.0659905     0.103572     0.289525
    0.223102     0.201683    -0.154062     0.846604    -0.164069     0.205761     0.238308     0.278703     0.174816
    0.295143    -0.904585     -1.38058     0.988611     0.237722    -0.624332    0.0561087      1.87521    -0.606762
   -0.297675    -0.871482    -0.268358      1.81003      1.67708      2.45152     -1.11721    -0.320023   -0.0202769
    0.340607     0.128879     0.243315      0.65135     0.256915     0.413441      0.52893     0.182669     0.330991
    0.969402      0.89492     0.950178    -0.135351      1.75778   -0.0537162    -0.415444    -0.352725     -1.11098
   0.0593488     0.407252    -0.133983     -1.01789    -0.728217    -0.539754      4.34615   0.00628444    -0.321305
     1.70575     -1.75799     -1.13396      1.98574     0.880815     -5.24872      3.14994      1.53085      2.29287
    0.599624      1.89143      1.12767     -1.14355    -0.268388     -2.25836     0.322272     0.809841      2.37355
    0.647496     0.753315      1.31495    -0.290777      2.06624     0.484191     0.249016    0.0219393    -0.185076
     1.16669      3.75829    -0.174727    -0.649245      1.83189    -0.464998     -1.27999      2.49972     0.233828
    0.458875     0.293539   -0.0674268     0.492597    0.0124444     0.305876     0.111791     0.283755     0.447907
     2.49068     0.338629      5.33134     0.132948     -0.68928     -1.43649      1.08212      1.75492     -1.10868
    0.693038      2.09757    -0.108741     0.306311      1.00784     -1.26201    -0.379452    -0.146655     -1.51888
    0.556837     0.277857     0.323139    0.0658697     0.386969   -0.0577805    0.0766461    0.0439571     0.496739
   0.0854904     0.227489      0.13692      0.10795    -0.116194     0.364661   -0.0627457   -0.0188151    0.0839599
    0.512405     -1.92559    -0.239842      3.17466     0.903136      2.25523     0.959983     -1.90083     -1.72239
  -0.0259227     0.257235     0.180309    -0.498987   0.00844186    0.0955226    -0.225266     0.125371     0.168917
     2.19298      2.22798    -0.468341      0.84635      1.23614     -0.72963     0.193774     0.687204     -4.18118
    0.476582     0.576565     0.406741     0.488165     0.474977     0.282046     0.477401     0.514456      0.44225
    0.535048     0.460735     0.695918    -0.401644     -0.90751    -0.750196    -0.327271      5.35403    -0.989384
    0.307626      0.84388     0.390545     0.521506     0.293422     0.467571     0.133284     0.523962     0.151708
   0.0664649    -0.294933     0.685716     0.280465   -0.0459751     0.546334     0.368665    -0.161656     0.779122
 -0.00155366     0.236789     0.111109     0.159143    0.0680353     0.304797   -0.0535357     0.124564     0.113438
    0.206139      1.45963    -0.813847    0.0755475     0.554582    -0.686475      2.56485      1.21141     -0.36127
    -1.35979     -1.32911     -2.61805      2.01917      2.16733      -1.4338      4.50005      1.45694     -1.86453
    0.261549       -1.422      7.93356     0.941912     -2.48261     -0.69588      1.20714    -0.989927     -0.22837
    0.179258     0.197544     0.435682   -0.0432272     0.399093    0.0375734     0.307916     0.359457     0.443819
    -1.67634      3.40066      2.28309     -1.11077      1.82551      1.85821     -1.02897     -1.96124     0.453355
     0.52704     0.433246     0.581119     0.629358     0.615393     0.680454     0.540905     0.484855     0.791138
    0.380604     0.381733     0.460414     0.270129      0.58951     0.261029     0.574441     0.556961     0.596192
    0.451805     0.522207     0.417737     0.541211     0.303336     0.628907       0.2336     0.421572     0.521386
    -2.29767      1.17754       -1.024  -0.00611881     0.218584     0.020408    0.0152782      2.34856      1.51346
   -0.305043    -0.672107    -0.476878     0.584651    -0.431514     0.431791     0.669661    -0.999465     0.181123
   -0.844374    -0.200705     0.635531      0.77693    -0.632692      1.39029      1.17159     0.254843      0.22828
    -2.08035     -3.34101     -1.50886      3.04503     -2.27563      3.19429      2.96612     0.439702      1.55191
   -0.192672     0.431114     0.486252     0.202427      1.66867     0.160285    -0.386784     0.731032     0.623609
    0.153666     0.675987     0.225813      1.25596    -0.183326    -0.436164      0.73516     0.695407   -0.0887781
    0.750706     0.742819     0.945211     0.282006     0.210511    -0.141222     0.534932    -0.132733    -0.211765
   0.0700582    -0.180477     0.123317     0.346598     0.176795     0.508538    -0.260115    -0.117805    0.0193701
    0.188465   -0.0151636    -0.046929     0.303123     0.272223     0.254111     0.457828      0.42964     0.678349
   -0.622894    0.0744586     0.571989     -2.20426      1.08797     0.267158     0.509504      1.46391      1.81779
   0.0397419     0.380301     0.525028    -0.449259     0.261565    0.0011803   -0.0700903     0.314157     0.749152
    0.505168     0.247833    0.0697041     0.622297     0.326171     0.443231     0.203319     0.234047    -0.672561
    0.260077    -0.136136     -0.24889       1.2965     0.380424      1.37914     0.627884    -0.422239    -0.230894
    0.233527     0.116658     -0.03721    0.0194817    0.0301321   -0.0735898    0.0679567      0.17909     0.140182
     1.59344     0.631367     -1.71463     0.547884     -1.09687     0.217585     -1.31545     0.870168     0.864364
    0.668773     -1.64465     0.625826      1.00678      1.67097    -0.423622     0.981485    -0.754773    -0.786095
    0.764677     0.375871     0.357757    0.0795844     0.316734     0.200337     0.163082    0.0586118    -0.533118
    0.859828    0.0437845     0.506885    -0.050128     0.150512   -0.0333969    0.0630546    -0.588569     0.305723
    -0.51786     0.277362    -0.406871     0.211536    -0.293157     0.485965     0.962482     0.145384    -0.167371
    -3.90303      1.99999     0.458819      2.35833     -2.93863    -0.570096     0.645983     0.135001     -1.98713
     2.75792     -1.87344      2.82658      -2.2166      -3.8209     -3.36231      2.09782     -2.25553      2.67486
   -0.891967    -0.444441    -0.957915   -0.0193923    -0.343717    -0.776232    -0.800993      3.37854    -0.660052
    0.146676   -0.0182298    0.0669288      0.55714     0.116542     0.245769     0.330051     0.176391     0.203266
     2.78288     0.346288      1.89358      1.16795       2.0788     -2.37898      3.10965     -3.47133     -1.26093
 0.000550127     0.351164     0.501286     -0.24898     0.730499     0.318458    -0.237502     0.261632     0.217913
     1.34055     0.079571    -0.577982    -0.830467     -2.90815    0.0718988    0.0677949     0.127789     0.755136
    0.268523     0.222412     0.286946     0.361298     0.226269     0.126814     0.368238     0.271929     0.227072
    0.160707     0.137539    0.0608796    -0.276958   -0.0107934    -0.249957    -0.211429     0.925127    0.0197062
   0.0528656    -0.122959     0.134766  0.000643754     0.156533    0.0280731     0.121185    0.0101542     0.109509
    0.234723     0.231349      0.37463     0.225611     0.153767     0.174242     0.225232    0.0804855     0.152608
    0.775105     0.121979     0.134795     0.989002      5.53488     0.508062     0.800316     0.233402     0.799127
     3.84117      1.08072     0.319031       0.0659     0.493757     -0.24943     0.662089     0.460763      4.34406
      2.1964     0.716156      2.06154     -2.70689      1.24863     0.562142     -1.01594    0.0342047      2.87391
     1.41599     0.185521      1.08514      1.36987    0.0595052    0.0536692      1.56103     -1.30796     -1.81764
   -0.558181    -0.769308      1.71181      0.33585      0.13802      1.22764     -4.13127     -1.40606    -0.161475
    0.411724     0.206302    -0.267231     0.474739     0.148512    -0.545491    -0.120086    -0.321673     -0.19328
    0.414258     0.130945     0.433277     0.520058  -0.00976824     0.219234     0.178134     -0.29978    0.0982804
  0.00262145     0.528612     0.440454    -0.130703    0.0805255      0.11237    -0.439552      -2.6902    0.0421312
      4.1985    -0.349774     0.150408     -1.32611     0.732036     -1.30668      0.52106      1.81389     0.244514
    0.548728     0.304336     0.882092    -0.213654        0.518     0.932923    -0.133366    0.0450435      1.03435
  -0.0721691   -0.0238345   -0.0417684     0.337942   -0.0552428      0.18254     0.091382   0.00792393    0.0303406
    0.247427     0.452295     0.205599     0.212987     0.209664     0.214278     -0.11456     0.313454    0.0664901
    0.160218     0.195855     0.132296     0.203143    0.0580895     0.118925     0.148446     0.175475    0.0557086
   -0.103263     -0.22611       1.8229     0.322616      0.35594      1.93167     0.567844     -4.72627      2.28806
   0.0267517     0.319005    -0.608425    -0.235753      0.35346   -0.0423775    -0.212095      1.16143     0.362723
  -0.0888311     0.210164    -0.078387    0.0573233    -0.102802    0.0202905     0.224161     0.288893    0.0502057
  -0.0279799    -0.553381    -0.167487     0.940284     0.703075     0.741247      0.81212    0.0783581     0.255051
    -1.13767     -3.36236    -0.700241     0.879308      0.10393     0.309178     0.968683      3.72409     -1.14111
    0.304902      0.23382     0.534981     0.108596      0.68746     0.246892     0.342194     0.373927     0.434412
    -2.43185      2.54214      1.94623     0.458511     -2.07308     0.276261     -1.52631      0.44504     -2.73407
  -0.0573187     0.308324     0.208043     0.107312   -0.0551495     0.086573     0.363216     0.209021    0.0525604
    0.144841     0.107513    0.0110644    0.0210261   -0.0505969    0.0866822   -0.0446365     0.238241     0.172184
   -0.195216      2.51735    -0.583988     -0.67169      1.60739    -0.498844    -0.445073      2.12671    -0.257203
    0.184144    -0.317223     0.440669    -0.216077     0.198051    -0.314883     0.207495    -0.330634     0.215664
   0.0733621     -0.27512   -0.0336621      1.14555     0.755248      1.40056    -0.454975    0.0939746     0.377388
    0.169552     0.198838     0.278039    0.0165472     0.144165    0.0863572     0.129658     0.124527    -0.116066
    0.566645      1.12773    -0.343952       -1.872    -0.277136    -0.748353      3.53666     0.402738     0.284385
    0.163127     0.325954     0.384984   -0.0364555     0.184241     0.221668    0.0166807     0.168848     0.183386
   -0.733678   -0.0998883      2.29349     -4.23357    -0.290994      1.43984      1.17948     0.452201      1.35494
   -0.181854     0.309132     -0.95026     0.932856     0.275027     0.884305   -0.0403173    -0.289458    -0.357382
    0.273501    -0.106555    -0.491651    -0.215177    -0.527056      6.06478    -0.556146    -0.696254    -0.461522
     1.01137      1.28131    -0.906565       1.1291     -1.33356     0.345836    -0.366435      1.12381     0.106397
    0.185109   -0.0575757    -0.308291     0.836234     0.537817     0.584942     0.514478      0.20268     0.270164
    0.302686       1.3612      1.17345      1.31939    -0.277813      0.84186     0.606703    -0.177476     -4.77678
   0.0604451      0.13811     0.108499    0.0532416     0.230024     0.185278    0.0485843     0.685867     0.323598
    0.503992     0.427547     0.741905     0.227812      1.81816     0.909442     0.353295     0.412159     0.832296
    -4.54824     0.712266     0.880139     0.332678    -0.571074    -0.584617      1.01795     0.513735     0.447746
    0.396852     0.582174   -0.0775891    0.0542348    -0.288431    -0.358381    -0.207851       0.1108     0.162323
    0.263877    0.0864364     0.476096     0.301146     0.556171     0.568445      0.20197    0.0884002     0.377663
   0.0565559    -0.226179     0.283036   -0.0481885    0.0783022    0.0870037    0.0832329    -0.173408     0.170899
     1.71694     0.591844     -4.06261     0.798108     -0.13332      -0.3795      1.36611      1.06436     0.813582
    0.465001     0.276872     0.292864     -0.46151     0.152406    0.0463605      1.50287    -0.249817     0.791901
    0.375162   -0.0935631   -0.0963411     0.500669   -0.0150761    -0.551066      1.10555     0.205307    -0.215055
    0.319631    -0.508165     0.111663      0.14645      0.06047    -0.112571     0.639909    -0.303967     0.237792
    0.279123    -0.166378     0.321601     0.206111   -0.0486945   -0.0169119     0.231256    -0.338101    0.0821308
     1.73625    -0.319212     0.957455     0.627968      1.17954      1.11019    -0.249676     0.258364     -2.06481
    0.189523     -0.37066     0.952121     0.385326   -0.0212294     0.065735      0.13815    -0.282724     0.360669
    -1.37776     0.529583    -0.125072     -2.06151     0.527344      4.45514     0.609012      2.19766    -0.188127
     1.12787     0.470348     0.368358    -0.373163      1.14464     0.202029    -0.601727    -0.785962     -1.52357
    0.542057     0.752102     0.910284    -0.603926     0.653976    -0.569491     0.199279     0.597228     0.794558
    -1.59644     -2.72729     -1.95429    0.0790669      1.35921    -0.821848      1.37151     0.841489     0.527131
     0.74518     0.809706     0.552246     0.033348     0.164047    -0.464334     0.301237    0.0988619     0.311581
-3.43677
-3.33965
-3.41723
-3.23383
-3.53357
-3.70815
-3.66348
-3.58836
-3.45268
-3.55132
-3.60845
-3.63682
-4.34669
-3.53205
-3.79894
-3.51318
 -3.3894
-4.05368
-3.57994
-3.45383
-3.95892
-3.23015
-3.71063
 -3.8113
-3.57864
-3.41274
-4.08552
-3.65745
-3.42401
-4.83764
-3.63769
 -4.1641
 -3.5669
-3.77638
-3.69418
-4.10421
-3.28697
-3.89737
-4.39858
-4.73545
-3.39941
-3.69648
-3.76344
-3.57723
-3.68619
-3.53644
-3.42899
-3.46292
-3.79999
-3.65441
-3.82683
-3.57785
-3.64649
-3.58255
-3.86567
-3.41855
-3.99558
-5.02636
-3.43112
-3.30502
-3.47152
-4.58263
-3.44679
-4.37718
 -3.5307
-3.59868
-3.45672
  -3.471
-4.15511
-5.64699
-3.50729
-4.47389
-4.46424
-4.03709
-3.43763
-4.21995
-3.50752
-4.45766
-3.60663
-4.66603
-5.88795
-4.06099
0.979804
-4.20265
-4.77467
-3.94174
-3.97203
-3.91405
-3.76699
-4.99531
-3.24629
-3.91405
 2.97389
-3.67261
-3.58665
-3.46727
-3.50915
-3.92444
-3.56818
-3.97488
-4.06981
-3.47727
 -3.6986
-4.45938
-3.51461
-4.02378
-3.36143
-3.15431
-3.29106
-3.59334
-3.89417
-3.53042
-3.44428
-3.53774
 -3.3816
 -3.4372
-3.92184
-3.52428
-3.50078
-3.63671
 -5.3741
-4.15435
-3.30925
-3.61018
-3.47193
-3.57264
-5.00584
-3.99735
-3.76302
 -3.3315
-3.42968
  -3.634
-3.44248
-3.56599
-3.34769
-3.97994
 -5.4332
-4.21531
-3.74874
-3.34865
-4.11466
-3.50674
-3.68887
-4.38641
-2.28648
-4.07305
-3.39037
-4.51259
-3.70127
-3.34905
-3.46268
-3.55106
 -3.5463
-3.79502
-3.47953
-3.50906
-4.19036
-3.54622
-3.99115
0.646009
-3.36731
-3.64713
 -3.5256
-3.37277
-3.48133
-3.49295
-3.38822
-3.57097
-3.95525
-4.00067
 -3.3661
  -3.427
-3.61274
-4.36131
  -4.383
-3.54344
-3.88428
-3.49844
-3.77239
-4.49905
 -3.8789
-3.74904
 -3.9012
-4.38227
-3.52753
-4.30122
-3.48298
-3.41636
-3.84859
-4.45941
-3.35947
-4.19336
-4.06865
-3.89815
-4.58593
-3.59666
-3.80816
-3.44921
-1.93841
-3.74704
-3.44583
-3.56035
-3.10298
-3.57074
-3.64428
-3.25446
-4.14459
-3.37954
-3.76485
 -3.5146
-3.74103
-4.87069
-4.71353
-3.43801
-4.54216
-3.23613
-3.27689
-3.28901
-4.33968
-3.77461
 -3.5121
-1.37516
-4.01123
-3.33041
-3.41762
-3.59265
-3.44151
-3.90427
-3.55636
-3.58332
-3.55624
-3.56398
-4.71913
-3.77348
-3.68121
-3.70363
-3.89948
-3.20031
-6.08635
-3.57839
-3.42952
-4.06119
-3.63711
-5.68031
-3.40597
-3.66538
-3.54366
 -3.4676
-4.40006
-1.85939
-3.63954
-3.95151
  -4.233
-3.60421
-3.51135
-3.65955
-4.65846
-3.26583
-3.53602
-3.51648
-3.51261
-3.89808
-3.69185
-3.56365
-3.49946
-4.36228
-3.29531
-2.08112
 -3.5221
-3.54015
-5.00969
-3.70084
-3.61274
-3.60374
-4.44768
-3.46921
-3.75332
-3.73725
-4.99541
-4.28739
 -3.4129
-4.98432
-3.52959
-3.02228
-4.20389
-3.63368
-3.35789
-3.62697
-3.68304
-4.09482
-3.60194
-3.69466
-3.63095
-4.90322
-3.73414
-4.66653
-4.36737
-3.52025
-5.61812
-3.53283
1
4
300 10
   0.0851017     0.300513      0.54763     0.504171      1.34731      1.01635    -0.386974    -0.200828     0.379079     0.327443    0.0958336       1.1336     0.844756    -0.230196     0.191463    0.0579431     0.462049    -0.338814    0.0933737    0.0899933     -2.40224     0.896964     0.094976    -0.267835     0.318351     0.489145     0.804095     -0.24204     0.237969     -8.58028     0.203148      1.47067     0.218527     0.349307   0.00740529      -1.1939     0.314405     0.980019      2.27548   -0.0297277     0.680584     0.451685     0.796954     0.623373     0.135429    -0.405806     0.567332     0.221546     0.336199    -0.276124     0.216074     0.553122    -0.079544  -0.00611316    -0.466445     0.346513    -0.480909     0.354365     0.638737     0.511296      1.83205     0.388226     0.105843      1.29304      0.11688     0.219521     0.296392     0.551234    -0.121119     -8.18833     0.439741    -0.243752    -0.569063     0.341019    0.0918084    -0.610785    0.0538706     -1.46247     0.506212    -0.213896    -0.212932     0.668017      2.20526     -4.30507    -0.396099     0.256361      1.16001     -0.69895    -0.248901     0.567381     0.353954     0.520462    -0.222173     0.345041     0.280414     0.148611    0.0817084    -0.118928     0.150459      1.07241   -0.0106556    0.0740773     0.135937      -0.8156   0.00367129      1.14123      1.07154     0.764428      0.63791     0.424251     0.261597   -0.0535325     0.385613     0.175968      0.34278     0.602382     0.347944    0.0420783     0.169556      0.16563     -7.66612    0.0734359     0.243847     -1.00593     0.200738     0.146528     -1.79255     0.150714    -0.219813      1.00526      0.44677      1.88196     0.310422     0.102459     0.624885      1.54781     -3.41343     -1.53275     0.108261     0.522369    -0.373141   -0.0243334    0.0249858    -0.111217    -0.538629      0.87848     0.226172     -7.85001      1.64877      0.29493     0.457433     0.669488     0.382507    -0.649379   -0.0318793     0.875266      1.73113     0.077933     0.072602     -1.52458     0.411962     0.174847      1.13032     0.391072     0.269505     0.204527     0.504888    0.0925753     0.024211     0.767174     0.342551     0.204701    -0.139903      1.46766    -0.996795      0.41584    -0.195251     0.595176     0.191346    -0.229985     0.967551      1.38743      1.39867       -5.222     0.514397     0.624202     0.102484     0.218095     0.834219    -0.362424     0.408405    -0.203666      1.04892      1.92442    -0.218505     0.352176     0.908315    0.0693547     0.960962    -0.910655     0.380822     0.183467     0.217525      0.26023     -2.48113     0.358853     0.523788     0.260948    -0.591872    -0.237299    0.0141942     0.485393      1.60848     0.301519    -0.857732     0.457697     0.593121     0.232237     -2.65193    -0.106186    -0.267892      1.96494     0.222266     0.670738     0.368912      0.23682     0.369012      1.19907     0.057522   -0.0929661     0.667455    0.0986712     -1.53502      1.20251    -0.384401    -0.488315     0.130641     0.178024      -3.8717      1.18428      0.41157      2.53962    0.0819789     -3.50146      0.37905   -0.0488131     0.181611     0.244316      0.40298      1.50611      3.13045      1.36044     0.380242    -0.492009     0.158115     0.283352     -5.98914     0.874556    -0.180154     0.114543      0.15456      1.80128     0.535746    0.0535979     0.584215      2.65434     0.468532      2.65803     0.139184    0.0636842     0.142961     -0.18365     0.247924     0.160497   -0.0391801     0.363895    -0.338912    -0.132461     0.878101     0.342175     0.493625      2.32418     0.288123     0.922972     -10.2288   -0.0408333     0.327433    0.0427969    -0.196049    -0.265527     0.499541     0.160532     0.107103     -1.94615    -0.074994       1.4293    -0.175768     0.314104      0.80607     0.199167
   -0.224179    -0.111677    0.0983844    -0.142796      1.02956      3.16114    0.0864503   -0.0954968    -0.344637     0.833291   -0.0485003      1.32412      1.44294     0.129709     0.254084   -0.0832604   -0.0798319     -1.57576     0.116532    -0.100344     0.699441     -0.19876      0.35333     0.648225    -0.504901    -0.505491     0.415387      1.75021    -0.166127      2.01186    -0.245219     0.632299    0.0780068   -0.0169752     0.461908    -0.803107    -0.147104     -1.14648       3.7524     0.684942    -0.136181     0.180692     0.734995     0.249335    -0.777979    -0.591585    -0.174829    -0.138681     0.114889     0.106835      2.14295  0.000618741     0.498208     0.173987     0.620484   -0.0677903     -1.68176      1.08029   -0.0338006   -0.0334326     0.877875      1.73744   -0.0223128      1.36878     0.123716    0.0598382     0.112648    -0.311802      -7.1881      2.30871    0.0475438      2.31517      0.18284     -4.27834      0.26753     -1.19879    -0.706651     -1.16095    -0.991847      1.10519      0.49953    -0.602529      1.79017      2.24417      1.87305    -0.823923     0.194761    -0.151643      1.30373      1.41789    -0.183944     0.115084     -1.75289    -0.204569   -0.0875508    -0.447469     -0.44063    -0.430849   -0.0394334     -1.33682     -0.86337    -0.235283    -0.150383    -0.885461     0.532939      0.46367    -0.264192     0.158503   -0.0197827     0.211537     -1.23336     0.120679    -0.264083   -0.0119214    -0.153034    -0.303371     -5.87708     0.121882   -0.0440406     0.276291      2.74413    -0.987618    -0.192516      2.55908   -0.0810599    -0.446467    -0.436476     0.138906    -0.172375      0.91962     0.258297      1.10041     0.290163   -0.0826729    -0.136695      0.55487       1.0359    -0.615502      0.23641    -0.292054       0.1431   -0.0321302     -2.09857    -0.528824     0.119506    -0.723226     -1.30094      1.26018     -0.89032    -0.383507    -0.294533    -0.218083     0.178985    -0.462941    -0.665143      0.39941    -0.779629   -0.0973568    -0.859505     0.754873   -0.0354072    -0.363694     -10.6086    -0.183649    -0.163869   -0.0765518    -0.092551    0.0467729     0.106354     -2.45883    -0.285413     -0.16301    -0.274658      1.40164    -0.874248    0.0704519    -0.238964     0.205082    -0.800857    -0.811793    -0.876196      1.27692      1.57386     0.966102    -0.527629     -1.07054     0.326662     0.197939     0.405114     -1.69959   -0.0786107    -0.420098     0.458647    -0.382336     -1.77036    -0.278009      1.94918    -0.110539     -2.32798     -2.61144     0.355605    -0.227622     -2.31697    -0.153298     0.676871    -0.276447      2.35132    -0.289616   -0.0306492    -0.128727       0.5772     0.483549      3.42379    -0.112264     -5.93736    -0.331678    -0.172414    -0.260475      2.19027      1.15189   -0.0225706     0.248888      1.13712    -0.270165     0.510831    -0.417813    0.0344496      0.28603    -0.103091    -0.146026   -0.0178965     -0.04214      -1.0082     -3.19236     0.440255     0.823352      0.26604     -1.74265      1.41431      1.36449   -0.0596418    -0.704347   -0.0660161    -0.455114   -0.0583046  -0.00639358    -0.243934    0.0247709      1.36182      1.15454     0.302262      1.08041    0.0696744   -0.0247263     0.519723      1.21506      1.99749   -0.0555418     0.162798     0.023286   -0.0458714       2.9289       1.0225   -0.0789188    0.0891078      -1.4046    -0.014057     -1.20201    -0.290787    -0.284557       1.4935   -0.0477569    -0.510491    0.0249353    -0.991486   -0.0176892     -1.37269     0.230581      1.05491     -1.04699     0.374565     0.578964     0.254537    -0.248881       1.7063    0.0376866    -0.457129    -0.267466    -0.623563    -0.260862    -0.224968   -0.0280661     0.223408     -0.80184    -0.373333      1.82014     0.057736    0.0969069      3.40416     0.345119
   -0.110347     0.049307     0.187062     0.200876     0.381268      0.35744    -0.043058   -0.0286727    -0.121808    -0.420357    0.0773847     -6.50687     0.717239    0.0716281      1.48351   -0.0462111   -0.0237886    -0.424525      1.13848   0.00617217   -0.0232678     0.329632     0.277735     -1.04001     0.110207     0.708919     0.555279      1.89579    -0.209428       2.8677     0.357883      2.03735    -0.173636      1.71526     0.400739    -0.365457     -0.20118      1.25812     -3.10474      1.11566    -0.223854    -0.527529    -0.519223     -0.37492    0.0586994    -0.376467    -0.308028     0.125127     0.883502     0.757316     0.936502    0.0688994    -0.286586     0.289956     0.336067     0.327118     0.354093      1.46957   0.00265171    -0.242767     0.831279      0.70004     0.202795      1.44806    -0.553653    0.0400789    0.0224776    -0.169319     0.455194      1.19731  -0.00435457     0.468956      1.55423     0.907442     0.360285    -0.253614     0.310163     0.563422     0.475153       1.6191     -1.38305     -1.52485     -1.88034    -0.102479      1.73744     0.484301     0.191789     -1.68042     0.470868      -7.4998      -0.2132      2.01516     -1.80757     0.164723   -0.0479228    -0.382857     0.145966    -0.305518   -0.0442548   -0.0742481     -3.34594    -0.090566    -0.220823     -1.04006   -0.0482409     -1.02908    -0.141814     0.258838   -0.0339905   -0.0579299      1.65715   -0.0203634     0.265467     0.127851     0.144238    -0.304303    0.0949821     0.110747   -0.0480452     0.292504      2.18066     -2.54035     0.203743      1.55627   -0.0184297    0.0870061    -0.864611    -0.201571    -0.326873     -1.86092   -0.0477237     0.325305     0.238129     0.189667     0.186393      2.51345     0.342033    -0.381487     -1.42749     0.169279     0.378658     0.244566   -0.0527079    -0.963664      1.07966     -2.95865     0.397423      0.60785       1.3198     0.366635     0.285715    -0.400508   -0.0456161     0.216692     0.280505     0.386179     0.281724     0.479056     0.427388     -2.06094     0.131884    -0.168802      3.32962   0.00714345    -0.134647   -0.0826224      0.35021    0.0751257     -0.25988     0.110412     0.121327    -0.164522     -0.43303    -0.292007     0.763716   -0.0102389     0.432179   0.00610227    -0.533525      3.33606     0.109641      1.80071      1.59663     0.297358     0.547588      1.11685     0.393117   0.00191484     0.691361    -0.675726    -0.192401    -0.324982      1.06442    0.0570834    -0.255588     -0.25638        0.985    -0.123654      3.24355     0.743536      0.14967     0.084713      -1.7075    -0.111349      1.96731     0.140876    0.0245588     0.148398    -0.291653    -0.149522    -0.203706     0.145917     -12.5412    -0.012558     0.211242   -0.0122435    0.0438238     0.103623    -0.456484    -0.347582     0.301582      1.85538    -0.629628     0.502639     0.275424    0.0117418    -0.313351    -0.432305   -0.0538921    -0.117219    -0.511368   -0.0804158      1.75201      0.96044     0.223069    -0.172573    -0.415386     -1.67736      -2.8825      1.05311    0.0806298      2.97579    -0.340731     0.639564    0.0183193    0.0507456     0.106165    -0.116667     0.486039     -2.46188      1.01385      0.23161     -1.69702     0.352151    -0.152567     0.333262     0.852575     0.288769    0.0557931     0.112235   -0.0715856    -0.270037    -0.612426    -0.338308     0.414602      2.74571     0.197274     0.331554   -0.0964395    0.0899646     -1.71862    -0.341666   -0.0736992     0.182024     0.989842   -0.0787819      1.01407     -1.78019      2.09805       1.5368    -0.527865    0.0300441    0.0575126   -0.0696617     0.674188     0.642976   -0.0429268    -0.220373     -6.56476   -0.0533138     0.159948    -0.242919    -0.483321    -0.269101     -1.02536      1.71189    -0.491508    -0.382313      2.14839      0.57446
   0.0921419     0.235862     0.111276    -0.111879    -0.148667    -0.909309   -0.0292148    0.0187191    0.0326056    -0.459635  -0.00608961     0.506059      1.09475    -0.218336    -0.159091      0.22598    -0.504389      1.30197      1.14267    0.0795925     0.399571   -0.0566588     0.116744     0.663501   0.00704792    0.0763232     -3.62102      2.00634   -0.0174016      1.91776    -0.427661     -1.57176      0.35312    -0.179102   -0.0955769       1.6632    -0.188115     0.848577     -1.01628     -3.99389    -0.154799     0.402772     0.701244      1.93634     0.351135     0.322236    -0.352252      0.13362     -2.09275   -0.0843139    -0.609208    -0.261681     0.326681     0.107254     -1.63048     0.105016    -0.524878      2.42455    -0.154703    -0.348948      1.91766     -3.71257    -0.064378     -5.88279    -0.193317    -0.485393    -0.139969     0.381523    0.0420599      1.46709    -0.163633     -1.55239     0.142252     0.149969    -0.617241      1.03593     0.444359       3.9214     0.251484     -2.63121      1.96886     0.548323     0.655794     0.578359     -10.8389     -0.84349    -0.922537      2.88668    -0.181825      3.64197     0.283207    -0.460489      -1.7134     0.435971     0.434281     0.392766   -0.0934208     0.300884  0.000756346      1.07504      1.41048   -0.0292545   -0.0364092     0.727311    -0.127512      2.91925    -0.228104   -0.0181544     -0.32389    -0.235768      0.12705  -0.00604238       0.1721    0.0271641     0.128098    -0.141291     0.557646   -0.0182651    -0.330534    -0.113972     0.879718      1.09985     -0.23952     -1.53381     0.173786     0.500138   -0.0305027     -7.26174     0.187835      2.40563   0.00187888     0.420439    -0.627034  -0.00649838     0.183804      -1.1279    0.0841965     0.539183     0.424204   -0.0690117    -0.829016    -0.968525    -0.304868     0.540147    -0.801219      1.16709   -0.0263702     0.936547     0.201216    -0.191728     0.168233     0.376238    -0.105094     0.313119    0.0293444    -0.535793      1.51104    0.0901515     0.800091      2.17826    -0.219719     0.333442     0.105307   -0.0115279    0.0748722   -0.0827788     0.180822     0.381737      0.10886    0.0238119   -0.0220586   -0.0398281     0.332307      1.97676      1.46094    -0.135006    -0.564711     0.174139    -0.384576     -2.18157     0.852667     -0.12769    -0.788733     0.581423    -0.342158    -0.711832    -0.106244     -0.45172     0.154188      2.28657    0.0394494    -0.236153    0.0236587      2.46146      3.41537      0.42668    -0.132864     0.101625     0.139599   -0.0857677     0.018889    -0.061796      2.15397    -0.121782    -0.757821   -0.0234115      1.05515    -0.179735    -0.191674     0.126759   -0.0413023     -1.51404    -0.386161     0.154576      1.82748   -0.0794732    -0.270823    -0.104896     0.536342     0.416518    -0.728686     -2.50773      1.58626    -0.673551    -0.088308      0.22211    0.0579111      -2.7559     0.569302     0.391806      1.34371    0.0445376     0.189166     0.432783     0.100331   -0.0220516     0.196932    -0.423889      3.84932       1.1096    -0.271441    -0.511441     0.837804       1.2499   -0.0238541     0.507771    0.0686525    0.0349332      1.99116     -1.66719     -1.11516     0.490704     0.748638    -0.244908    -0.423263     0.116218    -0.177973    -0.304699  -0.00996994    0.0840636   -0.0164356      1.40956    -0.282263   -0.0299907     0.379001      1.00516    -0.208747     -0.26669    0.0404127     0.158322     -1.02372    0.0928105     0.421136  -0.00598347    -0.239027    0.0486912     -4.49778     0.641699      1.08075   -0.0185213     0.392026     0.492723    0.0957032     0.829022      1.40872     0.492246     0.352027  -0.00379277     0.431796    0.0987273     0.696924     0.360267     0.114404      1.63581  -0.00879855    -0.808535    -0.587611      1.09672     -1.89661     0.682425
   -0.398922    -0.840946    -0.592687    -0.569879     -2.22687    -0.765596    -0.396836    -0.208036   -0.0645678    -0.233233    -0.219637     0.980574       1.0247     -0.13938     0.348507    -0.196639     -0.40085    -0.561674    -0.234483     -0.41652     0.435841    -0.381453    -0.102855     0.336408    -0.220329    -0.983599     0.618565      2.41797    -0.390808     0.257532     -0.50321    -0.361447    -0.447737    -0.152291    -0.131676    -0.327391    -0.526334      1.82097     -1.06428    0.0140976    -0.211997     -0.27877   -0.0405296    -0.238106    -0.314602    -0.406206     -0.27076    -0.408993     -2.39648    -0.234724    -0.464758    -0.296932    0.0478783    -0.845956     0.262161    -0.861749     0.518317    0.0832625    -0.434925    -0.566381      1.98499    0.0301051    -0.497851     0.122697    -0.130981    0.0579698    -0.308066    -0.322128     0.367219    -0.368471    -0.405749     0.207729    -0.387724     0.471987    -0.558065     -1.74555    -0.315196     -2.50463    -0.262141    -0.182932    -0.956098     0.159139      4.64212      1.32778     0.186944     0.154175    -0.637656    -0.360225     0.151897      1.11536     -1.13478    -0.866421      9.78187    -0.811273    -0.363183     -0.45739     -0.25743    -0.676149    -0.218782     0.171461     0.271556    -0.336384    -0.158456     -1.07438    -0.524945     -3.99566    -0.202052     -1.07079    -0.751891     -1.83867    -0.501484    -0.487827    -0.243025     -0.29094     -0.44087    -0.159612      1.17675    -0.345353     -0.31752    -0.136948     0.513845     0.763036    -0.480254     -0.21882    -0.507756    -0.419814     -3.30426      1.79801    -0.305186    -0.315692    -0.620936     0.434259     -1.15948    -0.253578    -0.404716   -0.0564267     -1.56548     -0.14967    0.0966718    -0.526959      1.18066    -0.304569     0.519671     -2.41448      2.44348    -0.147822    -0.187704     0.811506    -0.602675    -0.465987    -0.626096   -0.0333742    -0.150714    -0.769644    -0.436956     -0.42662     -0.64015    -0.261377     -1.17719      4.75459    -0.439052    -0.496778      2.79146    -0.366564    -0.458069    -0.349234    -0.659587    -0.113638    0.0882275    -0.176648       -0.559    -0.422567   -0.0569501     -1.12159     0.102121    -0.330712    0.0793612    -0.324807   -0.0107149    -0.532477     -3.25899    0.0937452     0.533702     0.533716    -0.329714     0.729701    -0.613345    -0.566342    0.0879011     -1.26974    -0.434218     -2.06737      1.14632      1.77582       1.4899     -2.78627   -0.0947746    -0.197663     -1.11199   -0.0142974    -0.529439    -0.333516     0.750638    -0.119125    -0.279838     -0.68412     0.231339    -0.398645    -0.159928    -0.405917    -0.368893     -3.76614     0.512579    -0.462793    -0.710376    -0.492416    -0.727538    -0.550235    -0.898235   -0.0668071    -0.827428     0.647566     -2.28517    -0.402247    -0.612559    -0.326129    -0.426669     -1.08109    -0.319312    -0.226868    -0.234036   -0.0496371     0.245414   -0.0522968    -0.143953     0.289636   0.00320014      1.81549      1.83245       0.2414    -0.513797      1.72746     -1.00843     -3.34595    -0.404312     0.171036    -0.394809    -0.290022     -12.8889     -2.13327      1.29839      0.50504       1.4371    -0.313348    -0.394783    -0.314173    -0.346625    -0.881989    -0.411358    -0.327481    -0.232834     0.435848   -0.0036396   -0.0659701     -1.02809    0.0235096     -1.06734      1.34572    -0.134404    -0.453906    -0.607427     0.221775    -0.167339   -0.0955845      1.51694    -0.278785      1.42686    -0.334273     0.517842    -0.944321     -1.10821     0.724102    -0.333206     -2.82304      1.77528    -0.168479    -0.734698   -0.0573256      1.25428     0.389778    -0.339633     0.229366    -0.175944     -1.73225     0.191023     0.912706    -0.613977  -0.00601694     -2.29213    -0.297447
  -0.0652277  -0.00511998    -0.131425    -0.492846    -0.409177     -2.31246     0.107429    -0.031317    -0.054454     -0.98006    -0.165914      0.63646     0.334652    0.0224236     0.236273    -0.112109   -0.0492262     0.948622     -3.18112    -0.235513    -0.666693    -0.552477     0.402636     0.367621    -0.188628    0.0384377     0.443406     0.379533    -0.160602      0.32995      1.01615    -0.371535    -0.288407     0.187527   -0.0172144     0.837038   -0.0299224     -1.76783     -3.07642     0.871853   -0.0882099     0.504829     0.156811      0.80254     0.129453     0.336575     -0.16468   -0.0789682     -1.33271      1.05895     -1.12676   0.00156138    -0.534297     0.259994     0.872008   -0.0984382    0.0735844     -3.05454    -0.245305    -0.266109     0.945943     -2.83427   -0.0752268      1.19115    -0.160895    -0.290159    -0.063133    0.0293052      1.36171     0.954983    -0.197227     0.122643      1.26699     0.913441    0.0912046     0.645818    -0.128637    -0.488551     0.308968     0.364138      1.49759     0.886781     -1.72885    -0.541471     0.975174      2.06131     -1.66855      1.09748    -0.831829     -1.15863     0.257831    0.0593659     -1.61238     0.288717    0.0787494     0.111209  -0.00611676      1.18064    -0.173105     0.850797     0.360648    0.0609079     0.476062      1.17886      0.82802    -0.817839    -0.170852    -0.420211    0.0620369   -0.0670291    -0.244566   -0.0364254    -0.104073   0.00647631    -0.161036    -0.142163     0.781376    0.0645832    -0.141901    0.0771545      2.50407    -0.287688    -0.416971     -1.16838    -0.136157    0.0221324      2.31114       3.3673     0.398389    -0.978676   -0.0547882    -0.972763    -0.228589   -0.0797717    -0.344716      1.56923      2.17529     0.986002    -0.736744   -0.0885121     0.668623    0.0968235    0.0894414    0.0565321     -1.56657      0.32351   -0.0481306     0.246594    -0.172221    -0.245702    -0.244518    0.0253042     0.544116     0.807148   -0.0536164     -1.07358     -3.42887     0.269245    -0.202421      2.74469   -0.0475749     0.100584      1.01497   -0.0269448   -0.0397357      0.08359    -0.165045    -0.334633    -0.162511      1.53374     0.221364   -0.0653494    -0.754348      1.74454      1.07568    -0.112661     0.636019    0.0972455    -0.778867     0.249127      1.51184     -1.45522     -2.12525      0.19745    0.0744545    -0.234257    -0.452259    -0.185364      1.42683      1.41822    -0.174512     0.209572      1.34228     -8.71661    -0.520074     0.112449    -0.829542    -0.160661     0.211598     0.125139    -0.441138    -0.219245      1.42325      0.15298      2.11867    -0.043057     0.969071   -0.0634099     0.571592   0.00450943      1.56335      3.95614     0.379072    -0.191415      1.46228    0.0199206   -0.0316463    -0.128322  -0.00195138     0.125173     0.239785     -3.12965    -0.179522    -0.808947    -0.925821     0.301313    -0.154599    -0.650511     0.111486     0.462072    -0.310832    0.0689987    -0.943613     -0.52737    0.0964901    -0.378272     0.130491    -0.174031      2.37031     0.819492    -0.106636     -1.32149    -0.150501      2.64005    -0.190385     0.246647    0.0289861    -0.209573      2.44527    -0.807186      1.69227     -1.58227      1.39061    -0.119059    -0.387972     0.293251      3.04822   0.00837383   -0.0672799   -0.0901566   -0.0379591     0.581012    -0.197997  -0.00210436     0.389369      0.17646   -0.0827651      1.05641    0.0127932     0.144789    -0.109629     -0.21061       0.9278    0.0302803      2.05276   -0.0251102      2.42012     0.812234     -9.93796     -2.01677     0.410072    -0.399442    -0.172272     0.108655   -0.0923055    -0.513777  -0.00121793  0.000176191      2.08326     0.928933    -0.381207    -0.319086    -0.218845      2.08198     0.257704     -6.26125    -0.465736    -0.085325   -0.0973742    -0.777322
    0.541711    0.0531126     0.411954     0.296583     0.462549     -2.55608     0.307568     0.194022   -0.0540643     0.378688    0.0735813      2.05477     -5.69725     0.301479    -0.943311     0.172302      0.19857      1.81973     0.222615     0.153116     0.462592     0.208005    -0.172945      1.45218    0.0917306     0.348056      1.51202     -8.62534     0.113676      2.08463     -1.16762     -1.65149     0.386999    -0.863462    -0.820063      1.00628     0.226073    -0.671275       1.2167     -1.02136     0.084962     -1.18046      -1.8084     0.611998    -0.270592     0.464372     -0.25043     0.165908       2.9853     -1.03202    -0.108881    -0.056348    0.0905087     0.218315    -0.175812     0.206174      1.54424     0.292373    0.0583871     0.341204      1.85354      2.01478    0.0807895     -1.50635   -0.0331304     0.234484     0.201755    -0.617227      3.02616      4.19252     0.106637     -2.53953      0.40311       0.1072     0.225298      2.01567   -0.0984071       1.6546    -0.255059     0.220439    -0.284402     -1.08326     -2.89143    -0.650101      2.24071     -1.66769      1.38088    -0.162776    -0.543025    0.0780113     0.267864      0.99679     0.584356     0.980175   -0.0406877     0.486534   -0.0331844     0.836218     0.283976     0.196737      1.93109     0.182133     0.113825    -0.301847    -0.186908     -0.96647      1.35604     0.619475    0.0808294      1.15256     0.347349    0.0934918     -0.14177   -0.0377339     0.385367     0.131251      1.47732     0.100392     0.152241    -0.840011     -1.04059     0.850649      0.82715     -1.25918   -0.0620182    0.0381777     0.341173      1.29717     -1.00612    -0.697981     0.258948    -0.432193     0.302009     0.373147     0.167446     0.373092     0.436854     0.892343      1.51149     0.347457     -1.78686     0.561682     0.751345    -0.544974     -5.85152    -0.264305    -0.177263      1.00356    -0.345469     0.106122     0.463351    -0.172529    -0.481561     0.311856      0.58147      1.33423      1.39941     0.337124      2.17117     -2.69306    0.0461855     0.172935    -0.364264      0.23528     0.128356    0.0739869     0.188001    0.0565411     0.222848     0.105177       0.2936     0.328467      1.38313     -5.11849      1.35883     0.237604    -0.193986    0.0744327   -0.0252765      1.45992      1.89507   -0.0758802     0.487426     0.817564    -0.517604     -0.86525     0.186912     0.759215    -0.404172    -0.815318    0.0539716     0.922521     -7.71484   -0.0678841    0.0371261      1.68773     -4.39603     0.777271     0.401789     0.224698    0.0616044     0.245403      1.05363     0.472757     0.895788     0.202053      1.28626 -0.000986913   -0.0665976     0.480763     -3.63029     -3.23756       1.4089     0.362947      2.81654     0.147631   0.00971855     0.308056    0.0365859     -0.87366     -0.35555     -2.23248    -0.174766     0.196184     0.395666    -0.328286     0.182298      1.91299     0.348618     0.458542    -0.450608     0.137114       2.7014     0.723336     0.400465    0.0520153     -0.82005     -1.88064     -3.42183    -0.519376     0.106016      1.95582     0.363483      1.57255     0.231237    -0.251789     0.277851     0.256872       1.0381     0.859777     -2.16144   0.00698795     -6.00317     0.333656     0.185292     0.472794     0.190033     0.147168    0.0366505    -0.227235     0.182595     -1.01464     0.660361    0.0330234    -0.426548      1.14721     0.422467      -0.4454   -0.0946333     0.171566     0.456465     0.391662    -0.817692     0.298813     -5.93453     0.351366        1.638     0.464373      2.01128      2.90147    -0.314399      1.29811     0.220539     0.381353     0.915329     0.438382     0.305262     0.148239      1.44877     -1.66471    -0.862018    -0.427009   0.00422869      2.32985     0.162935     0.888446     0.879976     0.125423    -0.927941    0.0771462
 -0.00303753     0.151805    -0.306048     0.173484    -0.348349     0.738728     0.337214   0.00164839     0.299389     0.794938   -0.0595086    -0.474459    -0.230389    0.0889661     -1.02019     0.026533     0.135772     0.409135   -0.0805671   -0.0822276     0.410066     0.218402   -0.0831908     -4.44991     0.265334    0.0447035     0.956785     0.278298     0.173898    -0.229665     -0.39648     -1.92761   -0.0710194    -0.255663     0.224081    -0.750636     0.240843     -2.41277      1.50121     0.667316   -0.0147348     0.120052     0.190502      -3.9354     0.264916    0.0499271    0.0837408    0.0462636    -0.971301    -0.143661    -0.100959  -0.00249328      0.22559    -0.168209     0.279712   -0.0254996     0.289168     -1.43854    -0.024237     0.424661    -0.155189     0.738358     0.164476     0.715158     0.559947    -0.173234 -2.73178e-05     0.460628     0.997903     -1.20767    -0.555273     0.626869     0.473044     0.690417   -0.0798024     -1.28024     0.185105      1.04126    -0.390281       1.5037    -0.420246     -0.53415     -1.72965      1.61562       1.3118    -0.175209  -0.00202829    -0.869528    -0.873427      1.33189     0.102022     0.171585     -1.21681     -2.20877    -0.148878   -0.0676857     0.437969    -0.229829     0.168359     -1.63946    -0.874133     0.157088     0.257162      2.33632    -0.190754      1.04494     -0.63768    -0.408545     0.421948      2.00657     -2.11918     0.438096     0.145542    -0.212589    -0.185987       0.2987     0.769669    0.0224621 -0.000502554     0.150925     -1.91408     0.909112    -0.291839      1.07043     0.241997   -0.0629444     0.395982       0.2446     0.629723      0.49655     0.164441     -3.03431     0.281004    -0.249918    -0.126247      1.09508      2.55374     -1.25858   -0.0688951   -0.0506261     0.578268     0.267426      1.01402      1.95826      2.64855      1.41511      1.03906      2.23142     -1.98083     0.472117   -0.0867944    -0.163492   0.00281359     0.650067   -0.0429652     0.341661     -0.50657    -0.168016    -0.827445    -0.159002     0.295296     0.286905      2.82556    0.0516906    0.0210014      0.16419   -0.0802221    -0.195097      1.05874     -1.29188   0.00378655     0.162093     0.102194     0.544168     0.936217   -0.0816605      0.78717    -0.324596     0.510595    -0.130249     -2.01473    -0.504578     -1.99349      1.50074      1.14894      1.24747    -0.322136     -0.11989     -3.00019   -0.0814321     0.195876      2.28921     0.688678    -0.250728      1.03231      1.72889      2.29231    -0.149643     0.231543       1.5474    -0.321795    0.0835771      1.46792    -0.117692      2.24706     0.336435     -7.28905     0.357411     0.744297    0.0756025      1.64837     0.870382      3.15565    0.0447891     -1.18301     0.185074      0.23828    0.0735669      2.73336    -0.761941    -0.200214     0.971187      0.89482    -0.155794     0.197903      0.22505     0.451825     0.679248   -0.0764879     0.311962    -0.304209    -0.156057    -0.571089      1.19096     0.496642    -0.168982    -0.108186     0.691111      2.26076     -4.81368      0.21321      -6.0637     0.514085      2.11911     0.180716    -0.825555     0.157211    0.0423387      2.83663     0.442897     -3.47836    -0.290302      1.42787    -0.132537     0.465266     -3.50946     -1.01795    -0.564112   -0.0812617     0.259493    0.0393741     -6.34593    -0.168734     0.193797   -0.0393607      -5.9735     0.203336    -0.686404    0.0229565    -0.185219      1.46494     0.149274    -0.237032     0.135196      0.86122    0.0839656     -1.19441      0.14205      1.21083    -0.122666     0.155503       2.3388    -0.288446     0.645712      2.11336     -0.46367     0.262447     0.184822      1.15657      0.88334    0.0250972     0.485304     0.342009     0.946121     0.687678     0.624493      1.84854    -0.321596    0.0158329    -0.336546
   0.0167223    0.0293806    -0.278553    0.0759486     0.133394      1.68255     0.030928     0.106945   -0.0767143    -0.169083     0.205534     0.281591     0.655054    0.0345623    -0.700246    -0.128798     0.536281     -1.44468     0.945099     0.239208     0.403873    -0.531154    -0.841133      2.17291   -0.0636878    -0.318039     -1.53461   -0.0877668    0.0970581    -0.528001     0.992089      1.80709     0.167243    -0.685797     0.344934    -0.127459     0.188378     0.978608    -0.405302      1.51724     0.039411     0.226554     0.230686      0.17978     0.147781      0.49138     0.805207    0.0309375      2.41066    -0.177795    -0.659552     0.159176    -0.282568   -0.0116439      0.11353     0.121104    -0.455005    -0.877004     0.240146    0.0732099     -10.1334      1.10763    -0.012596      1.14431    0.0729788     0.209858    -0.211079    -0.101962      0.95772     -0.25932      0.65501     0.882306     -3.04874     0.776991    0.0815017      1.38358     0.143145     -1.71302      0.46964     -1.88422    -0.934344      1.14701      -1.0007    0.0821019       2.6724     0.695975     0.252247    -0.115835     0.703262     0.741792     0.132519     -2.46992     -1.98992      1.21259   0.00254925     0.085066     0.155963    -0.322921    0.0351789    -0.178323     0.845999    0.0372383    -0.104173   -0.0155913    -0.153132       1.2023    -0.685317    0.0331178    0.0354524     -1.24328      1.85836    0.0835609    -0.140585     0.274792   -0.0892091     0.151717     0.603682    -0.154559     0.398113     0.513676      1.94036    0.0157835     0.123601    0.0939548     0.165647  -0.00368203      3.35828     0.311465     0.578838    -0.547321    0.0127141     0.220468     0.501557    -0.152348    -0.165644     -6.56698     -1.61678      1.58578    -0.543241    0.0519927    0.0875898     0.416094     0.208462      1.78878      2.54471     0.781587    -0.203619     0.644959     0.915254  -0.00805072     0.134232    -0.130722    -0.194428    -0.203839     0.382459     -1.30918     0.195521    -0.506364     -0.30006     -3.86851    -0.267803     0.111349    0.0834514     0.211668     0.224582     0.113285   -0.0547673    0.0489714     -1.04014      1.24574    -0.313946   -0.0978324    0.0304147    -0.435889      -3.7172     0.172102    -0.690156    -0.433165      1.76519    -0.771383     0.933093     -2.49897    -0.626662     0.288133    -0.491886    -0.834504     0.714624     0.214141    -0.147049      1.28756    0.0682665    -0.312928      1.87732      3.19496      -3.0993    -0.666859    -0.614785     0.102044      -1.6057      1.33175     0.364851     0.189732     -3.28957    -0.142967     -4.36112     0.113858      0.59788   -0.0832987    -0.058867    0.0383469     0.391126      2.70858      2.29656     -0.12743      2.64641  -0.00231751   0.00784477    0.0508148     -1.63866     0.282403      1.89465      2.23001    -0.127757     0.835589    -0.269572     0.308949    -0.252007     0.833237    -0.849733     -1.03358    -0.419733   -0.0874172     -0.55664    -0.755277    -0.931829  -0.00428294     0.586578      3.13054     -2.02713      -0.4779    0.0523169    -0.739131    -0.171691    -0.875103    0.0448102   0.00706257    0.0539191     0.127081      2.08053      3.28483    -0.690247     -1.44295      2.27952     0.732575     0.132145      1.03992      1.56537     0.252012     0.427089   -0.0141819  -0.00978146     0.345493    -0.687897     0.410432    -0.524199    -0.642855    -0.125561     -2.67743     0.485168   -0.0987688    -0.155125    -0.214606     0.243916     -0.23197       1.6962   -0.0789688     0.767038    0.0256823      1.03823    -0.498944   0.00904537     -7.38198   -0.0612524     0.444263      1.81642    -0.143018     0.165936    0.0156851      1.03069   -0.0635038     0.434315    -0.126192     -0.12972     -1.83908    0.0546873    -0.220457     -0.77395    -0.794873    -0.841628    -0.305418
   0.0133302    0.0302985    0.0471199  0.000488441   -0.0931812     0.116655    -0.101335    0.0132566    0.0223666    -0.157454   -0.0148269   -0.0687861    -0.247445  -0.00977234     0.168752    0.0131691    -0.111985    -0.908332    -0.202075    0.0188776    0.0193669   0.00322528    0.0414592   -0.0507498    0.0110198    0.0872462     0.100657     0.183004  0.000552562     0.370764     0.421208     0.693522    0.0629891    0.0510627    0.0674518     -0.17928   -0.0148926     0.109624    0.0697034     0.109118   -0.0115897    -0.141197    -0.053032    -0.252571    0.0467438    0.0596463   -0.0789934  -0.00515644   -0.0999426    -0.349107     0.478834    -0.083637   -0.0719385    0.0137844    -0.124752    0.0142085     -1.30351      1.19669   -0.0876079    0.0401823     -0.16476     0.124757   0.00199223    0.0253773   -0.0523815    0.0455823 -0.000595445   -0.0383387   -0.0898147    0.0953502   -0.0193752   -0.0373606     0.200805   -0.0267994    0.0251534  -0.00203489   -0.0915266    -0.193913   -0.0097323     0.493996      1.79747    -0.168471     0.165949    0.0351916    -0.327898    -0.517013    -0.249296    -0.299442     0.317393    -0.124383    0.0158078    0.0507241    -0.257818   -0.0313243    0.0417886    0.0406962  -0.00149573       0.8281   -0.0266886    0.0942097     0.184238   0.00350754   -0.0679184     -0.39674    -0.129927   -0.0542885     0.170409    -0.138366    0.0546441    -0.130889    0.0197008    0.0612532  -0.00729299   -0.0210521    0.0115166    -0.052787    -0.103083  0.000437089   -0.0566338   -0.0487791    -0.312117   -0.0472369   0.00978444     0.181556    0.0342634   -0.0317586    -0.178505    0.0652375   -0.0192857     0.188127    0.0236719     -0.35422   -0.0721317  -0.00483446    0.0211094    -0.244324    -0.382659     0.894428     0.297785     0.019343    -0.149525    -0.119026     0.264148    -0.079506   -0.0718352     0.867863     0.127541     0.143088      0.13735    0.0270449    0.0463211   -0.0303928   -0.0146486    -0.563609   -0.0388844      0.13747    -0.235893    0.0288137    -0.241205    0.0408264   0.00368036    0.0349249   -0.0351483  -0.00324461    0.0253328    0.0304579    0.0387673    0.0265301     0.476618    0.0231719    0.0551322    0.0272495     0.234346    -0.116585    0.0448601    0.0527005     0.339474    0.0392966     -1.08207    -0.240793     0.128142     0.120405     0.214543    0.0835114    0.0343905      1.30279    -0.094565   -0.0775648    -0.105246     0.473839   -0.0338323    -0.117336   -0.0276766     0.270322     -0.18917    -0.147165    0.0331697   0.00394401     0.103377     0.125594   -0.0388206    0.0217712    0.0935642     0.114764   0.00371969   -0.0206884    0.0767843    0.0743263    0.0845232    0.0264844    -0.283459   -0.0780234   -0.0419272      0.07981    -0.140349   -0.0126391    0.0386105   0.00905178   -0.0284678    -0.133973     -0.28037     0.274111   -0.0309223     0.059327   -0.0602407    0.0383472    0.0745088     0.254639    0.0910932   -0.0899802     0.115088     0.012219    -0.135793     0.330029    -0.153303   0.00663592     0.195954   -0.0137312    -0.216494  -0.00656048   -0.0537664      0.14965   -0.0365777    -0.184126    -0.023864   -0.0490869    0.0317897    -0.024707    0.0549331     0.193375    0.0983919      0.47865    0.0600519    -0.146423   -0.0764135    0.0327705    -0.192221    0.0684321   -0.0441895      0.02187   -0.0089074    0.0949693    -0.019294    0.0502451    -0.181566    -0.108659    0.0196526     0.230723    0.0483423    0.0245459      1.48945    0.0557875     0.237956    -0.031597   -0.0756634    0.0248769    0.0951023     0.156656    -0.128941    0.0377641   -0.0513816    0.0660969    0.0517058   -0.0575638   0.00934822   -0.0459967    0.0262738    0.0499178   -0.0569642    -0.223047   -0.0222622   -0.0226177      -0.0769    -0.159628    -0.100709     0.131946    -0.452395    0.0241189    -0.798943    -0.166541
   1.78565
 -0.632209
   1.20639
-0.0272626
  -5.10908
-0.0357019
   2.46395
 -0.319692
   1.33882
0.00991634
