2 16 0.5 1000
1
1
9 300
     0.13637     0.339951     0.119912     0.237347  0.000652153     0.410344   -0.0363286     0.228933     0.200699
     0.30732     0.244896     0.370931     0.393592     0.521097      0.62723      0.14237     0.266141     0.457215
    0.189644    0.0530741     0.268367    0.0504001      0.44742       0.2414     0.180656     0.683164      0.57374
    0.426494     0.462743     0.466396      0.62207     0.381657     0.108214     0.736391     0.625826     0.411474
    0.179852    -0.330082    0.0160716     0.155211      1.31247   -0.0177535     0.285953     0.947539     0.990665
     1.96467       2.2875   -0.0699591     -1.72319      2.84991     -1.44735     -2.06272     0.636364       0.8263
    0.488396     0.194006    0.0438615     0.130123     0.258351      0.12304    -0.112245    0.0745932    -0.116354
    0.211509     0.132721   -0.0971817   -0.0338256    -0.060554    -0.147829   -0.0576738    0.0460141    0.0665567
    0.295305     0.197386     0.395089     0.296759     0.375648     0.193293     0.743517     0.313909     0.530288
     0.79584     0.182549      0.94364     0.749183  -0.00282566     0.133437     0.562292    -0.490685     0.096011
  -0.0225189   0.00847139    -0.123818     0.065164    -0.100609     -0.24559    0.0662845    0.0682608    -0.117362
    0.130193    -0.171394     -3.77312      1.22176    -0.206211       0.9715    -0.187626     0.274407     0.345126
   -0.337648    -0.922335    -0.441905    0.0116644    -0.257225     0.603351      3.49162    -0.631615    -0.167354
    0.545688     0.308696     0.341552    0.0304121     0.172194     0.270156    0.0827448     0.217205     0.492657
    0.853101     0.660072    -0.388091     0.335527     0.215301     0.597346       -1.366     0.762053     0.972274
     0.32737     0.166765     0.176466    0.0508241     0.159065    0.0551472     0.189822     0.176204     0.469064
   0.0942385     0.227275     0.267131     0.792734    -0.044998     0.303352     0.340345     0.187604    0.0223728
    -1.38199     0.969625     0.728059      -1.7482    0.0461228     0.535176     -1.29903     0.567998       1.4807
    0.382541     0.904835    0.0301193      0.45768     0.400217     -2.20262      0.30109     0.282282    -0.192038
    0.340149     0.166312     0.115306     0.176117     0.178406     0.249843    0.0117125     0.140965     0.381408
     2.16178  -0.00556558     0.282246     0.265501     0.147938     0.452545     0.136355    -0.398736     0.188531
    0.590376      0.59537     0.987394     0.671587     0.758886    0.0515023      1.16236     0.349818     0.152881
    0.343155     0.258164     0.638131   -0.0209884     0.244999      0.34182    0.0576331    -0.272473      1.02176
    0.550182     0.292015     -1.13529     0.453652     0.984588     0.176665    -0.670944     -2.90813     0.812234
   0.0169725    -0.416006    0.0717741     0.112079     0.113766   -0.0795467     0.351919   0.00526449     0.124579
  -0.0320636     -0.42144     0.427282     0.282715      0.73707     0.423903     0.589408     0.308027      0.48241
   -0.107903      1.48147     0.974071     -2.23255      1.37116    -0.141919   -0.0386387     0.822752     -1.34141
   -0.693251     0.198187     -0.86207      0.90601    -0.143534     0.712367     -5.05182      1.35854     0.855394
    0.259532     0.193007     0.384271     0.351897     0.213038     0.510629     0.144242    0.0462837     0.239265
    -4.18889    -0.801321     0.105515    -0.398771      1.13574     0.493911     0.983647     0.272711       1.1426
    0.556569  -0.00468961     0.980283     0.680024      0.20509      1.90912    -0.929301    -0.601277      1.13536
     2.29539      1.49994      1.21647     -1.04162      1.26703      1.48907     -1.72306    -0.210609       2.5232
   0.0312464      0.14985     0.437828   -0.0437402     0.336168    0.0436615     0.111404     0.513175     0.300236
    0.177763     0.347349     0.836108   -0.0296169     0.681193     -1.18724      1.23788    -0.144948    -0.953354
    0.461257     0.517097     0.125271     0.199927      0.26846      0.13292    -0.768275     0.150967     0.267332
     1.67949   -0.0208036     -1.25947      1.26996     0.365368    -0.316372      0.80294    -0.393986    -0.420865
    0.495184     0.538682     0.659816     0.805681     0.361727     0.728207     0.274209     0.175337     0.282659
    0.426802      3.04507  -0.00464086    -0.335761    -0.803107     0.380359     -1.79415    -0.811126     0.968176
    -2.13998     -0.71879     -2.84707     -1.77517      2.12943      1.63218      1.74056      1.54943      2.78699
     0.13719    -0.127163     0.548576      2.68063     -0.26605    -0.420996    -0.990036      0.56606    -0.546375
    0.202325     0.524976      0.52965     0.704148     0.130667     0.568557     0.412176     0.375908    0.0035775
    0.376808     0.520286    0.0554698     0.362523     0.587715     0.936881     0.975875     -0.19112     0.830722
   -0.331747     -0.34201    -0.806633      0.45077    -0.361598     0.292965      1.68732    -0.137543    -0.321581
    0.249231     0.381861     0.687427      -1.8434   -0.0274027    -0.679875     -1.26161      2.64412     0.673331
  -0.0677047    -0.560542    0.0742529    0.0814544    0.0764276     0.337508    -0.340229    -0.263911    -0.147606
   -0.400831     0.398523     0.432741  -0.00755362    0.0130306     0.535418    0.0247611     0.183871     0.210426
   -0.155098     0.348129     0.512017        0.657    -0.178178     0.534017     0.740223     0.352925   -0.0208431
    0.231865     0.198125     0.150624     0.175439     0.177435    0.0522637     0.170027     0.272503     0.170187
   -0.766415     0.930707    -0.164782      2.00887     -3.67223      2.78021     -1.03878       1.2157     0.236106
   -0.187595    -0.720454    -0.337469     0.842328    0.0888533      1.61016    -0.514334    -0.316917      1.30092
     1.77413      2.16736      2.25275    -0.283408     0.385038     0.165812    0.0846454    0.0928816    0.0659472
   0.0341905     0.132797   0.00668569     0.363409    -0.182564    0.0995948   0.00283811    0.0146516    -0.214587
    0.624258   -0.0828412     0.481904     0.175752    0.0936599    -0.152947     0.375229    -0.374467      0.23569
  -0.0881801    -0.251787    0.0589856     0.309345     0.322369     0.205038      0.21113    -0.244314    0.0310236
    0.664829     0.176636     0.622408     -1.05889    0.0801354     0.134686     0.233064   -0.0694554     0.422104
    0.229665  -0.00925998     0.266089      0.20833     0.453931     0.129651     0.294005     0.100835      0.31812
    -0.83545     0.975083    -0.897405    0.0603909     -1.48939      1.04768     -1.48613      1.06888     0.284819
     2.19037     0.490335       1.0315      1.81623   -0.0108114     -1.28744      2.31563    -0.483965     -1.58127
    0.138779     0.174211     0.253591     0.475253   -0.0361885     0.161556     0.367887   -0.0618021    -0.108971
     0.29177     0.299534     0.294203     0.117568     0.377154     0.419465     0.302883     0.545887     0.644972
    0.695428      0.69297    -0.557617     -2.08822     -1.50183     -1.25058    -0.969965    -0.359991      6.76012
    -1.20367    0.0535766      1.29556      1.96618      1.16434     -1.40155      1.33642      1.49728     0.467649
    0.143525    0.0389984     0.170814     0.321142     0.191989     0.295554     0.239385     0.182025     0.307453
      2.6921      1.95311      1.77722     -3.82892      1.14392     0.306862   -0.0729273     0.235001     0.551975
    0.434964     0.115988      0.60439     0.476391     0.201091     0.353212    0.0175325    -0.245231    0.0927488
   -0.233497     0.190747     0.220795   -0.0960673    -0.087974     0.269624     0.167994     0.146796    -0.113305
    0.275629     0.461457     0.370795     0.172037     0.178456     0.216432     0.144615     0.349151    0.0854972
    0.393545     0.160869    0.0655047     0.421537     0.464265     0.218284      1.09466     0.215019     0.574435
    0.448367      5.18288      -1.2294      1.72334     0.425125     -0.31888     -1.40896    -0.669488     -1.40118
     6.15253     0.155184    -0.912168       1.2943      1.97673     0.261052    -0.325551      1.14037     -1.30461
  -0.0647135     0.248012     0.315626     0.364297    -0.201787     0.663513     0.210595    -0.358437  -0.00848778
    0.203153      1.27305       0.1311     0.984298      0.62272    0.0691324      -2.0524     0.305105     0.467478
   -0.374911     0.902286    -0.215059     0.911282    -0.796677     0.596582    -0.909114   -0.0265367       2.3233
    0.356431     -2.58705      0.49436    0.0938158     0.320476      0.62242   -0.0830678    0.0263523     0.643195
    0.500417     0.471467      0.36911     0.724074     0.159167     0.641305   -0.0297202    0.0240999     0.515458
   -0.754842     0.809808     0.603535    0.0353559      1.55141      1.05584    -0.993333     -1.18444    -0.502727
    0.368145      0.71602    0.0478521     0.247457     0.176526    -0.416943     0.592303     0.375255     0.143993
     -2.2888     0.453389      1.55155     -2.22094      1.80712      1.70534     -2.63423     0.977752     0.824915
    0.127773    -0.607839    0.0981138     0.293959     0.288906     0.836898    -0.263057     0.523783     0.544904
  -0.0698632     0.868384    -0.217093      2.21132    -0.754976     0.866561      -1.2348    -0.826619      1.41732
   -0.693854    -0.063806    -0.704284      2.50902      1.97512      2.35146    -0.461261    -0.152977    -0.604907
   -0.692291    -0.445262      1.32006     -0.39672    -0.772703     0.970443    -0.570548   -0.0587702    -0.536822
      1.3568     -1.20678   -0.0659874     -2.55876      7.24647     -3.90117     0.663927       -2.053    -0.770752
     2.55387    -0.903979       1.5683     0.457598    -0.745746     0.222189      0.77194      -1.7326     0.721426
   -0.350877      1.02623     0.286929      6.77338     0.743683    -0.302093     -1.08686     -1.69044     -1.58907
   -0.167216    -0.997767    -0.549838      1.47924    0.0775312      2.22111    -0.759188    -0.166056      1.44537
   -0.427866    -0.105495   -0.0364025     -1.19684     0.541894      1.44091    -0.392271  -0.00676532     0.472181
   -0.383076     0.507924     0.554726     -2.25671    -0.175044     -1.76787     -1.06682      1.32809     0.523023
     1.33996     0.881981     0.576072    -0.678366      0.60432    -0.239343    -0.652252    -0.327928     0.935321
   -0.630056    -0.532852       4.5165    -0.753303    0.0586633     -2.10801     0.933035     0.646981    -0.362056
    0.401414     0.249076      0.30833     0.620586     0.621964     0.536347       0.3365     0.209545     0.372565
    0.221767     0.546614      1.65897     0.171472      1.74294    -0.719919      1.57671    -0.207789      -1.2606
   -0.880842     -1.73625     -2.15191     -1.50696      8.00739     -1.24487     -1.26227    -0.989869    -0.511926
    0.217894     0.971066     0.265073     0.335636     0.409228     0.344335    -0.192482     -1.65796   -0.0224278
  -0.0126599    -0.140552   -0.0551502     0.373593     0.220691     0.624087    -0.108713     0.032856     0.155274
    0.123747     0.325525     0.155948     0.527387     0.194504      0.65535  -0.00996037    -0.201785   -0.0968481
    0.167765     0.583137    0.0682173     0.195448     0.137142     -0.11223     0.225258     0.314022   -0.0929778
   -0.819161   -0.0270055      1.26411    -0.371968    -0.220073     0.769476       0.2806     0.329339      1.46598
    0.265469     0.174961     0.557791     0.343599      0.24527     0.522711     0.239129   -0.0640478    0.0748557
   0.0514182    -0.861059      0.42562   -0.0153603      0.20336     0.640312    -0.350668      1.22035    -0.446069
      1.2198    0.0904955     -2.53186      1.49683     0.440181    -0.388661     0.804201    -0.656359      1.07941
    0.203613     0.104452      0.15316     0.219074     0.121594     0.257398    0.0959105    0.0918832     0.191956
  -0.0294946     0.133265    -0.288867     0.295237   -0.0255465    0.0890839    -0.115424    0.0121744    -0.587848
    0.848357     0.935308     0.544542     0.904978     0.998534     0.480471     -1.53732    -0.621813     -1.85772
   0.0394181    -0.291468    -0.159058      1.21041     0.307202     0.854425     0.350873    -0.235475     0.517291
    0.270872      1.70651     0.894339     -1.30097      3.62648     0.356998     -1.53943     0.444919      1.38809
  0.00682768     0.369818      1.57439    -0.598142     0.859667     0.456959     0.411567     0.501504     0.990372
    0.739568     0.677806      1.04828     0.354899     0.636932     0.313346     0.513577    0.0454885     0.487075
    0.341158     0.417436     0.381218     0.129195     0.573923      0.21444     0.434325     0.637057      0.54832
    0.665007      1.12093      1.28642    -0.177135      1.89332   -0.0298707    0.0920769     0.349207    -0.450359
    0.190349      1.07266     0.363739     0.149674     0.291306     -1.09412     0.570371     -1.68628    -0.795873
   0.0824212     0.380972    0.0969969     0.292532     0.350645     0.111006     0.135638     0.447257    0.0390974
    0.322259     0.504163     0.373197     0.203412     0.342715   -0.0853341     0.622942     0.399127     0.213756
 -0.00294115    0.0631159     0.352554     0.500979     0.147391     0.538253     0.532861   -0.0940144     0.110737
    0.268943     0.248023     0.141807     0.391444     0.173166      0.63322    0.0599179     0.478842     0.524265
    0.139448    0.0934841     0.484669      0.56564     0.177454     0.224192     0.725227      0.31359     0.212042
    0.598817      4.24474     -1.51516    -0.953042     -1.36166     0.193818    -0.272101     0.838303   -0.0142187
    0.365113      0.32818     0.325628     0.142273     0.115524     0.255009    0.0445847     0.119346     0.343922
    0.135497     0.238181     0.212889     0.451384   -0.0695196     0.261524    0.0586962   -0.0944141   -0.0383434
   -0.242053    -0.125637    0.0284254     0.201063   -0.0620598     0.232147     0.918422     0.110249  -0.00757097
    -4.87249      -2.0917     0.418346      1.62637     0.971394      1.59515   -0.0191646    -0.339668     -1.00805
    0.182136    -0.689778      1.99904     0.204942     0.109831    -0.746763     0.178336  -0.00990947      0.42664
      0.3923     0.611746     0.261761      0.65443    -0.157092      0.73528     0.153063     0.728634     0.426845
    0.559791     -1.12643     0.604069     0.583741     -1.23942      1.75101    -0.895072     -2.60335     0.921358
    0.301845     0.402323     0.263236     0.140678     0.295415     0.357414    -0.151664     0.221555     0.239613
       0.295     0.374631   -0.0831187     0.215517    -0.110584    -0.338214     0.375774     0.228646    0.0345675
     1.63031     0.385536     -2.12403     0.878811      2.08139     -0.48549    -0.216296     -1.72593     -1.55589
    0.248058     0.643195    -0.207145     -4.61619     0.891567    -0.754839     0.324972      1.27084    -0.515755
    0.266921    0.0614889     0.287683     0.488385     0.355783     0.412544    -0.928097    -0.302992    -0.219016
  -0.0660085    -0.255527     -1.49719      2.45472    -0.416926      1.86064      1.85589   -0.0287689    -0.289493
    0.157629    0.0739707    0.0556284     0.310852     0.340669     0.317648     0.271383      0.47293     0.363132
    -1.36345       1.6185     -1.12734     0.779653      -2.7116     0.277314     0.963357      1.12998     -2.16083
    0.606558     0.608076     0.635041   -0.0258744     0.611205    0.0337934   -0.0904982   -0.0582935     0.226551
    0.115027     0.170933    -0.163145      0.16503    -0.197842      0.13492    -0.148264     0.285785    0.0703785
    0.539624     0.362092     0.646311   0.00558458     0.646954     0.103748     0.423678     0.321155     0.751487
    0.770443     -1.94721    -0.819637      3.48884     -1.16422     0.712333      1.78013     -1.82069      4.19093
     1.15044     -1.72987      1.31532     0.393188     -2.86873    0.0365281      1.32194     -1.68384     0.792966
    -1.52237   -0.0476812      1.52386   -0.0550198      0.07218      1.80774      1.28026     0.316002      1.09623
    0.711217    0.0365961     -1.22412     0.807929     -0.59141      0.33734     0.251477     0.247962     0.191055
       0.312     0.333717     0.461615  -0.00427307     0.332292     0.407602     0.117817     0.223905     0.574459
    0.372043   -0.0893293     0.823906    -0.542812     0.227293     0.279749      1.61795    -0.600895     0.890005
    0.352691     0.380776     0.230292      1.14191     0.152724    0.0786327     0.124359    0.0888205   -0.0307055
  -0.0298831      1.96799    -0.224429    -0.243255    0.0066116     0.270058    -0.345669     0.382271    -0.378224
    0.885774     0.999583      0.30077     0.415707      1.76032   -0.0162794     -1.56824    -0.677746    -0.870876
     2.20815      2.58013     0.624646    -0.176937     -1.81747     -1.90981     -3.89701    -0.305598     -1.57945
     1.08984    -0.395662     -1.98562     0.712196    -0.106837    -0.114992      1.99703      1.19895     0.939446
    0.236096      1.67042     0.267641    0.0983107     0.454498   -0.0493381      0.51676     0.747297     0.137062
     4.51436     -0.66768     0.201278    0.0447672     0.271598      1.27916    0.0659742    -0.681961     0.112904
    0.199745      1.52051      1.20062     0.141741    -0.588103     0.810484      0.62024    -0.708524     -0.78126
    0.332512     0.892178     0.401178     0.455672     0.235073     0.228561     0.212275      0.44021    0.0855147
    0.108532    -0.162823     0.245493    0.0818625     0.339068   -0.0716281     0.370851     0.288125     0.273761
    0.227594    -0.179291    -0.186724     0.581653     0.111345     0.379785     0.436312    -0.106719    0.0684962
    0.478953     0.628276     0.265925     0.131695     0.458889      0.17149     0.362594     0.597304     0.236896
     1.02136     0.564754     -0.29103     0.684739     0.834325    -0.252727     0.197051     0.213363     -0.87067
    0.389856     0.742475    0.0249697     0.467205   -0.0143634     0.066884   -0.0101972    0.0254468    0.0804302
    0.617697     0.618103       1.5942    0.0929386     0.868127    -0.256691      1.03197    -0.695405    -0.904353
    0.202238     0.437935     0.255973    -0.362524     0.568337      3.00324    -0.862052   -0.0398399   -0.0857715
    0.181258     0.350921     0.118866   -0.0781775   -0.0408899     0.419092     -0.35963     0.360681     0.546252
   -0.942999    -0.133918     0.956148     -1.30843      1.28459     0.650142    -0.568084    -0.455087     0.218026
    -3.01168      1.55135     -2.90979      2.40549    -0.147582      5.15361     -1.93858      1.93458     -2.02967
    0.285849     0.487729     0.467502     0.301535     0.378185     0.273895     0.388661     0.411637     0.203189
    0.050917    -0.276494   -0.0638954     0.129194      0.14486     0.220505    -0.135211    -0.214452   -0.0833253
    0.743497     -7.11943     0.219005      1.01855      1.55953      0.33982      2.24624      1.25021      1.06645
    0.236243     0.215253     0.265506      0.48709     0.203901     0.343399     0.406751     0.398273     0.302478
    0.243492   -0.0412467    0.0669342     0.206166     0.214868     0.226141     0.127625     0.010756     0.300274
    0.156095     0.118816    0.0821449    0.0875779     0.136324    0.0492778     0.265933     0.249402     0.213233
    0.181321  -0.00641854     0.318171     0.180802     0.396842      0.77648    0.0473617     0.183446      0.65484
    0.198976      0.22247   -0.0296974   -0.0962548   0.00093649     -0.38613    0.0210967     0.349408     0.219132
   0.0164252      1.25986    -0.252693     -0.19796     0.471598     0.181947    -0.508326     0.839282    -0.793881
    0.932066     -1.46594     0.329222      1.10099     0.572607     0.917515    -0.231113      1.18868     0.743673
     0.25048     0.471957     0.597903    0.0391801     0.347757     0.565207    0.0714383     0.369182     0.706893
    0.187941     0.299682     0.193988      0.15617     0.141653      0.27519     0.121977     0.312448     0.305168
    0.897148    0.0930419    -0.576712     0.713713    -0.286862     0.350893     0.312245     0.465509     0.516625
   -0.183185     0.235392     -1.42617      1.67513    -0.126547      0.57556      4.17087    0.0304826     -1.00967
    -0.57328      1.86705      0.12435   0.00552546   -0.0515718    -0.215083    0.0492055     0.582468      2.81052
   0.0780212    -0.123001    -0.109749    0.0439813     0.109925   -0.0376286     0.177439     0.356342      0.28342
   -0.189915    -0.458551     0.709853     0.108636     0.216509     0.583497      0.62116    -0.174274      1.42786
    0.202799     0.415898     0.258898     0.317052      0.27928     0.434631     0.100023     0.757309    0.0379566
    -1.28755     0.594157     0.514991     0.804841     -1.24567     0.709113     0.495336     0.800869    -0.923452
     1.56624      1.48772     -1.11568       1.1973     -1.25333     0.541639     -2.30787     0.263716     0.904309
   -0.572057      1.35905     0.597777    -0.761201     -2.49568     0.112003     -1.23959     0.801491     0.119112
       1.283       1.3606      2.12413     0.838504     0.476686    -0.786598       2.0998    -0.616919     -1.54068
     2.03673      0.77559      2.60535    -0.427014      1.34632     -1.08736      1.66758      -1.6714    -0.263627
     3.36977    -0.122933      0.21887     0.249245     0.208238      1.18901    0.0482896   -0.0162215     0.253899
   0.0689263    -0.880361    0.0937236     0.330686     0.682928     0.589947     0.826812   -0.0479202      1.04595
     1.38599     -1.72078     0.688112    -0.348184      1.74661    -0.449671      1.79012    -0.461826      1.89922
     0.56948     0.335996   -0.0476719     0.374125     0.261904    -0.352219    0.0270761     0.111385     0.272981
    0.232127     0.206215    -0.162282     0.845909    -0.195124      0.19987     0.224253     0.270849     0.145957
    0.212837    -0.891356     -1.36171     0.943183   -0.0193237    -0.404927     0.114237      1.87574    -0.575376
   -0.195372    -0.741439    -0.275498      1.59395      1.56733      2.34209     -1.35474    -0.509703     0.186596
    0.335977     0.117532     0.237821     0.624307     0.240177     0.418965     0.529691     0.173881     0.314955
    0.717926      0.86349     0.966946     0.118855      1.73254    -0.375383    -0.643998    -0.267539      -1.0653
   -0.282112     0.344853    0.0549263     -1.03678    -0.710559    -0.774869       4.3043   -0.0635505    -0.259733
     1.49584     -1.50541    -0.882156      1.72753     0.975086     -5.41407      2.28739      1.26906      2.74307
    0.440196      2.12476     0.565691     -1.19416    -0.258271     -2.27488     0.970701     0.519493      2.49943
    0.371726     0.816395      1.34429    -0.119585      2.07901     0.331475   -0.0538862   -0.0107216    -0.184136
     1.56796      3.44617    -0.104852    -0.869241      1.83223    -0.934002     -1.44252      2.22216     0.312253
    0.477929     0.299047   -0.0764639     0.488515   -0.0212469     0.290857     0.106713     0.277575      0.43756
      2.0868     0.259249      5.64595    0.0868334     -0.54036     -1.65509     0.777637      1.85413    -0.499312
    0.404882      2.09614    -0.168984     0.134244     0.883911     -1.10183    -0.293985    -0.052749     -1.27798
    0.551978     0.288442     0.332876    0.0521697     0.384261   -0.0720059    0.0544886    0.0264915     0.480277
   0.0728482     0.226856     0.126313    0.0938732    -0.124371     0.362909   -0.0632647   -0.0259211    0.0698887
    0.779385     -1.96552    0.0504927      3.38637     0.913373      1.59683      1.20568     -1.78646     -2.38373
   -0.021168     0.243371      0.18809    -0.503772  -0.00157257    0.0948592    -0.227989     0.131898     0.151396
     2.26877      1.78052    -0.283475      1.27046      1.56306     -1.12163    -0.159747     0.942254      -3.8557
    0.461414     0.579012     0.404478     0.461873     0.461073     0.264044     0.463973     0.512342     0.425472
    0.668972     0.612493     0.466876    -0.532285    -0.909799    -0.802305    -0.476453      5.09974    -0.692484
    0.290885     0.839924      0.38669     0.500431      0.28432     0.464265     0.132732       0.5212     0.143456
   0.0750823    -0.331469      0.70446     0.264308   -0.0593127     0.522543     0.362941    -0.175934     0.818863
  -0.0107863       0.2391     0.100093     0.152709     0.079739     0.291704   -0.0719763     0.128179    0.0933712
    0.199094      1.36142    -0.861555    -0.170254     0.681624    -0.563837      2.47212       1.3435    -0.479011
    -1.38009     -1.46018     -3.13051       1.8975      2.83752    -0.933461      3.57348     0.986232     -1.50743
   0.0151852     -1.82404      8.04248     0.308788     -2.30341    -0.581181      1.00017     -1.14917    -0.153641
    0.182422     0.194946     0.438327   -0.0541704     0.378135    0.0228006     0.303399      0.35911     0.423793
    -1.30764      3.40653       1.9896    -0.548187      1.30015      1.63681     -0.69342     -1.86744     0.391668
    0.519096     0.430036     0.589061     0.607395      0.58887     0.674233     0.537712     0.478302     0.775616
    0.359461      0.37776     0.478718     0.238211     0.566336     0.244133     0.572951     0.552155     0.575217
    0.442126     0.528109     0.415837     0.528724     0.287229     0.619683     0.226794     0.412339     0.506303
    -2.16134       1.2089    -0.983942    -0.244843     0.309036     0.304945 -0.000811462      2.27092      1.45014
   -0.265483    -0.600643    -0.499934     0.580728    -0.404092     0.461812     0.706373     -1.01913     0.192692
   -0.875542    -0.271941     0.686859     0.734379    -0.706965      1.53022      1.01765     0.348258     0.189646
    -2.25475      -2.7854     -1.39481      2.53368     -1.52632      3.64313      2.25293    -0.219352      1.35093
  -0.0818712     0.472253     0.422762    0.0435537       1.6453     0.187036    -0.566525     0.757422     0.682437
    0.177113     0.647663     0.242487        1.173    -0.201692    -0.376459     0.682286     0.717553   -0.0972421
    0.744173     0.701832     0.949205     0.270155     0.184869    -0.180501     0.513161    -0.147933    -0.179081
   0.0505979    -0.193036      0.11548     0.325889     0.177681      0.50644     -0.26541    -0.127123    0.0125329
    0.195677   -0.0281146   -0.0368493     0.278967     0.250438     0.248296     0.449773     0.423004     0.664289
   -0.650624     0.188037     0.545642     -2.25856     0.854681     0.463688     0.346555      1.28919      1.69237
   0.0712016     0.369368     0.529597    -0.444721     0.250311  -0.00519502   -0.0873287     0.325837     0.730746
    0.502291     0.248216    0.0945116     0.641069     0.323715     0.394325      0.20459     0.219203    -0.678643
    0.242766    -0.111444    -0.263033       1.2873     0.290212      1.36818     0.631195    -0.422982    -0.193768
    0.240355     0.113998    -0.038354    0.0146007    0.0186958   -0.0769354    0.0723648     0.179057     0.132252
     1.61109     0.629718     -1.64134     0.746631     -1.30662    0.0900318     -1.12946     0.923892     0.662841
    0.709853     -1.70502     0.575307     0.978869      1.35215    -0.486307     0.991704    -0.707257     -0.41414
    0.765043     0.351689     0.374079     0.112938     0.308518     0.168146     0.132055    0.0626854    -0.516561
    0.884653    0.0399772     0.515617   -0.0605133     0.113469   -0.0242516    0.0580475    -0.594651     0.326536
   -0.507586     0.248944    -0.419108     0.203861    -0.278753     0.481004     0.949798     0.139472    -0.195798
    -3.78434       1.8922     0.630931      2.36215     -2.76631    -0.742811    -0.757172     0.754528     -1.83901
     2.50487     -2.22568      2.61811      -2.5044     -3.43454     -2.74233      1.66287     -2.05443      2.13713
   -0.789684    -0.475425     -1.08566   -0.0770098    -0.261506     -0.32714    -0.661266      3.31307    -0.417551
    0.130183   -0.0295008     0.068482     0.538209     0.109784     0.249271     0.321245     0.169536      0.18124
     2.71866     0.608761      2.37654     0.675465      1.67521     -1.69465      3.29793     -2.79511     -1.52789
  -0.0106828     0.367609     0.483957    -0.257073     0.726289      0.30092    -0.325675     0.257946     0.202927
     1.36231    0.0930144    -0.321436     -0.77538     -3.06057   -0.0790728    0.0431961     0.400795     0.566258
    0.260277     0.215082     0.286319     0.342549     0.214227     0.119598     0.363861     0.267241     0.208642
    0.165651     0.154542    0.0605342    -0.270756  -0.00581464    -0.233661    -0.204429     0.930419    0.0291382
   0.0401378    -0.130182     0.131625  -0.00967619     0.150252    0.0147186     0.114675   0.00775297    0.0913502
    0.231147     0.226968     0.372122     0.210308      0.14568     0.170465     0.219871    0.0727387     0.137393
    0.692274    -0.113673    0.0930673       1.0116      5.53041    0.0520314     0.421842     0.366278     0.804456
     4.26451     0.645956     0.461533   -0.0749082    -0.190432    -0.478285     0.375364     0.122232      4.43311
     1.84925     0.613469      2.26327     -2.81631      1.71568     0.289961     -1.41882     -0.32295       2.6391
     1.20972     0.169065      1.00978       1.4351   -0.0235724   -0.0523176      1.46084      -1.3249     -1.58024
   -0.598749    -0.638919      1.87783     0.445846    -0.351628      1.04779     -3.97154     -1.06941    -0.314301
    0.403708      0.18961    -0.264813      0.45467     0.137618    -0.511858    -0.144071    -0.286198    -0.199507
    0.425248     0.111054     0.448151     0.502422   -0.0271202     0.216769      0.15423    -0.323962    0.0997209
   0.0813157     0.460861     0.603237    -0.216068     0.194335      0.20931    -0.466694     -2.62154   -0.0522944
     4.11032   -0.0392674      0.14794     -1.12843     0.311837      -1.2014    0.0284834       1.6806    -0.010074
    0.496886     0.344276     0.909857    -0.210185     0.499446     0.905018    -0.139689   -0.0100772     0.984769
  -0.0919927   -0.0212285   -0.0550272     0.330268   -0.0387921      0.18302    0.0777704   0.00619649     0.021287
    0.240012     0.446675     0.199882     0.199952     0.212465     0.208069    -0.128662     0.312297    0.0652174
    0.157408      0.19105      0.12909     0.191648    0.0523376     0.114714     0.146657     0.172975    0.0406822
 -0.00238285   -0.0170591      1.76405     0.190053     0.669268      2.19575      0.31467     -4.79648      1.80642
   0.0203309     0.288966    -0.587314     -0.24991     0.350308   -0.0318046    -0.223352      1.14168      0.37918
  -0.0976606     0.199406   -0.0915499    0.0337047    -0.097823    0.0254415     0.213116     0.286933    0.0309289
  -0.0536657    -0.547021    -0.118059     0.950541     0.662452     0.744062     0.807129     0.112406     0.240598
    -1.10789     -3.41732    -0.357897     0.998328     0.959484     0.296414     0.485551      3.76974     -1.04436
     0.27085     0.236211     0.559615    0.0962102     0.672866     0.215786      0.32127      0.36343     0.398429
    -1.88882      2.15692      2.13085    -0.164619     -1.58556     0.808487     -1.01866     0.481597     -2.75449
  -0.0721277      0.30502     0.198394    0.0810354   -0.0581371    0.0915691     0.363696     0.206512    0.0366968
    0.144138     0.108354   0.00912809     0.016884   -0.0629212    0.0743258   -0.0430578     0.240846     0.159744
   -0.181174      2.12771    -0.520897    -0.674476      1.51183    -0.499147    -0.517361      2.13271    -0.221594
    0.211027    -0.337715     0.440555    -0.216311     0.167477    -0.306969     0.208785    -0.319463     0.209909
   0.0917946    -0.280177   -0.0126896      1.06636     0.698035      1.37348    -0.422001    0.0834154     0.388834
    0.168832      0.19168     0.280097    0.0120942     0.139374    0.0805765     0.129507     0.127056    -0.129435
    0.284177      1.03474   -0.0611557     -1.70987   -0.0295279      -1.3286      3.36964     0.362338    0.0859653
     0.15943       0.3208      0.38711   -0.0506107     0.176225     0.215139   0.00984318     0.161166     0.166895
   -0.835845    -0.192971      2.03138     -3.73329    -0.181278      1.35242      1.19339     0.264028      2.02258
    -0.12598     0.285097    -0.936666     0.878178     0.314939     0.849336   -0.0752347    -0.256335    -0.459105
  -0.0830825   -0.0733059    -0.495265    -0.209537    -0.599477      6.10864    -0.526364    -0.754847    -0.450761
     1.14922      1.24443    -0.922193      1.28056     -1.68666     0.269964    -0.332798      1.05705    0.0264635
    0.184495   -0.0606007    -0.330244     0.795139     0.515427     0.607267      0.52953     0.183684     0.244636
    0.445788      1.03219     0.769418      1.13267    -0.539795     0.988135     0.699688     0.183462     -4.88999
   0.0560572     0.136991     0.107545     0.049474     0.235318     0.184814    0.0476592     0.681962     0.305766
    0.483295     0.430973     0.765836      0.22067      1.70784     0.800507     0.183626     0.380005     0.766184
    -4.48421     0.743411     0.632458     0.032754    -0.353845    -0.811133     0.356022     0.430661     0.540547
    0.375089     0.593514   -0.0899414    0.0805488     -0.30657    -0.371815    -0.198073     0.101519      0.15955
    0.252387    0.0791551     0.471461      0.27916     0.541254     0.552697     0.178679    0.0811316     0.353332
   0.0557678    -0.242762     0.281666   -0.0609228    0.0697584    0.0841997    0.0811342    -0.174253     0.163094
     1.79176     0.389558      -3.8677     0.588715    0.0269733     -0.37127      1.18536      0.82357      1.05822
    0.437952     0.246261     0.287319    -0.460407     0.174324    0.0363627      1.46894    -0.307248     0.825832
      0.3475   -0.0777593    -0.121092     0.442193   -0.0237944    -0.547389      1.15123     0.189143    -0.183934
    0.321817    -0.524757     0.103919     0.119975    0.0536872    -0.117117     0.653798    -0.311668     0.258738
    0.294153    -0.185977     0.325402     0.182803    -0.062624   -0.0193172      0.22323    -0.348374    0.0816058
     1.59023    -0.239116      1.11155      1.05055       1.1651     0.591528    -0.245288   -0.0515814     -2.04895
    0.227546    -0.427698     0.942826     0.341774   -0.0225633    0.0700329     0.127699    -0.274108     0.367005
    -1.42755     0.583936    -0.236651      -1.7975     0.626672      4.41694     0.502347       1.7805    -0.146987
    0.916841     0.448157     0.445643    -0.117311      1.00128      0.03863     -0.72886    -0.742693      -1.4454
    0.576493     0.737963     0.878409    -0.613424     0.635977    -0.569222      0.20981     0.623151     0.786746
     -1.7041     -2.55279     -1.70415     0.447237      1.89379    -0.760106      1.18003     0.829606     0.555217
    0.710136     0.801637     0.544987    0.0447198     0.176848    -0.499829     0.310798    0.0916086     0.300889
 -3.36719
 -3.30952
 -3.37722
 -3.20251
 -3.59483
 -3.67148
 -3.58788
  -3.5216
 -3.44101
 -3.48767
 -3.55962
 -3.82653
 -4.31786
 -3.45689
 -3.84714
 -3.46188
 -3.36439
 -4.01949
  -3.5064
 -3.40241
  -3.7961
 -3.20522
 -3.65554
 -3.75836
 -3.54092
 -3.36835
 -3.94374
 -3.55339
 -3.39262
 -4.54007
 -3.60834
 -4.49134
 -3.52465
  -3.6963
 -3.67017
 -3.91101
   -3.262
 -4.12284
 -4.13182
 -4.64005
 -3.39164
 -3.70586
 -3.73201
 -3.74125
 -3.65556
  -3.4684
 -3.43673
 -3.41411
 -3.16385
 -3.56025
 -3.66659
 -3.55579
 -3.59139
 -3.51025
 -3.80202
 -3.37114
 -4.03613
 -4.72936
 -3.40536
 -3.28654
 -3.35695
 -4.50702
 -3.39523
 -4.12826
 -3.50415
 -3.54964
  -3.4086
 -3.48461
 -3.77418
 -4.66342
 -3.45621
   -4.391
 -4.26909
 -4.05109
 -3.35591
 -3.74268
 -3.45689
 -5.23195
 -3.60737
 -4.45293
 -5.46855
 -3.99702
-0.433091
 -4.27122
 -4.68008
 -3.83774
 -3.92705
 -3.78277
 -3.68176
 -5.18185
 -3.21506
 -3.52626
  2.19812
 -3.57567
 -3.55691
 -3.41577
 -3.47069
  -3.7605
 -3.52995
 -3.91678
 -4.01304
  -3.4275
 -3.65551
 -4.24909
 -3.45492
 -4.18003
 -3.33781
 -3.07642
 -3.28289
 -3.45547
 -3.93851
 -3.47486
 -3.41499
 -3.49626
 -3.33316
 -3.43977
 -3.34023
 -3.46859
 -3.45462
 -3.62429
 -5.05592
 -4.21163
 -3.21163
 -3.56135
 -3.43796
 -3.51544
 -4.73079
 -4.13746
 -3.75576
 -3.10975
 -3.39559
  -3.4482
 -3.36984
 -3.50019
 -3.33038
 -2.83022
 -5.58356
 -4.11647
 -3.63108
 -3.31449
 -4.08075
 -3.42886
  -3.6342
 -4.24213
 -2.75346
 -3.89826
  -3.3708
 -4.49201
 -3.50626
 -3.31576
 -3.41525
 -3.54623
  -3.5346
 -3.66591
 -3.39327
 -3.44644
  -4.1325
 -3.48463
 -3.88868
 -1.35925
 -3.33537
 -3.60275
 -3.46719
 -3.33921
 -3.44503
 -3.45237
 -3.36155
 -3.52003
 -3.90976
 -4.10627
 -3.32033
 -3.37756
 -3.47688
 -4.22109
 -4.24596
 -3.50785
  -3.7646
 -3.46937
 -3.67276
 -4.56958
 -3.61345
 -3.63927
  -3.9142
 -4.14995
   -3.538
 -4.16557
 -3.41883
 -3.32347
 -3.85507
 -4.29232
  -3.3426
 -4.04015
 -4.18473
 -3.34997
 -4.41297
 -3.44629
 -3.77486
 -3.36093
 -1.79606
 -3.73796
 -3.40319
 -3.51266
  -2.7523
 -3.51892
 -3.66736
  -3.2242
 -3.78353
 -3.35338
 -3.69121
 -3.43347
 -3.85329
 -4.67477
 -4.51316
 -3.39119
 -5.23034
 -3.22926
 -3.26834
  -3.2405
 -4.07804
 -3.72743
 -3.37433
 -1.91235
 -3.93342
 -3.32507
 -3.35114
 -3.57238
   -3.419
 -3.83123
 -3.50287
 -3.50402
 -3.57387
 -3.51546
 -4.40215
  -3.7778
 -3.59959
 -3.62296
 -3.89238
 -3.40942
 -6.45858
 -3.76536
 -3.39719
 -3.70769
 -3.57739
 -5.46707
 -3.36893
 -3.63001
 -3.48952
 -3.42333
 -4.24698
 -1.12166
  -3.5315
  -3.8397
 -4.40371
 -3.51769
 -3.45532
 -3.50497
 -4.54475
 -3.24669
 -3.47029
 -3.48233
 -3.46451
 -3.79929
 -3.67666
 -3.52434
 -3.47789
  -4.2827
 -3.24022
 -2.88658
  -3.4878
  -3.4818
 -4.79778
  -3.6508
 -3.62979
 -3.55249
 -4.36893
 -3.42251
 -3.81903
 -3.69815
 -4.81819
 -3.86789
 -3.40851
  -4.9109
 -3.48471
 -3.10047
 -4.09506
 -3.53862
 -3.33069
 -3.58386
 -3.90997
 -4.07463
 -3.60972
 -3.67177
 -3.59187
 -4.69211
 -3.70271
 -4.57441
 -4.25275
 -3.48698
 -5.28247
 -3.46452
1
4
300 10
   0.0247365     0.223455     0.474797     0.424064      1.23875     0.577626    -0.438662      -0.2485     0.323458     0.279544    0.0519497      1.05757     0.942763    -0.287643     0.105227   0.00202557     0.401483     -0.37974    0.0631006    0.0275872     -2.40796       0.8199    0.0489109     0.069822     0.275484     0.427004     0.798439    -0.546912     0.180945     -8.42946     0.237325      1.37024     0.163827     0.319988   -0.0484593     -1.23426      0.23836      0.91224      2.07184    -0.223382      0.62215     0.371054     0.837074     0.482053     0.107846    -0.448798     0.541586     0.161422     0.614714    -0.290047     0.203534     0.507044    -0.118829    -0.052297    -0.479934     0.281238    -0.463136     0.350001     0.590029     0.435697      1.56413     0.333387    0.0452648      1.34443    0.0697621     0.184405     0.235227     0.494597   -0.0105045     -8.13968     0.408152    -0.218068    -0.525592     0.331184    0.0218662    -0.410331   0.00354063     -1.44733     0.451523    -0.149897    -0.186043     0.662239      2.21494     -4.29348    -0.414574      0.27363       1.1341    -0.687787    -0.255695     0.515216     0.264218     0.401835      -1.3376     0.410166     0.233308     0.100919    0.0262281     -0.14229      0.10489      1.08668    -0.085284    0.0180728     0.095525    -0.870448    -0.047256     0.965968       1.0282     0.678459     0.557427     0.271661     0.329624     -0.11865     0.330049     0.134608     0.271267     0.553024     0.332716   -0.0140546      0.11931     0.149456     -7.43358    0.0224846     0.169055    -0.877206     0.136911     0.100571     -1.71515     0.542491    -0.245325      1.20053     0.378054      1.89974     0.249335    0.0478093     0.553278        1.273     -3.34755     -1.48057    0.0840387     0.453698     -0.40334    -0.100038   -0.0183568   -0.0747948    -0.704149     0.819655     0.160559     -7.70964      1.64741       0.2198     0.400915     0.624772     0.321489    -0.735881   -0.0923938     0.824496      1.83205    0.0177275     0.108689     -1.94342     0.343667      0.13656      1.16193      0.32575     0.212752     0.150658      0.43809    0.0416637   -0.0285731     0.727018     0.270312     0.142212    -0.192888      1.57769    -0.995785     0.361219     -0.23488     0.530997     0.262297    -0.187849     0.813233      1.32857      1.39316     -5.16145     0.439841     0.549542    0.0365576     0.148253      0.78099    -0.302833     0.344978    -0.303553      1.43347      1.82497    -0.116413     0.250134      0.56348   0.00150583      1.07364    -0.981705     0.319746     0.140167     0.267656     0.216395     -2.82711     0.273765     0.394494      0.18464    -0.627364    -0.292504    0.0755912     0.017283      1.70931     0.242433     -0.60158     0.368867     0.515235     0.151587     -2.66432    -0.107502    -0.160054      1.72319     0.141311     0.593051     0.317163     0.196082      0.30309      1.25087   0.00597405    -0.147686     0.649655    0.0479388     -1.51251      1.16472    -0.429259    -0.518483     0.132089   -0.0329751     -3.82558      1.04645     0.351426      2.45711    0.0231731     -3.44204      0.31652    -0.104567     0.134461     0.190266    0.0147609      1.18722      3.04487      1.32793     0.597657    -0.536537     0.109003     0.503825     -5.85161     0.801322    -0.228862    0.0513235     0.101643      2.11094      0.46229     0.010695      0.52658      2.87182     0.388179       2.4781    0.0982993    0.0113561    0.0687972    -0.214732     0.203098     0.115269     0.199556     0.309054   -0.0102006    -0.164579      1.33227     0.288725     0.420155      2.46008     0.225864     0.763738     -10.0037   -0.0920904      0.26081   0.00504496     -0.40691     -0.29322     0.476225     0.127522    0.0702378     -1.96243    -0.112042      1.79109    -0.204976     0.275288     0.816381      0.15155
   -0.209396   -0.0789858     0.119217    -0.114874      1.05966      2.98961     0.100857   -0.0887788    -0.322345     0.859779   -0.0474186      1.31395      1.30105     0.145573     0.349451   -0.0701157   -0.0547872     -1.31807     0.144384   -0.0828936     0.675015    -0.163826     0.374843     0.334325    -0.500537    -0.474942      0.12937        1.532    -0.143526      1.63764       -0.182     0.830465    0.0910018   -0.0175058     0.488767    -0.893026    -0.111745    -0.875681      3.58863     0.545744    -0.114958      0.23307      0.69257     0.234378    -0.764606     -0.57888    -0.150693    -0.125914   -0.0572662     0.135093      2.09866   0.00985385     0.513456     0.183251     0.637007   -0.0475704     -1.68295     0.809891   -0.0172531   -0.0101152     0.596089      1.36664  -0.00544998       1.3158        0.147    0.0603067     0.126666    -0.290742     -7.02349       1.7558    0.0660053      1.78873     0.139312     -4.21836     0.299137     -1.28207    -0.696571    -0.759204    -0.960119      1.03943      0.68745    -0.610685      1.57077      2.33973      1.71908    -0.761533     0.163058   -0.0683584      1.35368      1.49659    -0.145855    0.0644855     -1.38078     -0.18157   -0.0692017    -0.424783    -0.432744    -0.442282    -0.020492     -1.33075    -0.946493    -0.220649    -0.146772    -0.777435     0.563442     0.664439     -0.21883     0.202457   0.00550997     0.265161     -1.14911     0.131808    -0.249054   0.00895255    -0.131814    -0.279303     -5.81576     0.140008   -0.0280573     0.271736      2.43093    -0.918517    -0.186267      2.68119    -0.058289    -0.443155    -0.386704    -0.456246    -0.151311      1.02388       0.2764     0.761949     0.325544   -0.0766194    -0.106123     0.815005      1.20259    -0.677402     0.198116    -0.265376     0.193109   -0.0107719     -2.08239    -0.418167     0.988345     -0.81236     -1.28258      1.11654    -0.886861    -0.363565    -0.281521    -0.206545      0.19169    -0.406661    -0.647806     0.339066    -0.890346   -0.0785908    -0.806845      1.27188   -0.0152382    -0.354093     -10.3685    -0.163714    -0.149188   -0.0669552   -0.0608909     0.052658     0.064838      -2.3788    -0.255736    -0.147823    -0.299917      1.28876    -0.827386     0.075997     -0.21613     0.214941    -0.827314    -0.526182    -0.984522      1.08479      1.52206     0.873773    -0.500016     -1.01311     0.339921     0.214328     0.422873     -1.56965   -0.0539936    -0.294211     0.211139    -0.335382     -1.62369     -0.22806      2.07914   -0.0995999     -2.12707     -2.47348     0.378125    -0.215454     -2.06201    -0.139531     0.868867    -0.249355      1.94957    -0.268695   -0.0107488    -0.116133     0.501259     0.756291      3.65352   -0.0944396     -5.92489    -0.291591     -0.14336    -0.232492      2.13219      1.11259   -0.0250186     0.631121      1.10059    -0.227319     0.521252    -0.399607    0.0494925     0.335914    -0.080233    -0.138279    0.0277486   -0.0350804    -0.985642     -3.10589     0.439239     0.846657     0.251075     -2.25505      1.42063      1.11337   -0.0427478     -0.12498   -0.0373337    -0.429919   -0.0411978  -0.00786395    -0.235183    0.0413528      1.32834      1.28618     0.559775     0.871468     0.129452   -0.0247936     0.541681       1.1718      1.84031  -0.00388083     0.170445    0.0400276   -0.0355336       2.8039      1.02282   -0.0790296      0.13256     -1.49544    0.0157329    -0.967777    -0.284862    -0.276229      1.37367   -0.0375064    -0.454608    0.0332978     -1.07346 -0.000572585     -1.37176     0.266181     0.816205     -1.14221     0.409409     0.068156     0.264659    -0.144797      1.05927     0.050828    -0.427058    -0.257108    -0.624085    -0.228187    -0.234823   -0.0271306     0.236048    -0.777726    -0.346964      1.23891     0.121801     0.127508       3.1318     0.370378
  -0.0894308    0.0724658     0.204764     0.249781     0.414033     0.362534   -0.0368346   -0.0195087   -0.0968842    -0.410102    0.0885285     -6.39442     0.602064    0.0779256      1.39135    -0.031768      0.01169    -0.391707      1.15267    0.0195807   -0.0456557     0.380253     0.285597    -0.798504     0.119309     0.725705     0.774218      1.65783    -0.189211      3.14619     0.332671      1.72052    -0.155529      1.63143     0.390353    -0.362591     -0.16326      1.11211     -3.04153      1.11334    -0.184355    -0.520459     -0.50332    -0.397242    0.0578807    -0.345088    -0.268889     0.144825     0.974854     0.828003     0.862833    0.0839154    -0.282124     0.306769     0.304179     0.347537     0.533897      1.47805    0.0252464    -0.221809      1.12528      1.05139     0.224299      1.55822    -0.537204    0.0553766    0.0445008    -0.148689     0.292407      1.55336    0.0243247     0.557044      1.75575     0.823732     0.386371    -0.232679     0.339514     0.093247     0.483492      1.83695     -1.29853     -1.46878     -2.01137    -0.250561      1.94063     0.583838     0.148458     -1.69716     0.408915     -7.41486    -0.179832      1.90224     -1.42828     0.223307   -0.0333888    -0.362044     0.167215    -0.198731   -0.0272152    0.0556457     -3.34189   -0.0740502    -0.221381     -1.18344    0.0108406     -1.14066    -0.122639     0.290573  -0.00168518   -0.0335935      1.63213   0.00229121     0.296851     0.151334     0.166336    -0.273205      0.20641     0.124737   -0.0268454     0.306452       2.1734     -2.49193     0.249319       1.6426  -0.00529158      0.10591     -1.12165   -0.0212214    -0.336691     -1.70722   -0.0247019     0.520635     0.249279     0.203204     0.208009      2.13223    0.0360176    -0.226111     -1.39989     0.183618     0.308234     0.274896   -0.0131432     -1.14146     0.302304     -2.91408     0.444602      0.41266      1.35233     0.398803     0.304129     -0.38449   -0.0209311     0.178241     0.299437      0.39051     0.208072     0.482308     0.358315     -2.74527     0.162941    -0.165123      2.92007    0.0374617    -0.120728   -0.0648208     0.358869    0.0896261    -0.250905     0.204301     0.138308     -0.14402    -0.413589    -0.236622     0.921963   0.00306802     0.439313    0.0359119    -0.456416      3.15317      0.22803      1.73949       1.6159      0.18781     0.537257     0.924806     0.411325    0.0354479     0.756641    -0.633028    -0.164385    -0.425109     0.885879     0.577134    -0.418481    -0.240612     0.778083     -0.10321      3.59119     0.542409     0.163717    0.0990133     -2.18278    -0.108281      1.46311     0.179295     0.280049     0.181367    -0.281275    -0.131984   -0.0987767      0.18214     -12.3794   0.00967713     0.489159    0.0209253    0.0782507     0.134946    -0.160548    -0.329307     0.403758      1.26571    -0.591995     0.535938     0.289723    0.0224903    -0.292039    -0.422126   -0.0402602    -0.102122    -0.477261   -0.0684912      1.63907      0.73174     0.238641    -0.182758    -0.385076     -1.40127     -3.50407      1.16919     0.106722      2.79745    -0.337264     0.332244    0.0442807    0.0590844     0.117187   -0.0972236     0.626219     -2.88229     0.755076     0.216735     -1.78202     0.354906    -0.136139     0.487267      1.01651     0.265881    0.0748711     0.127666   -0.0541927    -0.214503    -0.606874    -0.320716     0.448092      2.70304     0.225112      0.11234   -0.0745243     0.101769     -1.72455    -0.334877   -0.0285648     0.194309      0.91625   -0.0636154     0.633469     -1.76311      2.01756      1.59552    -0.495295    0.0574785    0.0738671   -0.0443736      1.33032      0.64657   -0.0246789    -0.213448     -6.43451   -0.0848613     0.176387    -0.245716    -0.475248    -0.170897     -1.00439      1.63976    -0.507588    -0.354968      2.23996     0.583102
   0.0920676     0.231763      0.11582    -0.102019    -0.100373    -0.372794    -0.023323    0.0231862    0.0354296    -0.481415  -0.00288938      0.68205      1.19501    -0.219029   -0.0582864     0.227863    -0.506199       1.2608       1.2123    0.0819084     0.365485   -0.0712907     0.100267     0.841024   0.00301258    0.0601679     -3.58484      2.34433   -0.0255272      1.51015    -0.417287     -1.42786     0.350005    -0.207748   -0.0672712      1.66444     -0.20009      1.05025    -0.797425      -3.9166    -0.163032     0.406581     0.741017      1.85344     0.336855     0.316167    -0.352655     0.135677     -2.02065    -0.100225    -0.616559    -0.264565     0.318964    0.0970211      -1.6303      0.10295    -0.493384      2.39152    -0.160101    -0.347743      1.69632      -3.5173   -0.0664786     -5.79468    -0.203997    -0.488955    -0.141303     0.400888     0.382123      1.58516     -0.17378     -1.28089    0.0884674     0.198444    -0.621948     0.890873      0.46576      3.31764     0.250134     -2.56895      1.79684     0.496381     0.397646     0.433902     -10.5842    -0.843877    -0.902929      2.85225    -0.179397      3.41165      0.28038    -0.556704     -1.67697     0.392778     0.427671     0.385372   -0.0864712       0.2654   -0.0114266     0.892373      1.65226   -0.0312983   -0.0402422     0.844588    -0.134876      2.87329     -0.26314   -0.0400533    -0.320137     -0.27698     0.124199  -0.00388239     0.177506    0.0154705     0.128689    -0.143773     0.726152   -0.0203956     -0.33449    -0.108922     0.707598      1.08513    -0.242523     -1.80667     0.176642      0.51287     0.201636     -7.06407     0.210982      2.36715   0.00387114     0.742915    -0.626415  -0.00468618     0.180544    -0.938976   -0.0527089     0.474127     0.412255    -0.074375    -0.809978    -0.959656    -0.259684     0.747154    -0.586705      1.26417   -0.0137312     0.917962     0.207411    -0.190226      0.16779     0.373044   -0.0986977     0.342695    0.0371339     -0.63591      1.55876    0.0903227     0.685809      1.79907     -0.22388     0.328304   -0.0396358   -0.0114967    0.0748172   -0.0803118     0.174432     0.389116     0.144136     0.142357   -0.0293111   -0.0397262     0.322783      2.20227      1.51441    -0.130563    -0.578076     0.172095    -0.288052     -2.22006     0.955224    -0.152695     -0.82235     0.530371    -0.342053    -0.681536   -0.0898808    -0.444228    0.0214601      2.28106    0.0369904    -0.189367     0.546739      2.65449      3.44524     0.315986     0.291306      0.10512     0.114032 -0.000632159    0.0217437   -0.0648047      1.89064     -0.12211     -0.58951   -0.0200265     0.872851    -0.179394    -0.203122     0.126559    0.0864675     -1.41862    -0.234368     0.152515      1.65854   -0.0836665    -0.269729    -0.107313       0.6026     0.424523    -0.770309     -2.10372       1.6017    -0.636199    -0.100812     0.215045    0.0662096     -2.73882     0.562615     0.377481      1.29845    0.0484401     0.091921     0.386047    0.0971708   -0.0335561     0.217224     0.100086      3.67865     0.773996    -0.273053    -0.373042     0.832826      1.07573   -0.0239661     0.507022    0.0643902    0.0305234      1.85272     -1.50415     -1.16006     0.448156     0.905595     -0.22272    -0.433821   -0.0012491    0.0167291     -0.31513   -0.0106409    0.0873062   -0.0168745     0.907504    -0.264769   -0.0238234      0.34963     0.546973    -0.216323  -0.00756926    0.0434528     0.159286    -0.924644    0.0843296     0.414587   -0.0102971     0.190039    0.0447027     -4.44141     0.640286      1.05424   -0.0929766     0.389314     0.202434    0.0969931        0.801      1.12115     0.497886     0.341268   -0.0116553     0.600237     0.137421      0.72285     0.360044     0.106104      1.56207   -0.0215797    -0.727165    -0.523618      1.09218     -1.81112     0.685616
   -0.405221    -0.833907    -0.587942    -0.562214     -2.19792    -0.967443     -0.40452    -0.221886   -0.0565279    -0.228664    -0.234039     0.720733     0.857014    -0.138372     0.325867    -0.199087    -0.395829    -0.554805    -0.290026    -0.418606     0.442075    -0.366882    -0.101711     0.175458    -0.226111    -0.969642     0.653518      2.39917    -0.390485     0.269698    -0.498525    -0.389589    -0.455533    -0.147051    -0.145747    -0.242034    -0.516429      1.72582     -1.24911    0.0840507    -0.207675    -0.281027    -0.101267    -0.283586    -0.329002    -0.422346    -0.267959    -0.414782     -2.29874    -0.219346    -0.490639    -0.304766    0.0406072    -0.849927     0.258942    -0.861531     0.524324    0.0629283    -0.436749    -0.560266      2.02376   -0.0035096    -0.497097     0.108805    -0.133035    0.0438798    -0.313989    -0.303763     0.253864    -0.435826     -0.41203     0.241831    -0.429883     0.493603    -0.553138     -1.71584     -0.32122     -2.22591    -0.250288    -0.230298    -0.912406    0.0598799      3.46751      1.28712     0.430899     0.176909    -0.602532    -0.497383     0.105687     0.921566     -1.12426    -0.775151      8.72178    -0.854834    -0.365637    -0.463302    -0.269227    -0.669438    -0.218541     0.120972     0.401722    -0.340418    -0.171664     -1.04597    -0.514294     -3.85647    -0.210842     -1.07012    -0.748916     -1.79378     -0.49394     -0.49313    -0.246345    -0.289062    -0.434853    -0.153802       1.0344     -0.34893     -0.32198    -0.143372     0.566807     0.666224    -0.471251    -0.249172    -0.513417    -0.426451     -3.23831      1.74172    -0.313823    -0.441633    -0.617339     0.393154     -1.17588     -0.26255    -0.403545     0.117441     -1.53827    -0.159203     0.123942    -0.527491      1.19061    -0.292886     0.449334     -2.40145      1.95903     0.105556    -0.226381     0.867222     -0.59095    -0.471782    -0.630155   -0.0323927    -0.151822    -0.758621    -0.445918    -0.404362    -0.620479    -0.266675     -1.16687      3.81989    -0.439879    -0.507479      2.71428    -0.362152    -0.459787    -0.354168    -0.649559    -0.130109    0.0749729    -0.179203     -0.55774    -0.426767   -0.0264616     -1.31537   -0.0125452    -0.334564     0.103043    -0.327194   -0.0755621    -0.559063     -3.20811     0.108298     0.377219     0.596574    -0.293967     0.796553    -0.621441    -0.561222    0.0676601     -1.27864     -0.42534     -2.03671       1.1497      1.38097      1.43179     -2.72342    -0.218669    -0.193317     -1.99291   -0.0172302    -0.538718    -0.342969     0.690091    -0.138307     -0.46772    -0.680217    0.0301394    -0.401612    -0.152153    -0.415734     -0.39163         -3.9     0.212678     -0.46831    -0.943626    -0.475533     -0.72136    -0.543378    -0.929555   -0.0727141     -0.85762     0.458852        -2.25    -0.390878    -0.623019    -0.332539    -0.416588     -1.04936    -0.332923    -0.228788    -0.252787   -0.0586425     0.269571   -0.0268427      -0.1475     0.274981   -0.0380502      1.35375      1.86632     0.191529    -0.511924      1.40922     -1.01442     -3.24931     -0.40525     0.153797    -0.404762    -0.294803     -12.5335     -2.11594       1.2689     0.496047       1.1748    -0.325668    -0.397104    -0.421026    -0.239255    -0.867791    -0.418233    -0.334851    -0.239673     0.145207  -0.00817921   -0.0776393     -1.01488     -0.25515      -1.0656      0.93013    -0.143589    -0.463193    -0.633973        0.205    -0.159626    -0.105219      1.47971    -0.288963      1.37857    -0.368608     0.391685     -0.89962     -1.10242     0.779312    -0.336386     -2.76939      1.62962    -0.185664    -0.730145   -0.0669744      1.34299     0.409158     -0.32703     0.231782    -0.183942     -1.72945     0.176946     0.738599    -0.600242   -0.0466242     -2.21643      -0.3197
  -0.0589206   0.00597576    -0.114836     -0.46761    -0.408033       -2.324     0.110287   -0.0293352   -0.0368741    -0.963405    -0.164879     0.362649     0.362462     0.035058     0.160893     -0.10183   -0.0411399      0.95738     -3.09808    -0.228063    -0.643611    -0.502615     0.411436    0.0901528     -0.17711    0.0674235      0.55884     0.461267    -0.150117     0.300674     0.954356    -0.432697    -0.272817     0.272214   -0.0267599     0.876262   -0.0148043     -1.90746     -3.20609     0.829469   -0.0739403     0.509722     0.176144     0.986337     0.136429     0.335145    -0.157518   -0.0696688     -1.30378     0.999797    -0.995559   0.00355911    -0.522521     0.267898     0.865732   -0.0840154    0.0150267     -2.92901    -0.235945    -0.248168      1.14319     -2.64808   -0.0660217      1.12597     -0.15066    -0.289484   -0.0498865    0.0471112      1.10951     0.816549    -0.198486    0.0384988      1.24025     0.845487    0.0979018     0.516831    -0.114851    -0.264983     0.305483     0.274716      1.18494     0.911733     -1.66613    -0.516399     0.759797      1.92059      -1.6477      1.12987    -0.845426     -1.16944     0.270241     0.258198     -1.50292     0.247218    0.0773447     0.111217  0.000743165      1.12178    -0.161296     0.886187     0.318977    0.0687966     0.470156       1.1522     0.809604    -0.786011    -0.132072    -0.384507    0.0826493    0.0408431     -0.18107   -0.0311898    -0.087043    0.0141729    -0.151116    -0.126678     0.709067    0.0749918    -0.137459    0.0826512       2.3644    -0.304035    -0.393032     -1.20268    -0.129561     0.031088       2.1955      3.22171     0.383811    -0.879945   -0.0452764    -0.951091     -0.21164   -0.0767256    -0.322446      1.82659      2.10773      0.91772    -0.700998   -0.0730829     0.650078     0.104325    0.0502481 -0.000151469     -1.48735     0.444694   -0.0327784     0.195905    -0.139407    -0.228341    -0.228969    0.0324149     0.556821     0.783682     -0.04748    -0.930033     -3.39686     0.277397    -0.109306      2.49823   -0.0297279     0.104178      1.02932   -0.0137825   -0.0319117    0.0920839    -0.153728    -0.328988    -0.179352      1.30186     0.238283   -0.0551286    -0.720777      1.86717      1.02965    -0.105062     0.638786     0.107986    -0.765467     0.167389      1.55657     -1.22197      -2.0187     0.229484     0.107158     -0.14973    -0.445599    -0.177711      1.30697       1.1907    -0.160554     0.283271      1.26849     -8.43605    -0.499024     0.215254    -0.887736    -0.149727    0.0501838     0.209928    -0.429589    -0.216463      1.72072     0.156513      2.13552   -0.0226002      1.21887   -0.0506114     0.566999   0.00696538      1.54572      4.04831     0.292694    -0.174741       1.3325    0.0408027  -0.00875674    -0.112709    -0.119563       0.1364     0.205611     -3.32826    -0.167385    -0.772826    -0.891465     0.302312    -0.140775    -0.598382     0.124381     0.466668    -0.312528    0.0742333    -0.919752     -0.46076     0.110566    -0.367433      0.12498    -0.424565      2.32208      1.01277    -0.098254     -1.14911    -0.137248      2.74272    -0.176955     0.257973    0.0375082    -0.198558      2.52789    -0.406784      1.67936     -1.43232      1.48936    -0.115474    -0.378156     0.273643      2.66045    0.0240841   -0.0673298   -0.0846126   -0.0307301     0.847826    -0.205589  -0.00118736     0.389185     0.399216   -0.0582261      1.13969     0.016365      0.15066     -0.16886     -0.19929     0.871815    0.0389527      1.95914    -0.014158      2.22268     0.729962     -9.72644     -1.93462     0.402946    -0.228615    -0.160908     0.143395   -0.0517543    -0.506156    0.0150786   0.00830199      2.01847     0.919701    -0.363788    -0.306709    -0.211391      2.01289     0.254139     -6.05518    -0.425996   -0.0616245    -0.207741    -0.754289
    0.582946    0.0918575     0.436557     0.343341     0.411625     -2.67805     0.345207     0.235696   -0.0233244     0.445534     0.118834      1.90234     -5.49207     0.339763    -0.896286     0.206602     0.248462      1.61272     0.196603     0.191284      0.53686     0.267154    -0.155912     0.987853     0.126033     0.362837      1.26562     -8.22231     0.153478      1.86081     -1.11744     -1.54493     0.414659    -0.791363    -0.777288     0.976271     0.276392    -0.660837      1.25231     -0.94079     0.131913     -1.13288     -1.72958     0.622947    -0.236199     0.489363    -0.214795      0.20806      2.63562     -0.99105   -0.0700501  -0.00728434     0.135121     0.249555    -0.148028      0.23985      1.38947     0.455835      0.11174     0.376616      1.38312      1.74867     0.118015     -1.83782    0.0126921      0.27078     0.247022     -0.58513      2.89869      4.19728     0.134132     -2.45551     0.320797      0.13596     0.267445      2.03311   -0.0571936      2.15972    -0.239628     0.228848    -0.197657     -1.10631     -1.87534    -0.293047      2.33478     -1.59823      1.35987    -0.242952    -0.511208   -0.0467958     0.313651      1.10304      1.47494     0.945057  -0.00918803      0.52774    0.0162755     0.704088     0.320729     0.152973      1.64837     0.221935     0.165099    -0.268764    -0.174842     -0.88471      1.34072     0.678258     0.114812      1.21697     0.274027     0.139575     -0.10068  -0.00341955     0.420769     0.170265      1.23032     0.138922      0.19821    -0.800364    -0.816145     0.815561     0.864223     -1.15658   -0.0227708    0.0869007    0.0471333     0.951962     -0.95259    -0.726986     0.294372    -0.358693     0.344521     0.417096     0.193605     0.338421     0.578993     0.860166      1.56545     0.383825     -1.73697     0.620322     0.781264    -0.489117     -5.35016    -0.241168    -0.113231      1.05297    -0.347037     0.161813      0.49413    -0.136844    -0.446398     0.384409     0.631232       1.3808      1.19352      0.37034      2.12266     -1.91468    0.0928386     0.207044    -0.327743     0.276582     0.163335     0.112405     0.218972    0.0952157     0.269525    0.0781545      0.32795     0.368937      1.43699     -4.91886      1.07814     0.271979    -0.210442     0.111017    -0.117891      1.50654      1.59004   0.00352399     0.447249     0.821254     -0.52208    -0.871584     0.226498     0.816091    -0.385799    -0.716467    0.0968221      1.00292     -7.38525    -0.177496    -0.159973      1.78137     -4.23938     0.824142     0.693848     0.228742    0.0966864     0.281011      1.26853     0.503029      1.29761     0.248831      1.22408    0.0500106   -0.0563784     0.520645     -3.49618     -2.70629      1.38829     0.392235      2.33176     0.185587    0.0439324     0.351523    -0.109279     -0.86482     -0.43922     -1.78003    -0.158249     0.279392     0.464746    -0.293575     0.211921      1.75737     0.362605     0.513339    -0.432646     0.177961      2.76775     0.801324      0.43672    0.0986473     -0.77744     -1.55715      -2.6038    -0.597735     0.148813      1.82445     0.398814      1.82333     0.275883    -0.214548     0.313804     0.299809      1.35457      1.50291      -2.0577     0.181206     -5.76727     0.380973     0.237072     0.349392     0.169191      0.19035    0.0760826    -0.183788     0.226523     -1.13999     0.689668    0.0736555    -0.400216      1.07007     0.459046    -0.263653   -0.0552533      0.21169     0.553162     0.416094    -0.779292     0.340247     -5.71981     0.390508      1.39918     0.489783      1.50977      3.01043    -0.281997      1.20054     0.252337     0.439978     0.581345     0.489706     0.342196      0.17908      1.29938      -1.6187    -0.802285    -0.392974     0.047039      2.26653     0.187671     0.620327     0.792928     0.118476     -1.03079     0.117932
  -0.0163526     0.130102    -0.310988     0.127464    -0.337477      1.15395      0.33023   0.00326706     0.272938     0.769272   -0.0595179    -0.555218     -0.20682    0.0830244     -1.03901    0.0221519    0.0978544     0.464259    0.0447689   -0.0891116     0.401459      0.15341   -0.0712146     -4.20603     0.265162     0.022286      1.01287      0.24237      0.15642      0.10834    -0.375945     -1.90239   -0.0748863     -0.24826     0.223486    -0.727442     0.199758     -2.35767      1.57858     0.665072   -0.0562191     0.100935     0.129544     -3.79699     0.269737    0.0428831    0.0357232    0.0355351    -0.986018    -0.210186    -0.176007   -0.0136359     0.222688    -0.178476     0.299222   -0.0382652     0.219674     -1.41361   -0.0504897      0.40788     0.401935     0.873086     0.150788     0.844862     0.543306    -0.174934   -0.0185527     0.421051      1.05829     -1.00789    -0.569024     0.721289     0.385209     0.807129    -0.102076      -1.2478     0.157803     0.779442    -0.383359      1.25801    -0.452514    -0.445689     -1.56265      1.55941      1.25334    -0.294977    0.0130227    -0.759065    -0.835009      1.43477    0.0687915      0.11446     -1.12261     -2.14626    -0.158447   -0.0882465     0.420715    -0.101079     0.150682     -1.53605    -0.855941     0.147124     0.254903      2.31003     -0.22153     0.983859    -0.639563    -0.451167     0.399774      1.87371      -2.0582     0.423314     0.118194    -0.235876    -0.202562     0.265252      1.00583    0.0128434   -0.0184873       0.1311     -2.04269     0.954868    -0.328451      1.10454     0.231426    -0.081417     0.511438     0.713168      0.62283     0.249766     0.149095     -3.24375     0.261663    -0.254015    -0.136321      1.15264      2.47096     -1.11812    -0.125108   -0.0609041     0.589674     0.237965      1.01103      1.88562      2.69327      1.23478     0.997685       2.3327     -2.01975     0.435861   -0.0923281    -0.180578   -0.0163626     0.619854   -0.0626202     0.302538    -0.377979    -0.167464    -0.768856     0.399264     0.266526     0.286188      3.27198    0.0251703    0.0138326     0.154932   -0.0917314     -0.19044      1.04962      -1.1362  -0.00895243      0.14924    0.0679632     0.269952     0.974468   -0.0828657      0.80521    -0.340724     0.424145     -0.32824     -1.91725    -0.564664     -1.92793      1.55672      1.11769      1.29707    -0.322203    -0.156519     -2.87968    -0.130101      0.16586      2.15232     0.364381   -0.0652441       1.1319      1.60298      2.26441    -0.168397    -0.373235      1.56911    -0.323138    0.0783148      1.32546    -0.108756       2.3337     0.301814     -6.89325     0.323833     0.758678    0.0673487      1.56656     0.515024      2.76469    0.0363367     -1.01192     0.151119     0.209967    0.0442596      2.57974    -0.773568    -0.179318      1.22333     0.918429    -0.246302     0.159725     0.219355     0.434152     0.702841   -0.0669514     0.293439    -0.326698    -0.158369    -0.626968      1.20808     0.480575    -0.167195    -0.128284     0.759316       1.9613     -4.56801     0.193261     -6.07973     0.504162      2.05697     0.159994    -0.808369     0.156305    0.0267886      2.44283   -0.0396662     -3.36435     -0.28812      1.43645    -0.125717     0.448457     -3.39835    -0.853826    -0.563784   -0.0901912     0.248606    0.0280016     -6.03458    -0.157397     0.186548   -0.0792716     -5.61231      0.18108    -0.788977   0.00810809    -0.186643      1.48158     0.159579    -0.267935     0.127006      0.69487    0.0751213    -0.686934      0.13504      1.43652    -0.205023     0.126982        2.573    -0.291331     0.559589      2.18679    -0.467547     0.242193     0.188287      1.12966     0.857991   -0.0170101     0.484689     0.339127      1.01755     0.697727     0.988813      1.76425    -0.302211    0.0194237    -0.347781
   0.0135346    0.0195111    -0.289795    0.0357299     0.140756      1.67132    0.0302666     0.102844    -0.101042    -0.198551     0.202117     0.846194     0.624975    0.0245549    -0.648213    -0.140101     0.513053     -1.51685     0.736872     0.231792     0.395515    -0.583602     -0.84692        2.389   -0.0701157    -0.322385     -1.45813   -0.0947685    0.0862596    -0.272572     0.895934       1.8398     0.162368    -0.712897     0.337455    -0.119062      0.16886     0.889165    -0.118443      1.66922    0.0212973     0.212832     0.200852     0.153608       0.1453     0.495979       0.7705    0.0216058      2.37857    -0.177573    -0.590808     0.151801    -0.301493  -0.00620947     0.104404     0.112256    -0.406078    -0.871276     0.220474    0.0606415     -9.97905     0.965459   -0.0217808      1.22845    0.0536795     0.211587    -0.218687    -0.135069     0.937855    -0.227925     0.643399     0.895075     -2.95737      0.66295      0.06696      1.43991     0.110969     -1.80156     0.454892      -1.7885    -0.847174      1.16571    -0.472998   -0.0177786      2.32273     0.685462     0.283578   -0.0846333     0.709197      1.08717     0.118135     -2.43079     -1.69649      1.16674   0.00530919    0.0819141     0.148091      -0.3039    0.0258238    -0.190431     0.933964    0.0304433   -0.0928826   -0.0511944     -0.15795      1.14265    -0.684258      0.01276    0.0191894     -1.21176      1.67526    0.0815006    -0.164291     0.262887    -0.096369      0.12153     0.503145    -0.164154     0.387165     0.496512      2.19127    0.0664236     0.116169   -0.0424064     0.161098   -0.0252407      3.48428     0.215335     0.546534    -0.659061   0.00512555     0.178714     0.491768    -0.153027    -0.182491     -6.81413     -1.42545      1.47471    -0.557135    0.0440219      0.06647     0.382877     0.233474      1.67293       2.2634     0.570511    -0.215511     0.706281     0.870381   -0.0175319     0.123031    -0.137058     -0.20478     -0.19464     0.371634     -1.27553     0.256879    -0.504971    -0.318973     -3.05865    -0.281475      0.11521   -0.0538804     0.194348     0.218873     0.104567   -0.0627052    0.0396122     -0.99755      1.09921    -0.320903    -0.104773    0.0150524     -0.56817     -3.57366     0.166512    -0.695163    -0.435421      1.77758    -0.618055      1.08673     -2.42887    -0.530437     0.325954     -0.46745    -0.850168     0.694638      0.19355   -0.0429102      1.24709    0.0458486    -0.333444      1.46087      2.57279     -3.08046    -0.653222    -0.563842    0.0916183    -0.886295      1.27321     0.350495     0.185898      -3.1654    -0.139198     -4.18869     0.093533     0.673516   -0.0884731   -0.0699875    0.0393542     0.161028      2.63807      2.45026    -0.138336      2.94553   -0.0243147   -0.0138126    0.0379466     -1.48198     0.294207      1.85585      1.95791     -0.15078      0.75959    -0.284838     0.304192    -0.266595     0.752463    -0.850795     -1.02633    -0.411462   -0.0943358    -0.450016    -0.715694    -0.929084   -0.0203333     0.573741      3.37444     -1.79152    -0.180145    0.0379844     -0.90278    -0.172727    -0.866177    0.0279696   0.00818393    0.0519437     0.115894      2.13981      3.15114    -0.733854     -1.46142      1.84945     0.706824     0.110963     0.964933       1.3635     0.233484     0.426165   -0.0171119   -0.0171012      0.44518    -0.666319     0.407055    -0.513587    -0.496775    -0.135863     -2.51851     0.476253    -0.102821   -0.0818357    -0.221365      0.23505    -0.235357      1.26645   -0.0834952     0.738692     0.104743      1.12023    -0.487992    0.0152679     -7.10687   -0.0638597     0.441257      2.23543    -0.152018     0.157468    0.0112328      1.09576    -0.106437     0.377474     -0.13931    -0.144652     -1.81319    0.0400338    -0.138422     -0.73886    -0.804993    -0.622713    -0.325223
   0.0195825     0.037962     0.072054    0.0315691   -0.0351133   0.00501623    -0.107646    0.0222469    0.0443829    -0.144988  -0.00194646    0.0552123    -0.213315   0.00795755     0.104883    0.0312451   -0.0943052    -0.741488    -0.178958    0.0282997   -0.0182156    0.0384732    0.0732506   -0.0588167    0.0291844     0.105231      0.19626     0.125982   0.00805646     0.357747     0.486635     0.636074    0.0743299     0.131932    0.0638379    -0.189035  -0.00487694    0.0247305    0.0117411    0.0371474  -0.00238053    -0.151009   -0.0154012    -0.136023    0.0429072     0.077604   -0.0630745   0.00651437    -0.173269    -0.348522     0.378298   -0.0695402   -0.0527915    0.0221669    -0.107391    0.0231821      -1.2738     0.722517   -0.0671042    0.0551242   -0.0210618     0.193106    0.0121856    -0.135596   -0.0465638    0.0538406    0.0114299  -0.00781761    -0.108046     -0.12481   -0.0077207     0.190458    0.0664688    0.0742778    0.0389421    0.0277697   -0.0558419    -0.379381    0.0318693     0.466717      1.67317    -0.203777     0.178721      -0.2635    -0.236068    -0.533126    -0.181454    -0.246063     0.240504    0.0841657    0.0243507     0.245596    -0.464607  -0.00954759    0.0476594    0.0468507    0.0146681     0.882617   -0.0220167    0.0506754     0.202323    0.0106625    -0.054139    -0.463039   -0.0722851    0.0437112      0.22118     -0.10573    0.0718041    -0.109361     -0.10204    0.0709714    0.0154581  -0.00703016    0.0180906   -0.0283568     0.122896    0.0147885   -0.0423926   -0.0290176    -0.194554   0.00313756    0.0017469      0.19375    0.0390207  -0.00315688     -0.14079     0.133658   -0.0250043    0.0991024    0.0325647    -0.167017   -0.0787995   0.00291278     0.051278    -0.169078    -0.457714     0.895516     0.216527    0.0347947    -0.106261   -0.0990509     0.226875    -0.222804    0.0441801     0.716878     0.149834     0.145951     0.128915    0.0480248    0.0586222   -0.0221178  -0.00166716    -0.528883   -0.0255564     0.121523     -0.19386    0.0340361    -0.166705     0.168232    0.0166012    0.0324984   -0.0702705   0.00829629    0.0321934    0.0416174    0.0499709    0.0499932     0.458308     0.165556    0.0804556    0.0380231      0.21431    0.0186498    0.0638858    0.0644608      0.42209    0.0461059    -0.681387    -0.144571   -0.0324339     0.128001     0.299824    0.0663539     0.144811      1.32724   -0.0668697   -0.0712142    -0.118364     0.460232   -0.0204531    -0.179742    -0.120129     0.248647    -0.207454    -0.130288    0.0918235    0.0162437   -0.0393332      0.24013   -0.0227519    0.0284369    0.0702314     0.114355     0.146138  0.000723716    0.0565128    0.0875712     0.137384    0.0322094    -0.330486    -0.199136   -0.0860169    0.0958786   -0.0479045    0.0104432    0.0579314    0.0230437   -0.0970487   -0.0848861    -0.241087     0.235693    0.0538627    0.0947464   -0.0319401    0.0383893    0.0899382      0.21445     0.114717    -0.087941    0.0996673     0.023337    -0.184259     0.312303    -0.153439    0.0150347     0.163915    -0.162327    -0.363119  0.000805664   -0.0394309     0.216254   -0.0138163    -0.239276  -0.00732328   -0.0286292    0.0368112   -0.0110738    -0.105284     0.277003    0.0357968     0.317365     0.209628    -0.135197   -0.0598782   -0.0231662   -0.0517781    0.0980322   -0.0343103    0.0290213   0.00102623   -0.0233705    0.0367456     0.057122    -0.105916    0.0421093    0.0293568     0.255836    0.0618795    0.0339584      1.35645    0.0669465     0.238443   -0.0275611    -0.177739    0.0343303     0.123973     0.159702    -0.253285   0.00250598   -0.0216288   -0.0367315    0.0651595   -0.0468993    0.0676663   -0.0154461    0.0290704    0.0578031   -0.0506094    -0.224403   0.00875752   -0.0010853   -0.0618281    -0.197496    -0.060766    0.0989235    -0.432696    0.0704843    -0.599571    -0.112973
  0.170702
  -0.41304
   1.60002
-0.0648369
  -5.56818
 0.0551366
   3.85118
  -0.28835
   1.32823
  0.134787
