2 16 0.1 1500
1
1
9 300
    0.154429     0.337171     0.148307     0.245696   0.00504763     0.436181   -0.0203742     0.244478     0.214286
    0.331884     0.248401     0.381346     0.408092     0.536883     0.662409     0.171701     0.282367     0.474138
    0.211496    0.0519676     0.271093     0.076682     0.471936     0.266685     0.169755     0.693994     0.605719
    0.441662     0.474241     0.477507     0.653758      0.41604     0.164473     0.736027     0.632699     0.442316
    0.206823    -0.390027     0.086105     0.280952      1.39908   -0.0757489      0.17162      1.02015      1.13589
      1.5283      2.11482      1.26699     -1.72457      3.04689     -1.05033     -2.21523     0.876967      1.43512
    0.480606     0.205292    0.0482536     0.123443     0.235405     0.146736   -0.0751386    0.0619912    -0.113136
    0.210141     0.134672   -0.0845058   -0.0298945   -0.0598931    -0.130454   -0.0415723    0.0457957    0.0729517
     0.29016     0.212694     0.395702     0.328867     0.418487     0.223365     0.719079     0.322902     0.540787
    0.784255     0.260911     0.849074     0.710464    0.0812796     0.201645     0.614695     -0.38348    0.0239965
 -0.00218892    0.0176586    -0.106151    0.0786992    -0.108524    -0.231969    0.0788186    0.0722865   -0.0999193
   -0.200907    0.0819425     -4.36382      1.14335   0.00934385       1.1567    -0.408884     0.124662     0.361365
   -0.769692    -0.868443    -0.418143    -0.108475    -0.162745     0.520762      3.79974    -0.719332    -0.385718
    0.534302     0.303113     0.347667    0.0380018     0.179496     0.287848    0.0980657     0.230132     0.486414
     1.24078     0.750155    -0.484799     0.317638     0.308035     0.538386     -1.59975     0.747422      1.04074
    0.321311     0.173823     0.183648    0.0624853      0.17455    0.0782937     0.192559     0.187209     0.469472
    0.122225     0.235606     0.292942     0.820441   -0.0457151      0.30451     0.371265     0.200356     0.044826
    -1.67023      1.10717      1.04056     -2.05886   0.00999333     0.429563     -1.64828     0.650031      1.57497
    0.378464      1.10903     0.112236      0.67719     0.408842     -2.28609     0.449114    0.0185772    -0.394594
    0.351552      0.16951     0.135446     0.185109     0.177142     0.272928    0.0443713     0.154824     0.390682
     2.12457    0.0660956     0.288147     0.293839    0.0567075     0.481078     0.260168    -0.426506      0.17389
    0.615582     0.611618      1.01548      0.71744     0.847095     0.138883      1.07956     0.347066     0.153257
    0.331973     0.256765     0.643919  -0.00565086     0.290705     0.336164     0.024271    -0.268708      1.02743
    0.905814     0.489829     -1.28378     0.495624     0.813388   -0.0936279    -0.837999     -3.12827      0.67027
   0.0354736    -0.394904    0.0874733     0.134659     0.127969   -0.0399806     0.354268    0.0183968     0.145419
   0.0470497    -0.437576     0.396758     0.282332     0.772628     0.500884     0.599204       0.3043     0.559069
   0.0676843      1.74922     0.920664     -2.29195      1.18236     0.329795    -0.185215     0.775559     -1.38164
   -0.388694    0.0176596    -0.962866     0.805889    -0.383228     0.904757     -5.05012      1.01737     0.925452
    0.271525     0.205432     0.391999     0.365352     0.228287     0.530182     0.165037    0.0710892     0.244812
    -4.39852     -1.12136   -0.0975993     -1.07545      1.18959     0.271796      1.03478     0.222682      1.33925
    0.789584    -0.150959     0.980464     0.667581     0.292703       1.9753     -1.03907    -0.641278      1.23402
     2.38464       1.6642      1.20555    -0.810782      1.28652      1.45004     -1.84386     0.265056      2.50276
   0.0408406     0.152802     0.444705   -0.0368978     0.333661    0.0717056     0.141927     0.525662     0.317047
    0.111046     0.183784     0.874959     0.175585     0.665828      -1.2963      1.13064   -0.0853599      -1.1589
    0.452507     0.524279     0.141305     0.232955     0.283231     0.110188    -0.764298      0.14144     0.272044
     1.41361      0.06233      -1.4121      1.21669     0.693588    -0.290279     0.748764    -0.367485    -0.565395
    0.499102     0.536933     0.668222     0.815268     0.384031     0.752832      0.30413     0.212383     0.282818
    0.902102      3.10103    0.0352549    -0.316377    -0.949422     0.257682     -1.35305    -0.885906      1.42309
    -1.42159     -1.59114     -2.06554     -1.63828      1.09465      1.21967      1.76069      2.03238      3.51117
  -0.0316139     0.135539     0.445191      2.87659     -0.28753    -0.707406    -0.790123     0.414866    -0.312315
    0.222138     0.535873     0.544266      0.72939      0.16946     0.569533     0.386891     0.394164    0.0140294
    0.384062     0.564981    0.0446959     0.377293     0.651931     0.943792     0.982122    -0.160797     0.835775
   -0.411381    -0.373189    -0.788193     0.456766    -0.309826     0.248263      1.61212    -0.120738    -0.327222
   0.0617356     0.362038     0.727858     -1.64275    0.0894801    -0.701111     -1.07318      2.71456     0.504309
  -0.0377461    -0.534021     0.103161    0.0860367    0.0559055     0.346281    -0.316661    -0.255271    -0.121327
   -0.341718     0.379627     0.455651    0.0184557   -0.0652492     0.544134    0.0636047     0.163913     0.279594
   -0.136015     0.398196     0.505671     0.709755    -0.152411     0.509442     0.758562     0.347573  -0.00641129
    0.242715     0.206464     0.164312     0.194135     0.184328    0.0829046     0.178358     0.276516     0.188724
    -1.07413      1.13798    -0.198115      2.22422     -3.63334      2.72096    -0.853398      1.21531     0.296883
   -0.172233    -0.750544    -0.463452     0.893343    0.0403861      1.70537    -0.543076    -0.239524      1.29587
     2.08762      2.50464      2.46496    -0.176515     0.265229     0.148272    0.0129275     0.149229     0.156017
   0.0463326     0.146475    0.0283413      0.38806    -0.176122    0.0999616   0.00698676    0.0277218    -0.200794
    0.604511   -0.0540904     0.466473     0.172225     0.134881    -0.136786     0.387065    -0.345944     0.210417
  -0.0572092    -0.258406    0.0683447     0.316874     0.306435     0.223136     0.216128     -0.23011    0.0328258
    0.675438      0.12683     0.616799     -1.06468    0.0933235    0.0972169     0.245037   -0.0181885     0.398796
     0.26605   -0.0119323     0.274475     0.227646     0.455763     0.184479     0.315495     0.128091     0.342388
    -1.76568     0.969198    -0.981894     0.123987     -1.37792      1.37694     -1.53969     0.863851     0.400181
     2.73358     0.586067      1.10489      2.24389    -0.117105     -1.29537      2.31998    -0.799721     -1.66219
    0.167438     0.187686     0.272563     0.510777   -0.0206266     0.171194     0.365347   -0.0352142   -0.0897991
    0.301524     0.294965       0.3062     0.152632     0.437997     0.455651     0.313711     0.586582     0.652073
     1.46456      1.05152    0.0234341       -1.219     -2.07235     -1.38797     -1.11475     -0.49682      7.10984
    -1.62328      0.20534      1.23384      1.85253      1.66815      -1.7442      1.65345      2.40259     0.580044
    0.164525     0.045005     0.179407     0.331518     0.195636     0.319758     0.256138     0.194252      0.32025
     2.40045      2.07722      1.67788     -3.55992       1.1851     0.272612     0.209687    -0.198021     0.713714
    0.409021      0.13922     0.600914     0.475466     0.214447     0.376275    0.0526186    -0.211739    0.0804449
   -0.198782     0.204779     0.230364   -0.0872059   -0.0927367       0.2646     0.178008     0.162047    -0.088209
    0.284098     0.470003     0.375866     0.190861     0.194865     0.236796     0.140103     0.363792     0.093811
    0.379122     0.183194    0.0737078     0.473952     0.527989     0.266252      1.04907     0.211794     0.594515
       1.322      5.31534     -1.35973      1.47878    -0.280112    -0.385804     -1.03468    -0.931652    -0.865442
     6.66428     0.301796     -1.10022      1.77926      1.51841     0.131065    -0.289336      0.83644     -1.02895
  -0.0128363     0.267452     0.322165     0.381622     -0.21104     0.655905     0.234278    -0.346454    0.0030139
    0.211727      1.08298      0.21332      1.28154      1.34648    -0.373692     -2.55998   -0.0810558     0.476931
   -0.318383      1.18237   -0.0371157       1.1027    -0.814527     0.732241     -1.29978    0.0136628      2.35736
    0.657793      -2.5701     0.346881   0.00499247     0.466562     0.653268    -0.141166     0.121701     0.685878
    0.524388     0.447963     0.385172     0.715767     0.182372     0.655975   -0.0126546    0.0581866     0.502062
   -0.558147      1.14773     0.376697  -0.00539416      1.33611     0.903281    -0.831936     -1.60883    -0.818477
    0.406947     0.733893     0.073016     0.294244     0.160345    -0.376822     0.575524     0.351095     0.156646
    -2.96123      1.18543      1.59468     -2.89228      3.30203      2.71125     -3.14259     0.268746    -0.435669
     0.17583    -0.594654     0.115051     0.332775     0.331608      0.78993    -0.317579     0.508603     0.662433
   -0.186012      1.14986    0.0356163      2.31943    -0.817778     0.968117     -1.39778    -0.957051      1.26372
   -0.771438    -0.280124    -0.894572      2.77683      2.53541      2.61118    -0.468304     -0.55276    -0.700177
   -0.514155    -0.424466      1.37264    -0.464957    -0.827559      1.03652     -0.50938    -0.175169    -0.672907
     2.36419     -1.78386    -0.951218     -2.92674      7.79677     -3.51569       1.0193     -1.95265     -1.36689
     2.88903    -0.720084      1.19227     0.749516    -0.859946     0.438374      1.31537     -1.60743     0.190242
  -0.0268056     0.629265     0.206235      7.36104     0.821692    -0.388325     -1.34634     -1.40247      -2.6427
  -0.0290079    -0.980283    -0.864566      1.53564     0.426048      2.23351    -0.972955     0.078247      1.51787
   -0.226784     -0.24928    0.0949573     -1.29362     0.756115      1.60208    -0.547821     0.163252     0.513294
   -0.233049     0.286025     0.547047     -2.42059    -0.227447     -1.90008      -1.1767      1.32547     0.521059
     1.47904     0.941659     0.632883    -0.695212     0.565339    -0.281987    -0.574575    -0.362001     0.961663
   -0.453657    -0.498922      4.82909     -1.19379     0.219492     -1.80451     0.800999     0.807772    -0.709027
    0.431776      0.23465     0.332064     0.639251     0.638803      0.59993     0.365564     0.240522     0.384777
    0.182697     0.331585      1.87153     0.275746      1.64284    -0.525719      1.44757   -0.0427553     -1.73982
    -1.60502     -1.41514     -1.94579     -1.83398       8.1642     -1.74202     -1.46383    -0.899879      -0.1712
    0.344497      1.31996     0.146815     0.219834     0.313722     0.425115   -0.0407852     -1.84905     -0.20028
  0.00173513    -0.126492   -0.0362254     0.385541     0.219339     0.624418   -0.0908855    0.0429967     0.167313
    0.156836     0.331612     0.183381     0.530182     0.188353     0.682146    0.0216385    -0.183687   -0.0885065
    0.180967     0.585264    0.0947658     0.230245     0.125278    -0.089498     0.237608     0.311719   -0.0714322
   -0.998188   -0.0941389      1.31169    -0.376865    -0.393666     0.818962       0.3807     0.633246      1.76491
    0.277294     0.188592     0.557262     0.352772      0.25178     0.534221     0.251462   -0.0454552    0.0842895
   0.0722848    -0.878129     0.580298     0.220867   0.00289655     0.531937    -0.530502      1.19565    -0.410891
     1.26781    -0.158663     -2.70018      1.51977     0.835033    -0.379243     0.457186    -0.322806      1.08543
     0.20933     0.110862     0.166898     0.231176     0.128696     0.282291     0.107807     0.102255     0.204041
  -0.0179733     0.141668    -0.276256     0.297672   -0.0405176     0.106953    -0.112926    0.0118598    -0.574933
     1.11264     0.791549      1.06321     0.706892     0.450741     0.437466     -1.39922    -0.769096     -1.87533
   0.0201072    -0.364226    -0.122782      1.25981     0.334117     0.819771     0.277139    -0.263666     0.541903
  -0.0828138      1.99748       1.2139     -1.12519      4.44427     0.488222    -0.720341     0.903702     0.833624
   0.0640106     0.326993      1.51288    -0.564438     0.831723     0.388823     0.497017     0.564653      1.11473
    0.785124     0.691807      1.00934     0.422702     0.656331     0.391048     0.535835      0.11517     0.526379
    0.356369     0.411754      0.37692     0.187646     0.628445     0.272104     0.420525     0.656928     0.572858
    0.837517       1.1756      1.35493    -0.266518      2.00817     0.313884     0.235294     0.390561    -0.539558
    0.264119      1.36869     0.413163      0.64449    0.0789754     -1.42038     0.798148     -2.00343     -1.07983
   0.0896774     0.390514     0.121578     0.301533     0.330596     0.135334     0.166996     0.447945    0.0495548
    0.336814     0.509835     0.383882      0.24912      0.36208   -0.0481548     0.588278     0.389707     0.230291
   0.0319338     0.069401      0.36402     0.520476     0.137735     0.534878     0.529657   -0.0871914     0.126395
    0.294872     0.247869     0.165551     0.398634     0.202698     0.645977    0.0682249     0.493871     0.542946
    0.152585     0.113763      0.49444     0.610994     0.217886     0.235931     0.700753     0.326893     0.234044
    0.791714      4.44258     -1.21611     -1.46243    -0.983255     0.509285    -0.311221     0.434481    -0.564419
    0.367503     0.328449     0.325953     0.154054     0.127311      0.27429     0.050079     0.133105      0.34204
     0.15739     0.243585     0.226671     0.460588   -0.0754894     0.272177     0.087484   -0.0792912   -0.0262011
   -0.215807   -0.0900404     0.024419     0.235702   -0.0977922     0.199467     0.942892     0.106616   0.00652324
    -5.27539     -2.02294     0.485616      1.74433     0.636716       1.3954     0.361956    -0.788403     -1.41712
  0.00330852    -0.646523      2.18821     0.172559    -0.079924    -0.681868     0.320304   -0.0353916     0.301099
     0.39065     0.603085     0.306236     0.654311    -0.105864     0.757042     0.183662     0.756728     0.449309
     1.20671     -1.11609    -0.353655     0.761147     -1.22918      1.77543     -1.30127     -2.96941      1.17545
    0.305515     0.409181     0.281409      0.15647     0.297242      0.38191    -0.113307     0.234674      0.24606
    0.306556     0.377576   -0.0596095     0.242644   -0.0864763    -0.308292     0.340089     0.222768    0.0459392
     2.15716     0.359254      -2.1349      1.26937       1.5839     -1.21861    -0.502524     -1.72738     -1.73046
    0.279582     0.591597    -0.915886     -5.10387     0.832176    -0.749743     0.359589      1.18702    -0.121477
    0.271599    0.0434662     0.361471      0.51469     0.321771     0.395765    -0.912994    -0.338194    -0.207439
    0.283194    -0.136979     -1.60054      2.52138    -0.494566      2.01248      1.44949    -0.114843    -0.380771
    0.181327    0.0777784    0.0789157     0.327289     0.355318     0.337261       0.2768     0.487388     0.380336
   -0.986205      1.47373     -1.37576     0.874098     -3.04388     0.656138    -0.359755      1.07095     -2.00552
    0.601524     0.592526     0.621503    0.0222963     0.607224     0.136465   -0.0416774    0.0131833     0.220947
    0.122973     0.174229    -0.144562     0.170789    -0.176089      0.14734    -0.143788      0.28897    0.0885864
    0.544029     0.372142     0.634685    0.0474272     0.692671     0.153721     0.417757     0.337562     0.774629
    0.847349     -2.53607     -1.11932      4.04781     -1.06864      1.51551      2.16632     -1.23828      3.64919
     1.06515     -1.98257      1.71028     0.644504     -3.43265     0.400355      2.26398     -1.38564     0.877469
    -1.82928     0.114984       1.6457    0.0460343    -0.142459      1.66635       1.8093      1.05088      1.52281
    0.840623   -0.0311929      -1.4041     0.875417    -0.541873     0.491165     0.311443     0.339989    0.0733433
    0.336623     0.326653     0.457561     0.026798     0.372079     0.449453     0.120345     0.255914     0.598226
    0.442568   -0.0729942      0.79806    -0.641841      0.22456     0.301714       1.7466    -0.567468      0.82237
    0.349544     0.378561     0.252285      1.12631     0.125034     0.108876     0.192346    0.0922866   0.00164868
   0.0214865       1.9803    -0.174165    -0.223983   -0.0631364     0.275565    -0.254941     0.306895    -0.214714
    0.887352     0.935249     0.671199      0.23869      1.60034   -0.0351521     -1.10806    -0.731047    -0.796276
     2.61013       2.3432     0.253884     0.361767     -1.20865     -1.71996     -4.94288    -0.516046     -1.88393
     1.01325    -0.527077     -2.12831      1.10902    0.0362458    -0.270924      1.91362      1.53501      1.27946
    0.242232        1.668     0.303529      0.22946     0.425688    0.0225152     0.482693     0.742476     0.227403
      4.4438    -0.427038    0.0715973     0.198435     0.320376      1.42003   -0.0749926    -0.811701    -0.230237
  -0.0979422      1.60809      1.13873     0.360552    -0.600255     0.799717     0.732822     -0.98033    -0.384632
    0.337618     0.901239     0.425229     0.493967     0.245851     0.254745      0.22801     0.443936     0.110098
    0.136764    -0.167979     0.260281     0.102465      0.35344   -0.0106906      0.37861     0.309036     0.318525
    0.224892    -0.162139    -0.163664      0.60894     0.166297     0.379863     0.401272   -0.0893746    0.0776236
    0.475294     0.627247      0.25919     0.175017     0.484076     0.165935     0.319541       0.5942     0.241858
     1.17009     0.643297    -0.577356     0.557132     0.722056    -0.319697     0.426196     0.216953     -1.12734
    0.394997     0.744227     0.068001      0.47014  -0.00801265    0.0963157    0.0256724    0.0124838    0.0922126
    0.620488     0.732756      1.83402     0.105681      1.01723   -0.0701557      1.07815    -0.509791     -1.22361
     0.26563       0.4759     0.513604    -0.377006     0.536818      2.99832    -0.725032    0.0637872     0.142074
    0.209461     0.350729     0.116336   -0.0754334   -0.0212336     0.434243    -0.372653     0.366871     0.563375
   -0.695702    -0.605902      1.03362     -1.51016        1.417     0.626674    -0.521009    -0.341367     0.248936
      -3.724      1.94976     -3.17393      2.06918   -0.0323009      5.72602     -2.66215       1.8771     -3.12694
    0.300779     0.496373     0.471154     0.336049     0.406053     0.301849     0.371715     0.424811     0.215989
   0.0650905     -0.26155   -0.0326294     0.135407     0.139054     0.250261    -0.108047    -0.197806   -0.0695965
    0.809601     -6.92385     0.346433      1.36727      1.44236      1.69742      1.66617      1.08565      2.54418
    0.256334     0.220464     0.283049      0.51005     0.227182      0.36349      0.40589     0.405584     0.327195
       0.259   -0.0340991    0.0877425     0.219913     0.220471      0.25219     0.145071    0.0337733     0.312558
    0.164842     0.123892    0.0943484     0.110533     0.146791    0.0715151     0.267006     0.258507     0.225784
    0.225482  -0.00290983     0.320548     0.187859     0.434647     0.790895     0.064167     0.212873     0.686947
    0.204832     0.229654   -0.0183954    -0.090577    0.0027917     -0.36989    0.0337846     0.352025     0.227709
    0.131982      1.37944    -0.290405    -0.302434     0.428415        0.291    -0.412336     0.864244    -0.812489
     1.23999     -1.65497     0.322716      1.45739     0.747496      0.79029     -0.44147      1.12813      1.11939
    0.275942     0.462568      0.58307    0.0639854     0.375234     0.599946    0.0625814     0.385855     0.729254
     0.19601     0.301128     0.209943     0.173659     0.161853     0.305773     0.128393     0.330537     0.313614
    0.870831    0.0687451    -0.648139      0.75335    -0.189323     0.437526     0.373067     0.514618     0.483258
    0.266348   -0.0361943     -1.72106      1.42622     0.600288     0.752361      3.72802    0.0267657     -1.48394
   -0.813832      1.82391    0.0994998     0.117965     0.104483    -0.188251     -0.33435       1.0168      3.10808
   0.0971292    -0.116292   -0.0897262    0.0612351     0.123918   -0.0216617     0.185501     0.368762     0.306848
   -0.209349    -0.388778     0.645128  0.000587458     0.308623     0.693028     0.645996    -0.149948      1.42093
    0.218573     0.439878     0.265597     0.344075     0.293715     0.438231    0.0608746     0.755047    0.0430173
    -1.49753     0.674325     0.527501     0.810259     -1.57041     0.745439     0.752963     0.567888     -1.21469
     2.52823      1.65471     -1.39728      1.25493     -1.13282      0.33309     -2.84766    0.0472138     0.772753
   -0.866408      1.55028     0.606959    -0.753361     -2.76728     0.194263    -0.941455     0.400417     0.280176
     1.35991      1.29802      2.70079      1.02192     0.887516     -0.58873      1.75007    -0.295953     -2.16908
       2.073     0.679573      3.03586    -0.388282      1.88579      -1.0681      2.04077     -1.52263    -0.554042
      3.2875     0.106335    0.0764262     0.311596    0.0365121      1.28809     0.127998     -0.06625     0.134882
   0.0277422     -0.81302   -0.0181702     0.327111     0.801897     0.687302     0.915781    -0.088476      1.23603
     1.50666     -1.68619     0.710059    -0.458749      2.06327    -0.391743      1.71606    -0.596634      1.96643
    0.578567     0.344847   -0.0312183     0.391759     0.241599    -0.335488     0.103858    0.0944941     0.294204
    0.249832     0.183779    -0.105795     0.821792    -0.169761     0.240394     0.261797     0.293558     0.151408
    0.204133    -0.858565     -1.58627      0.96702     0.617596      -0.6383    -0.021622      1.67004    -0.200072
   -0.576207    -0.727445    -0.265099      1.81596      1.81812      2.33758    -0.765269     -0.61131     0.150866
    0.345022     0.132392     0.253796     0.645396     0.275524     0.435268     0.527608     0.193534     0.325398
    0.834199      0.99226     0.982573    -0.207168      1.73874   -0.0297192     -0.35229    -0.398446      -1.0102
   -0.237007     0.461201    0.0399433     -1.17097    -0.715665    -0.470379      4.71735    -0.240469    -0.146152
     1.74955     -2.03157    -0.694764      1.91847     0.665232     -5.19529       2.9902       1.6298      2.67719
     0.64042      2.11599     0.824173     -1.04377    -0.687944      -2.1391    0.0771146     0.838504      2.62292
    0.678961     0.851873      1.33523    -0.181973      2.19047     0.598631     0.193461    0.0602972    -0.334165
     1.31951      3.59295  -0.00660687    -0.790758       2.1594    -0.470417     -1.30748      2.89158     0.355682
    0.468462      0.28795   -0.0448648     0.484034     0.012789     0.325311     0.124485      0.29828     0.436829
     2.47276     0.562185      5.07178     0.599147    -0.111052     -1.55465      1.33949      1.98827     -1.12878
    0.621506      2.11549    -0.158183     0.202458     0.848133     -1.33675    -0.126559    -0.314336     -1.50183
    0.570868     0.291096     0.334214    0.0818042     0.378517   -0.0444675     0.102256    0.0547017     0.495855
   0.0906561     0.234703     0.146015     0.110286    -0.112439     0.372725   -0.0460553    -0.012406    0.0874689
    0.649718     -2.22022    -0.073648      2.97884      1.06658      2.29068      1.03081     -1.65982     -2.01699
 -0.00649741     0.252285     0.185836    -0.492087   0.00937968     0.110454    -0.224944     0.132722     0.164983
     2.08891      1.93897    -0.764514     0.802611     0.786931    -0.762957    -0.120939     0.958434     -4.17477
    0.472276     0.573512     0.418242     0.495808     0.486454     0.323715     0.474837     0.518266     0.448494
    0.775724     0.838281     0.953447    -0.196492    -0.907395    -0.824496    -0.473882      5.34693    -0.996989
    0.295776     0.844213     0.402485     0.526034     0.304815     0.480181     0.141264     0.527743     0.164946
   0.0442141    -0.317676     0.703246     0.263729   -0.0727863     0.574845     0.352765     -0.16129     0.795671
   0.0164858     0.233454     0.120375     0.154627    0.0553835     0.314969   -0.0465375     0.132367     0.106619
    0.698538       1.3748     -1.08861     0.176462     0.614324    -0.814181      2.57718      1.17357    -0.449029
    -1.44096     -1.54883     -3.09473       1.9303      2.52001     -1.59777      4.59997      1.12795     -1.33934
   0.0527412     -2.02511      7.99402     0.428374     -2.52865    -0.594338      1.56153     -0.86226    -0.384553
    0.186277     0.196572      0.43863    -0.031998     0.402042    0.0653146     0.308139     0.376144     0.440666
    -1.26014      3.27429      1.84772    -0.991972      2.13778      1.89703     -1.05106     -2.19932     0.328481
    0.531222     0.427897     0.580412     0.633082      0.64389     0.711029     0.536885     0.493707     0.799076
    0.382324     0.372795     0.468361     0.294176     0.616324     0.299411     0.554428     0.568315     0.603567
    0.454455     0.521355     0.431373     0.540798     0.315809     0.649467     0.246604     0.429706     0.523548
    -2.80101      1.21989     -1.03868     0.562112     0.427985    -0.423469   -0.0100368      2.27219      1.49337
   -0.321919    -0.691863    -0.544282     0.631691    -0.473353     0.422061     0.640511    -0.988395     0.168274
   -0.779179    -0.096141     0.577076     0.825126     -0.78971      1.45769      1.30577     0.111012     0.267647
    -1.92937     -3.20543     -1.71844      3.50087     -2.32326        3.464       2.7446     0.691684      1.85679
   -0.251797     0.442346     0.604241      0.24529      1.72588    0.0606495    -0.346094      0.66235     0.572839
    0.130576     0.714287     0.264705      1.29731    -0.262163    -0.390743     0.776413     0.694305   -0.0594674
    0.741947     0.794161     0.932572     0.298367     0.235329   -0.0977935     0.548125    -0.116056    -0.215826
   0.0680753    -0.171568      0.13809     0.341614     0.168439     0.512176    -0.244636    -0.120071    0.0352204
    0.178552   -0.0230661   -0.0314725     0.297273     0.292694     0.275738     0.456367     0.446909     0.673916
   -0.445217    0.0589734     0.469134      -2.1623      1.14666     0.418677     0.429843       1.5477      1.90333
   0.0553182     0.373749     0.520204     -0.43635     0.255833    0.0141892   -0.0820308     0.325714     0.749269
    0.497474     0.271135    0.0600701     0.626014     0.329204      0.43832     0.196938     0.220694    -0.708305
    0.231964   -0.0820633    -0.275227      1.32684     0.436409      1.40301     0.636623    -0.427897    -0.247812
    0.236758     0.118295   -0.0290055     0.025746    0.0325594   -0.0678891    0.0658399     0.181682     0.142011
     1.95999     0.420494     -1.97107     0.580965     -1.18358     0.164075     -1.46048     0.971662      1.10526
    0.601612     -1.69417     0.698469      1.04156      1.43128    -0.281505      1.22661    -0.734525    -0.849313
    0.752712      0.39221     0.338236    0.0879168     0.315467     0.195176     0.150235    0.0631616    -0.536561
    0.875894    0.0506092     0.517551   -0.0579244     0.149243   -0.0508417    0.0703014    -0.587498     0.299294
   -0.591586     0.335996    -0.410381     0.198721      -0.3451     0.499213      1.00996     0.143185    -0.151345
    -3.66768      1.75791     0.677763      2.30777     -3.06424    -0.229287     0.466002   -0.0268234     -2.59127
     2.81832     -1.94923      2.62434     -2.39505     -3.84533     -2.96765      1.90034      -2.1548       2.6234
   -0.865439    -0.394104     -1.17227    -0.217425    -0.264477    -0.475687    -0.705249      3.18956    -0.788469
    0.152566   -0.0160322     0.088722     0.556224     0.125615     0.265857     0.335981     0.185576     0.203249
     3.05822     0.761922      2.40301      1.19525      2.18644     -2.08816      3.44529     -3.28673     -1.76745
   0.0231475     0.347877     0.510337    -0.239028     0.726462     0.333286    -0.242121     0.280029     0.200644
      1.3534    -0.253458     -0.72816     -1.19441     -3.09595      0.44412    -0.205715     0.444455     0.847442
    0.272406      0.22745      0.29723     0.364975      0.23459     0.152458     0.369617     0.282182     0.225255
    0.183843     0.152678    0.0671068    -0.261189   -0.0248571    -0.280449    -0.220979     0.907375    0.0341878
   0.0600131     -0.12079      0.14269   0.00581672     0.152194    0.0504917     0.125017      0.01968     0.112105
    0.245745     0.237392      0.37751     0.225732     0.156176     0.192659     0.231071    0.0938066      0.14519
    0.879923    0.0606641     0.218609      1.01492       5.4882     0.361812     0.973666     0.115352     0.789299
     4.13012     0.568408     0.665433    -0.104595     0.687293   -0.0443289     0.968364     0.808438       3.9122
     1.89382      1.11527      2.34154     -2.67484      1.12828     0.153252    -0.786353     0.142209      3.10349
     1.37767     0.133035      1.29105      1.44793    0.0968076    0.0250028      1.46174     -1.15529     -1.74964
   -0.300828    -0.542709      1.94572      0.13098    -0.071564      1.47024     -4.26755     -1.66768    -0.722701
    0.421075     0.216888    -0.258012     0.448283     0.109493    -0.521584   -0.0912902    -0.337964    -0.206287
    0.415012     0.135503     0.424666     0.500991  -0.00256743     0.247954      0.19675    -0.274982    0.0783728
    0.340125     0.605968     0.343006   -0.0976836    0.0390413     0.100099    -0.472028     -2.76754    -0.137172
     4.32744    -0.192122     0.415415     -1.30944     0.419608     -1.76092     0.911476      1.70259      0.68824
    0.581826     0.317264     0.847009    -0.173141     0.563051     0.952728    -0.120163    0.0766121      1.03007
  -0.0573237   -0.0179347   -0.0366155     0.337558   -0.0732466     0.189039     0.103787   0.00742077    0.0306858
    0.237707     0.460587     0.211421     0.217376     0.211926     0.219362    -0.104146     0.314478    0.0736332
    0.165614     0.198574     0.141017     0.205179    0.0598949     0.132091     0.149714     0.180996    0.0538948
  -0.0542958    -0.225737      1.67734      0.47939     0.510685      1.97092     0.680685     -4.79513      2.40406
   0.0588735     0.328128    -0.598861     -0.26264     0.352779    0.0209105    -0.225163      1.18039     0.283908
  -0.0823209     0.211214   -0.0693106    0.0470503    -0.106709    0.0306569     0.227125     0.293873    0.0497061
  -0.0636442    -0.538484    -0.167199      1.00074     0.734533      0.72058     0.816682    0.0329318     0.284367
    -1.17588     -3.58781    -0.726597      1.29837     0.339773     0.413245     0.331968      3.59918     -1.41717
    0.317623     0.224529     0.538479     0.134062     0.699322     0.299785     0.331172     0.402663     0.432067
    -2.36555      2.54671      2.03476    0.0789524     -2.19459     0.752665     -1.70609     0.359269     -2.97157
  -0.0538705     0.314595     0.213716     0.108127   -0.0587271    0.0977179     0.367839     0.207135    0.0610056
     0.14877     0.110019    0.0233892    0.0326332   -0.0476408    0.0940064   -0.0491936     0.238794     0.178465
   -0.228371      2.73606    -0.604448    -0.606322      1.90873    -0.571313    -0.655281      2.21027    -0.337764
      0.1884    -0.317134     0.438278    -0.233557     0.192641    -0.296692     0.213869    -0.313916     0.202698
   0.0542555    -0.246192   -0.0600856      1.17511     0.777585       1.3933    -0.444934    0.0288791     0.434987
    0.171711     0.203207     0.282513    0.0282075     0.145355    0.0940336     0.128014     0.129402    -0.111954
      0.4704     0.981568    -0.127509     -1.96298    0.0237271    -0.658573       3.6812     0.461902     0.299925
    0.174827     0.328462     0.389185   -0.0314016     0.188805     0.242037    0.0179833     0.183307     0.173469
   -0.761067     0.312522      2.77479     -4.22087    -0.287846      1.24957      1.23508      0.38562      1.50809
   -0.134071     0.310573    -0.977979     0.838764     0.329584     0.919903   -0.0270896    -0.274968    -0.459615
    0.474362      -0.2645    -0.647603    -0.114191    -0.470323      6.14314    -0.394454    -0.677283    -0.335628
    0.999072      1.25951    -0.911895      1.04988     -1.29101     0.305783    -0.229655      1.15458     0.270252
    0.182697   -0.0593983    -0.279461      0.81937     0.560994     0.603986     0.519688     0.196662     0.252655
    0.536378      1.30181      1.23246      1.17431    -0.565937      1.26765     0.671391  -0.00117091     -5.29744
    0.071359     0.145593     0.120005    0.0606845     0.229468     0.193391    0.0572272     0.688742     0.318578
    0.590908     0.383363     0.712615     0.289407      1.85748      1.04869     0.361461     0.501395     0.886409
    -4.79271     0.892181      1.03483     0.336177     -0.74718    -0.629195      1.55268     0.453791      0.63463
    0.428681     0.611089   -0.0795405    0.0780006    -0.295745    -0.360337    -0.186382     0.103712     0.179199
    0.278914    0.0824599     0.475425     0.296623     0.556862     0.608512     0.216518     0.108404     0.380009
   0.0619941    -0.225564     0.283216   -0.0563586    0.0743856     0.105073    0.0884476    -0.164651     0.167855
     1.35612     0.579597     -4.53188     0.729526     0.506369    -0.706834      1.48121      1.40152     0.972337
    0.433206     0.286994     0.295626    -0.490992     0.177937    0.0617566      1.52159    -0.272753     0.830342
    0.358088   -0.0534707   -0.0809908      0.52893 -0.000837407    -0.557911      1.09372     0.171277    -0.181706
    0.303047     -0.49973     0.110747     0.137784    0.0762831    -0.104168     0.640717    -0.295011      0.23525
    0.276522    -0.167518     0.315733     0.192289   -0.0376758   0.00392032     0.229802    -0.315948     0.065266
     1.66206    -0.257542      1.17191     0.779556       1.3343      0.70885    -0.397188    0.0199606     -2.23623
    0.174691     -0.39272     0.975067     0.359238   -0.0562268     0.102872     0.146393    -0.275343     0.348775
    -1.59039     0.434853     0.076164     -2.06153      1.00279       4.4999     0.592098      2.42854  -0.00116322
     1.07179     0.479349     0.324906     -0.54128      0.95977      0.28881    -0.324597    -0.823583     -1.48347
    0.571441     0.746904     0.924251    -0.601167     0.686747      -0.5969     0.195394     0.598683     0.774125
    -2.20454     -2.71889     -2.03257     0.382817      1.67695     -1.83387      1.48631     0.827295     0.783408
    0.785114     0.860828     0.540809    0.0607949      0.14941    -0.469603     0.323364     0.083115     0.343441
-3.46519
 -3.3528
-3.43028
-3.23874
-3.47271
-3.59213
-3.69586
 -3.6238
-3.49421
-3.62265
-3.64067
-3.51279
-4.16174
-3.56552
-3.68872
-3.55194
-3.40913
 -4.1074
-3.57167
-3.48035
-4.03179
-3.23094
-3.74509
-4.02858
-3.61827
-3.40397
-4.15457
-3.44399
-3.45313
-4.73902
 -3.6555
-4.41641
-3.58877
-3.86597
-3.73161
-4.12929
-3.30917
-3.87772
-5.05749
-4.69835
-3.41962
-3.74521
-3.81856
-4.00601
 -3.7321
-3.57649
-3.45622
-3.49201
-3.80171
-3.64705
-3.99467
-3.60447
-3.70195
-3.59756
-3.89729
-3.42905
-4.22994
-5.14643
-3.45267
-3.31821
-3.29575
-4.62935
-3.47137
-4.45448
-3.58719
-3.62668
-3.48241
-3.51632
-4.26016
  -5.128
 -3.5185
-4.48817
-4.40393
-4.08613
-3.44283
-4.34525
-3.54589
-4.71854
-3.62641
-4.78649
-6.13668
-4.06233
0.661907
-4.30593
 -4.5834
-4.05612
-3.97364
-3.86854
-3.75309
-5.18535
-3.26086
-4.05444
 3.08218
-3.60745
-3.61873
-3.49851
-3.55122
-4.08796
-3.59131
-4.07497
-4.10214
-3.51144
-3.73278
 -4.5345
-3.53675
-3.94596
-3.41672
-3.11287
 -3.3057
-3.60192
 -3.8029
-3.56105
 -3.4802
-3.55806
-3.39697
-3.47447
-4.01828
-3.55388
-3.52411
-3.66441
-5.22088
-4.19344
 -3.3064
-2.95698
-3.50034
-3.61063
-5.28571
 -3.7624
-3.82094
-3.52258
 -3.4496
-3.74495
-3.44683
  -3.596
-3.35975
-3.98972
-5.58599
-4.26948
-3.80519
-3.35771
 -4.1111
-3.54021
-3.82018
-4.65108
-3.00086
-4.34967
-3.46598
-4.76885
 -3.6164
-3.36993
-3.47989
-3.59976
-3.59198
-3.86785
-3.49977
-3.56045
-4.20104
-3.57356
-4.23057
 0.28025
-3.39204
-3.67831
-3.34529
-3.39502
-3.50968
-3.52738
-3.39398
-3.60488
-4.01133
-4.00501
-3.38472
-3.45814
-3.66197
-4.68063
-4.42707
 -3.5705
-3.89212
-3.51784
 -3.9089
  -4.191
-4.07454
-3.67756
-3.44819
-4.48959
-3.50988
-4.55014
-3.49294
-3.43902
-3.98949
-4.80357
-3.39168
-4.33678
-3.81102
-4.02063
-4.46825
-3.59056
-4.01246
-3.48134
-2.33549
-4.00037
-3.45681
-3.58366
 -3.3162
-3.60747
-3.81585
-3.27355
-4.12406
-3.40565
-3.79467
-3.54765
-4.00087
-4.93837
-4.39884
 -3.4673
-4.97089
 -3.2443
-3.28847
-3.30012
-4.05258
-3.80352
-3.49302
-1.13044
-3.97957
-3.31713
-3.42629
-3.62934
-3.48359
-3.81689
-3.60794
-3.62385
-3.59484
-3.60333
-4.59123
-4.05265
-3.73417
-3.73855
-3.91257
-3.68727
-6.77433
-3.78674
-3.45289
-3.84695
-3.66285
-5.57272
-3.43199
-3.71376
-3.57483
-3.49591
-4.57474
-2.33911
-3.65459
 -4.1693
-3.91906
-3.63327
-3.54864
-3.62842
-4.48006
 -3.2621
-3.56158
-3.55171
-3.54615
 -4.3689
-3.72825
-3.60251
-3.49977
-4.58658
-3.29666
-2.45205
-3.55624
-3.57102
-5.20222
-3.74923
-3.66671
-3.63632
 -4.5464
-3.49902
-3.78864
-3.78354
-5.03732
-4.31944
-3.45227
-4.69586
-3.55429
-2.94541
-3.62993
-3.64218
 -3.3735
 -3.6653
-3.83503
-4.14893
 -3.6494
-3.75428
-3.68276
-4.73979
-3.78972
-4.65739
-4.49268
 -3.5655
-5.06275
-3.52083
1
4
300 10
   0.0955923     0.335896     0.575686     0.530263      1.45417      1.23201    -0.376223    -0.201797     0.393241     0.335793    0.0915102     0.885035     0.831063    -0.215515      0.23959    0.0674811     0.471975    -0.325424  0.000378708     0.103412     -2.41284     0.937321     0.105453     -0.52418     0.319971     0.522422     0.897906    -0.190205     0.255336     -8.70553     0.169831       1.6545     0.235815     0.333449    0.0240201     -1.28917     0.346117      1.11029      2.22511    0.0328275     0.704408     0.497492     0.767958     0.669857     0.136545    -0.397862      0.56887     0.233595    -0.165416    -0.306299     0.173183     0.555905   -0.0763025 -0.000402451    -0.464621     0.366911    -0.611238     0.344818     0.645669     0.535231      2.15206     0.396095     0.120127      1.39461     0.128466     0.230992     0.316426     0.560629    -0.120981     -8.29374      0.44743    -0.366758    -0.553753     0.348932     0.114586    -0.822644    0.0488484     -1.52438     0.539235    -0.210712    -0.168312     0.731809      2.15586     -4.37107    -0.582216     0.312175      1.24762    -0.731071     -0.25422     0.542218     0.391935      0.55163    0.0827258     0.255491     0.292772     0.161498    0.0870046     -0.19462     0.168766      1.14728   -0.0278949    0.0847498     0.134317    -0.829662    0.0172819       1.3697      1.08149     0.801913     0.671172     0.448968     0.045774   -0.0356016     0.397999     0.188613     0.360216     0.613579      0.56279     0.056134     0.176599     0.161481     -7.78326    0.0734785     0.245939     -1.31049     0.223774     0.141243     -2.13984    -0.103487    -0.220488     0.931413     0.466413      2.14919     0.330307      0.10355     0.656419      1.44574     -3.82481     -1.59352    0.0620947     0.545127    -0.373787  -0.00436835    0.0512393    -0.275635     -1.13066     0.800895     0.234085     -7.96588      1.72717     0.319117     0.470541     0.673228     0.405533    -0.703835   -0.0245532     0.876312      1.90153    0.0887359    0.0342664    -0.929459     0.438969     0.175625      1.15734     0.408041     0.279499     0.211725     0.530044     0.092929    0.0496504     0.872532     0.367804     0.218175    -0.163085      1.53549     -0.89727     0.419388    -0.201216     0.624743     0.286492    -0.371731     0.850243      1.51546      1.47267     -5.26722     0.541137       0.6722     0.116063     0.219207     0.806126     -0.28224     0.425211    -0.304519     0.750613      1.94419    -0.145441      0.36262      1.07567    0.0758915      1.03653     -1.14542     0.399371     0.189943     0.166731     0.268541     -2.78465     0.389787     0.422608     0.291473    -0.602738    -0.227253    -0.218854     0.663233      1.23285     0.317705     -1.05728     0.498584      0.62572     0.259962      -2.7385    -0.123243    -0.324369      1.66431     0.275477     0.676259     0.375151     0.246962     0.378617      1.15821    0.0674847   -0.0677607     0.688497      0.10166         -1.7       1.2165    -0.364388     -0.48923       0.1354    -0.214412     -4.37447      1.11121     0.422113      2.78129     0.113862     -3.58643     0.394133   -0.0409985     0.186335     0.256489     0.484293      1.53722       3.2234      1.40152     0.106792    -0.506814     0.165403    0.0727619      -6.1104     0.905783    -0.177767     0.134569     0.163362      1.69209     0.546045    0.0522464     0.614351       2.8248     0.505784      2.59766     0.142278    0.0677129     0.142308    -0.186859     0.302151     0.172667    -0.200636      0.37901    -0.513754    -0.141562      1.27451      0.26618     0.514897      2.65509     0.305371      1.06046     -10.4481    -0.038622     0.355817    0.0442448    -0.728279    -0.269173     0.474759     0.157901     0.106555     -1.82012   -0.0790005      1.82555    -0.239758       0.3239     0.680554     0.204564
   -0.224264    -0.126689    0.0856017    -0.143164      0.99237      3.19219    0.0942357   -0.0891723    -0.349682     0.836753   -0.0390707      1.57009      1.49503     0.128504     0.229363   -0.0858004   -0.0808661     -1.73506     0.259787    -0.104036     0.765127    -0.184875     0.340159     0.743695    -0.500557    -0.527022     0.647962      2.06861    -0.170994      2.35974    -0.268592     0.514289    0.0805235    0.0511752     0.466949    -0.876321    -0.150886     -1.22967      3.73012     0.672929    -0.137031     0.109667     0.775587     0.229375    -0.772511    -0.604942    -0.187993    -0.136468   0.00175616    0.0776077      2.33478   0.00715679     0.503943     0.172764     0.632073   -0.0715528     -1.62136      1.17165   -0.0333041   -0.0499024     0.455758      2.22548   -0.0274591      1.38344     0.128263    0.0629781     0.115301    -0.326178     -7.32821      2.22629    0.0364356       2.5454   0.00784637     -4.35478     0.259339     -1.22543    -0.695971     -1.56383     -1.01518      1.10937     0.442467    -0.645871      1.53481      2.42547      2.14962    -0.866341     0.244802    -0.128393      1.33854      1.38053    -0.197638     0.311576     -1.43352     -0.24899   -0.0876783    -0.443492    -0.431309    -0.536208   -0.0427508     -1.34783      -1.0234    -0.235511    -0.131892    -0.860201     0.519998    0.0486344    -0.237358     0.158368   -0.0277586     0.326486     -1.27542     0.128195    -0.257364   -0.0231418    -0.164486    -0.306358     -5.97654     0.119213   -0.0412289     0.283001      2.89703     -1.00269     -0.19108      2.67511   -0.0820698    -0.438608    -0.521183     0.543575    -0.142153      1.03447     0.251034      1.32981     0.297773   -0.0772148    -0.138395     0.353565      0.96297    -0.757174     0.305198    -0.305448    0.0923309   -0.0249222     -2.10344    -0.501662     0.243363     -0.70045     -1.29917      1.44565    -0.953171    -0.380598     -0.29136    -0.218372     0.181039    -0.499353    -0.661981     0.514693    -0.668235    -0.107724      -0.8479     0.538985   -0.0359806    -0.357848     -10.9598    -0.187923    -0.166862   -0.0744711    -0.118836    0.0521655     0.170057     -2.55795     -0.30449    -0.166013     -0.24511      1.37273     -1.01284    0.0717581     -0.29237     0.210485     -0.82931    -0.769704     -1.21819      1.37094      1.78878      1.14197    -0.607274     -1.04347     0.329397     0.201955     0.488532     -1.71335    -0.085611    -0.358105     0.695119      0.15762     -1.83092    -0.187443      2.01583    -0.111329     -2.55405     -2.56615      0.35612    -0.226847     -2.44052    -0.152491      1.07866    -0.281489      2.44704    -0.288123   -0.0599866    -0.126837      0.53983     0.393908      3.38545    -0.110569     -6.02858    -0.355522    -0.181033    -0.271544      2.13079      1.17727    -0.113388    -0.117511      1.14526    -0.274593     0.527189    -0.413135    0.0210068     0.260994    -0.108927    -0.132813   -0.0254631   -0.0374997    -0.993714     -3.17526     0.447607      0.83436     0.286261     -1.77304      1.61346      1.48834   -0.0616496    -0.543781   -0.0668827    -0.395872   -0.0581304  -0.00162227    -0.240928     0.025132      1.36945      1.75909     0.441133      1.15104     0.115231   -0.0103308     0.520576      1.23692      2.14659   -0.0897796     0.167382    0.0278036   -0.0422414      2.87779      1.03167   -0.0702931    0.0503693     -1.45561   -0.0181001     -1.51818    -0.287646    -0.282467       1.6195   -0.0382416    -0.516545    0.0307334    -0.954773   -0.0176788     -1.48037     0.260708      1.29186    -0.972535     0.353166      0.61024     0.253091    -0.333567       1.9459    0.0343487    -0.468394    -0.267762    -0.831426     -0.28283    -0.197719   -0.0225572     0.225254    -0.830746    -0.381684      1.97421     0.108574      0.14091      3.67226     0.353811
    -0.09131    0.0748947     0.208263     0.241706     0.436036     0.431866   -0.0349088   -0.0156175   -0.0911582     -0.37467     0.090448     -6.72771     0.730857    0.0947211      1.57973   -0.0234733    0.0153414    -0.294903      1.28487    0.0291531     0.019621     0.359223     0.310616    -0.942982     0.124124     0.727541     0.364689      1.99867    -0.187709      3.18041     0.404462      2.11097    -0.159395      1.73882     0.428043    -0.382186    -0.166589      1.51785     -3.06701       1.1116    -0.200709    -0.488441    -0.486252    -0.403588    0.0514274    -0.352437    -0.260552     0.144238     0.886117     0.772307      1.06108    0.0827654    -0.260531     0.308493     0.320596     0.349265      0.47838       1.5541    0.0305656    -0.215712      1.40051       1.1213     0.226456      1.08964    -0.534151    0.0455361    0.0374469    -0.132441     0.598409      1.69253    0.0228059     0.524031      1.67285     0.870106     0.403591    -0.182612      0.34439      0.83794     0.483242       1.7579      -1.4613     -1.61757     -2.36313  -0.00969815      1.98298     0.469649     0.126151     -1.67814     0.546566     -7.64231    -0.180016        1.944     -1.80164     0.243641   -0.0371991    -0.365935     0.164086    -0.294697   -0.0292917    -0.127822     -3.35227   -0.0718185    -0.222824     -1.08933  -0.00906789    -0.802395    -0.126197     0.304934  -0.00892604    -0.112301      1.90973   -0.0027571      0.28958     0.157477     0.169991    -0.272036    -0.132149     0.132223   -0.0239586     0.321344      2.34032     -2.60301     0.237954      1.70018  -0.00243297     0.113041    -0.810831    -0.537622    -0.322422     -1.79833   -0.0248043   -0.0897675     0.260344      0.20131     0.213874      2.80334     0.703048    -0.346347      -1.4068     0.192575     0.416448      0.29059   -0.0493336    -0.957491      1.43494     -2.92484      0.42043     0.739242      1.31942     0.394338     0.303585    -0.380209   -0.0313389     0.206751     0.318084     0.316828     0.114509     0.493697     0.480717     -2.89132     0.153154    -0.164138      3.34187    0.0365115    -0.114537   -0.0641612     0.371669    0.0918499    -0.307451     0.208391     0.147791    -0.143758    -0.387595    -0.340314     0.844417   0.00652674     0.473043    0.0141121    -0.380689      3.61745    0.0835773      1.70209        1.501      0.37761     0.569713      1.13216      0.43499    0.0457487      0.79202    -0.778582     -0.15734    -0.377085      1.29241    0.0335405    -0.180841     -0.28286     0.933988   -0.0875031      3.25774     0.782426     0.179475    0.0959572     -1.69619    -0.112568      1.30888     0.176028     0.117774     0.171003    -0.264087    -0.133805    -0.259769     0.212543     -12.5163   0.00658622      0.39868    0.0294236    0.0724501     0.139356    -0.278324    -0.286332     0.466412      2.01433     -0.57716     0.578018     0.312253    0.0171559    -0.285285    -0.458406   -0.0367305    -0.126579    -0.505316   -0.0661119      1.93863      1.03097     0.216113    -0.145789    -0.397495     -1.59811     -2.72934      1.13129     0.108622      3.05896    -0.329199     0.626933    0.0442988    0.0584431     0.117969   -0.0958525     0.534782     -1.85505     0.925037     0.186619     -1.69063     0.388435    -0.121746     0.438315      1.22946     0.315316    0.0765825      0.12586   -0.0553091   -0.0155358    -0.604792    -0.323648     0.431168      2.89737     0.220062     -0.38433   -0.0769147     0.101767     -1.74135    -0.330585   -0.0761183      0.18823     0.929016   -0.0668243     0.881967     -1.78302      1.70423       1.5791     -0.50261    -0.646214    0.0723755   -0.0199835     0.965265     0.675028   -0.0217966    -0.210469     -6.80967   -0.0262071     0.200123    -0.225809    -0.465068    -0.274893      -1.0179      1.58875    -0.587802    -0.369617      2.10998       0.6237
   0.0845171     0.218252    0.0924569    -0.129515    -0.184303    -0.766699    -0.033575    0.0158889    0.0218615    -0.476005  -0.00945034     0.864608      1.07185    -0.228691    -0.192397     0.217506    -0.517154      1.36439       1.2193    0.0691642     0.403445   -0.0637817     0.105518     0.733831  -0.00189887    0.0684035     -3.66669      1.94206   -0.0306835      2.01802     -0.44472     -1.62223     0.340518    -0.157193   -0.0960908      1.72896    -0.201025     0.940353    -0.843363     -4.06658    -0.166736     0.418995      0.71825      2.04683     0.342107     0.312836    -0.367583      0.12403     -1.78676   -0.0812811    -0.613548    -0.265808     0.315234    0.0984579     -1.64638    0.0914785    -0.299569      2.45886    -0.164552    -0.365038      2.00757     -3.77386    -0.076466     -5.96448    -0.203616    -0.494977    -0.149106     0.380984     0.625989      1.68359    -0.174725     -1.59849     0.184091     0.199662    -0.626809      1.06995     0.452587      3.70885     0.238885     -2.66521       2.1344     0.636762      1.08666     0.472188     -10.8381    -0.875943    -0.970315       2.9828    -0.179824      3.97321     0.266786    -0.470759     -2.05784     0.489033     0.423483      0.38654   -0.0928341     0.301924   -0.0121147      1.06325      1.55472   -0.0398388   -0.0341289      1.01836    -0.128954      2.74884    -0.239946   -0.0357741    -0.340648     -0.20396     0.227946   -0.0148097     0.164443    0.0154232     0.116126    -0.156919     0.768618   -0.0273981    -0.338665    -0.118969       1.0325      1.14651    -0.245133     -1.73029     0.164594     0.502279     0.309745     -7.48783     0.193531      2.46516   -0.0126854     0.322215    -0.629219  -0.00870045     0.169695    -0.808839   -0.0290002     0.605571     0.433083   -0.0841294    -0.838701    -0.976844    -0.239924      0.66087     -0.24932      1.18133  0.000446764      1.00766     0.203821    -0.193477     0.156038     0.369657    -0.112463      0.38146    0.0372586    -0.507068      1.48585    0.0881725      0.83228       2.2633    -0.232237     0.322816     0.227936     -0.02585    0.0633582   -0.0917171     0.163527     0.380738     0.128725   -0.0806762    -0.038118   -0.0499513     0.337224      2.05345      1.49566    -0.143612    -0.557494     0.161227      -0.3963     -2.10133      1.00977    -0.068357    -0.747715     0.592238    -0.328788    -0.643075    -0.103849    -0.458468   -0.0248587      2.29294    0.0267523    -0.133252    0.0369699      2.72251      3.49154      0.43755    0.0444754    0.0969792     0.124109     0.116254    0.0106035   -0.0688388      2.07207    -0.128892    -0.262437   -0.0360773     0.985427    -0.184134    -0.201532      0.11851    0.0251291     -1.46763    -0.366992     0.140927      1.94385   -0.0978434    -0.287238    -0.118049     0.657679     0.421357    -0.691505     -2.18419      1.57679     -0.69552   -0.0928509     0.211436    0.0497065     -2.76239     0.557487     0.393903      1.36419    0.0390452     0.279829      0.47124      0.10865   -0.0354932     0.215323    -0.299532      3.64263      1.10634      -0.2823    -0.246152     0.823001       1.3715   -0.0357787      0.50416    0.0584228     0.023318      2.02161     -1.70589     -1.14051     0.505883     0.869268    -0.233036    -0.435965    0.0625035    -0.156647    -0.328937   -0.0175144    0.0790431   -0.0248835      1.36494    -0.297779   -0.0344184     0.386103     0.770847    -0.226916    -0.226462    0.0326056     0.151993     -1.03416    0.0868599     0.403062   -0.0145317    -0.231841    0.0379975     -4.60165     0.708202      1.00294   0.00266211     0.392578     0.755031    0.0827886     0.780423      1.76397     0.502672     0.333822   -0.0144636     0.623138     0.101089     0.695758     0.350275     0.102184      1.92503   -0.0198612    -0.953848    -0.480886      1.09094       -1.779     0.685129
   -0.430985    -0.881948    -0.628383    -0.599401     -2.29859     -1.10049    -0.425402      -0.2285   -0.0908922    -0.262113    -0.241909      1.29329      1.01327    -0.166009     0.382307    -0.219438    -0.437075    -0.642796    -0.182858    -0.444668     0.398188    -0.410721    -0.123997     0.422059    -0.245725     -1.03046     0.601073      2.20798    -0.427079      0.21734    -0.543998    -0.380877    -0.474098    -0.174796    -0.161551    -0.358799    -0.571494       1.7176     -1.19724   -0.0144691    -0.252761    -0.314384   -0.0969894    -0.333012    -0.347583    -0.427134    -0.304973    -0.436197     -2.50583    -0.257793    -0.504095    -0.328786    0.0346041    -0.875999     0.260956    -0.892241     0.364435     0.145015    -0.470948     -0.60007      1.72535    -0.142329    -0.529514     0.269097    -0.166667    0.0313659    -0.340595    -0.351649     0.184783    -0.242556    -0.442912     0.144091    -0.358443      0.35288    -0.589415     -1.83538     -0.33029     -2.58912     -0.31293   -0.0396818    -0.950612     0.132681      4.15602      1.38186     0.372418     0.210009    -0.700766    -0.318511     0.164935      1.11992     -1.17673    -0.963398      9.36224    -0.854278      -0.3951    -0.496257    -0.284755     -0.70203    -0.252595     0.138528     0.431915     -0.36661    -0.192796     -1.28998    -0.544448     -4.15278    -0.199591     -1.10103    -0.782722     -1.92746    -0.565587    -0.517867    -0.264433    -0.323645    -0.475414    -0.191197     0.847561    -0.373554    -0.351135    -0.162813    0.0717562      0.74497    -0.515181    -0.169172    -0.542138    -0.437757     -3.50479      2.12248    -0.351123    -0.318328    -0.652926     0.150563     -1.19122    -0.278318    -0.428267    -0.257013       -1.645   -0.0596816     0.115466    -0.558917      1.19622    -0.329787     0.469383     -2.54296      2.24706    -0.166731    -0.204544     0.532363    -0.685665    -0.502409    -0.653243   -0.0619361    -0.175667    -0.833978    -0.464459    -0.499268    -0.663628    -0.291206     -1.22303      4.09353    -0.472417    -0.524694      2.39808    -0.399316    -0.486331    -0.374603    -0.702108    -0.128501    0.0364354    -0.235395    -0.591985    -0.452704   -0.0578908      -1.4521    0.0544283    -0.354228     0.034903    -0.360197    -0.110861    -0.407034     -3.36454   -0.0476464     0.728639     0.433138      -0.3867      0.69693    -0.621277    -0.587732     0.149788     -1.27839    -0.469506     -2.17396      1.18473       2.1865      1.49506     -2.87995    -0.296271    -0.219597     -1.01114    -0.175855    -0.548777    -0.363706     0.822487    -0.141564    -0.291606    -0.716316     0.279159    -0.436493    -0.189561    -0.436237     -0.46344     -3.85175     0.556669    -0.486608    -0.576874    -0.533143    -0.758648    -0.587716     -1.06277    -0.104757    -0.856445     0.892199     -2.34926    -0.432012    -0.642954    -0.360605    -0.455561     -1.03575    -0.336955    -0.272592    -0.273559   -0.0714836     0.384134   -0.0587991    -0.190005     0.280122    -0.023815      1.83189      1.86605     0.190844    -0.545025      1.95776     -1.04348     -3.42608    -0.434083     0.150389    -0.420788    -0.319834     -13.2129     -1.79417       1.2617     0.423464      1.40705    -0.323267     -0.42619    -0.288228   -0.0393909    -0.927349    -0.440135    -0.361337    -0.261657      0.50158   -0.0208922   -0.0899878     -1.06899    -0.132125     -1.10321      1.39246    -0.159391    -0.479314    -0.645035     0.211169    -0.188208     -0.12424      1.64418    -0.308696      2.07269    -0.349409     0.357774    -0.921824     -1.14051     0.120246    -0.363331     -2.92006      1.87133    -0.183572    -0.774914   -0.0809886      1.45228     0.386026    -0.361711     0.209896    -0.198263     -1.78201     0.167829     0.895866    -0.731365   0.00584827     -2.40138    -0.300867
   -0.075477    -0.019597    -0.151108    -0.531637    -0.425948     -2.22958     0.107948   -0.0342199   -0.0797215    -0.987953    -0.168533     0.511961     0.323793    0.0110656     0.309171    -0.123805   -0.0634918     0.940452     -3.27782    -0.241917    -0.688402    -0.609374     0.408178     0.384486    -0.190626    0.0116805     0.345536     0.625612    -0.168568     0.186898      1.11862    -0.361346    -0.305978     0.167236   0.00083714     0.912305   -0.0462199     -1.81348     -3.51213      0.91953     -0.10811     0.475018     0.143455     0.851703     0.154478     0.328018    -0.190474   -0.0910949     -1.40711      1.14109     -1.15825 -0.000726758    -0.539724     0.269504     0.857353     -0.10865    0.0392291     -3.08061    -0.256263    -0.291075      1.24382     -3.27125   -0.0854863       1.1383    -0.154137    -0.298682   -0.0799997   0.00443438     0.928327      1.02835    -0.200906     0.121069      1.32252     0.959392    0.0862596       0.7875    -0.161807     -0.60346     0.319209     0.352122      1.67959     0.904897     -1.15524    -0.635976      1.13269      2.19721     -1.69828      1.14498    -0.832899     -1.26558      0.24019   -0.0513228     -1.57271     0.231671    0.0842652     0.109328   -0.0254701      1.25234    -0.179389     0.912935     0.463109    0.0540511     0.483139      1.41059     0.848629     -1.09462    -0.217144    -0.459833    0.0287072    -0.175532    -0.370281   -0.0514437    -0.134236  -0.00226108    -0.173639    -0.162904     0.701195    0.0552605    -0.145909    0.0562572      2.97681    -0.256403    -0.440455    -0.871092    -0.143311   0.00206907      2.41369      3.18399     0.451235     -1.13028   -0.0692894     -1.11975     -0.24138   -0.0846445    -0.372819      1.27077      2.21721     0.989998    -0.809321    -0.104596     0.663137    0.0839823    0.0517659     0.164958     -1.44861     0.325599    -0.121475      0.26312     -0.22363    -0.275987     -0.25804    0.0206524     0.520444     0.872002   -0.0741619     -1.16305     -3.47195     0.268304    -0.230519      2.30254   -0.0750742     0.112995      1.19507   -0.0465222   -0.0432511     0.070523    -0.171143    -0.343461    -0.138313      1.67871     0.203556    -0.080342    -0.795926      1.84435      1.13183    -0.119741     0.651442    0.0797334    -0.782988     0.422642      1.53188     -1.62901     -2.27779      0.13192    0.0772286    -0.275379    -0.464376    -0.208665      1.51351      1.60423    -0.192431     0.234638      1.17549     -8.85414    -0.582636  0.000687123    -0.862849     -0.17679     0.108526     0.139734    -0.451076    -0.222671       1.7164     0.149335      2.19677   -0.0768768      1.01687   -0.0894313     0.586588  -0.00113057       1.7003       4.1392      0.43409    -0.212814      1.40354  -0.00906562    -0.066298    -0.150412    -0.210423     0.106751     0.201863     -3.04713    -0.236587    -0.867834    -0.954832     0.316747    -0.170953    -0.765424    0.0997173     0.458181    -0.311178    0.0624601     -1.01108    -0.443202    0.0923359    -0.376451    0.0924818     0.123806      2.80789     0.745556    -0.116891      -1.5884    -0.167583      2.68756    -0.208081     0.247234    0.0272267    -0.220656      2.82715     -1.01299      1.78664     -1.58134      1.85708    -0.121562    -0.388161     0.377375      2.99323   0.00565317   -0.0699027    -0.097899   -0.0476497     0.977418    -0.202534   -0.0158649     0.407499     0.262638    -0.113442      1.52703  -0.00477204     0.139961    -0.140097    -0.207806     0.969895    0.0229198      2.00162   -0.0359384      2.36212      0.80384     -10.2013     -2.12533     0.411696     -0.28882    -0.186124    0.0367375    -0.245575    -0.524239   -0.0122963   0.00386732      2.59867     0.905603    -0.397008    -0.323983    -0.216743      2.01516     0.283927     -6.52825    -0.411182    -0.119189    -0.102949     -0.80844
    0.556807    0.0749508     0.435592     0.314858     0.462285     -2.75821     0.318647     0.200824   -0.0431159     0.398072    0.0787255      2.03076     -5.93293     0.314839    -0.965891     0.182423     0.212193       1.7161   0.00628977     0.165989     0.422888      0.23146    -0.171023      1.58962     0.103211     0.383725       1.5541     -8.96607     0.132469      1.83965     -1.17168     -1.63072     0.400252     -0.86006    -0.823966     0.935952     0.252506    -0.729345      1.52858     -1.14074     0.109911     -1.18775     -1.84645     0.569231    -0.252648      0.46374    -0.236624      0.17925      3.14625     -1.05403   -0.0771643   -0.0450546    0.0953657     0.224182    -0.183084     0.218323      1.41982     0.143233    0.0736762     0.364093      1.63574      1.64172    0.0950868     -1.57621   -0.0173446     0.241616     0.221116    -0.616865       3.3979      3.73279     0.114262     -2.64456     0.250386     0.229647     0.236556      2.21398   -0.0982833      1.28097    -0.218887    0.0840497    -0.296302     -1.13825     -2.52575    -0.635259      2.10759     -1.66579      1.49559     -0.29679     -0.58035    0.0600984     0.288798      1.26496     0.836229      1.13648   -0.0273407     0.503056   -0.0217539     0.880487     0.301948     0.210372      1.84817     0.196293     0.126495    -0.252444    -0.202238    -0.965991      1.36672     0.645014     0.100506       1.2796     0.404463      0.10372    -0.129757   -0.0282523      0.40738     0.148465      1.62429     0.114947     0.164851    -0.841214     -1.41979     0.876942     0.857756     -1.33421   -0.0454655    0.0435033     0.415168      1.18712     -1.00917    -0.758199      0.27693    -0.485675      0.31406      0.38411     0.177075     0.333821     0.698035     0.894119      1.52904     0.367023     -1.82872      0.55846     0.770032    -0.437433     -5.90516    -0.241021    -0.158148     0.775532    -0.312252     0.128801     0.476881    -0.161182     -0.46562     0.297657     0.589997      1.53371      1.39893     0.351611      2.28658     -1.74166    0.0673358     0.186249     0.233435       0.2541     0.140921    0.0859601     0.213962    0.0604323     0.232468     0.149057     0.314924     0.344632      1.39888     -5.26675       1.2765     0.248867    -0.189155    0.0983192    -0.158239      1.37801      2.01621     0.200252     0.433595     0.730349    -0.497148    -0.904642     0.175809     0.765589    -0.399845    -0.805616    0.0710999      1.06394     -8.10771    -0.677317 -0.000963498      1.81885     -4.50933     0.787764     0.890495     0.414676    0.0643697     0.258081      1.24313     0.483142      1.33351     0.221337      1.34988    0.0209396   -0.0497929     0.490933     -3.70312     -3.40559      1.58617     0.375836      2.91688     0.170888    0.0290267     0.331178    -0.137163    -0.904901    -0.362855     -2.60408      -0.2091     0.178038     0.426359    -0.314026     0.195409      2.00391     0.357007     0.485139    -0.448478     0.146508      2.72645     0.700944      0.41545    0.0511935    -0.850315     -2.10383     -3.09962     -0.46645     0.119056      1.54753     0.375736      1.54742     0.246448    -0.241307     0.289136     0.272193     0.831129     0.344089     -2.21441    0.0137966     -6.26509     0.318567     0.199725     0.572225    -0.267197     0.179347    0.0431765    -0.212523     0.196027     -1.39446      0.67294    0.0399454    -0.413502      1.37954     0.441757    -0.353967   -0.0851637     0.184839     0.442489     0.391713    -0.812742     0.313645     -6.14602     0.367936      1.70871     0.476521      1.79797      2.87841    -0.302713      1.64223     0.237775     0.436172    0.0738905     0.437765     0.327476     0.159045      1.41827     -1.69567    -0.866702    -0.420121    0.0147835      2.29885     0.183694     0.687081     0.960894      0.11651    -0.953867    0.0775345
    -0.01369     0.143838    -0.309246     0.148557    -0.352471     0.722563     0.324678   -0.0124813     0.287083     0.743961   -0.0682006    -0.475723    -0.158087     0.070964     -1.11435    0.0109518     0.117283     0.592338   -0.0518536   -0.0987211     0.382188     0.187089    -0.094351     -4.72692     0.257085    0.0532919      1.02106     0.103449     0.160733    -0.239533    -0.417001     -1.84979   -0.0754416    -0.287093     0.195278    -0.633181     0.211139     -2.49074      1.13721     0.758807   -0.0310211     0.115564     0.204551     -3.92417      0.25762    0.0539115    0.0683504    0.0326207    -0.642782    -0.135642     -0.24696   -0.0123788      0.19336    -0.173826      0.29681   -0.0365604     0.361689     -1.47668   -0.0404515     0.418985    -0.271313      1.04228     0.154452      1.06624     0.534522    -0.173391   -0.0127369     0.450046     0.795854     -1.22872    -0.563376     0.577813     0.691467      0.65712    -0.110926     -1.35961     0.164215      2.04507    -0.403239      1.62945    -0.584282    -0.445166     -1.52179      1.43525      1.22323    -0.279717  -0.00790411    -0.872709    -0.924209      1.26507    0.0865976     0.040221     -1.75645     -2.31929    -0.154989   -0.0831696     0.425448    -0.177072     0.156749     -1.67879     -1.06429     0.145066     0.253571      2.12167    -0.211064       1.6672    -0.659833    -0.449275      0.41447      2.01752     -2.18316     0.430734     0.128949    -0.220711     -0.19685      0.28516     0.910654    0.0062242   -0.0172478     0.146661     -1.65017     0.883236    -0.317488      1.06959      0.22934     -0.08132     0.410887     0.435397     0.590987     0.554369     0.157894     -2.54734     0.262038    -0.260233     -0.14371      1.17744       2.6968      -1.3992   -0.0510778   -0.0583408       0.5692     0.241488     0.978319      1.88692      2.43157      1.41403      1.02768      2.46687     -2.00402     0.451189   -0.0969375    -0.173478  -0.00664354     0.714755   -0.0726199     0.244708    -0.470097    -0.172342    -0.873583     0.683633     0.283012     0.279143      2.68189    0.0374301   0.00844696     0.154137   -0.0777387    -0.211711      1.03585     -1.49023   0.00155423     0.152098    0.0653125      0.67423      1.05932   -0.0898872      0.81111     -0.33247     0.417066    -0.407949     -1.79425    -0.602198     -2.17672       1.5651      1.19959       1.1759    -0.360273    -0.144279     -3.09502    -0.191104     0.177473      2.25758     0.607371    -0.415476       1.0158      1.77173      2.35447    -0.176964    -0.593141       1.4303    -0.349441    0.0765538      1.26026    -0.116277      2.13558     0.315756      -7.4873     0.341423     0.745126    0.0688498       1.7087     0.895326      3.06869    0.0355044     -1.23355     0.170781     0.227695    0.0527862      2.97355    -0.771216    -0.273662     0.939293     0.930919    -0.152776     0.149881     0.213502     0.447155     0.644057   -0.0760028     0.309021    -0.315258    -0.168725    -0.708361      1.13463      0.50002    -0.205578    -0.123149     0.734592      1.90958     -4.89632     0.199521     -6.41374     0.522663      2.19106     0.164523    -0.837335     0.149842    0.0276939      3.24415    -0.613776     -3.36224    -0.301021      1.19482    -0.162993     0.435217     -3.63275     -1.24269    -0.558475   -0.0889669      0.24597    0.0283408     -6.55498    -0.176898     0.189146    -0.030233     -6.21731     0.197825    -0.752574    0.0156444    -0.194921      1.46995     0.132503    -0.277218     0.127598     0.853437    0.0763152     -1.24718      0.10311      1.89309     -0.12579     0.148094      2.77473    -0.292447      0.72837      2.39953    -0.492937     0.256149     0.178331      1.34822      0.87191   0.00729525     0.471294      0.32353      0.81466     0.671025     0.908668      1.87551    -0.350653     0.114305    -0.383653
   0.0327732    0.0426418    -0.261268     0.101996     0.137481      1.68912    0.0381067     0.122057   -0.0527875    -0.141847     0.219164   -0.0164742     0.811605    0.0509777    -0.776537    -0.110105     0.556379     -1.48111     0.904491     0.255102     0.428964     -0.51384    -0.835256      2.20348   -0.0504571    -0.311115     -1.61573   -0.0171292     0.114731    -0.725505     0.982171      1.62876     0.180898    -0.712736     0.341017   -0.0990051     0.203494     0.865078    0.0774788      1.55222    0.0572266     0.273665     0.262926     0.148718     0.154804     0.508294     0.846279    0.0467847      2.41111    -0.181494    -0.743629      0.17285    -0.260079  -0.00558846      0.13751     0.135474    -0.494543    -0.926063     0.262562    0.0962208     -10.3947     0.930281   0.00434147      1.09342    0.0862121     0.227525    -0.196853   -0.0687076     0.816671    -0.501712     0.683677     0.985377     -3.20002     0.817174    0.0893386      1.34626     0.164062     -1.74099     0.481795     -2.11698     -1.02075      1.10518     -1.30506     0.186117      2.21443     0.640561     0.212023    -0.157399     0.672211     0.802722     0.145555      -2.5453     -1.60793      1.26885   0.00955855    0.0972181     0.170407     -0.29658    0.0518316    -0.180299     0.895635    0.0535747     -0.10314    -0.119461    -0.156997      1.14376    -0.670581    0.0523398    0.0538217     -1.30108      1.95945    0.0914667    -0.119998     0.295564    -0.072976     0.175515     0.625871    -0.139083     0.414061     0.539502      1.67679    0.0331926      0.14493    0.0639848     0.174457    0.0166256      3.40533     0.501228     0.574017    -0.553812    0.0270351      0.23432     0.505465    -0.139371    -0.149363      -6.4166     -1.74693      1.73157    -0.577021     0.070643     0.151758     0.418436     0.223746      1.78299      2.45479     0.782953    -0.180676     0.628053      1.02185   0.00385392     0.149559    -0.116037    -0.184275    -0.222384     0.395654     -1.32531     0.136717    -0.498851    -0.354177     -4.19323    -0.250991     0.120641    0.0320339     0.231697     0.240752     0.130995   -0.0376276    0.0639127     -1.06073      1.31427    -0.298825    -0.079987    0.0373452    -0.254286     -3.84278     0.186649    -0.678602    -0.426344      1.88815    -0.972688      1.00526     -2.54508    -0.666272     0.255376     -0.49138    -0.808786     0.723332     0.234634    -0.182046      1.24021    0.0905769     -0.35312      2.30042      2.89875     -3.15071    -0.720773    -0.689184     0.119684      -1.1157      1.35439     0.378426     0.206242     -3.39147     -0.12947     -4.68891      0.13289     0.618848   -0.0755908   -0.0393689     0.051485     0.621277        2.553      2.47707    -0.109195       2.5088    0.0180935    0.0286913    0.0688068     -1.48553     0.304873      1.98763      2.49091    -0.112697     0.884865    -0.247722     0.315722    -0.231227     0.945564    -0.838667     -1.03878    -0.410958      -0.0722    -0.642447    -0.894293    -0.928714    0.0173927     0.635568      3.21522     -2.11218    -0.449388    0.0687807    -0.694891    -0.168139    -0.972534    0.0639476    0.0117496    0.0684382     0.145568      1.65411      3.52009    -0.928728     -1.44027      2.43893     0.742796     0.153095      1.09112      1.56902      0.26298     0.439451  -0.00692361   0.00607246     0.422637    -0.682117     0.428433    -0.538671    -0.598689    -0.110612     -2.16788      0.50761    -0.083697    -0.170256    -0.201521     0.230246    -0.218813      2.01773   -0.0635374     0.679781  -0.00868891     0.830961    -0.448652   0.00977294     -7.61703    -0.048263     0.421844      1.76237    -0.128927     0.181268    0.0309534     0.949811   0.00211102     0.453205    -0.104696    -0.108909     -1.94059    0.0635176    -0.301266    -0.816285    -0.795617     -1.02113    -0.290193
  0.00553498    0.0202583    0.0454786   0.00887474     -0.20586     0.279752   -0.0978522   0.00512053    0.0274346    -0.182074   -0.0154868     0.116563    -0.128911   -0.0238774     0.198113   0.00342367    -0.109428    -0.889858   -0.0540164    0.0057522   -0.0412417    0.0176462   0.00312203    -0.092419    0.0135614    0.0891202     0.107512     0.142071  -0.00923599     0.350199     0.449104     0.777891    0.0684788     0.153884     0.045563    -0.180136   -0.0273763     0.174443    -0.295368      0.13376 -0.000749311    -0.210617   -0.0335569     -0.23819    0.0436952    0.0560647   -0.0401619  -0.00721574   -0.0723564    -0.383489     0.595854   -0.0922415   -0.0923596    0.0110934   -0.0965466    0.0104247     -1.46911      1.46904   -0.0906356    0.0423851   -0.0892213     0.177452  -0.00286764   0.00930569   -0.0733672    0.0524703  -0.00011429   -0.0416821  -0.00746404  -0.00593658   -0.0309243    -0.143339     0.260595   -0.0389425   -0.0080047   0.00595477   -0.0999995    -0.203506 -0.000377711     0.289681      1.83838    -0.162781     0.196911    -0.193937    -0.305715    -0.491075    -0.254647    -0.268127     0.321389  -0.00826151    0.0051861     0.195867    -0.224854    -0.166181    0.0293851    0.0271688 -4.47635e-05     0.908292   -0.0294892      0.18108     0.362364  -0.00344579   -0.0779756    -0.532078    -0.203528    -0.108876     0.201419    -0.163951    0.0578806     -0.12875   -0.0395133    0.0638778 -0.000837017   -0.0259045   0.00563549   -0.0399759   -0.0056887   -0.0126109   -0.0686129   -0.0266911   -0.0219969   -0.0705601    0.0133108     0.186491    0.0264105   -0.0407969    -0.276398     0.119362    -0.083624     0.182166    0.0265308     -0.32195    -0.078265   -0.0137621   0.00139342    -0.282364    -0.446371      1.10676     0.380951   0.00991764    -0.206721    -0.130652     0.248195   -0.0684099    0.0705604      1.32822     0.120462    0.0944549     0.206411    0.0280556    0.0539796   -0.0420277  -0.00998183    -0.485055   -0.0514213      0.18501    -0.206359    0.0283071    -0.240937   -0.0090218    0.0100263    0.0318885    0.0345683  -0.00360242    0.0157017    0.0320986    0.0287026    0.0207927     0.481683     -0.12447    0.0429567    0.0239899     0.232911    -0.168811    -0.142322    0.0579342     0.347908    0.0437947    -0.891537    -0.372072     0.161175    0.0509257    -0.140512    0.0177911    0.0126543      1.45143    -0.116379   -0.0872142    -0.191215     0.448649   -0.0432823   -0.0747301     0.104131     0.377491    -0.378977    -0.167566    0.0315078   -0.0178342    0.0473355     0.228653   -0.0615505    0.0112551   0.00102585     0.112926    0.0337335   -0.0231515    0.0308654    0.0751822    0.0439037    0.0216562    -0.390353    0.0456593       0.0193    0.0842482     -0.21082   -0.0294645    0.0428635    -0.003718     0.133945    -0.157837    -0.324454     0.273741    -0.148754     0.148354   -0.0503827    0.0256121    0.0790081     0.264344    0.0882076   -0.0795933    0.0716541   0.00742446    -0.223141      0.25411    -0.127035   -0.0179867     0.243921   -0.0888137    -0.297637     0.109538   -0.0600653      0.20444   -0.0587916    -0.123754   -0.0247362   -0.0540488    0.0343321    -0.028848    -0.159168    0.0995953     0.313676     0.470725    0.0680836    -0.155535     -0.10131    -0.135261    -0.124122    0.0537847   -0.0511097    0.0158578    -0.010875      0.10794   -0.0136387    0.0556911    -0.201592    -0.135302    0.0181757     0.149779    0.0561796    0.0199965      1.70766    0.0550753      0.18289   -0.0247176   -0.0560981    0.0224197     0.114806     0.118618   -0.0715957      0.01021   -0.0612526   -0.0201008    0.0583298   -0.0994112    0.0420591   -0.0725923    0.0199175    0.0473719     -0.09165    -0.260529  -0.00393859   -0.0257857   -0.0901242   -0.0296367      -0.1448     0.178431    -0.261276   0.00417332    -0.720337    -0.196324
   1.88197
 -0.414442
    1.5632
   -0.2795
  -6.07292
-0.0413545
   2.78067
  -0.57443
   1.82766
 0.0386197
