2 16 0.1 1400
1
1
9 300
    0.166018     0.336288     0.151192     0.248058  -0.00629528     0.432098   -0.0176169     0.241921     0.216748
    0.339301     0.247684     0.381965      0.41183     0.532943     0.657821     0.178085     0.283611     0.478309
    0.214318    0.0501976     0.274915    0.0738625     0.465359     0.266787     0.171919     0.694299     0.612221
    0.450688     0.474026     0.475011     0.658021      0.41187     0.157805     0.745452      0.63384     0.442972
    0.237316    -0.371154    0.0646523     0.255426      1.34861    -0.049363     0.211612      1.00792      1.16422
     1.50646      2.15986      1.05615     -1.93842      3.05013    -0.857338     -2.03871     0.865149      1.55668
    0.480844     0.208509    0.0488015     0.127335     0.234348     0.142247   -0.0708131    0.0596999    -0.112443
    0.215903     0.134723   -0.0842251   -0.0283896   -0.0649463    -0.131291   -0.0421865    0.0446479    0.0716866
    0.296002      0.21234      0.39618     0.332962     0.409511     0.218511     0.727415     0.323661     0.543197
    0.775937     0.268266     0.843912     0.711799    0.0773027     0.190449     0.626515    -0.379997    0.0345849
  0.00302302    0.0167727    -0.107188    0.0788128     -0.11001    -0.231868    0.0778547    0.0721654    -0.100116
   0.0432845    0.0138405     -4.39399      1.01838   -0.0172239      1.12288     -0.36946     0.190908     0.366143
   -0.894601    -0.853009    -0.478401    -0.112246    0.0259747     0.508005      3.73496    -0.738236    -0.359138
    0.534936     0.305936      0.34701    0.0379402     0.178066     0.287707    0.0992382      0.22771     0.483519
      1.1764     0.717975    -0.456843     0.322065     0.309964     0.557815     -1.64253     0.777906       1.0295
    0.323339     0.172455     0.184404    0.0632854     0.171771    0.0764486     0.194539     0.188176     0.470663
    0.139834     0.235078     0.290645     0.822352   -0.0510592     0.302772     0.370523     0.197809    0.0472083
    -1.49249      1.06666       1.0046     -2.06435   -0.0056438     0.473185     -1.66018     0.634777      1.55717
    0.408588       1.0722    0.0666157     0.682301     0.407299     -2.29331     0.471931    0.0945505    -0.409309
    0.360523     0.168199     0.134444      0.18623     0.171443     0.272194     0.043229     0.154348     0.392111
      2.1182    0.0773788     0.276165      0.29691    0.0593162     0.473209     0.246512    -0.414826     0.167033
    0.609332     0.618207       1.0118      0.72128     0.840616     0.125763      1.11106     0.343995     0.155096
     0.31332     0.257135     0.650503  -0.00516702     0.303746     0.333543    0.0249071    -0.267453      1.02714
    0.965026     0.448928     -1.34688     0.403442     0.840935   0.00731507    -0.930518     -3.10079     0.656424
   0.0408993    -0.394282    0.0879924     0.141466     0.122045   -0.0467266     0.362494    0.0187634     0.145602
   0.0628458    -0.433902      0.40425     0.291016     0.756172     0.494596     0.608076     0.308144     0.553118
    0.043042      1.76291     0.968579     -2.25149      1.20889     0.275483     -0.22488     0.753568     -1.35752
   -0.532847    0.0427228     -0.98602     0.710302    -0.340293      1.07955     -5.09956      1.02929     0.867127
    0.281059     0.206295     0.390846     0.368339     0.220967     0.524904     0.170333    0.0702883     0.250399
    -4.09772     -1.20999   0.00574884     -1.05732      1.06074      0.33757     0.910268     0.290518      1.29772
    0.825364     -0.14946     0.961011     0.658315     0.271405       1.9855    -0.993459    -0.646536      1.19893
      2.3804      1.62416      1.19693    -0.797582      1.18191      1.47403     -1.78066     0.292222      2.48079
   0.0513037     0.151156     0.443802   -0.0370162     0.325996    0.0693455     0.142802      0.52426     0.324292
   0.0784622     0.202904     0.879772     0.201439     0.680104     -1.31052      1.14337    -0.106763     -1.15951
    0.445093     0.525546     0.134521     0.232783     0.289926     0.114763    -0.761065     0.142058     0.275213
     1.45226    0.0450957     -1.39706      1.20861     0.695353     -0.27977     0.710691    -0.366148    -0.565587
    0.513744      0.53944      0.66599     0.817232     0.372868     0.747308     0.311867     0.210178     0.288776
    0.808932      3.07996    0.0725306     -0.32515    -0.883863     0.270188     -1.42277    -0.874846      1.41273
    -1.53554     -1.56181     -2.15803     -1.61716      1.21638      1.19341      1.72695      1.97216      3.62544
  -0.0398166     0.112238     0.407512       2.8878    -0.276099    -0.683291     -0.76928     0.420623    -0.345995
    0.229679     0.535286     0.543577     0.728498     0.165533     0.565802      0.39135     0.392836    0.0226496
    0.366413     0.563722    0.0396167     0.384184     0.665614     0.944187     0.968609    -0.160196     0.843278
   -0.432168    -0.378772    -0.802021     0.454983    -0.266425     0.246669      1.60533    -0.111268    -0.321339
   0.0411945     0.348316     0.815919     -1.65077    0.0147111     -0.71975     -1.15156       2.6849     0.602925
  -0.0347733    -0.534688     0.104446    0.0955727    0.0568917     0.336797     -0.30968    -0.254925    -0.119149
   -0.317946     0.377528     0.456791    0.0227037   -0.0795652     0.539953    0.0647915     0.161294     0.276516
    -0.11921     0.389022     0.504393     0.714024     -0.14822     0.507774     0.744701     0.347203  0.000815093
    0.247751     0.205604     0.165077     0.196169     0.181583    0.0802213     0.181739     0.276703     0.189604
   -0.752327      1.11042    -0.216094      2.17693     -3.97486      2.85198     -1.07898      1.09136     0.238236
   -0.196449    -0.732734    -0.473957     0.882453    0.0666488       1.7273    -0.561737    -0.251727       1.2798
     1.95247       2.5062      2.43782    -0.195471     0.388079     0.148267    0.0079932      0.16489     0.134743
    0.050344     0.146655    0.0273664     0.386747    -0.172983    0.0998698   0.00899427    0.0266443    -0.198178
    0.593417   -0.0539202     0.464389     0.170805     0.140766    -0.139921     0.388542    -0.342152     0.214433
   -0.048926    -0.258081    0.0700642     0.314906       0.3063      0.22613     0.215746    -0.230373    0.0294739
    0.672851      0.13313      0.61615     -1.06552    0.0973216    0.0986788     0.246258    -0.017135     0.392163
    0.274044   -0.0121278     0.275284     0.229507      0.45233     0.182149     0.320059      0.12881     0.342187
    -1.67317     0.938561    -0.972565     0.058237     -1.40276      1.42025     -1.52518     0.886865      0.32061
     2.55777      0.60132      1.05603      2.24705    0.0588929     -1.34084      2.34545    -0.762308     -1.67296
    0.177039     0.185346     0.270869      0.50957   -0.0217234     0.170235     0.367434   -0.0349608     -0.08569
     0.31292     0.299336     0.305937      0.15873     0.426818     0.445655     0.323781     0.583558     0.662859
    0.373221      1.08876     0.118384     -1.29055    -0.910156     -1.49507     -1.18355    -0.491534      7.10879
    -1.67073     0.315237      1.24028      1.85846      1.65256     -1.72808       1.7253      2.32053     0.666595
    0.168422     0.045981      0.17912     0.333706     0.195119     0.317993     0.261225     0.194395     0.319424
     2.37808      2.08139      1.66014     -3.57689      1.17243      0.25025     0.228559    -0.124178     0.790884
    0.415166     0.143576     0.596048     0.478572      0.21092     0.367949    0.0604908    -0.212689    0.0890434
   -0.195298      0.20594     0.229521   -0.0905045   -0.0945129     0.266572     0.175664     0.159448    -0.088966
    0.283247     0.470663     0.377429     0.188717     0.194899     0.235718     0.144497     0.363044    0.0962225
    0.384495     0.178655    0.0746127     0.479355     0.517521      0.26148      1.06144     0.216237     0.595951
     1.60627      5.24984     -1.23609      1.53899    -0.442345    -0.491185    -0.973667    -0.954639    -0.964564
     6.15075     0.312291     -1.14146      1.61971      2.09725     0.292779    -0.413609     0.782184     -1.15005
  0.00318102     0.258654     0.323888     0.374271    -0.211847     0.664918     0.215618    -0.347619   0.00168503
    0.240487      1.07755     0.114927      1.21809      1.25549    -0.232449     -2.54809    -0.117194     0.565859
    -0.37342      1.19111   -0.0375424      1.13505    -0.715335     0.727675     -1.35726    0.0463452      2.26684
    0.700692     -2.55405     0.348496    0.0168422     0.402517     0.651022    -0.107842     0.110077     0.668343
    0.519029     0.451505     0.385131     0.715876      0.18662     0.658624   -0.0121634    0.0545126     0.499869
   -0.443473      1.11101     0.396048   -0.0464992      1.31273     0.930468    -0.850106     -1.58966     -0.89046
    0.412556     0.729918    0.0729959     0.306335     0.157165    -0.382955     0.578739     0.354799     0.151009
    -2.76439      0.95032      1.76904     -2.67492      3.29128      2.47853     -3.23704     0.389297    -0.368241
    0.192544    -0.601947     0.121508     0.332824     0.311665      0.79516    -0.312873     0.509064     0.654294
   -0.238067      1.19335   0.00406412      2.37323    -0.739828     0.944006     -1.41721    -0.978513      1.22719
   -0.722318    -0.329222    -0.851614      2.73278      2.47399      2.65345     -0.46371    -0.495994    -0.700693
   -0.555805    -0.430484      1.37074    -0.420933    -0.777577     0.981073     -0.49335    -0.189646    -0.624202
     2.31706     -1.78204     -1.02295     -2.94415      7.78083     -3.49803     0.798587     -1.91992     -1.41419
     2.73652    -0.665564      1.18951     0.784488    -0.722413     0.344286      1.27242     -1.52796     0.201368
   -0.144797     0.723922     0.161592      7.32628      1.10429    -0.348026      -1.3951     -1.64868     -2.71192
  -0.0305384    -0.945661    -0.829589      1.50122     0.408076      2.24453    -0.952306    0.0611985      1.48069
   -0.196631    -0.225298     0.097893     -1.29499     0.709343      1.59151    -0.532447     0.146002     0.513854
    -0.24258     0.253716     0.618053     -2.42413    -0.256395     -1.89911     -1.22526      1.34102      0.56073
     1.45907     0.926579     0.628153    -0.699952     0.579192      -0.2734    -0.598497    -0.362144     0.961797
   -0.558825    -0.583897      4.87109     -1.19225     0.268045     -1.83346     0.800003     0.803637    -0.630874
    0.446614     0.233666      0.33633     0.644218     0.629275     0.591278     0.369921     0.240758     0.390261
    0.106013      0.42933      1.90597     0.354867      1.66741    -0.626764      1.44522    -0.169287     -1.70001
    -1.55829     -1.44946     -1.94584     -1.82689      8.16439     -1.71991     -1.55701     -0.90548     -0.19302
    0.400989      1.27947     0.156834     0.165027     0.282697     0.483829   -0.0880394     -1.81917    -0.252777
  0.00589453    -0.130512   -0.0354583      0.38509     0.217754     0.624577   -0.0913391     0.044087     0.170329
    0.176074     0.328011     0.188293     0.531135     0.174366     0.676775    0.0226535    -0.184245    -0.086678
    0.187899     0.585644    0.0948389     0.239819     0.121022   -0.0971893     0.244022     0.311237   -0.0709912
   -0.964332   -0.0835707      1.31109    -0.387135    -0.398436     0.796772      0.39428     0.641553      1.78165
     0.28221     0.189693     0.556623      0.35388     0.246419     0.531404     0.255829   -0.0462163    0.0867318
    0.111638    -0.908327     0.587539     0.208518   -0.0039698     0.548566     -0.56852      1.18422    -0.407724
      1.3701    -0.227679     -2.65338      1.50119     0.838211    -0.384073     0.439214     -0.26774      1.05245
    0.217054     0.112226     0.167982     0.234841     0.122473     0.277724     0.112162     0.100951     0.205292
  -0.0192139     0.142858    -0.270312     0.302394   -0.0389399     0.100153    -0.111063   0.00847966    -0.571694
    0.961922      0.79838      1.09667     0.792615     0.585951     0.330535     -1.35905    -0.767187     -1.80808
   0.0135616     -0.34941    -0.129005      1.25116     0.341933     0.826341     0.273754    -0.269941     0.545897
   0.0216794      1.90157       1.1323     -1.09246      4.42158     0.455888    -0.728735     0.904746      1.00307
   0.0638108     0.334154      1.53335    -0.560521     0.799097     0.376318     0.495603     0.558509      1.13869
    0.782996     0.691244      1.01293     0.414916      0.65103     0.390332     0.540391     0.117377     0.530809
    0.363005     0.415185     0.379985     0.191907     0.623266     0.263829      0.43104     0.655209     0.579647
    0.801711      1.19947       1.3907    -0.235463      2.05604     0.251386     0.261213      0.36466    -0.512918
      0.2332       1.3619     0.371846     0.636017     0.131182     -1.39399     0.758911     -1.95016     -1.12373
   0.0968269     0.390574     0.120827     0.304386      0.33006     0.131509     0.172253     0.447507    0.0525399
    0.336994     0.508694     0.384103     0.252513     0.361619   -0.0519082      0.59695     0.391642     0.229465
   0.0367533    0.0666029     0.364469     0.519562     0.139076     0.537643      0.52445   -0.0870683     0.125119
    0.298659     0.244938     0.168869      0.39938     0.196997     0.645486    0.0685276     0.494012     0.545749
    0.163947     0.113286     0.492511     0.614404     0.207802     0.229804     0.708956     0.326758     0.239749
    0.850119      4.38203     -1.08709     -1.19451     -1.00371     0.383129    -0.349111     0.313442    -0.427378
    0.364512     0.328956     0.327184     0.153171     0.130008     0.274246    0.0524967     0.133149     0.341409
    0.170321     0.243445     0.224654      0.46047   -0.0825841     0.272531    0.0862268    -0.081148   -0.0251254
    -0.22115   -0.0903318    0.0211878     0.235991   -0.0781436     0.202669     0.933709      0.10606   0.00548358
    -5.39478     -1.91634     0.360011      1.69087     0.653383      1.54643     0.202241     -0.89053      -1.3756
   0.0133602    -0.654739      2.16031     0.140174   -0.0401647    -0.661284     0.349824   -0.0340926      0.27837
    0.398274     0.600044      0.31052     0.656441    -0.113886     0.756434     0.177206     0.749189     0.451463
     0.83373     -1.11433    -0.364239     0.860438    -0.874657      1.72688     -1.38167     -2.93043        1.134
    0.312187     0.409027     0.279357     0.160078     0.294892     0.377354    -0.107725     0.235038     0.251542
    0.310245     0.374245   -0.0573427     0.247709    -0.087715    -0.311567     0.341965     0.223993    0.0452063
     2.01458     0.307496     -1.95961       1.2809      1.66481     -1.19055    -0.680944     -1.78967     -1.64652
   0.0904125     0.662241    -0.772592      -4.9844      0.87441    -0.784082     0.306596      1.10254   -0.0864592
    0.265621    0.0473401     0.351084     0.521465     0.344557     0.385712    -0.904681    -0.339127    -0.207298
    0.248599    -0.182112     -1.66775      2.53774    -0.437602       1.9644      1.51026   -0.0233302     -0.36608
    0.187343    0.0781101    0.0787942     0.327099     0.352664     0.334617     0.281523     0.486717     0.387199
    -1.02033      1.46036     -1.40414     0.724886     -2.61588     0.764846    -0.552844      1.10062     -2.15105
    0.609198     0.598757     0.615366    0.0215884      0.60202     0.133338   -0.0278289    0.0102415     0.224144
     0.12285     0.172089    -0.141768     0.168559    -0.177058     0.149985     -0.14538     0.288386    0.0860016
    0.545752     0.369714     0.636869    0.0461452     0.686636     0.150904     0.423055     0.340371     0.778713
    0.583205     -2.34964       -1.342      3.85517     -1.16651      1.56734      3.00041     -1.26494      3.53095
    0.924603     -1.78829       1.6392     0.658608     -3.57664     0.321606      2.65591     -1.40051     0.742895
    -1.84289    0.0747745      1.69365    0.0716572    -0.102794      1.63676      1.70165      1.02389      1.53518
    0.838179    -0.027344     -1.42255     0.888065    -0.536705     0.452287     0.315118     0.333145    0.0981239
    0.346302     0.326849     0.461089    0.0281586     0.361296     0.446761     0.125839     0.255094      0.60034
    0.438409   -0.0744749     0.788905    -0.624595     0.235494     0.303226      1.74097    -0.563185     0.819577
    0.358429     0.384046     0.249583      1.13016     0.121252     0.106039     0.195117    0.0878086  -0.00541828
   0.0435558      1.96971    -0.143566    -0.192013   -0.0885497     0.240389    -0.238085     0.296411    -0.199209
    0.841646     0.909044     0.670543     0.268176      1.67788    -0.058684     -1.14295    -0.728031    -0.772236
     3.07056      2.24377     0.217424     0.498909     -1.44212     -1.86544     -4.92657    -0.282673      -1.7227
     1.03627    -0.516283     -2.09714      1.14332   -0.0464121    -0.280942      1.88771      1.50478      1.32705
     0.24702      1.66802     0.309337      0.25533     0.415191   0.00201051     0.503043     0.742263     0.224708
     4.33636    -0.343689    0.0496789     0.315793     0.371772      1.28251   -0.0207587    -0.798397    -0.116016
   -0.067422       1.5838      1.13027     0.298649    -0.546062     0.856191     0.686278    -0.979505    -0.407462
     0.34475     0.901868     0.423966     0.501838     0.242898     0.246678     0.242907      0.44443     0.109336
    0.147821    -0.168109     0.261112     0.106622     0.345362   -0.0152746     0.382243     0.308646     0.319904
    0.227633    -0.166255    -0.162499     0.607676     0.164549     0.376805     0.403927   -0.0871654    0.0830041
    0.468402     0.627386     0.263682      0.17199     0.487732     0.167612     0.321245     0.594799     0.244277
     1.14321     0.649163    -0.540726     0.579521     0.724781    -0.326247     0.425455     0.188657     -1.10346
    0.415423     0.741315     0.070983     0.475471   -0.0227639    0.0933751    0.0259106     0.011858    0.0844822
    0.588391     0.793043      1.83123     0.111681      1.00555    -0.121527      1.12118     -0.56156     -1.18968
    0.334506     0.461291     0.509935     -0.41123     0.464592      3.02525    -0.734057    0.0406062     0.129798
    0.199897     0.346916     0.124218   -0.0774695   -0.0170043     0.438498    -0.372751     0.369776     0.556379
   -0.614087     -0.61417      1.04746     -1.49428      1.31469     0.632513    -0.510666    -0.338186      0.24049
    -3.56122      1.88261     -3.13254      1.79215    -0.209463      5.91024     -2.67218      2.10003     -3.10853
    0.300906     0.498455     0.472561     0.337768     0.405239     0.297151     0.383352     0.424523     0.218686
   0.0725833    -0.261411   -0.0308765     0.142165     0.135268     0.241408    -0.102789    -0.198257   -0.0654609
     1.03255     -6.94686     0.507779      1.38899      1.07167      1.68482      1.79302      1.18401      2.29356
    0.266407     0.220114     0.283949     0.513053     0.220547     0.359562     0.407827     0.404576     0.330292
    0.268987   -0.0345858    0.0882665       0.2225     0.213779     0.248691     0.145971     0.033104      0.31605
    0.171475     0.124712     0.095466     0.113429     0.143189    0.0677061     0.269539     0.257335     0.228557
     0.23168  -0.00629346     0.323133     0.188224      0.42708      0.79216    0.0679739     0.215199     0.688907
    0.205785     0.226668   -0.0197817   -0.0926357   0.00338583    -0.368697    0.0311088     0.354138     0.228855
    0.115828       1.3632    -0.257198    -0.271923     0.438128     0.250445    -0.406233     0.865231    -0.776012
     1.31392     -1.66197     0.298059      1.44188     0.681974     0.818382    -0.407382      1.12424      1.05412
    0.279507     0.463236      0.58918    0.0660391     0.369611     0.596636    0.0700423     0.386314     0.729481
    0.204151     0.301763     0.211806     0.177113     0.154061      0.29983     0.134454     0.329123     0.318334
    0.889317    0.0698264    -0.653919     0.765037    -0.213228     0.421877     0.368161     0.509187      0.49247
    0.200466   -0.0715147      -1.6047      1.50314     0.480232     0.712968      3.73734    0.0760286     -1.42567
   -0.731466      1.82359     0.121066    0.0731046      0.17161    -0.154625    -0.308177      1.01741      2.96619
    0.103194    -0.116092   -0.0890658    0.0610592     0.120759   -0.0230801     0.185043     0.367147     0.310895
   -0.197676    -0.374124     0.638625 -0.000316073     0.308662     0.692721     0.670108    -0.146418      1.40115
    0.214827     0.437244     0.269531     0.337139     0.294764     0.441796    0.0619592     0.756066    0.0474454
    -1.50984     0.637163     0.549183      0.83396     -1.53262     0.750677      0.70851     0.532506     -1.18293
     2.14418      1.65211     -1.39129      1.22453    -0.891624      0.38546     -2.82052    0.0180163     0.735196
    -0.74218      1.50285     0.674656    -0.815233     -2.81677     0.249171     -1.02359     0.350435     0.302882
     1.18151      1.41336      2.66464      1.05365     0.934308    -0.673908      1.86077    -0.384753     -2.13783
     1.90823     0.756354      2.96923    -0.392771      1.91052     -1.10572       2.0694     -1.55288    -0.472487
     3.19059      0.16811    0.0612393     0.390104    0.0965774      1.18624       0.1549   -0.0619792     0.196719
   0.0382662    -0.799865  -0.00887902     0.335571      0.78195     0.684834     0.935586   -0.0801276      1.21287
     1.54987     -1.65142     0.711977    -0.439628      2.01999    -0.388946      1.69961     -0.61542      1.96847
    0.584136     0.341827   -0.0357601     0.390299     0.244128    -0.331675    0.0937987    0.0970443     0.294091
    0.259459     0.184174    -0.104538     0.821406    -0.175779     0.239984     0.254992     0.289445     0.154904
    0.192624    -0.868029     -1.54875     0.907942     0.553522    -0.562411   -0.0175626      1.67028    -0.207448
   -0.616494    -0.753873    -0.274448      1.81982      1.91194      2.31192    -0.805048    -0.627941     0.119584
    0.354004      0.13153     0.252897     0.647707     0.268596     0.430426      0.53327     0.194506     0.330978
    0.785983      1.00567      1.01634     -0.16575      1.81596   -0.0888462    -0.353985    -0.418723     -1.00371
   -0.364638     0.522212    -0.014364     -1.15306    -0.493709    -0.459611      4.59378    -0.238599    -0.099774
     1.85741     -2.09837    -0.910677      1.92483     0.903356     -5.11243      2.80956      1.77117      2.59013
    0.585101      2.14228     0.754556      -1.1087    -0.583042      -2.0672     0.204753     0.822925      2.52958
    0.679665     0.861425      1.37128    -0.146092      2.22641     0.535619     0.208475    0.0452558    -0.323327
     1.25092      3.59823   -0.0120838     -0.90012      2.07405    -0.352017     -1.26007      2.99178      0.39117
    0.478053     0.286495   -0.0429851     0.484773   0.00081591     0.323304     0.120695     0.296192     0.438863
     2.27637      0.52191      5.00798     0.477788    -0.028261      -1.4245      1.60855      2.00044     -1.29522
    0.512807      2.08631    -0.124294     0.375658     0.977266     -1.48357    -0.250139     -0.28966     -1.48216
    0.573051     0.288437     0.331319    0.0762364     0.378488   -0.0408818    0.0977318    0.0564959     0.500132
    0.101686     0.234149     0.145946     0.111908    -0.120528     0.371132   -0.0423796   -0.0137107    0.0883154
     0.56662     -2.19186   -0.0187282      2.95557      1.34968      2.09674      1.02015     -1.58463     -2.05524
 -0.00155225     0.251974     0.191507    -0.490607   0.00346462     0.107893    -0.224204     0.129375      0.16543
      1.9464         1.97    -0.756565     0.793108      1.07292    -0.798384    -0.112722     0.948286     -4.25572
    0.483525     0.574058     0.419556     0.502837     0.478488       0.3156     0.484103     0.518539     0.449411
    0.757394      0.80108      1.00165     -0.38594    -0.824515    -0.640893    -0.731413      5.32182     -1.19084
    0.299815     0.844974     0.403535     0.531774     0.303012     0.473723     0.151681     0.527743     0.167072
   0.0525202     -0.30406     0.692421      0.26434   -0.0710414     0.569864     0.369541     -0.16239     0.787567
   0.0275288      0.23297     0.122264     0.157365    0.0466903     0.311445   -0.0446613      0.13079     0.106489
    0.659752      1.36082     -1.01871     0.194242     0.536127    -0.769841      2.53797      1.19458    -0.414411
    -1.80505     -1.37292     -3.03379      1.94253      2.77057      -1.5153      4.42356     0.925558     -1.39161
    0.274161     -1.67604      7.97254     0.542842     -2.76923    -0.888919      1.30358    -0.669804    -0.122731
    0.193408     0.195926     0.440486   -0.0301138     0.395817    0.0606628     0.312707     0.375914     0.444704
   -0.974414       3.2322      1.90979    -0.940715      1.86799      1.89403     -1.09398     -2.14604     0.231721
    0.540609     0.429442     0.582995     0.637042     0.631616       0.7052     0.545689     0.494247     0.801673
    0.389492     0.375168     0.470808     0.298118      0.61061     0.292475     0.563869      0.56778     0.607739
     0.46379     0.522104     0.432624      0.54411     0.307192     0.645834     0.252731     0.428443     0.524728
    -2.56735      1.17092     -1.07491     0.422299     0.339243    -0.238286    0.0443977      2.25381      1.53439
   -0.356603    -0.698076    -0.550787     0.635732    -0.419636     0.424525     0.593467    -0.994372     0.182764
   -0.769596     -0.14479     0.626162     0.858886    -0.724742      1.47048      1.16792     0.102153     0.247122
    -1.81997     -3.14734     -1.87674       3.4624     -1.94702      3.51566      2.81935      0.71728      1.64501
   -0.200368      0.39888      0.59876     0.211231      1.72029    0.0927866    -0.339323     0.652579     0.601554
    0.142568     0.695238     0.260252      1.31386    -0.229452    -0.400498     0.753774     0.706392   -0.0680812
    0.726759      0.79749     0.928807     0.291566     0.243607    -0.104224     0.565007    -0.113821    -0.214121
   0.0726523    -0.170891     0.137706     0.347143     0.169922     0.505958    -0.239347     -0.12025    0.0360851
    0.185136   -0.0229002   -0.0316896     0.300529     0.283371     0.269293      0.46676       0.4479     0.682759
   -0.458496     0.139377     0.479182     -2.12621      1.14599     0.378013     0.477337       1.5009      1.90406
   0.0521255      0.36823     0.531538    -0.433776     0.252885   0.00934936   -0.0822836     0.329568     0.752011
    0.481338     0.272579    0.0690816     0.629593     0.337213     0.430073     0.209222     0.214978     -0.70393
    0.233787    -0.100454    -0.280603      1.32689     0.438721      1.39904     0.638446    -0.410937    -0.239291
    0.237302     0.117435   -0.0272698    0.0244354    0.0314144   -0.0675701    0.0646955     0.181099     0.142513
     1.84042     0.379896     -1.98615      0.56365     -1.07221     0.203111     -1.50744      0.98575      1.02186
    0.546908     -1.68506     0.706496      1.15536      1.47138    -0.395377      1.22175    -0.725985    -0.855196
       0.727     0.397154     0.340187    0.0880961     0.330896     0.190087     0.164641    0.0642742    -0.535836
    0.862653    0.0497443     0.515489   -0.0636433     0.162077   -0.0478334    0.0577029    -0.585238     0.299041
   -0.608509     0.339721     -0.42217     0.195349    -0.315235     0.498021     0.988615     0.137482    -0.139804
     -4.1271      1.81945     0.379392      2.37945     -2.43586    -0.321686     0.269475    -0.014002     -2.53466
     2.91358     -1.93599      2.58111     -2.35577     -4.11491     -3.08098      2.16929      -2.0152      2.55718
   -0.808372    -0.386231     -1.21775    -0.345366    -0.326026    -0.320116    -0.782566      3.23493     -0.88403
    0.159062   -0.0141013    0.0882627     0.558738     0.123115     0.262055      0.34284     0.184761     0.205219
     2.98047     0.804321      2.24717      1.07942      2.10167      -2.0021      3.50435     -3.26852     -1.61905
   0.0370764     0.341145     0.512696    -0.233316     0.725302     0.323784    -0.237152     0.280097      0.21035
     1.11177    -0.162426    -0.720039    -0.997565     -3.03723     0.312854    -0.136326     0.404707     0.852077
    0.279718     0.227597      0.29656     0.366682     0.229568     0.148278     0.375853     0.282148     0.228347
    0.180276     0.147272    0.0706618    -0.270636   -0.0221462    -0.269157    -0.233421      0.90957    0.0301269
   0.0677645    -0.120182     0.144215   0.00986076      0.14706    0.0461874     0.129318    0.0190648     0.112142
    0.253417     0.236914     0.376547     0.225281     0.150369      0.19067     0.232766      0.09342     0.148864
    0.709267   -0.0037527     0.268507      1.11266      5.78236     0.292424     0.763659     0.106712     0.720689
     4.39296     0.640264     0.642868   -0.0999556     0.545657    -0.155602     0.751153     0.760087      4.08855
     1.88349     0.991877      2.38557      -2.8198      1.00394     0.249376    -0.748741     0.174556      3.15994
     1.28369     0.148813      1.25716      1.44162     0.161609  0.000996424      1.50477     -1.14145     -1.73117
   -0.430364    -0.644876      1.91694     0.258384     0.318976      1.33685     -4.21691     -1.65391     -0.76307
    0.431004     0.215636      -0.2626     0.450797     0.104301    -0.518146    -0.100235    -0.336256    -0.212707
    0.417771     0.139883     0.420285      0.50185  -0.00603251     0.243149     0.202522    -0.275737     0.085083
    0.334825     0.576041     0.343446    -0.162569    0.0303575     0.178244    -0.554203     -2.76706    -0.173486
     4.19021    -0.255183     0.457964     -1.43303     0.517954     -1.59325      0.85446      1.67951     0.584547
    0.592413     0.316354      0.84881    -0.183826     0.540378        0.963    -0.112627    0.0746802      1.03127
  -0.0497103   -0.0191291   -0.0387872     0.337688   -0.0743855     0.191696    0.0979104   0.00639506    0.0297134
     0.23801     0.460503     0.209825     0.219319       0.2143     0.217129   -0.0985625     0.316025    0.0765395
    0.170066     0.198662     0.141615     0.205683    0.0565015     0.129965     0.151973     0.180214    0.0558119
   -0.176928    -0.301184      1.76084     0.563832     0.434997      1.91533     0.506475     -4.79311      2.56443
    0.064104     0.324629    -0.607872     -0.28059     0.352099    0.0267451    -0.219129      1.18151     0.290432
  -0.0727355     0.211358   -0.0705899    0.0506902      -0.1128    0.0264668     0.225362     0.291841     0.054713
  -0.0605148     -0.54152     -0.16119     0.999452     0.732445     0.721119     0.822323    0.0360057     0.280647
   -0.977613     -3.61239    -0.806888      1.20259     0.174172     0.650146     0.272693      3.59864     -1.54343
    0.325555     0.229403     0.541169     0.136853     0.693362     0.292355     0.344004     0.401169     0.435054
    -2.61479      2.63116      2.04951    0.0724464     -1.79637     0.691105      -1.7097     0.281734     -3.02418
  -0.0435264     0.312954      0.21241     0.111491   -0.0617859    0.0960813     0.363632      0.20619    0.0629438
    0.152068     0.108199    0.0273136    0.0337247   -0.0496946    0.0936968   -0.0486641     0.237941     0.177217
   -0.204799       2.7008    -0.545264     -0.66825      1.89226    -0.535798    -0.636603      2.23945    -0.334946
    0.188305     -0.31579     0.438522    -0.231595     0.189208    -0.300003      0.21399    -0.314714     0.204857
    0.054297    -0.244464    -0.050339      1.16623     0.778556      1.39005    -0.438283    0.0352597      0.41689
    0.170393     0.204139     0.284373    0.0281468     0.144343    0.0925331     0.132807     0.128907    -0.112512
    0.398046     0.999981   -0.0983371     -1.90806    0.0629178    -0.627351      3.57007     0.443338     0.361495
    0.179805     0.328575     0.391221   -0.0308168     0.183912     0.238209    0.0219936     0.182002     0.177845
   -0.644497     0.328663      2.79876     -4.16503    -0.361442      1.36892      1.13432     0.281111      1.40195
   -0.112785      0.29655    -0.963108     0.828883     0.327868     0.917308   -0.0416153    -0.271856    -0.449658
     0.45511    -0.265889    -0.654351    -0.106653    -0.488773      6.13992    -0.414569    -0.642517    -0.330298
    0.959699      1.24074    -0.915072      1.08098     -1.25828     0.295275    -0.258574      1.15571     0.248366
    0.186001   -0.0628333    -0.278474     0.817826      0.56323     0.603059     0.518797     0.195712       0.2656
    0.338081        1.372      1.19757      1.27187    -0.551623       1.1092     0.970672   -0.0343557      -5.1074
   0.0740878     0.144028     0.120235    0.0564441     0.227573     0.195971    0.0559283     0.688358     0.322676
     0.61727     0.378951     0.721286      0.31793      1.83066      1.01479     0.383757     0.509807     0.903258
    -4.83089     0.914818     0.955218     0.284675    -0.751297    -0.595112      1.52863     0.404598     0.585519
    0.408007     0.605938   -0.0768264    0.0744007    -0.277929     -0.35629    -0.195187     0.107324     0.171305
     0.29405    0.0819519     0.477264     0.304238     0.545396     0.599159     0.224103     0.108996     0.383454
   0.0673273    -0.223875     0.283104   -0.0524682    0.0693601     0.100407    0.0918139    -0.165504     0.169692
     1.62754     0.548849     -4.38326     0.693978     0.176739    -0.669277      1.48272      1.39901     0.988345
    0.434935     0.275764     0.299592    -0.466023     0.167439    0.0610207      1.52167    -0.260398     0.826258
    0.361686   -0.0642089    -0.084628     0.534747    0.0124444    -0.560616      1.09336     0.179026    -0.185801
    0.299843    -0.500825     0.107463     0.142451    0.0757471    -0.109932     0.649635    -0.291737     0.239471
    0.276265    -0.165315      0.31388      0.19407   -0.0394617  -0.00261312     0.234761    -0.314607    0.0723441
     1.58036    -0.278413      1.22489     0.777517      1.48514     0.701891    -0.405385   -0.0285041     -2.28235
    0.188455    -0.381211     0.962132     0.354897   -0.0592861    0.0987877     0.164214    -0.277419     0.344691
    -1.61504     0.561173    0.0128532     -2.18168     0.935855      4.51894       0.7314      2.34635    0.0414678
      1.0016      0.50445     0.335536    -0.491015      1.00459     0.222948    -0.279522    -0.831153     -1.42347
    0.563807       0.7402     0.934015    -0.606818     0.684249    -0.598591     0.189888     0.601979     0.783431
    -2.08163     -2.68421     -2.03429     0.244399      1.61108     -1.64704      1.55603     0.733853     0.802045
    0.750544     0.856639     0.542966    0.0554172     0.179149    -0.469567     0.322119    0.0900056     0.338353
 -3.43505
 -3.31628
 -3.40169
 -3.19184
 -3.41457
  -3.6097
 -3.67548
 -3.61104
 -3.47927
 -3.59987
 -3.63288
 -3.51063
 -4.25585
 -3.55395
  -3.7613
 -3.53827
  -3.3862
 -4.19378
 -3.56591
 -3.46035
 -4.03458
 -3.18192
 -3.74938
 -4.01273
 -3.60148
 -3.36288
 -4.13572
 -3.65779
 -3.43115
 -5.04283
 -3.67276
 -4.48563
 -3.56669
 -3.85534
 -3.74647
 -4.11099
 -3.27191
 -4.01603
 -4.80526
  -4.7025
 -3.40756
 -3.75447
 -3.85018
 -3.94645
 -3.72754
 -3.55796
 -3.45836
 -3.47225
 -3.40967
 -3.67222
 -4.07642
 -3.59934
 -3.70069
 -3.57487
 -3.91412
 -3.39511
 -4.22213
  -5.2706
 -3.43632
 -3.27413
 -4.12888
 -4.55612
 -3.45079
 -4.44188
 -3.57521
  -3.6242
 -3.46689
 -3.49873
 -4.01011
 -5.57643
 -3.51019
 -4.51665
 -4.47299
 -4.09635
 -3.42467
 -4.33132
 -3.52663
 -4.85379
 -3.62548
 -4.78885
 -6.17168
  -4.1212
-0.651361
 -4.50312
 -4.37955
 -4.12419
  -3.9627
  -3.8192
 -3.78191
 -5.12477
 -3.20078
 -3.93627
  2.45206
  -3.5851
 -3.60921
 -3.46988
 -3.53248
 -4.07198
 -3.57473
  -4.0519
 -4.07001
 -3.49168
 -3.72502
 -4.55106
 -3.53707
 -3.92822
 -3.36234
 -3.04968
 -3.26178
 -3.47043
 -3.81154
 -3.53853
  -3.4676
 -3.55396
 -3.37143
 -3.45162
 -4.13005
 -3.54196
 -3.50807
 -3.68321
 -5.05299
 -4.18254
 -3.26409
 -3.35613
 -3.48173
 -3.59365
 -5.30689
 -3.97217
  -3.8281
 -3.48774
 -3.41918
  -4.0737
 -3.39912
 -3.58321
 -3.33686
 -3.85084
 -5.43523
 -4.34104
 -3.74611
 -3.32738
 -4.16417
 -3.51024
 -3.82047
 -4.60656
 -3.15394
 -4.25846
 -3.43019
  -4.8348
 -3.66556
 -3.33603
 -3.44758
 -3.59987
 -3.59805
  -3.8483
 -3.46197
 -3.47521
 -4.16738
 -3.56521
 -4.26324
 -1.50071
 -3.36695
 -3.65841
 -3.45014
 -3.37073
 -3.48821
 -3.51071
 -3.36586
 -3.60049
 -4.03187
 -3.99029
 -3.35572
 -3.43043
 -3.59756
  -4.7156
 -4.53631
  -3.5556
 -3.89987
 -3.51023
 -3.95939
   -4.516
  -3.9646
 -3.63846
 -3.58954
 -4.56373
 -3.49761
 -4.56763
 -3.47781
 -3.40301
 -4.09891
 -4.72601
 -3.36468
  -4.2512
 -4.13618
 -4.03625
 -4.53263
  -3.4284
  -3.9639
 -3.45041
 -2.08358
 -3.85981
 -3.44275
 -3.56519
 -3.36511
 -3.59332
 -3.80305
 -3.22627
 -4.09651
 -3.38271
 -3.79131
 -3.52219
 -4.06124
  -4.9235
 -4.21065
  -3.4387
 -5.25296
   -3.208
 -3.24841
 -3.26396
 -4.22112
 -3.83917
 -3.56065
 -1.65709
 -3.94618
  -3.2961
 -3.39562
 -3.62473
 -3.44879
 -3.80122
 -3.58652
 -3.60625
 -3.60282
  -3.5989
 -4.68756
  -3.9583
 -3.72517
 -3.75385
 -3.93636
 -3.80859
 -6.46961
 -3.73714
 -3.42855
 -4.34088
 -3.62847
 -5.63688
 -3.40548
 -3.72679
 -3.55439
 -3.47696
 -4.08624
 -1.94855
 -3.60661
 -4.23345
 -4.14943
  -3.6153
 -3.52757
 -3.60345
 -4.66562
 -3.22179
 -3.55067
 -3.54417
 -3.53226
 -4.26915
  -3.7108
 -3.59486
 -3.47571
  -4.5025
 -3.23914
 -2.53318
 -3.55284
  -3.5551
 -5.20421
 -3.74119
 -3.68033
  -3.6249
  -4.7292
 -3.47868
 -3.91812
 -3.78493
 -5.01232
 -4.28875
 -3.42095
 -4.80015
 -3.54178
  -2.7645
   -3.791
 -3.64363
 -3.33302
 -3.65571
 -3.77546
 -4.17358
 -3.65097
 -3.75422
  -3.6713
 -4.65028
 -3.77982
 -4.55313
 -4.52058
 -3.55438
 -5.15269
 -3.53404
1
4
300 10
   0.0958895     0.337828     0.580454       0.5369      1.45358      1.18273    -0.377858    -0.201819     0.398808     0.336414    0.0906818     0.817401     0.886732    -0.212025     0.240625    0.0712072     0.471078    -0.318201   0.00649337     0.105702     -2.41211      0.94236     0.111745    -0.553211     0.322449     0.526682     0.866545    -0.191533     0.256242     -8.70226     0.173908      1.65111      0.23867     0.339287      0.02234     -1.27987     0.346751      1.10953      2.22923    0.0167319       0.7031     0.498054     0.776365     0.675955     0.134249     -0.39691     0.568548     0.235092    -0.293002    -0.300967     0.170337     0.552469   -0.0738702 -0.000372906    -0.459983     0.369993    -0.623123     0.350474     0.644754     0.541423       2.2778     0.399977     0.122407      1.40546     0.127494      0.22975     0.316691     0.566915    -0.139986     -8.30052     0.444621     -0.38209    -0.526205      0.35561     0.116373    -0.852345    0.0517827     -1.61704     0.541533    -0.213764    -0.184537     0.714851      2.06662     -4.36852    -0.664739     0.309548      1.24245    -0.715177    -0.251614     0.538087     0.393603     0.535978     0.336346     0.244716     0.291273     0.158061    0.0867367    -0.172606     0.168574      1.14089    -0.048554    0.0856476     0.129473    -0.861483    0.0173707      1.24195      1.09463     0.808513     0.676334     0.417139    0.0449617   -0.0358219      0.40146     0.189379     0.363562     0.617071     0.538308    0.0579798     0.174556     0.164372     -7.78939      0.07555     0.249073      -1.3217     0.223925      0.14195     -2.14527   -0.0745369    -0.227288     0.924985     0.468929      2.03105     0.330733     0.102213     0.663238      1.57956     -3.81453     -1.57909    0.0556503     0.550329     -0.36497  -0.00653016    0.0465835    -0.298162     -1.18843     0.805381     0.235821     -7.96333      1.71204     0.319256     0.474841     0.673007     0.406394    -0.701696    -0.025651     0.864081      1.89243    0.0918541    0.0249029     -1.32131     0.440784      0.17416      1.19812     0.410865     0.281371     0.213867     0.534296    0.0948711    0.0426266     0.877673     0.373904     0.220349    -0.161612      1.57556    -0.872222     0.421983    -0.190133     0.623295     0.247515     -0.37577     0.786003      1.49049      1.46207     -5.26551     0.548736     0.678337     0.117856     0.218649     0.799947     -0.30195     0.428093    -0.331255     0.830505        1.987    -0.113419     0.323429      1.05271    0.0782335      1.02469     -1.15195     0.403082     0.188929     0.142119     0.269545      -2.8207     0.394236     0.402916     0.290972    -0.596189    -0.227682    -0.177674     0.618694      1.15302     0.322462      -1.0886     0.505102     0.631851     0.263882      -2.7343    -0.123941    -0.323292      1.58874     0.265309     0.674304     0.375278     0.244666     0.384287      1.18114    0.0741982   -0.0733032     0.683281     0.102369     -1.69771       1.2213    -0.367807    -0.487684     0.133879    -0.379512     -4.29567       1.0932     0.423609      2.78169      0.11217     -3.59715     0.396594   -0.0412013     0.187636     0.257654     0.351537      1.69623      3.25922        1.398    0.0730847    -0.508798     0.165093    0.0592703     -6.09604     0.915119     -0.17882     0.133426     0.163357      1.69072     0.544849     0.052205     0.615441      2.81883     0.509625      2.42118      0.14283    0.0683168     0.133193    -0.183799     0.294573      0.17198    -0.168094     0.380039     -0.46277     -0.14975      1.23187     0.257644     0.514565       2.6081      0.30719       1.0473     -10.4422   -0.0392256     0.357608    0.0456835    -0.758909    -0.263115     0.480707     0.161694     0.107252     -1.86404   -0.0767154      1.78966    -0.256404     0.332072     0.697048     0.208162
   -0.229363    -0.128268     0.085599     -0.15813     0.988123      3.19783       0.0889   -0.0952383    -0.355873     0.814715   -0.0462204      1.73002      1.44759      0.12192     0.246648   -0.0910317   -0.0955487     -1.69018     0.172631    -0.109448     0.714175    -0.200718     0.341765     0.784736    -0.506342    -0.524195     0.696987       2.1283    -0.177059      2.40599    -0.261773      0.52899     0.078563    0.0294569     0.464391    -0.894551    -0.162116     -1.22135      3.80117     0.641192    -0.148004     0.112558     0.759552     0.250931     -0.77393     -0.60505    -0.202904    -0.143003     0.041698     0.116765      2.30711  -0.00180419     0.491896     0.169496     0.631476   -0.0757458     -1.57012      1.12385   -0.0463974   -0.0510556      0.66535      2.00274   -0.0328996       1.4346     0.119618    0.0605478     0.109288     -0.33177     -7.35358      2.13363    0.0268985      2.45902     0.117343     -4.35459     0.251506     -1.21698    -0.708461     -1.42664     -1.01124      1.20638     0.456239    -0.642668      1.58877      2.25035      2.02788    -0.803805     0.269743    -0.100053      1.33157      1.39832    -0.203246     0.303529     -1.30225    -0.252796   -0.0875389     -0.44889    -0.439697    -0.520551   -0.0489571     -1.34534    -0.968252    -0.241226    -0.137343    -0.864741     0.523826     0.102562    -0.226501     0.146006   -0.0297412     0.336172     -1.28677     0.122725    -0.265786   -0.0305979    -0.167751    -0.318206     -5.93912     0.113195   -0.0511129     0.274064      2.78146    -0.986457    -0.203699       2.6555   -0.0848556    -0.450637    -0.542325     0.729528    -0.146763      1.00401      0.24779      1.32267     0.293427    -0.082403    -0.140462     0.411992     0.821187    -0.762119     0.282423    -0.306991    0.0834689   -0.0419706     -2.10151    -0.512146    0.0671252    -0.697627     -1.30472      1.31623    -0.977068    -0.390885    -0.296037    -0.226108     0.177358    -0.507305    -0.674108     0.507412    -0.652001    -0.106931     -0.82257     0.741671   -0.0424553    -0.360591     -10.9436    -0.196881    -0.171693   -0.0798297    -0.116045    0.0463248      0.17992     -2.56098    -0.304187    -0.170512    -0.266515      1.35962    -0.938587    0.0680208    -0.285504     0.207191    -0.849958    -0.739477     -1.18357      1.34808      1.76355      1.06592     -0.58972     -1.02539     0.316619     0.186616     0.468172     -1.68742   -0.0963509    -0.359792      0.64104    0.0323705     -1.78139    -0.172924      2.03773    -0.122181     -2.60865      -2.6061     0.349498    -0.231881      -2.4458    -0.150588      1.14278    -0.290745      2.50229    -0.295122   -0.0637987    -0.130066     0.565738     0.361634      3.30538    -0.112955     -5.99927     -0.36087    -0.185124    -0.279413      2.09977      1.16923    -0.146227    -0.149273       1.1204    -0.310945     0.509119    -0.415175    0.0183362     0.319074    -0.105634    -0.140103   -0.0299817   -0.0432613     -1.01838       -3.193      0.44165     0.821248     0.279394     -1.89316      1.37825      1.50999   -0.0708482    -0.565331   -0.0627586    -0.418652   -0.0671124  -0.00262242    -0.244636    0.0175841      1.34671      1.48971      0.46217      1.10906     0.156523   -0.0256142     0.507483      1.23364      2.10987   -0.0872688      0.16097    0.0231996   -0.0490428      2.93725      1.04005   -0.0753502    0.0505553     -1.45521   -0.0192893     -1.43419    -0.294377    -0.287073       1.6163    -0.041982    -0.504014    0.0262054    -0.915096   -0.0206041      -1.4047     0.268678      1.33669     -1.00189     0.351524     0.674046     0.251742    -0.304301      1.90651     0.024103    -0.469779    -0.271232    -0.734268    -0.288318    -0.216846    -0.031807      0.21555    -0.831497    -0.385603      2.07502     0.107016     0.141056      3.60136     0.340302
  -0.0977229     0.069035     0.200285     0.234461     0.421264     0.331889   -0.0403298   -0.0240687   -0.0975161    -0.384723    0.0849017     -6.71652      0.76425    0.0837943      1.55316   -0.0336741    0.0112087    -0.298602      1.32352    0.0194343   -0.0044705     0.361388     0.298071    -0.946987     0.118835     0.721039      0.38917      2.03396    -0.192951      3.09403     0.412616      2.06844    -0.164265      1.75039     0.418979    -0.387637     -0.17186      1.48245     -3.11403      1.16267    -0.201486    -0.490903    -0.479706     -0.38494     0.050684    -0.355303    -0.259728     0.137444     0.849389       0.7824      1.02591     0.078711    -0.270067       0.3058     0.321041     0.342652     0.517476      1.53852    0.0262339    -0.224797     0.970991      1.15485      0.22006      1.14667    -0.539758    0.0444909    0.0324394    -0.137426     0.639452      1.55667    0.0207292     0.548638      1.68069     0.897142     0.391839    -0.189316     0.337679     0.712924     0.481371      1.80753     -1.44848     -1.57998     -2.39624   -0.0893428      2.13827     0.495689     0.139219     -1.68756     0.517769      -7.6407    -0.185368      1.95205     -1.67014     0.252454    -0.039094    -0.366583     0.160424    -0.324117   -0.0319125    -0.105265     -3.36334   -0.0781571    -0.222385     -1.08697  -0.00947392    -0.860527    -0.137269     0.292624   -0.0159971    -0.124017      1.94681   -0.0047194     0.284889     0.155937     0.161612    -0.275454    -0.066437     0.123063   -0.0294111     0.320714      2.36075     -2.60357     0.226436      1.63456  -0.00858911     0.103833    -0.818337    -0.459448    -0.326177     -1.77089   -0.0305463   -0.0294326     0.251368     0.194066     0.202779      2.66809     0.701977    -0.359457     -1.42558     0.182904     0.421413     0.288153    -0.047134    -0.974571      1.14171        -2.94     0.421442     0.728031      1.33655     0.389837     0.297031    -0.383628   -0.0360317     0.201181     0.308284      0.32429     0.173355     0.484097     0.457427     -2.65807     0.149256    -0.167165      3.36933    0.0301325    -0.121958    -0.070727     0.364637    0.0819956    -0.299516     0.213141      0.13823    -0.150855    -0.407791    -0.332307      0.82452  -0.00100039     0.458451    0.0136154    -0.345274      3.53098    0.0585618      1.71824        1.494     0.369101     0.554053      1.10693     0.422874     0.035573     0.787919    -0.777459    -0.163692    -0.389489      1.36451    0.0437919    -0.221506    -0.300168     0.910863    -0.101333      3.22557     0.804781     0.166632    0.0907977      -1.6641    -0.117297      1.37255     0.168444     0.200279      0.16803    -0.272765    -0.138109     -0.25629     0.236245     -12.5148  -0.00047997     0.398963    0.0197985    0.0650786     0.129726    -0.245805    -0.288609     0.478198      1.88388    -0.577567     0.579441     0.304196    0.0151754    -0.295071    -0.476023   -0.0471735    -0.123986    -0.496697   -0.0740618      1.90597      1.01538     0.214334    -0.158626      -0.3932     -1.45863     -3.00387      1.17635     0.102985      3.07958    -0.333186     0.639702     0.037861    0.0541791     0.112758    -0.101945     0.461127     -2.32463     0.895042     0.190488     -1.68373     0.382306     -0.13045     0.441332      1.10357     0.303003    0.0721536     0.121128   -0.0607545   -0.0315354    -0.607432    -0.328498     0.430853      2.87944     0.213855    -0.307904   -0.0809915    0.0942126     -1.74164    -0.337162   -0.0714696     0.185181     0.941763   -0.0722017     0.978823     -1.77767      1.98459      1.55145    -0.503964    -0.517129    0.0674098   -0.0372902      0.99826     0.658067   -0.0266574    -0.215726     -6.82656   -0.0260517     0.196806    -0.231755    -0.471982    -0.266955     -1.02372      1.70768     -0.58871    -0.380674      2.06535     0.606996
   0.0866014      0.22176     0.099006    -0.125987    -0.166457    -0.736308   -0.0320605     0.017795    0.0243363    -0.477624  -0.00704918     0.946496      1.07593    -0.226376    -0.170721     0.220265    -0.514393       1.3816      1.21635    0.0724396     0.390442   -0.0645059     0.107891     0.706204   0.00323512    0.0775159     -3.67447       2.0341   -0.0285555      1.96265    -0.427462     -1.60532      0.34403    -0.159212   -0.0921265      1.74037    -0.200211     0.929003    -0.792719     -4.05323    -0.165694     0.415686     0.724131      2.06916     0.347183      0.31393    -0.364484     0.126792     -1.80769   -0.0637375      -0.6204    -0.264218     0.315927      0.10136     -1.64525    0.0954265    -0.291245      2.45282    -0.163099    -0.360589      2.03752     -3.78102   -0.0728579     -5.96461    -0.202212    -0.493581    -0.147691     0.383517     0.552221      1.68777    -0.174771     -1.58175     0.201613     0.246969    -0.625049      1.02921     0.452921      3.54001     0.252792     -2.65531       2.1324     0.635671      1.09165     0.431251     -10.8548     -0.85017    -0.959585      2.99954      -0.1814      4.01136     0.270162    -0.470205     -1.93604     0.457562     0.427485     0.385866   -0.0924807     0.318246   -0.0110126      1.06374      1.58864   -0.0372017    -0.033656     0.994786    -0.123497      2.65877    -0.234145   -0.0361788    -0.337244    -0.213774     0.189862   -0.0134564     0.165508    0.0169334     0.120915    -0.153368     0.738967   -0.0255142    -0.337713    -0.115187     0.984142      1.16465    -0.241746     -1.72171      0.16677     0.503595     0.317733     -7.47119     0.196014      2.48053   -0.0078748     0.347261    -0.628707  -0.00580382     0.172498    -0.798884   -0.0882812     0.612244      0.43644   -0.0809284    -0.836046    -0.975541    -0.245611     0.655404    -0.279321      1.20803  -0.00437517     0.969612     0.196372    -0.194031     0.161477     0.373118    -0.110634     0.387397    0.0357367    -0.515064      1.48775     0.092516     0.852704      2.23059    -0.231002      0.32608     0.420796   -0.0223029    0.0670414   -0.0887139     0.169634     0.383653     0.126623    -0.029675   -0.0348927   -0.0473267      0.33871      2.05684      1.50979    -0.138464    -0.551294     0.163653    -0.384626     -2.13366      1.02181   -0.0726401    -0.753823      0.56916    -0.315409     -0.62682    -0.101494    -0.455007    -0.008092      2.30626    0.0299378    -0.141672    0.0654018      2.75919      3.47931     0.424172    0.0591474    0.0994718    0.0538122    0.0989982    0.0131735   -0.0675132      2.10752    -0.126769    -0.308045     -0.03405     0.989643    -0.184048    -0.195911     0.120282    0.0311506     -1.35359    -0.249116     0.144051      1.84044   -0.0946204    -0.284058    -0.115608      0.62476     0.423452    -0.679798     -1.99989      1.57039    -0.688315   -0.0959682     0.215151    0.0551546     -2.75645      0.56095      0.39438      1.36565    0.0417004     0.262731     0.493668     0.107782   -0.0364842     0.215687    -0.269544      3.58001      1.08408    -0.278336    -0.264758     0.823545      1.31668   -0.0330964     0.508289    0.0617916     0.025055      1.99693     -1.71341     -1.11961     0.496947     0.904818    -0.232848    -0.435414    0.0358617    -0.118889    -0.321505   -0.0146643    0.0805925   -0.0228177      1.31996    -0.291594   -0.0319847     0.394054     0.824826    -0.223502    -0.203608    0.0341815     0.155134     -1.04216    0.0901505     0.411363   -0.0133523    -0.222568    0.0397164     -4.57967     0.708534      1.00669   -0.0111548     0.398047     0.715893    0.0872458     0.785969      1.65247     0.502128     0.337338   -0.0109425     0.682752     0.101363     0.701303     0.354125     0.104099      1.88824   -0.0133082    -0.956969     -0.48386      1.09271      -1.7102     0.683174
   -0.460737    -0.917218     -0.66029    -0.643122     -2.33137     -1.10366    -0.449384    -0.254056    -0.122686    -0.292639    -0.265916      1.30229      1.02521    -0.195037      0.37251    -0.248547    -0.469629    -0.616733    -0.226358     -0.47538     0.391811    -0.457297    -0.146576      0.41232    -0.271607     -1.06313     0.586378      2.30121    -0.458316     0.368403    -0.551619    -0.367195    -0.500341    -0.200781    -0.181703    -0.361281    -0.609933      1.70752     -1.19007   -0.0257245    -0.284926    -0.335224    -0.104679    -0.335884    -0.366621    -0.448794    -0.332672    -0.466517     -2.53877    -0.292499    -0.517835    -0.353078   0.00751267    -0.901269      0.24099    -0.925401     0.363736      0.12739    -0.501974    -0.637103      1.70129    -0.135722    -0.560115     0.285462    -0.193942   0.00929828     -0.37088    -0.381685     0.228014    -0.118124    -0.469419     0.135947    -0.394773     0.357113    -0.622357     -1.84085    -0.361025      -2.5092    -0.335795   -0.0708977    -0.955819     0.123674      3.61977      1.38335     0.331236     0.169899    -0.714762    -0.330311     0.147101      1.12945     -1.21748    -0.984611      8.49681     -0.87449    -0.419036    -0.524792    -0.312617    -0.703815    -0.280169     0.128497     0.423588    -0.395721    -0.212044     -1.27212    -0.575318      -4.1655    -0.231561     -1.15164    -0.821085     -1.96022    -0.580529    -0.544978     -0.29698    -0.350735    -0.508741    -0.222909     0.886982    -0.402086    -0.379288    -0.183925     0.323658     0.735381    -0.553235    -0.187575    -0.570958    -0.465514     -3.47549      2.11792    -0.364732    -0.340396    -0.684383      0.19439     -1.22443    -0.303217    -0.465656    -0.291935     -1.64645   -0.0455995     0.102927    -0.593647      1.17813    -0.360752     0.455533     -2.54537      2.32345    -0.158495    -0.233972     0.620165    -0.704056    -0.537335    -0.684378   -0.0885312    -0.203673    -0.844018    -0.495404    -0.537187    -0.677157    -0.316674     -1.22932      4.07538    -0.506809      -0.5474       2.3974    -0.433626    -0.515877    -0.403384     -0.73427    -0.155209    0.0296011    -0.237987    -0.625232    -0.483514   -0.0829488     -1.41739     0.037556     -0.38112    0.0179616    -0.387715   -0.0935249     -0.38294     -3.36408   -0.0846871     0.679604     0.461569     -0.41446     0.691804     -0.65467     -0.62097     0.143131     -1.29257    -0.504642     -2.18582       1.2049      2.11528      1.48713     -2.91315    -0.276055    -0.251803     -1.15649    -0.184207    -0.581914    -0.389116     0.791114    -0.164836    -0.279824    -0.757446     0.293822    -0.469211    -0.210355    -0.462606    -0.445214     -3.81172     0.607094    -0.518164    -0.567678    -0.575401    -0.798315    -0.626435     -1.02653    -0.121582    -0.872994     0.918095     -2.36406      -0.4697    -0.680953    -0.383421    -0.486444     -1.05831    -0.361777    -0.297306    -0.299675   -0.0978112     0.402921    -0.080109    -0.213378     0.255778   -0.0318544      2.06765      1.86839     0.210709    -0.576426      1.91783     -1.06614     -3.42109    -0.467331     0.129503    -0.447282    -0.350216     -13.2266     -1.86306       1.2695     0.403796      1.51506    -0.351061    -0.455768    -0.309079 -0.000856019    -0.962686    -0.465799    -0.388132    -0.289464     0.494755   -0.0388728       -0.114     -1.09776     -0.12159     -1.14189      1.57875    -0.185263    -0.505638    -0.640264     0.187229    -0.213644     -0.14963       1.6571    -0.337411      2.02005    -0.366881     0.356844    -0.926939     -1.17195     0.120478    -0.389837     -2.97797      2.22477    -0.209736    -0.809268    -0.104842      1.51897     0.373508    -0.389743     0.185739    -0.223647     -1.75828     0.147286      0.87523    -0.735576   -0.0259121     -2.39342    -0.334673
  -0.0783699   -0.0219601    -0.155158    -0.535961    -0.435127     -2.21859     0.106026   -0.0382581   -0.0831744    -0.986205    -0.172186      0.36898     0.241062   0.00788396     0.275961    -0.127503   -0.0670842     0.941838     -3.27295    -0.245887    -0.688032    -0.609303     0.405824     0.411512    -0.194741   0.00726759     0.350505     0.588148    -0.169994     0.182209       1.0982    -0.372508    -0.306979     0.167195  -0.00100985     0.870899   -0.0461331     -1.80233     -3.53078     0.916037    -0.108649      0.47101     0.119286     0.852951     0.154112     0.326831    -0.195113   -0.0942922     -1.46386      1.10884     -1.14519  -0.00286091    -0.540622     0.267541     0.853216    -0.111685    0.0329241     -3.08091    -0.258327    -0.295625      1.21997     -3.25702    -0.089168      1.10835    -0.153366    -0.300652   -0.0812435  -0.00268775      1.00736       1.0065    -0.201948     0.114643       1.3049     0.951598    0.0835761     0.854522    -0.166777    -0.354477     0.312213     0.332832       1.6789      0.90655     -1.08207    -0.616187      1.18826      2.15374     -1.69775      1.13924    -0.836404     -1.25538     0.236941   -0.0239172     -1.60713     0.265227    0.0813029     0.110511   -0.0282318      1.24241    -0.179073     0.931392     0.382276    0.0512557     0.482043      1.46017     0.835556     -1.01243    -0.216198    -0.457566    0.0246128    -0.144171    -0.336129    -0.053229    -0.137281  -0.00456479     -0.17874    -0.166274       0.6778    0.0530869    -0.147265    0.0491028      3.01362    -0.266017    -0.445866    -0.934654    -0.144554  -0.00280371      2.38687      3.06493     0.456892     -1.17347   -0.0741735     -1.16752    -0.239315   -0.0895193    -0.375276      1.22419      2.20632      0.96891    -0.831523    -0.107153     0.661253    0.0824203    0.0547616     0.189986     -1.47143     0.295838    -0.123154     0.273373    -0.218484    -0.276207    -0.261616    0.0152553      0.51683     0.844498    -0.075532     -1.14168      -3.4671     0.263488    -0.222633      2.27769   -0.0763096     0.111556      1.15598   -0.0503762   -0.0471109    0.0665644    -0.175509    -0.348155    -0.141002      1.66201     0.201515   -0.0834079    -0.808272      1.73933       1.1321    -0.125174     0.646537    0.0781684    -0.813796     0.358789      1.52809     -1.60024       -2.244     0.128093    0.0644197    -0.280392    -0.469222    -0.215228      1.48449      1.59835    -0.196605      0.26654      1.07793     -8.85843    -0.575821    0.0368582     -0.88992    -0.182679     0.147778     0.173232    -0.453981    -0.224777       1.7207     0.147051      2.22889   -0.0801852      1.00852   -0.0896913     0.581356  -0.00287842      1.60114      4.04114     0.445835    -0.215047      1.48415   -0.0126097   -0.0700257    -0.153368    -0.196162    0.0989981     0.175231      -3.1913     -0.22538    -0.874503    -0.951495     0.315719      -0.1774    -0.773173    0.0975483     0.457555    -0.316622    0.0582219     -1.06728    -0.439215    0.0929881    -0.376701    0.0821312     0.115575      2.76952     0.760113    -0.121572     -1.59312    -0.163335      2.66529    -0.211033     0.242911    0.0247729     -0.22208      2.84175     -1.06014      1.75974     -1.57091      1.92013    -0.123827    -0.388959     0.403105      2.91892   0.00231608    -0.073488    -0.098858   -0.0502993     0.983737    -0.213271   -0.0203058     0.395373     0.285023    -0.114655      1.56592  -0.00778528     0.136005    -0.129076    -0.209248     0.960134    0.0222043      1.92234   -0.0367183      2.32237     0.801161     -10.1868     -2.14139     0.401994    -0.246498    -0.189537    0.0345936    -0.301272    -0.528471    -0.013361   0.00177006      2.37636     0.901113    -0.407286    -0.327855    -0.218548      2.10562     0.279476     -6.51896    -0.389237    -0.120109    -0.136264    -0.809453
     0.58375    0.0994773     0.457132     0.346375     0.473459     -2.71903      0.34184     0.225982   -0.0195977      0.42715     0.102455      1.94687     -5.92431     0.340168    -0.946086     0.207053      0.24126        1.698    0.0697808     0.191995     0.451234     0.264033    -0.150246      1.52323     0.124268     0.400434      1.57796     -8.94619      0.15877      1.71395     -1.14882     -1.61583     0.420464    -0.834485    -0.803296     0.969536     0.282982    -0.719812      1.45039     -1.13191       0.1369     -1.17631     -1.83122     0.552462    -0.233198     0.485969    -0.209465     0.204528      3.20327     -1.04417   -0.0448876   -0.0196799     0.120026     0.242949    -0.161908     0.242208      1.38757     0.161315     0.102676     0.389441      1.70253      1.65227     0.119618     -1.52372     0.008358     0.264082     0.246906    -0.595378      3.34381      3.77411      0.14315     -2.62908     0.255887     0.224353     0.264624      2.18279   -0.0712229       1.1547    -0.202871    0.0834336     -0.31376     -1.11099     -2.22427      -0.6016        2.049     -1.66499      1.49308     -0.28566    -0.549705    0.0600349     0.315802      1.27393       1.3536      1.14498  -0.00869076      0.52827   0.00304155     0.892303     0.325932     0.209424      1.85935     0.221526     0.147632    -0.226608    -0.186161     -1.02413      1.38808     0.683304     0.125369      1.30514     0.450747     0.124672    -0.104136   -0.0053214     0.432963     0.173401      1.58498     0.140611     0.192645    -0.820876     -1.55014      0.88311     0.888776     -1.25965   -0.0212941    0.0698843     0.463081      1.16069    -0.990005    -0.733778     0.299252    -0.451541     0.341895     0.408981     0.203518     0.371295     0.765794     0.883615      1.55705     0.393928     -1.81272     0.585362     0.777982    -0.420226     -5.79298    -0.224171    -0.134889     0.855431    -0.270514     0.158158     0.499418    -0.139523     -0.44481      0.33332     0.619283      1.57218      1.41807     0.375318        2.276     -1.51565    0.0934248     0.206835      0.14588     0.280771      0.16499     0.109913     0.236483    0.0849187     0.241984     0.149995     0.340716     0.370163       1.4248     -5.24759      1.26426     0.270703    -0.176391     0.118824    -0.151602      1.36831      2.07318      0.24698     0.503864     0.759728    -0.486898    -0.900237     0.203516     0.795288    -0.383238    -0.825671    0.0980787      1.08578     -8.08076    -0.683671    0.0255046      1.84111     -4.49136     0.815854     0.877987     0.453979    0.0915657     0.284025      1.25477     0.506065      1.40431     0.250857      1.24954    0.0469317   -0.0296789       0.5148     -3.68432     -3.46904      1.67423     0.399449      2.84696     0.199299    0.0553796     0.360793    -0.211154    -0.889776    -0.342783     -2.35632      -0.2051     0.215987     0.463174    -0.293331      0.21777      1.97592     0.378724     0.509885    -0.430504     0.170657       2.7269     0.701302     0.441675    0.0774137    -0.839959     -2.07563       -2.973    -0.498948     0.144389      1.65965      0.39115      1.56868     0.273141     -0.22312     0.311817     0.298806     0.776693     0.414469     -2.19045    0.0454443     -6.24021     0.345006     0.228478     0.593518    -0.323759     0.207763    0.0670852    -0.189036     0.221064     -1.39577     0.684744    0.0627874    -0.401108      1.30471      0.46671    -0.152789   -0.0603745     0.209672     0.436292     0.412518    -0.802264     0.336756     -6.13508     0.393307      1.71654     0.479152      1.83219      2.89107    -0.284232      1.69931     0.257993     0.452795   -0.0461286     0.466421      0.35169     0.181074      1.45889     -1.68095    -0.842045     -0.39959    0.0394858      2.31753     0.203985     0.604407      1.00093     0.141465     -1.01107      0.10941
 -0.00175193     0.159181     -0.29469     0.183018    -0.320246     0.781311     0.332192  0.000231777     0.309708     0.769817   -0.0536712     -0.49668   -0.0170442    0.0839221     -1.12616    0.0266579       0.1416     0.540358    0.0023812   -0.0847639     0.386549     0.224257   -0.0884506     -4.71592     0.272168    0.0717763     0.968205    -0.036065     0.174077    -0.217266    -0.458619      -1.8631   -0.0633932    -0.258149     0.199962    -0.617482     0.231742     -2.48997       1.1706      0.75038   -0.0108793     0.134025     0.254016     -3.93637     0.255961    0.0606795    0.0978374    0.0493935    -0.661447     -0.15478    -0.235005  0.000729282     0.210889     -0.16089     0.289469   -0.0187395     0.329177     -1.42464   -0.0186836     0.437563    -0.293394      1.17729     0.170808     0.916047     0.545638      -0.1648   0.00190085       0.4776      0.78857     -1.29233    -0.551092     0.641708     0.582576     0.601616    -0.096181     -1.35097     0.193061      2.05673    -0.404636       1.5348    -0.579538     -0.49268     -1.26809      1.50007      1.23327    -0.306252   -0.0345139    -0.896533    -0.915987      1.27697     0.109165       0.0727     -1.71991      -2.3101     -0.14876   -0.0739669     0.444335    -0.196722     0.167978     -1.68984      -1.0439     0.158468      0.25923      2.08138    -0.196294      1.81893    -0.652275    -0.419771      0.43632      2.04661     -2.14871     0.446264     0.152627    -0.203439    -0.182776     0.310267     0.821733    0.0189901  -0.00232245     0.171845     -1.66511     0.877359    -0.293485     0.969993     0.239378   -0.0566379     0.387034     0.289338     0.591488     0.636305     0.175104     -2.53525     0.275646    -0.249307    -0.124012      1.19675      2.80335     -1.37514   -0.0196615   -0.0451645     0.583945      0.26362     0.980478      1.89867      2.44054       1.4604      1.05056      2.28054     -1.98018      0.47301    -0.079101    -0.156458   0.00975563     0.719365   -0.0519782     0.269943    -0.549504    -0.168518    -0.864704     0.437362     0.302869     0.284409      2.56454    0.0593839    0.0223737     0.170801   -0.0690977     -0.19571      1.02432      -1.5113     0.012607     0.166946    0.0975413     0.769599     0.995609   -0.0749933     0.816096    -0.320414     0.461224    -0.407557     -1.83421    -0.554293     -2.12387       1.5013      1.21394      1.17441    -0.336494    -0.117466     -3.07601    -0.170326       0.2018      2.27047     0.853901    -0.337993     0.964223      1.80811      2.35673    -0.156114    -0.390944       1.4503    -0.331887    0.0848327      1.20317    -0.114293      1.96051      0.34263     -7.46882     0.358988     0.751137     0.078575      1.76162     0.894748      3.10711    0.0515713     -1.19842      0.19533     0.251825    0.0733887      2.95866    -0.751262    -0.217157      1.12154      0.97679    -0.104208     0.177396     0.217198     0.466848      0.64756   -0.0700097     0.314737    -0.303446     -0.15475     -0.68219      1.17957     0.501815    -0.194724   -0.0960419      0.72035      2.12231     -4.89633     0.219809     -6.32127     0.530803      2.15209     0.185649    -0.829003     0.161415    0.0436499      3.47158    -0.368016     -3.41249    -0.273148      1.07281    -0.142807     0.452152     -3.62978     -1.17445    -0.557691   -0.0752236     0.257224    0.0431321     -6.56016    -0.169621     0.204817  -0.00843572       -6.204     0.217431     -1.10119    0.0333363    -0.183782      1.46872      0.14314    -0.271806     0.138013     0.931938    0.0863044     -1.39205     0.103734      1.55064   -0.0835567     0.168609      2.56956    -0.280456     0.769871      2.33047    -0.474092     0.270119     0.186457      1.39557     0.889777    0.0457336     0.488568     0.337185     0.759285     0.675781     0.819745      1.83611    -0.337157     0.174878    -0.356538
   0.0356675    0.0424033    -0.264743    0.0961094       0.1378      1.69659    0.0441819     0.126413    -0.059177    -0.134915      0.21969    0.0369992     0.687035    0.0566053    -0.754953    -0.108688     0.556091     -1.50408      0.87074     0.259385     0.489581    -0.527713    -0.834727      2.26121   -0.0531389     -0.31893     -1.61139    -0.138955     0.116023     -0.67621     0.992666      1.63897     0.176348    -0.734891     0.346999    -0.101426      0.20582     0.892892     0.054968      1.54997    0.0548179     0.270935     0.225287     0.110688     0.155798     0.503072      0.83328    0.0473219      2.60774    -0.177379    -0.714652     0.175655    -0.255821  -0.00702815      0.14217     0.133739    -0.509553    -0.914496     0.261772    0.0934739     -10.3272     0.956355   0.00368617      1.08582    0.0897167     0.223827    -0.196411   -0.0788325     0.832882    -0.350904     0.684524     0.980936      -3.2051     0.800315    0.0981906      1.37596     0.159794     -1.70595     0.478765     -2.12469      -1.0105      1.11005     -1.33377     0.359527      2.31423     0.638158     0.211039    -0.178717     0.689418     0.717727     0.145901     -2.57785     -1.90021      1.27506    0.0108295     0.100311     0.169312    -0.301604     0.051793    -0.195868     0.895878    0.0553647    -0.100208    -0.114864    -0.152871      1.20273    -0.687201    0.0513682    0.0500526     -1.31063      1.87267    0.0901798    -0.125117     0.291475   -0.0706963     0.168776     0.689083     -0.13536     0.417277     0.525139      1.68301     0.016213      0.15099      0.25884     0.176927    0.0174071      3.40488     0.487612     0.574989    -0.600838    0.0255022     0.231945     0.507556    -0.134522    -0.152118     -6.45884     -1.71703      1.72198    -0.557054    0.0706594     0.133411     0.422273     0.230699      1.78697      2.83731     0.722407    -0.188084     0.812554     0.998854   0.00302552     0.145388     -0.11481    -0.184181    -0.219666     0.402588     -1.35242     0.137777    -0.494751     -0.36718     -4.14136    -0.253987     0.122904 -0.000556718     0.230202     0.242859     0.129896   -0.0383806    0.0656639     -1.05786      1.29584    -0.300451   -0.0796943    0.0552379    -0.336871     -3.84375     0.185765    -0.684061    -0.427008      1.86336    -0.831013      1.03417     -2.59547    -0.725208      0.37112    -0.498285    -0.816797     0.730829     0.240534    -0.168117      1.23888    0.0896062    -0.358654      1.97799      2.93864     -3.15313    -0.727025    -0.693052     0.128687     -1.03037      1.31133       0.3829     0.209417     -3.35658    -0.129123     -4.67468     0.131299     0.572109   -0.0757832   -0.0391487    0.0522001     0.553906      2.61411      2.32894    -0.113514      2.55892    0.0161684     0.023755    0.0714029     -1.41992     0.303293       1.9625      2.23266    -0.117147     0.872385    -0.248273     0.317775    -0.234611     0.931032    -0.842413     -1.03415    -0.409528    -0.069411     -0.55952    -0.916168    -0.921989    0.0303058     0.620224      3.08947     -1.92196    -0.477744    0.0686189    -0.835698    -0.172269     -0.86199    0.0626052     0.011778    0.0673815     0.145544      1.73398      3.90748    -0.931114        -1.44      2.31498      0.74944      0.15934      1.10236      1.70363     0.265487     0.440092  -0.00497987   0.00688725     0.432519    -0.683205     0.425887    -0.540875     -0.60057    -0.115134     -2.25242     0.502694   -0.0809732    -0.158025    -0.203616     0.231649     -0.21915      1.90042   -0.0638472     0.663713   0.00274494     0.839303    -0.403018   0.00977888     -7.61827    -0.050516     0.419424      1.76566    -0.117679     0.179442    0.0305173     0.908224   -0.0144724      0.43937     -0.10692    -0.106074     -1.94457    0.0643698    -0.299047    -0.812562    -0.800428    -0.968902    -0.285794
  0.00788853    0.0274453    0.0519045     0.017964    -0.181734     0.324903   -0.0950844   0.00798459     0.034562    -0.175385   -0.0137898   -0.0364638    -0.109587   -0.0181415     0.214062   0.00985005     -0.10415    -0.897149   -0.0756642    0.0116847   -0.0214639    0.0271778   0.00880801   -0.0519661    0.0167558     0.094982    0.0749318     0.112371  -0.00423174     0.337285     0.418241      0.71106    0.0719377     0.133814    0.0518682    -0.194059   -0.0196561     0.144932    -0.211054     0.131584   0.00260207    -0.190881   -0.0238776    -0.259471    0.0461813    0.0567615    -0.037979  -0.00288429   -0.0801657      -0.3894     0.560261   -0.0899624   -0.0836919    0.0131447    -0.104637    0.0169714     -1.49054      1.45719   -0.0869444    0.0487002    -0.034017     0.152217   0.00232118   -0.0127028    -0.066583    0.0517664   0.00310938   -0.0321378    -0.103034  -0.00892791   -0.0297254   -0.0735107     0.186731   0.00594047  0.000138653   -0.0236976   -0.0930067    -0.198675   0.00962227     0.209466      1.79642    -0.181025     0.261969    -0.146106    -0.391815    -0.495707    -0.260884    -0.299783     0.328373   -0.0634537    0.0140016     0.156396    -0.301606    -0.133867     0.031511    0.0286208   0.00192315     0.919571   -0.0254759     0.164871     0.354751  0.000705436   -0.0811496    -0.486739     -0.19301    0.0362431     0.214519    -0.145789    0.0652425   -0.0863211   -0.0735228    0.0656506    0.0048483   -0.0224834    0.0114179   -0.0352605    0.0280394  -0.00746391   -0.0651563   -0.0239124    -0.102469   -0.0547922    0.0190146     0.204368    0.0301046   -0.0357261    -0.289856  5.20078e-05   -0.0735514     0.135839    0.0310667    -0.249621   -0.0672857   -0.0117254    0.0140779    -0.221089    -0.524909      1.11858     0.349556    0.0161209    -0.162047    -0.123666     0.227628   -0.0250114    0.0448478      1.28311     0.125245     0.128527     0.181419    0.0328386    0.0581636   -0.0380512  -0.00689526    -0.498626   -0.0472092      0.18712    -0.218235    0.0285355    -0.201359    0.0144257     0.015005    0.0338104     0.141536    0.0023752    0.0212098    0.0355998    0.0346405    0.0253734     0.453395   -0.0573373    0.0486448    0.0277654     0.236784    -0.230192    -0.154667    0.0615164     0.355641    0.0454048    -0.857334    -0.327209     0.116462    0.0582287   -0.0399466    0.0229992    0.0287913      1.46207    -0.104885   -0.0795517     -0.19963     0.435765   -0.0363946   -0.0396062     0.214736      0.30739     -0.27867    -0.104463  -0.00589763  -0.00968672    0.0677409     0.207712   -0.0506526    0.0126933    -0.111468     0.110776   -0.0138882   -0.0145265    0.0469849    0.0788448    0.0502112    0.0230953    -0.377937    0.0185836   -0.0629699    0.0896523     -0.31556   -0.0170614    0.0516147   0.00390717      0.14516    -0.146658    -0.301363     0.361256    -0.124994     0.156922   -0.0424175    0.0285778    0.0862999     0.233679    0.0920946   -0.0823398    0.0682175    0.0106865    -0.188472     0.185956    -0.125411  -0.00611118     0.245659   -0.0889159     -0.40132    0.0373132   -0.0545706     0.330124   -0.0516477    -0.118709   -0.0191801   -0.0518662     0.036958   -0.0242199   -0.0846421     0.151983       0.1543     0.458282    0.0180387    -0.150014   -0.0947676    -0.093974   -0.0874815    0.0557764   -0.0486351    0.0187814  -0.00796811    0.0237181   -0.0206313    0.0565227    -0.194301    -0.156685    0.0264662     0.186109    0.0582109    0.0228111      1.68403    0.0590758     0.184811   -0.0231681    0.0424338     0.025232    0.0959361    0.0911266    -0.105435   0.00519733   -0.0573995   -0.0195024     0.060636   -0.0588307    0.0495917    -0.065352    0.0271086    0.0503837    -0.156414     -0.21563  -0.00147731   -0.0199885   -0.0849381   -0.0354554    -0.137549    0.0800239    -0.244334    0.0143491    -0.719347     -0.18197
  1.85711
-0.568671
  1.37385
-0.187826
 -6.99167
-0.139767
   3.6607
-0.182515
  1.84965
0.0889408
