2 8 0.5 804
1
1
9 50
   0.706524    -1.49389    0.603971     1.39778    0.783631   0.0451052    -6.60268   -0.770427   -0.725331
    7.40993    -1.07726   -0.655905   -0.190358   -0.476039   -0.466947   -0.387298   -0.604144   -0.728511
   0.684536     -0.6129    -2.45283   0.0534551    0.533862    0.266868    0.873691     1.41675    0.484061
   -2.98453     1.15098    0.758883   -0.406754    0.620767    0.119924    0.958988    0.884728     1.78396
  -0.514805     4.54131    0.731137    0.147724   -0.863046   -0.733761    0.813595   -0.332908   -0.107117
  -0.527765    -1.00126   -0.863753   -0.156834    0.546682     3.73296   -0.744695   -0.197677    0.328925
   0.688508     1.12703    -8.68574     1.72196     1.26827     1.89103    0.317478     1.17722     1.36653
   -1.36117     2.13419     0.99713     2.00905    0.177131    0.567811     1.76974    0.374284     3.11861
    1.11422    0.519601     1.37584    0.430411     1.00489    0.555918    0.509122    0.957014    -5.81446
    1.07153   -0.958701   -0.474401     1.27067     1.80562    0.180159   -0.439604   -0.673808  -0.0107457
  -0.395377   -0.501503     5.17414    0.347921   -0.545514    0.127349   -0.902468    0.519859   -0.375515
  -0.545333   0.0500671   -0.431606   -0.542218   -0.849084   -0.299947    -0.55744     7.92117   -0.458567
   0.302519    0.197246 -0.00731961   0.0349333    0.168277  -0.0901515     0.14933    0.109344    0.109726
   -1.29696    0.910351    -2.00039   -0.455936   0.0134415    -1.18167   -0.619218      4.7691    -1.06568
    0.35539    0.716579    0.931542     2.70993      -4.605     2.60092     1.24069     0.71901   -0.126696
    2.59209      2.4119     4.19928   0.0872834   -0.584774    -1.13004   -0.660714    -1.21041    -1.41473
   -1.94286   -0.221143    -1.78617     8.42278    -1.33178   -0.944306   -0.953063    -0.23329    -1.92309
   0.749229     2.57838     1.71717    0.922078    0.338745    0.544304     1.16145    0.317122     -9.6619
   0.319207     1.76741    -1.62156   -0.135513   -0.338871     0.38749    -2.46914    0.106557   -0.838844
   0.664171   -0.282723   -0.766891    0.781373   -0.677239   -0.532984     7.60281    -1.12603   -0.600492
    1.85225     1.36477    0.376379    0.577764     2.13111    -1.02402     1.23421     1.91622    0.104175
  -0.822928      6.9998    -1.06799   -0.851978   -0.857982    -0.67922    -1.71676    -1.95804   -0.594711
  -0.016732    0.847342    0.599945  -0.0613976    0.211217    0.379621    0.112803    0.726763     2.01715
   -1.59792      1.1424    0.592108    -1.32707     1.62806    0.658523   -0.480396   -0.247869    0.434985
   0.677023     1.59136    0.607626     1.65001     1.10935     1.93871     3.14021      3.0748    -4.28455
   -4.50668    0.378462     1.09425     1.92144     1.06734   -0.569298    0.241842   -0.858579     4.33117
  -0.631281    -6.12858   -0.120795     -0.1719    -0.40308   -0.383858     1.17647    0.190454    0.248649
   0.214526    0.241743    -6.91424     1.42897      1.0209     1.07474     2.42331     1.41084     0.98516
    1.51424   -0.879552     3.63472     3.25464    -1.15374   -0.420429    -2.40423    0.149206     1.17066
  0.0558593     0.73322    0.014824    0.399965    0.220953     0.47073    0.692329     1.35281     1.77706
  -0.616839    0.318586   -0.412999     -1.5816   -0.916673     1.72523   -0.717119  -0.0442097  -0.0791453
   0.302154    0.758157   -0.837557     1.31027    0.489804     1.85549     5.07526     0.57664    0.210188
  0.0303983    0.562698    0.324067    0.130388   -0.921656    0.639392    0.376441    0.103401   -0.260832
   -4.18482   0.0688939    0.744788   -0.325652  -0.0836872   -0.219956    0.306607    0.288662   -0.703839
    1.21038     1.22867    0.586082    0.485059  -0.0188065    -1.10319   -0.705594   0.0861671   -0.789997
   -4.86587     1.28472    -1.30152   -0.280495    0.236452     1.75374     1.36692   -0.407925   -0.813853
  -0.555514    0.338564   -0.285379   -0.629049    -1.06326     6.83316     0.11462    0.478736    -1.40902
    5.04502    -1.24649      -1.825    -1.37371   -0.536041     -1.4306   0.0641416    -1.07183   -0.201418
     1.0099    0.654211    0.739741    -1.62919    0.284493   -0.123771    0.993092      1.5232     0.33501
  -0.336613    0.326536    -2.77372    0.749188  -0.0753928   -0.904735    -2.11903    0.284577   -0.542133
  -0.764161    -1.06309   -0.058878    -3.54492   -0.297393    0.205349   -0.344384    -0.72433    0.418957
  -0.312659   -0.356534   -0.721198   -0.978502     7.86668     -1.2928    -1.18017    -1.09034    -1.26989
    -1.5054   -0.905536    0.180007    0.405292   -0.402421   -0.728075   -0.304582    0.750209     2.51432
  -0.899784   -0.328351  -0.0897044   -0.139551   -0.493835    -7.80109   -0.659586   -0.366654   0.0532409
    1.00767  -0.0326755   -0.297197    -5.99681    0.802395    0.985626   -0.237733   -0.195102    0.729376
  -0.470969  -0.0575835  -0.0442856     1.16422    0.636257     1.07371    0.736874    0.701256    0.054188
   0.282807    0.248266    0.182185     1.45112    0.664497     1.69477       1.321     1.18248     1.75804
   0.593537     1.66716     1.98885   -0.638266    -6.25661    0.167099     1.31699     1.54043    0.606214
  -0.453038    0.702122    0.134104   -0.608718     1.30093   -0.301407     1.01116    -7.06312     1.02347
    1.64795    -1.53345     0.26373   -0.687902     1.30994    0.146963     2.16431     5.47905    0.788282
-3.44465
-5.16871
-3.37596
-2.56823
-5.01236
-5.31031
 4.53236
-5.38045
-2.81689
-4.24647
 -5.4699
  -4.999
-3.28393
-3.62549
-3.21038
-3.39291
-4.56182
 3.27233
-4.05249
-4.29835
-3.66164
-5.40143
-2.85376
-4.10163
-3.80562
-0.87317
-5.15187
-3.90325
-1.97207
-2.92684
-3.76157
  -6.084
-3.59255
-3.66223
-3.33695
-3.15194
-5.89761
-4.88217
-4.10397
-3.73248
 -3.4521
-4.84046
-3.34406
-3.48921
 -2.9658
-3.31747
-3.37474
-3.41568
-3.50342
-2.15102
1
4
50 10
     2.31748     -12.3746     0.705479      -3.2489     0.126665      2.24241    -0.651173      -1.5206     0.242228     -0.70179      1.04556      1.75838     0.222121    -0.552533      1.58004    -0.969203      0.67616     -1.71499     0.496039      1.56375    -0.118886      1.98087     0.248639     -1.27898      2.93582     -2.68231      1.78537        2.046      0.58009    -0.204156    0.0971309      3.03635    0.0652079     -4.56291     0.808214     -3.74055      2.01799     -6.38142      0.31055      0.38741      1.05631      1.76306     0.104582     0.956118      2.54552   -0.0933784      0.43862     0.960317     0.663917       2.2617
    -1.31075      1.35736     0.636443      1.27936     -6.80187     0.200673    -0.133932     -0.32199    -0.216476     0.388916     0.734362    -0.508909     0.187324     0.534898      1.93141    -0.223368      2.05501    -0.969499    -0.639806       2.7451     0.191931     -11.5847      0.61257      1.08039     0.361865      2.50356     -9.04369      1.23545     -1.76794     0.943751    -0.305462    -0.170835    -0.232145     0.196886    -0.633449      0.55383      1.49975     0.963785      1.14498     -1.38087     0.342128     0.846442      1.28683      1.21128    -0.958451      1.41657     0.986797      1.56816      1.98331     -1.94534
     0.70559       2.8798      -3.0264    -0.384878      1.97335     -1.38296      7.91578     0.802509     0.566384     0.910972     -7.91021      2.00387    -0.758403       1.8131     0.981551     -2.14171      3.03508    -0.546675     0.451089      1.22838    -0.523873      0.98977     -0.73824    -0.114557      1.55077     0.781758      2.10372     -9.94474      1.83215    -0.631515     0.493117    -0.121476     0.145577      1.07093     -1.55832     0.618524      3.20323     0.223922     0.546356      1.46677   -0.0151913      1.39868    -0.840733       1.6756   -0.0421642    -0.606212     -1.34288     0.118035    -0.427949      1.68701
     1.66225      1.14488    -0.349813     0.615257     0.132792     -1.37326    -0.485376      0.31048    0.0554576   0.00343747     0.942055      1.36811    -0.106928     -0.43152    -0.793921      2.52211     -14.7532      -1.4972   -0.0469504     0.827792      2.43593      1.14318      0.31796   -0.0687509       0.2522      1.93674     0.611242     0.677499      1.52415     0.149135     -1.56491     0.446212     0.612069     0.591938     0.156578     0.726898      1.93778     -1.16042     -1.47485    -0.371093     -3.32493     0.698478    -0.961848       1.7283     -7.59281   -0.0378719      1.16179      1.98418       0.4937    -0.631194
     1.34252      1.80728   -0.0264932    0.0138516      1.34449      1.85063     -1.32584       2.3856     0.805726    -0.734017       2.6922       1.8242     0.333973     0.751173     -5.24409     0.345101      1.88194      -1.2562     -1.32543     0.553245     0.435405      2.57033     0.761993     0.725279     0.610559    -0.529532      2.01281    -0.348951    -0.757414     0.691375      1.11556       1.7439     -1.28891     0.628791    0.0091863     0.715209       0.9691     0.358511     0.289829     0.119901      1.51313     -11.7142     0.166657      0.26635      1.11347    -0.361175    0.0047283     -7.92151      1.61373    -0.547823
    0.431708      1.56763      1.30562     0.584623      1.38303     -5.04386     -1.39672      1.17956      1.35416     -0.71964      1.80001      1.29278     0.160359      1.21958    -0.220348     0.823998     0.786394    -0.628295    -0.210628      2.15561    -0.656125      1.77319      0.55529     0.997131      1.35236     -1.28116     0.473063      2.66037    -0.746389      0.87522     -1.92415   -0.0451287     -0.14175    -0.940423     0.179794     0.700219     -12.9082      1.87946    -0.262914     0.403229    -0.924778      1.39901    -0.131186     -8.87576      1.06722    -0.423013     0.522817     0.326691     0.683845      1.34163
     -7.6093      1.81013    -0.160151     0.405955      1.28502      0.96446      0.46965      1.20807      1.76292     0.433301     -0.57832      2.52614     0.081566    -0.733478    -0.277727    -0.417523       2.0478    -0.296236     0.480548     -10.5033     0.455593      1.37532    -0.208373    -0.619078     0.315984      0.81676   -0.0282571      1.15027    0.0358325    -0.119876     0.982357     -6.70297   -0.0539159     0.749229     0.293518     0.138607      1.73575     0.614994      1.56435     -1.94596     0.759288      2.20548     0.681232     0.461553      1.66517    0.0151815     -1.31954      1.43701      2.37967    -0.937332
     2.93386     0.498714     0.351092      1.58607     0.293103     0.561076     -1.38494     0.299498      2.50255     0.939546      1.45092     -12.1481     0.264816     -4.96531      0.48762      1.20665      2.06519     -1.61244     0.309884     0.414157     -1.11429    -0.279561    0.0327368     -1.28963    -0.957332     -1.11935      2.06125      1.11558     0.203892    -0.149178      1.57344      0.37922     0.612564      1.55548     0.971854    -0.861274      1.65574      2.52551     -1.50569    -0.308096      1.80144       2.0685     0.911735     0.446872      1.97327     0.330517     0.634824      0.98359     -8.35463      1.02947
   -0.142945      1.08037     0.549113    -0.932288     0.342801      1.12557     -3.09618     -3.99712     -7.06261   -0.0660105    -0.717739      1.61099      -0.2047      2.30455      1.21396     0.202728      2.58344      8.84974    0.0690387     0.923638     -1.63433      2.02795     -1.83114     0.386966     -6.31648    -0.429557    -0.196457      1.15385     -0.92503     -1.30008    -0.855938      1.73344   -0.0599321       1.2368    -0.543672      1.68178     0.285773       0.5464    -0.831321      1.59997     -1.52184      1.59916      -1.6007      2.10387    0.0439907    -0.375727     -1.16678     0.850492      1.28308     -2.04501
  0.00592293    0.0531353    0.0452872    -0.031384    0.0485248    0.0346521   -0.0216361    0.0958749    0.0221985    -0.162009   -0.0178759    0.0506744   -0.0626934   -0.0106355   -0.0666918   0.00124294    0.0208825    0.0726915   -0.0427066   -0.0172106   -0.0874534    0.0221883 -0.000520886   -0.0239206   -0.0556867    0.0686492    0.0149622    0.0133448    0.0054068   -0.0841902  -0.00461736    0.0883455   -0.0633955    -0.094358    -0.111515   -0.0533695   -0.0225414   -0.0179889  -0.00040224   -0.0146576   -0.0992354    -0.159443   0.00269122   -0.0265591    0.0510234    -0.181057    -0.132975    0.0212472   -0.0327373    0.0198055
    2.60857
    1.90438
   -4.99364
   0.856215
   0.168753
    1.73665
    1.06907
    1.54019
   -6.42802
-0.00701489
