2 16 0.5 800
1
1
9 300
    0.126025     0.339143    0.0986389     0.216357  -0.00315215     0.406346   -0.0430439     0.223513     0.215178
    0.295588     0.227122     0.331468     0.373615     0.528745      0.61088     0.128665     0.243308     0.454586
    0.182815    0.0173116     0.226406    0.0336061     0.467002     0.213658     0.157021     0.700856     0.570644
    0.432161     0.434288     0.418728     0.594564     0.374657    0.0837227     0.720392     0.619466     0.399533
  -0.0292148    -0.605957    -0.060572     0.232429      1.53946    -0.257671     0.304144      1.04302      1.04037
     1.70579      1.75629     0.527793     -1.55961      1.85931     -1.38738     -1.78067      0.89578     0.696439
    0.480099     0.190568    0.0432108     0.108051     0.281942     0.135541   -0.0943323    0.0758031    -0.106123
    0.213776     0.134853   -0.0996412   -0.0473504   -0.0537389    -0.151808   -0.0445994    0.0454028    0.0785116
    0.306618     0.177699     0.382404      0.27879     0.351607     0.184214     0.728317      0.29837     0.511628
    0.817692     0.138029      0.92684     0.735678     -0.07812     0.103498     0.563635    -0.576139     0.171929
  -0.0316094  -0.00410386    -0.134037    0.0500547   -0.0958139    -0.258267    0.0671264    0.0694153    -0.125704
  -0.0541578    0.0889561     -4.02012     0.940899   -0.0338877     0.932139    -0.108004    -0.143252     0.552925
  -0.0152242    -0.994139    -0.376449    0.0480491    -0.196832      0.43931      3.43767     -0.70109    -0.104574
    0.556362     0.307816     0.345954     0.016983     0.168134     0.270461    0.0945131      0.21597     0.512619
    0.889175       0.6201     -0.39124     0.419181      0.18299     0.570577     -1.39591     0.837247     0.858787
     0.34276     0.163179     0.166686    0.0408836     0.146354      0.04459      0.18951     0.169093     0.480187
     0.06654     0.200607     0.227072     0.774348   -0.0458318     0.285304      0.31065     0.172741    0.0176904
    -1.23433     0.812018     0.533732     -1.58414     0.399524     0.635953     -1.25336     0.661674      1.08326
     0.35071     0.994567     0.164927     0.584583     0.306153     -2.54734     0.314047     0.358002    0.0679772
    0.340676     0.155648     0.104373     0.158992     0.180363     0.234817   0.00603036     0.134503     0.390403
     2.16138   0.00593064     0.347503     0.250195     0.137805      0.46866     0.209716    -0.317256     0.218306
    0.608919     0.531973     0.909959      0.61713       0.7319    0.0539512      1.13793     0.352653     0.147159
    0.352599     0.274378     0.611855   -0.0321619     0.214968     0.343716    0.0664969    -0.290071       1.0233
    0.831822     0.312443    -0.510308     0.705443     0.675871     0.241136    -0.624235     -2.77106     0.651514
   0.0186817    -0.456378    0.0449661    0.0883794    0.0974087   -0.0921613     0.338267   -0.0113625     0.100465
 -0.00769809    -0.508794     0.395092     0.245335     0.742289     0.417704     0.559938     0.336493     0.430568
  -0.0156389      1.54413     0.539829     -2.23991      1.09253   -0.0546004    -0.620439     0.453937      -1.0699
   -0.615111     0.383065     -1.12156     0.680049     0.184684     0.953563     -4.94776      1.29249      0.30015
    0.249541     0.173402     0.363741     0.331988     0.210327     0.498584     0.130357    0.0271504     0.236232
    -3.88754    -0.216872     0.236192    -0.273465     0.590777     0.875973     0.533186     0.907843      1.19144
     0.37686     0.120252     0.916416     0.735821      0.38477      1.82312    -0.913742    -0.636675     0.996711
     2.43516      1.09516      1.39278      -1.2224      1.27879       1.4361     -1.79356   -0.0996821      2.40683
   0.0151575     0.129039     0.434191   -0.0559553     0.349275    0.0213034     0.104495     0.528859     0.283057
    0.355091     0.122782     0.777746    -0.121897     0.602869     -1.07319      1.27092   -0.0590141    -0.884653
    0.468008      0.51002     0.125947     0.195946     0.255112     0.124374    -0.769743     0.170618     0.247795
     1.66961    0.0214859     -1.04469      1.27122     0.355931    -0.396498     0.739713    -0.243637     -0.37101
    0.493006     0.519435     0.634382      0.78593     0.357893     0.715132     0.253808      0.15162     0.285907
    0.526373      3.17694     0.263726    -0.148575    -0.955484     0.255328     -2.05579    -0.697547     0.859713
    -1.49043    -0.767102     -2.82606     -1.56714      2.00833      1.65526       1.1977      1.57534      2.47889
    0.278758    0.0599411     0.472919      2.71587    -0.364482    -0.229687     -0.93162     0.333719    -0.528729
    0.182306     0.507098     0.489734     0.678814     0.127588     0.558972     0.375582     0.364417  -0.00505856
    0.318363       0.4936     0.120041     0.334724      0.57848      0.93068     0.947289    -0.204378     0.801751
    -0.20651    -0.363007    -0.746476     0.361724    -0.309147     0.251571      1.51945    -0.206868    -0.294255
    0.368056     0.244372     0.889618     -1.75818    -0.242691    -0.768089      -1.1534      2.61587     0.737986
   -0.113557    -0.590908    0.0598427    0.0663161     0.102486      0.32573    -0.345336    -0.293503    -0.151452
   -0.428725     0.412614      0.46977   -0.0455404     0.048734     0.562521    0.0397087     0.207948     0.168443
   -0.191402     0.341486     0.449303     0.628213    -0.143517     0.513632     0.703347     0.322778   -0.0327317
    0.235254     0.182832      0.12991     0.154866     0.176736    0.0358606     0.162409     0.266091     0.167338
    -1.01081      1.40837    -0.607725        1.769      -3.0023      2.79368    -0.658076      1.26058    -0.107144
   -0.159709    -0.653401    -0.177483      0.84712     0.188146      1.52113    -0.526903    -0.348174       1.1201
     1.67144      1.95216       1.9421    -0.301824     0.345024     0.179043     0.194758     0.125854     0.056516
   0.0253664     0.113518   -0.0403273     0.346756    -0.194312    0.0810362   -0.0325908   -0.0071983    -0.225698
    0.646227   -0.0854907     0.480685     0.194546    0.0591871    -0.165569     0.381764    -0.377554     0.254577
  -0.0780245    -0.266688     0.033878       0.3014     0.332872      0.19123     0.219231    -0.268439    0.0387328
    0.625524     0.177326     0.625329     -1.05705     0.104041     0.180862     0.240482     -0.10221     0.438582
    0.234914   -0.0427859     0.233222     0.180988     0.465337    0.0975443     0.286493    0.0747518      0.31084
   -0.543578      1.26755     -0.84652     0.229356     -1.43945     0.726631     -1.41537     0.883219     0.281465
     2.05984     0.412223     0.810516      1.70055     0.460443      -1.6862      2.05502    -0.479283     -1.29779
    0.121884     0.145639     0.205998     0.445816   -0.0393166     0.140052     0.339231   -0.0944358    -0.120708
    0.292926     0.272686     0.229369    0.0883494     0.359492     0.394676     0.264033     0.531232      0.63366
     0.31624     0.737716   -0.0207154     -1.74502     -1.91048    -0.782177     -1.22157    -0.336762      6.41018
   -0.968079    0.0953927     0.971404      2.21974      1.27926     -1.80301       1.1404      1.11702     0.776009
    0.146835     0.018512      0.14362     0.310443     0.190906     0.285178     0.235075     0.171632     0.301708
     2.68962      1.92718      1.71985     -3.94887      1.14554    0.0931581    -0.260421     0.245082     0.774912
    0.429533    0.0893873     0.587207     0.453567     0.203587     0.344919  0.000743755    -0.263144    0.0903383
   -0.241845     0.177114     0.203251    -0.106702   -0.0969328     0.265459     0.155324     0.153334    -0.140831
    0.282059     0.446403     0.340337      0.15511      0.16808     0.204982     0.127757     0.344893    0.0779305
     0.41843     0.126019    0.0679095     0.402154     0.434413     0.199361      1.05849     0.197179     0.526733
    0.551316      4.96184     -1.14568      1.32962    -0.202732     0.459871     -1.35161    -0.533851     -1.00819
     5.72592     0.660672     -0.77684      1.22368      1.32539      0.54564     -0.05741     0.950208      -1.1697
  -0.0795198      0.24081     0.283936     0.351254    -0.186275     0.664514     0.203208    -0.392628   -0.0197892
    0.333034        1.202     0.228574     0.994329     0.477623    0.0498479     -2.19686     0.537261     0.175485
   -0.254122     0.720511    -0.386143     0.603506    -0.561975     0.620344    -0.848945   -0.0331761      2.29012
     0.14774     -2.66079     0.459392   -0.0237624      0.51037     0.646645    0.0176968    0.0476112     0.579698
    0.506984     0.459832     0.339093     0.736017     0.167193     0.615812   -0.0455737  0.000382895     0.526649
   -0.270918     0.829613     0.569867   -0.0571975      1.25439      1.22021    -0.447045     -1.11817     -0.16702
    0.398948     0.705793    0.0558919     0.202906     0.138491    -0.412756     0.609246       0.3786     0.141315
    -2.85141      0.87987     0.724039     -2.14563      2.42595      1.42632     -2.01097      1.31994     0.656943
    0.116442    -0.614943    0.0911351     0.324255     0.296285     0.809225    -0.278553      0.50314     0.531131
  -0.0179058     0.470426    -0.376542      1.99636    -0.667999     0.766821    -0.938164    -0.663942      1.30469
   -0.696372   -0.0629833    -0.706787      2.23329      1.77168      2.06632    -0.606239    0.0886989    -0.600114
   -0.911024    -0.346725       1.2076    -0.187493     -0.57038     0.794028    -0.714883    -0.173515    -0.338052
     1.56774    -0.577061     0.082239     -2.37938      6.59526     -3.41734    -0.478608     -1.82182      -1.6014
     2.53699    -0.563632      1.70443     0.207084    -0.675784     0.298011     0.828255     -1.40592     0.515696
   -0.030193     0.510353     0.188378      6.44068     0.757116    -0.491121     -2.03159     -1.14178      -1.2404
   -0.167998     -1.08103    -0.262091      1.65906     0.227107      2.04128    -0.839349    -0.272744      1.05796
   -0.356965    -0.211488    -0.259292     -1.27452     0.536176      1.45468     -0.32596    0.0822901     0.438489
   -0.145009     0.178542     0.884124     -2.00136    -0.379543     -1.61339    -0.848956      1.55922      0.44927
     1.32211     0.810598     0.593869     -0.52203     0.452991    -0.344007    -0.610027    -0.212174     0.941668
   -0.698719    -0.474692      4.33611    -0.877065    0.0281532     -2.06342     0.856666     0.542976    -0.111836
    0.382167     0.231584     0.258441     0.589838     0.634466     0.507934     0.314788     0.168137     0.382059
    0.613548     0.426228      1.48869     0.102689      1.21888    -0.657959      1.41224    -0.113025    -0.940902
    -1.32727     -1.19963     -1.68423     -1.04442      7.97226     -1.10924     -1.16239     -1.11599    -0.579329
    0.337154     0.886932     0.314086     0.360082     0.365233     0.376202    -0.115173     -1.67128    0.0304008
   -0.033541    -0.154162   -0.0738466     0.372045     0.228325     0.619823    -0.123956    0.0176987     0.152625
    0.095871      0.32656      0.14303     0.504731     0.193407      0.65435   -0.0218324    -0.222168   -0.0798036
    0.159845      0.58089    0.0388798     0.164404     0.124146    -0.110008     0.229546      0.30156   -0.0968834
   -0.541302    0.0227262      1.13138    -0.422826    -0.156572     0.768108   0.00522894      0.41783      1.20134
    0.266495     0.156959     0.554107     0.325141     0.240674     0.522276      0.23643   -0.0712419    0.0668659
 -0.00859771    -0.779095     0.441618     0.114775     0.103786     0.541673    -0.381627      1.16683     -0.33494
     1.39061     0.264294     -2.33545       1.2534    0.0156681    -0.368953     0.851894    -0.710367      1.09409
    0.200218    0.0918097     0.135076     0.201125       0.1192     0.247808    0.0880357    0.0779515     0.195323
  -0.0627454     0.139378    -0.333024     0.288353  -0.00177024    0.0802437    -0.143141   -0.0171265    -0.580054
     0.20026     0.841796     0.580484      0.78871      1.24184     0.715289     -1.24942     -0.61426      -1.7314
   0.0174931    -0.283154    -0.148879      1.20445     0.359004     0.827943     0.336612    -0.256123      0.49238
    -0.74097      1.38553      1.31346     -1.43842       3.2773     0.695764     -1.01771     0.718983      1.32284
   0.0974035     0.271906      1.58931    -0.645402     0.817192     0.399598     0.307684     0.622863     0.943037
    0.753171     0.629043      1.00334     0.320578     0.644802     0.249161      0.47852   -0.0165935     0.513319
    0.352393      0.39042     0.310946    0.0834999     0.563189      0.18077     0.404022     0.617389     0.525837
    0.409837      1.02471      1.18505    -0.443794      1.96966      0.10649    -0.163064     0.319777    -0.564005
   0.0908777     0.966834     0.632957     0.223205     0.296326     -1.12012     0.473628     -1.58714    -0.712145
   0.0632156     0.371803    0.0646359     0.276552     0.361936     0.105859     0.140762     0.445782     0.026159
    0.337833     0.485829     0.350272     0.170159     0.334251   -0.0935821     0.620384     0.392892     0.196139
  -0.0201897    0.0518332     0.348327      0.49534     0.169239     0.536637     0.538625    -0.111249      0.10187
    0.268969     0.234802      0.10547      0.37957     0.167659     0.632269    0.0330309     0.478086     0.531733
    0.119569    0.0660594     0.453632     0.533366     0.158991     0.208522     0.699477     0.294422     0.204107
    0.545918       4.2873     -1.35738    -0.679258     -1.14017   -0.0905234    -0.337257     0.360259     0.449789
     0.37903     0.324078     0.309722     0.131895     0.105769     0.246152    0.0443482     0.107213     0.351584
    0.115418     0.226857     0.196794     0.440707    -0.064655     0.248076    0.0479729    -0.108471   -0.0403023
   -0.271169    -0.144885  -0.00197946     0.194868   -0.0128667     0.231686     0.934083    0.0841812   -0.0426085
    -4.32485     -1.68698      1.30373      1.58147     0.491884      1.63061     0.228245     -0.47869     0.303721
    0.260701    -0.664431      1.88313     0.109992    0.0885168    -0.676784     0.094188    0.0690476       0.4836
    0.384684     0.609787     0.239204     0.633404    -0.180187     0.741361     0.123216     0.745838     0.446013
    0.637516    -0.808965     0.457093     0.675603     -1.09663       1.6121    -0.330918     -2.69935     0.968715
    0.292051     0.394581     0.238138     0.117678     0.298875     0.343428    -0.162824     0.209184     0.238832
    0.322639     0.373932   -0.0925382     0.182261    -0.135745    -0.352133     0.392633     0.213703    0.0435572
     1.03275     0.311529     -1.51965      1.15353      2.17758    -0.341183    -0.156474     -1.56221     -1.37806
    0.337546     0.914175    -0.737503      -4.8179       1.0593    -0.346037     0.283154     0.874233    -0.337436
    0.232098     0.034074     0.277833     0.432501     0.381685      0.45748    -0.891558    -0.298295    -0.226705
    0.531442    -0.407914     -1.34598       2.0604    -0.237074      1.70103      1.29931    -0.027863    0.0465051
    0.139333    0.0491088  0.000923088     0.295843     0.349053     0.296192     0.254912     0.465603     0.354081
     -1.0049      1.91401     -1.69652     0.523008     -3.02659     0.444642     0.107147      1.23805     -2.91432
    0.636065     0.578344     0.582435   -0.0947258     0.621685   -0.0040349    -0.121271    -0.102712     0.233178
     0.12404     0.165426    -0.181428     0.154283    -0.201466     0.133807    -0.161974     0.286917    0.0762612
     0.55398     0.339949     0.613667   -0.0229532     0.655994    0.0633426     0.397972     0.308056     0.747955
    -0.23134     -2.12335    -0.313448      2.71469    -0.869146      1.28268      1.32762     -1.84859      4.25931
       1.083     -1.40446      1.94885     0.463692     -3.32124   -0.0170711      1.31075     -1.24618     0.592476
    -1.15968    0.0107101      1.54072   0.00334348     0.296682      1.84981     0.817058     0.188286     0.603343
    0.596035    0.0904528     -1.24829     0.771355    -0.461261     0.279566      0.14125     0.250591     0.281298
    0.330498     0.316789     0.424333   -0.0412481     0.328134     0.376193    0.0858707     0.200091     0.575126
    0.301751    -0.107754     0.810649    -0.473889     0.198782     0.295293      1.57776    -0.650106     0.929552
    0.344759     0.377775     0.207308      1.15292     0.149555    0.0763191    0.0974283    0.0764157   -0.0176956
   -0.269771      2.04171    -0.263294    -0.223493    0.0541632     0.287084    -0.390457     0.364569    -0.379483
    0.684854     0.683633     0.576406    0.0198307      1.76884       0.2072     -1.15699    -0.606901    -0.742148
     2.35269      2.49333    -0.456662    -0.795593    -0.846837     -1.60065     -3.64596   -0.0561519     -1.07252
     1.21836      -0.1427     -1.77432     0.488573    -0.211325    -0.129971      1.60693     0.906376     0.983965
    0.247186      1.65106     0.250248    0.0310166     0.416687   -0.0296844     0.453215     0.704949     0.133767
     4.47523    -0.557259     0.475187   -0.0438706     0.111136      1.22546     0.428855    -0.561381    0.0421533
    0.202177      1.54718     0.932047    0.0267004    -0.556421     0.793718     0.629304    -0.702246     -0.73443
    0.347695     0.886286     0.350887     0.421657     0.207834     0.223114     0.196408     0.427074    0.0879867
    0.116528     -0.20608     0.221562    0.0456579     0.349214      -0.1067     0.353647     0.286457     0.252079
    0.211983    -0.195355    -0.218226     0.562524     0.106032     0.367664     0.387673    -0.135594    0.0673557
    0.494603     0.624257     0.231293     0.114387     0.460722      0.16959     0.356496     0.580815     0.220174
    0.910312     0.613918    -0.198427     0.650197     0.847818    -0.154397      0.26386     0.161679    -0.711593
    0.387012     0.772575  0.000414575     0.445398   -0.0141096    0.0641288 -0.000596833   0.00450019     0.127928
    0.635458     0.577962      1.55174    0.0426331     0.663255    -0.241855     0.870014    -0.751202    -0.924295
    0.143337     0.378004     0.140522    -0.418077     0.231769      3.12439    -0.829348   -0.0152423    0.0560063
    0.191747     0.351889    0.0952979   -0.0841221   -0.0426105     0.420974    -0.374998      0.35123     0.567463
    -0.72876    -0.224694     0.822899     -1.38954      1.20962      0.78435    -0.429044    -0.180341     0.143293
    -2.66284      1.50142     -2.16835      3.00163     0.592686      4.24264    -0.933115      1.82182     -1.89443
    0.300053     0.460554      0.41753     0.275591     0.360289     0.262651     0.369358     0.402183     0.190466
    0.027989    -0.304294   -0.0924136     0.109555     0.153547     0.204447    -0.147307    -0.239382   -0.0802171
     1.45108     -6.80393   0.00761473      1.24867     0.736476     0.137071      1.80287      1.00169     0.984382
    0.226094     0.194878     0.242887     0.467103     0.201149     0.329131     0.390559     0.390061     0.295481
    0.233691   -0.0644658    0.0439683     0.186935     0.220136     0.206305     0.113245   -0.0124455     0.299829
    0.148824     0.105491    0.0566407    0.0648478     0.132042    0.0341077     0.261713     0.234793     0.206166
    0.181129   -0.0309109     0.268201      0.17131     0.398389     0.766778    0.0210022     0.163204     0.651199
    0.218487      0.21442   -0.0299276    -0.101169   -0.0036451    -0.408298    0.0183928     0.365576     0.221084
   -0.254769       1.1816    -0.225957    -0.180353      0.56694     0.197428    -0.698905      0.80913    -0.867138
    0.916303     -1.41186     0.361692      1.15782     0.468383     0.799261    -0.214907      1.08186     0.828219
    0.269288     0.460819     0.567035     0.006214     0.337702        0.551    0.0452765     0.354649     0.706466
    0.183638     0.289668     0.159887     0.133761     0.130616     0.261799      0.10711      0.30073     0.308545
     0.85076     0.123894    -0.540402     0.706261    -0.310092     0.309456     0.267658     0.443354     0.637557
  -0.0159959  -0.00829053    -0.914626      1.27361     0.261934     0.397926      3.76999     0.128292    -0.931526
   -0.335132      1.83918    0.0802899    -0.190526    -0.136216   -0.0609951   -0.0409232     0.482083      2.67774
   0.0652246    -0.149645    -0.141287    0.0256673     0.114805    -0.063654     0.157467     0.352724     0.273076
  -0.0934496    -0.505131     0.621836     0.110612     0.147193     0.586509     0.594253    -0.179854      1.35007
    0.201642     0.396063     0.223034     0.318791     0.281079     0.419868    0.0717077      0.76048    0.0290339
    -1.34889     0.797346     0.250499     0.856896     -1.06069     0.454693     0.546819     0.916715    -0.821787
     1.44651      1.45898     -1.07416      1.09475     -1.03074     0.470998     -1.79982     0.224794     0.998496
   -0.486246      1.57262     0.470752     -1.43911     -2.70725     0.316037    -0.865537      0.97575     0.155695
     1.19837      1.20853      1.78779      0.62411     0.488353    -0.711299       2.0485    -0.737304     -1.32519
     2.08089     0.502268      2.39258    -0.376907      1.38072     -1.06402      1.33602      -1.7521    -0.369103
     3.33113    -0.104102     0.454329     0.239256     0.174794      1.08689     0.342144    0.0387333     0.348659
    0.116872     -0.99258    0.0817158     0.372198     0.600087     0.574336     0.724462   -0.0825237      0.92345
     1.13218     -1.54828     0.681522     -0.26283      1.72752    -0.496796      1.61871    -0.471019      1.58253
     0.55822     0.332796   -0.0208522       0.3822      0.26585    -0.413957    0.0195544     0.111601      0.30686
    0.185491      0.20891    -0.204098     0.849908    -0.175761     0.165723     0.199994     0.260908     0.175051
    0.246663    -0.687144     -1.10433      1.08264   -0.0510487    -0.453945    -0.110823      1.85321    -0.700617
   -0.166857    -0.625968    -0.264719      1.43594      1.23194      2.39148     -1.19061    -0.524316     0.289693
     0.32444    0.0941134     0.202089     0.608119     0.233107     0.401397     0.515754     0.149475     0.313771
    0.295403     0.768729     0.892469    -0.321965      1.93103   -0.0698167     -0.66688     -0.32005     -1.07665
  -0.0437637     0.106205    -0.202344     -1.02491    -0.804441    -0.903121      4.15177    -0.122828    -0.440668
     1.36891     -1.15261    -0.645312      1.68189     0.573945     -5.38027      2.85942     0.877842       2.2381
    0.698908       2.3168     0.604585    -0.936545   -0.0857006     -2.13485     0.926336   0.00966361      2.06178
    0.138908     0.634024      1.22894    -0.479168      2.28879     0.516646    -0.347674   0.00637447    -0.293093
     0.41408      2.95183     0.340971    -0.588467      1.41223    -0.763732     -1.88086      2.37774     0.239314
    0.470011     0.305602   -0.0882046      0.47799   -0.0241775     0.276696    0.0981763     0.268343     0.486705
     2.07347    -0.396316      5.92252    -0.837785    -0.529328     -1.79214     0.786485      1.81843     -1.13748
    0.240981      2.06301   -0.0969161    -0.122803     0.619577     -0.78007  -0.00409028    0.0657636     -1.03746
    0.548516      0.26087     0.328008    0.0470509     0.390444     -0.12301    0.0387018    0.0132578     0.484937
   0.0694634     0.217962      0.10381    0.0741161    -0.134508      0.35511   -0.0673766   -0.0369085    0.0659838
    0.361601     -1.49095   -0.0743245      2.71998     0.921643      1.57804     0.642117     -1.83321     -2.22653
  -0.0193875     0.234343     0.173178    -0.528182   -0.0160493    0.0890301    -0.244401     0.123622     0.147597
     2.77629      1.77211    -0.691172     0.788616      1.28235    -0.326239    -0.296659     0.641282     -3.41352
    0.473706     0.568491     0.359294     0.422054      0.44688     0.245319     0.450096     0.496211     0.424509
    0.530601     0.415408     0.326103    -0.852711    -0.683905    -0.758243     -0.42594      5.01405    -0.444096
     0.29459     0.830738     0.346869     0.479555     0.269727     0.457885     0.110717     0.511796      0.14148
    0.101345    -0.347253     0.704552     0.237153    -0.110363     0.527809      0.41979     -0.15438     0.823021
  -0.0251938     0.241451    0.0936862     0.133281    0.0931585     0.297153   -0.0608985     0.133469     0.101696
    0.218925       1.1668    -0.674948    -0.202897     0.705069    -0.454125      2.36175      1.26792    -0.748503
    -1.05676     -1.26727     -2.36559      1.64556        2.258    -0.831578      3.27315     0.865477     -1.49845
   -0.421351     -1.88949      7.95681    -0.400769     -1.88183    -0.453364     0.304507    -0.889723   -0.0723265
    0.191842     0.176606     0.415424   -0.0815705     0.372375   0.00164854     0.293321     0.355845     0.413412
    -1.71934      3.61537      2.01241    -0.795864      2.13439      2.05888     -1.10885     -1.75199     0.458793
     0.53267     0.407156       0.5584     0.584139     0.581812     0.658515      0.50442     0.462883     0.770672
    0.373571     0.347244     0.424288     0.191884     0.560822     0.214415     0.548792     0.533107     0.552812
     0.45101     0.520014     0.384795     0.510337     0.275541      0.60691     0.208283     0.399746     0.516501
    -2.70237      1.04395    -0.986316     0.189323     0.230688     0.327125    -0.383151      2.24816      1.58053
   -0.205861    -0.517943    -0.450517     0.484972    -0.273645     0.480049     0.713876    -0.990135     0.186809
   -0.840679    -0.210629     0.536288     0.853764    -0.377782      1.43157     0.941174      0.29933     0.192093
    -1.80624     -2.61972     -1.73515      2.34775      -1.6058      3.28795       1.7568    -0.511934     0.322849
   -0.357312     0.424074     0.431473   -0.0115781      1.73407     0.261917    -0.566192     0.828807     0.516993
    0.174675     0.617449     0.194793      1.11765    -0.172526    -0.377793     0.622629     0.724597    -0.116755
    0.754339     0.659494     0.898373      0.26348     0.156807    -0.218823     0.491016    -0.181496    -0.172898
   0.0157913    -0.215175    0.0986588     0.317792     0.198199     0.493868    -0.280577    -0.159259   0.00783047
    0.195686   -0.0506795   -0.0880093     0.280165     0.229027     0.229292     0.416007     0.406073     0.660673
   -0.328665      0.12555     0.245011     -2.45955     0.798538     0.259999     0.287241      1.43171       1.4951
   0.0846383     0.376386     0.512315    -0.455357     0.232308    0.0104689   -0.0877487     0.317335     0.739326
    0.516806       0.2558    0.0808673     0.642305      0.31909     0.383329     0.187215     0.201633    -0.624586
    0.243555    -0.137425    -0.240034      1.23767     0.243077        1.355     0.547376     -0.42307    -0.146459
    0.245877     0.111132   -0.0490611   0.00445024    0.0187436    -0.083854     0.066829     0.173271     0.134902
     1.72703      0.67895     -1.40171     0.789947     -1.24669     0.103473     -1.01543      1.00267     0.691839
    0.664832     -1.96592     0.606403     0.678769      1.34102    -0.351185     0.836907    -0.571338    -0.462641
    0.804839     0.348068     0.373122     0.118495     0.289899     0.192463     0.160433    0.0556716    -0.513936
    0.883892    0.0450448     0.530872   -0.0229085    0.0996847   -0.0109304    0.0826168    -0.566593     0.336435
   -0.457263     0.228836    -0.426264     0.176575    -0.218221     0.469448     0.912771     0.117108    -0.225547
    -3.55623      1.39173     0.983155      1.41295     -1.89748     -0.23879     0.756807      1.13831     -1.99084
     2.68945     -1.58496      2.25679     -2.20173     -3.40949     -2.55922      1.66814      -1.6589      2.15648
    -0.49293    -0.385056     -0.84206     0.262819    -0.309805    -0.509682    -0.893775      3.32047    -0.379074
      0.1238   -0.0650666    0.0169172     0.526927     0.101677     0.230367     0.294697     0.149005     0.172047
     2.21023     0.757931      1.85665     0.535164      1.54273     -1.67711      2.70669     -3.34777    -0.590135
  -0.0971618     0.364109     0.456094    -0.316371     0.774955     0.325231    -0.330376      0.26769     0.153507
     1.43723     0.181805     0.453883    -0.374077     -3.24336   -0.0876946     0.168272     0.208964       1.3209
    0.258052     0.190971      0.25454     0.321902     0.205299    0.0983941     0.348668     0.256233     0.201949
    0.183723     0.150728     0.095653     -0.26011    0.0184356    -0.226677    -0.202943     0.939688    0.0310983
   0.0404033    -0.154759     0.111656   -0.0357041     0.149079  0.000920102     0.107347   -0.0053632    0.0834344
    0.221223     0.211917     0.360964     0.193116     0.142682     0.153819     0.213305      0.06287     0.134206
    0.257498    -0.127944      0.18437      0.87622       5.6275     0.209216     0.502502   -0.0447365      0.62879
     3.96682    -0.394066     0.405033    -0.294467    -0.113752     -1.38645   -0.0348969    0.0282068      4.31341
     1.69071     0.514202      1.89877     -2.77754      1.90098    -0.361746     -1.59847    -0.447403      2.94942
     1.17966    0.0524906     0.747811       1.2446     0.087772   -0.0816969      1.37072     -1.50822     -1.39538
  -0.0146431    -0.980344       1.6745     0.192897   -0.0319836      1.33328     -4.05347     -1.46582   -0.0871215
    0.381701     0.213599    -0.226259     0.460362     0.162046    -0.508491    -0.106314    -0.279226    -0.149367
    0.430307    0.0746827     0.426172     0.497704    -0.040057      0.18725     0.147185    -0.353338     0.112303
    0.229314     0.360553     0.664222    -0.188888   -0.0169822     0.276884    -0.279931     -2.61832    0.0043325
     3.64831    0.0635401     0.503319     -0.82345     0.264775     -1.03249     0.156755      1.56755 -0.000354792
    0.517906      0.31092     0.860859    -0.240629     0.537215     0.836883    -0.191168   -0.0703868     0.966769
   -0.110724    -0.027681   -0.0495831     0.322557   -0.0115035     0.179114     0.099407     0.010119    0.0188943
     0.23566     0.436453     0.176854     0.188488     0.217634     0.199661    -0.139421     0.307382    0.0576153
    0.151771       0.1808     0.112479     0.177024    0.0493997      0.10476     0.139544     0.167056    0.0372897
    0.191101    -0.175979      1.55666     0.492381     0.367592      2.04284     0.371649     -4.64563       1.6991
    -0.03097     0.267099    -0.683981    -0.242088      0.37556   -0.0463248    -0.253635       1.1616     0.382085
   -0.134865     0.196092    -0.103203     0.018686   -0.0937116    0.0176956     0.219784     0.284889    0.0144512
  -0.0627442    -0.583688    -0.148556     0.957189     0.684732     0.719735     0.766194    0.0996931     0.231441
   -0.576415     -3.37592    -0.313801      1.13436     0.173033     0.381709      1.15472      3.74718    -0.644969
    0.293622     0.187347     0.499734    0.0448708     0.665714     0.179461     0.291173     0.348532     0.388221
    -1.67974      2.05989      1.53887     0.168012     -1.35023     0.167129     -2.06409    0.0141853     -2.97326
  -0.0936177     0.302012     0.195126    0.0573851   -0.0501972    0.0853116     0.373629     0.197204    0.0144781
    0.156274      0.10158  -0.00337785  -0.00326501   -0.0672481    0.0676247   -0.0425281     0.229751     0.166616
   -0.369229      1.88585    -0.852911    -0.623926      1.40471    -0.443218    -0.515874      2.00916    -0.338884
    0.217699    -0.337293     0.451294    -0.212375     0.141457    -0.298159     0.212009    -0.305991     0.210994
   0.0213781    -0.257965   0.00642656      1.07223     0.689634      1.34603    -0.464133    0.0469517     0.380175
    0.178333       0.1783     0.266131  -0.00247021     0.130812     0.081203     0.121566      0.12654    -0.134908
    0.226546     0.946229    -0.105714     -1.50409    -0.531954     -1.38867      3.21685     0.165797   0.00473278
    0.157369     0.306197     0.363602   -0.0744381      0.16583      0.20093  -0.00961571     0.150072     0.160511
   -0.609196    -0.517945      2.12345     -3.48454    -0.372691      1.21779     0.873405     0.544237       1.6358
   -0.200855     0.318884    -0.938348     0.831621     0.411628      0.81041    -0.173334    -0.277015    -0.476368
   -0.181727    -0.303803    -0.456916    -0.388975     -0.52674      6.21398    -0.463861    -0.554406     -0.67266
     1.12169      1.21369    -0.932528      1.32312      -1.6491     0.363427    -0.350486      1.14732     0.227921
    0.132103   -0.0742683    -0.380785     0.779261     0.555023     0.565137     0.490955     0.139132     0.242813
    0.126093      1.06845      1.04062     0.744816    -0.416806     0.841106     0.592669   -0.0765081     -4.91552
   0.0476467     0.115307    0.0877594    0.0404555      0.24665     0.171614    0.0356055     0.699505     0.298341
    0.385365     0.387165     0.681955     0.100667      1.77849     0.725477     0.146468     0.259932     0.746807
    -4.41685      1.33771     0.956177   0.00425807    -0.316546    -0.479524     0.919478     0.766126    0.0103954
    0.436895     0.604487   -0.0796457    0.0851486    -0.327785    -0.402427    -0.209634     0.115043      0.21091
    0.243756    0.0510105      0.45006     0.239737     0.550108      0.53484     0.160194    0.0549274     0.348259
   0.0477198    -0.261683     0.281631    -0.076928    0.0651269    0.0793157    0.0742997    -0.181515     0.157357
     1.54833     0.586188     -3.59734     0.472784    -0.048837    -0.474595      1.04669     0.492197      1.07036
    0.466843     0.179359     0.374532    -0.429457    0.0620083    0.0559535      1.43974    -0.344934     0.796068
     0.36179    -0.105241    -0.131085     0.376955   -0.0179112    -0.577936      1.16017     0.182184    -0.218028
    0.328034    -0.532495      0.10021     0.127011     0.023668     -0.13442     0.656753    -0.324269     0.250158
    0.293825    -0.201665     0.313976     0.172266    -0.087148    -0.036842     0.218604    -0.366088    0.0916455
     1.35157    -0.235789      1.32121      0.82014      1.20241     0.962398   0.00305789    0.0685464     -1.94218
    0.220646    -0.442705     0.924565     0.287469   -0.0472077    0.0845306     0.136447    -0.271501     0.390334
    -2.06965     0.396759    -0.563851     -1.62593      1.04327      4.36479     0.456485      1.95259    -0.348851
    0.511775     0.470612      0.52779    -0.178749      1.08542     0.128957    -0.730239    -0.853406     -1.40672
    0.592123     0.740567     0.841444    -0.588549      0.60719    -0.565207     0.260977     0.626976     0.774944
    -1.38056     -2.90914     -1.33606     0.559987      1.97675    -0.858207      1.48081     0.657815      0.60265
    0.748832      0.80434     0.525854    0.0770702     0.148177    -0.560267     0.294787    0.0876225     0.327021
 -3.34512
 -3.30208
 -3.36907
 -3.22173
 -3.48851
 -3.92196
 -3.56376
 -3.47201
 -3.39281
 -3.47324
 -3.50201
  -3.6293
  -3.9729
  -3.3959
 -3.64929
 -3.40317
 -3.34316
 -3.93573
 -3.11549
 -3.35795
 -3.67176
 -3.29713
 -3.58688
 -3.79662
 -3.46852
 -3.37091
 -4.02084
 -2.90117
 -3.35914
 -4.02028
 -3.45981
 -4.38123
 -3.50245
 -3.60746
 -3.57149
 -3.95421
 -3.27055
 -3.74804
  -4.8025
 -4.49496
 -3.38771
 -3.61402
 -3.61796
  -3.7573
 -3.54832
 -3.39168
 -3.39429
 -3.37071
  -3.6316
 -3.47295
 -3.56743
 -3.48829
 -3.52879
 -3.48925
 -3.72946
 -3.35649
 -3.75909
 -4.24563
 -3.37056
 -3.30697
 -3.29185
 -4.35556
  -3.3541
 -4.06767
 -3.45288
 -3.49585
 -3.38075
 -3.43321
 -4.44554
 -5.32129
 -3.41594
 -4.04352
  -4.2066
 -3.82125
 -3.33038
 -3.87835
 -3.37403
 -4.86173
 -3.51978
 -4.24645
 -4.95309
 -3.87802
 0.497978
 -4.36592
 -4.65812
 -3.59649
 -3.86993
 -3.82281
 -3.64514
 -5.00509
 -3.24003
 -3.87939
  3.09196
 -3.51909
 -3.50043
 -3.39552
 -3.40488
 -3.61104
 -3.50707
 -3.86642
 -3.91084
 -3.37713
 -3.58531
 -4.10629
 -3.37925
 -4.24986
 -3.42378
  -3.1805
 -3.30746
 -3.57332
 -3.89528
 -3.43695
 -3.35719
 -3.43874
 -3.31029
 -3.42472
  -3.3495
 -3.42124
 -3.41416
 -3.49337
 -5.16039
 -4.13161
 -3.21478
 -3.77833
 -3.39504
 -3.44829
  -4.6688
 -3.79928
  -3.6454
 -3.20074
 -3.38663
 -2.56245
 -3.39824
 -3.46018
 -3.31538
 -3.70143
 -4.79424
 -3.55417
 -3.63109
 -3.30277
 -3.92394
 -3.40621
  -3.4616
 -4.22808
 -2.73581
 -3.94237
 -3.32749
 -4.31009
 -3.40381
 -3.29712
 -3.39626
 -3.47338
 -3.45893
 -3.64655
 -3.35934
  -3.6137
 -4.06175
 -3.42787
 -3.80923
-0.956496
  -3.3252
 -3.54928
 -4.04098
 -3.31318
  -3.3994
 -3.39868
 -3.35199
 -3.45199
  -3.7203
 -4.04509
 -3.30586
 -3.35047
 -3.44048
  -4.1689
 -4.17497
 -3.46164
  -3.6832
 -3.44122
 -3.37693
 -4.38205
 -3.49844
  -3.7426
 -3.88535
 -3.92332
  -3.4753
 -4.02851
 -3.37682
 -3.33058
 -3.80389
 -4.10726
 -3.31596
 -3.94519
 -3.74905
 -3.30274
 -4.41822
 -3.56788
 -3.71356
 -3.33245
 -1.59005
   -3.793
 -3.36554
 -3.47608
 -3.54354
 -3.46567
 -3.42095
 -3.22573
 -3.85937
 -3.32447
 -3.58593
 -3.40858
 -3.62049
 -5.09179
 -4.04842
 -3.37325
 -4.26438
 -3.23472
 -3.28836
 -3.22889
 -3.53945
 -3.67927
  -3.2704
-0.986405
 -3.89247
 -3.31585
 -3.37458
 -3.47517
 -3.38772
 -3.75176
 -3.46786
 -3.47976
 -3.54411
 -3.45072
 -4.34079
 -3.77251
 -3.54657
  -3.5697
  -3.8062
 -3.77618
 -6.08536
 -3.81011
 -3.36213
  -3.9741
 -3.56243
  -5.1549
 -3.34584
 -3.53959
 -3.44281
 -3.39084
 -4.28013
 -1.12617
 -3.37229
  -3.6778
 -4.06798
 -3.50761
 -3.42903
 -3.48192
 -4.61356
  -3.2671
  -3.4233
 -3.41651
 -3.41698
 -3.80814
 -3.60058
 -3.44552
 -3.42691
 -4.43246
 -3.29266
 -1.68687
 -3.40118
 -3.43418
 -4.23822
 -3.60761
 -3.45126
 -3.51422
 -4.15005
 -3.39137
 -3.63276
 -3.63004
 -4.70565
 -3.83265
 -3.37375
 -4.79668
 -3.44783
  -3.2695
 -3.65286
 -3.47767
 -3.31998
 -3.51758
 -4.06899
 -3.94147
  -3.4725
 -3.56889
 -3.53076
 -4.73892
 -3.61608
 -3.93869
 -4.16251
  -3.4365
 -5.11462
 -3.38102
1
4
300 10
   0.0083471      0.16448     0.426725     0.313671      1.30456     0.843866    -0.435434    -0.222236     0.254161     0.209243    0.0831999      1.65412       0.8606     -0.32677     0.150381   -0.0221735     0.356704     -0.41587     0.112251    0.0106258     -2.34487     0.660787    0.0046399     0.646433     0.283727     0.372873     0.475896     0.495738     0.142143     -7.92168     0.271588      1.37921     0.131458     0.249033   -0.0212147     -1.17691     0.145073      1.00948      2.01068    -0.234754     0.544556     0.288639     0.794693     0.328126     0.151097     -0.47941     0.466054     0.141374      1.45735    -0.188782    0.0385967     0.527179    -0.129198    -0.043258    -0.484563     0.251108     -0.20179     0.165823     0.566383     0.371842      1.20521     0.607007    0.0156506      1.26979    0.0471619     0.174694     0.194594     0.429161    -0.184464     -7.81895     0.393758   -0.0851219    -0.538498     0.395416   -0.0295432    -0.296127   -0.0378002      -1.6402     0.423503   -0.0682402    -0.193657     0.553213      2.60193     -4.19321     -0.19212     0.476371     0.934045    -0.578468    -0.221071     0.413866     0.197649     0.257006     -1.76824     0.490019     0.239169    0.0883624    0.0113514    -0.217274    0.0592689     0.931932      0.21332   0.00401233     0.135766    -0.920061   -0.0505896      1.04242     0.906716     0.542068     0.488063     0.135719     0.397612    -0.141342     0.267799    0.0891796     0.226267     0.483344     0.320048   -0.0434151     0.112031     0.120744     -6.97691    0.0811738     0.101137    -0.549128     0.113603    0.0969593     -1.35511     0.677146    -0.188705      1.15502     0.344094       2.7927     0.219312    0.0717334     0.476035     0.554618     -3.16701     -1.48166     0.135522     0.396553    -0.397334    -0.140001   -0.0398908    -0.029461     0.234631     0.786788    0.0848502     -7.32298      1.48447     0.155574      0.37856     0.624164     0.271272     -0.74098    -0.103248     0.688908      1.54491   0.00703917    0.0660186     -1.15595     0.275128     0.170966      1.43832     0.268359     0.206183     0.134513     0.390552    0.0563067   -0.0498635     0.790024     0.193138     0.112135    -0.198793     0.984741     -1.07878     0.363493    -0.271921     0.484785     0.209056    0.0114809      1.45951     0.953995      1.25361     -4.94243     0.420515     0.588608    0.0365827     0.128215     0.890276     -0.23411     0.286656    -0.327827      1.25905      1.97826   -0.0352956     0.160321     0.602383   -0.0224276     0.882214    -0.921525     0.297868     0.144375     0.276378     0.224335      -2.5857     0.185366     0.274409     0.120698     -0.66007    -0.297885  -0.00280852     0.192932      1.35038     0.198229    -0.595798     0.255602     0.431428    0.0692648     -2.55518   -0.0349828    -0.175702       1.5595     0.166007     0.479557     0.232118     0.215574     0.264847      1.18542   -0.0277039    -0.178995     0.641856    0.0564515     -1.32647      1.29323    -0.452949    -0.510485     0.106823   -0.0112817     -3.18022      1.12966     0.329557       2.2108  -0.00730213      -3.2281     0.273143   -0.0992663     0.140318     0.158312       0.6774      1.26951      3.11575      1.17731      1.02343    -0.480948    0.0907987     0.674633     -5.54549     0.712528     -0.21812    0.0357788    0.0902382       2.2747     0.473425    0.0164535     0.495481      2.58392     0.321993      2.91268    0.0785652    0.0195526    0.0346572    -0.198602     0.215668     0.100866     0.363345     0.283644  0.000694691    -0.103589     0.982895     0.488368      0.39969      2.26404     0.200404     0.676896      -9.5843   -0.0594707     0.209661    0.0137264     -0.18486    -0.303548     0.435503     0.136779    0.0799514     -2.11505    -0.117673      1.13424    -0.201671     0.226821      1.19161     0.105558
   -0.223526    -0.089408     0.111757    -0.103036      1.05954      2.14229    0.0948699    -0.105672    -0.316337     0.839196   -0.0593074      1.05811      1.23037     0.123051     0.311743   -0.0850519   -0.0590348     -1.20515      0.36243    -0.100561     0.652648    -0.145614     0.362432    0.0702372     -0.51084    -0.461808      0.25553      1.32319    -0.155849      1.62497    -0.206733     0.636083    0.0774387  -0.00686016     0.460401    -0.881923    -0.122202    -0.796354      3.59392     0.712326    -0.121419     0.299101     0.634645     0.169296    -0.776263    -0.595215    -0.160993    -0.136424    -0.518856    0.0561526      1.87249  -0.00121529     0.492822     0.176613     0.600255   -0.0552874     -1.71697     0.872046   -0.0273882   -0.0166682     0.857157      1.46812   -0.0138548      1.26978     0.132996    0.0416271     0.114532    -0.259037     -6.78571      1.76613    0.0463895      1.58189    0.0839707     -4.11278     0.281398     -1.37803    -0.687509    -0.915101    -0.960849      1.00626     0.780036    -0.629645      1.12052      2.22949      2.30728    -0.908806     0.185492    -0.125143      1.22222      1.48619    -0.145419      0.10283     -1.51649    -0.184159   -0.0821046     -0.43376    -0.436645    -0.350188    -0.031043     -1.29514    -0.950047    -0.234227     -0.14781    -0.596094     0.555101     0.324901    -0.264345     0.176987  -0.00149027       0.2691     -1.10474     0.128081    -0.249856   0.00482417    -0.142583    -0.275553     -5.51759     0.122307   -0.0423929     0.252727      2.19321    -0.836263    -0.207515      2.60621   -0.0761427    -0.450852    -0.324276     -0.40769    -0.163838     0.966163     0.273519     0.729614     0.288612   -0.0899801    -0.127846      1.32808     0.841142    -0.674415     0.160746     -0.28551     0.218917   0.00864598     -2.04865    -0.333403      1.22214    -0.711706     -1.26209      1.09453    -0.869468    -0.371259     -0.28759    -0.214196     0.186428     -0.33624    -0.659714     0.298451    -0.723869      -0.0959    -0.841207      1.48243   -0.0224799    -0.368179     -9.93866    -0.167251    -0.163186   -0.0768802   -0.0700043    0.0405602    0.0859821     -2.30551    -0.273546    -0.159629    -0.330065      1.23105    -0.672349    0.0672522    -0.158862     0.209533     -0.96945    -0.524946    -0.905309      1.05957      1.49932     0.871133    -0.461245     -0.85528     0.331136     0.203255     0.524852     -1.60029   -0.0546145    -0.209964    0.0642206     0.150984     -1.37613    -0.255875       1.9103    -0.116174     -2.50211     -2.37948     0.350428     -0.23212     -1.79873    -0.157583      1.89308    -0.252724      2.02961    -0.277941 -0.000751954     -0.12933     0.582689      0.93662      3.27067    -0.108125      -6.0866    -0.291352    -0.144626    -0.245183       2.1983      1.03528     -0.10902     0.647561      1.00347    -0.176167      0.48825    -0.413696    0.0535291     0.435363    -0.105248    -0.116142    0.0254567   -0.0484489    -0.964167     -2.97369     0.449429     0.812642     0.213883     -2.23231     0.619815      1.17747   -0.0478172     0.681879   -0.0632134    -0.480887   -0.0466488   -0.0121376    -0.250034    0.0289366      1.05948      1.08603    0.0637764     0.873931     0.168466   -0.0281242     0.525179      1.11116      1.67838   -0.0450479     0.156273    0.0281336   -0.0462893      2.64678      1.01417    -0.090999     0.159914     -1.44409   0.00170145    -0.922241    -0.297754    -0.291346      1.29379     -0.05971    -0.476498    0.0220107     -1.00764   -0.0182086     -1.11774     0.260746      1.10846     -1.22895     0.420557     0.184087     0.256267    -0.178606      1.08593    0.0379354     -0.43886    -0.273802    -0.432961    -0.205881    -0.236687   -0.0435371     0.218202    -0.685608    -0.340563      1.40767     0.213111    0.0600546      3.26208     0.353355
  -0.0907738    0.0822308     0.212689     0.269645     0.406768     0.538823   -0.0324173   -0.0231443   -0.0896376    -0.377728    0.0753064     -6.08988     0.730662    0.0879769      1.36867   -0.0282249    0.0186629    -0.356414      1.06802    0.0242394     0.039995     0.406135     0.285716    -0.578115     0.114354     0.734961     0.818317      1.28608    -0.183151      2.48554     0.303896      1.63598    -0.158608      1.56947     0.393502    -0.268414    -0.137552     0.994887     -2.87331      1.14952    -0.167301    -0.510003    -0.404791    -0.254008    0.0393321    -0.371121    -0.263141     0.147405     0.768708      0.80826     0.790962    0.0794159    -0.270839     0.298159     0.292279     0.351144     0.504282      1.44113    0.0298666    -0.211865     0.819437     0.875891     0.226487       1.4574    -0.525169    0.0404168      0.05042    -0.130654      0.21959      1.42066    0.0218186     0.723269      1.76722     0.803411     0.404123     -0.25035     0.342783    0.0246654     0.487718      1.72226     -1.22993      -1.4527     -2.03998    -0.162174      1.91586     0.572892     0.139881     -1.62224     0.438634     -7.18981    -0.163774      1.85404     -1.43238     0.248864   -0.0370884    -0.361346     0.163087    -0.216058   -0.0191604     0.141505     -3.19017   -0.0730123    -0.235331     -1.28629    0.0215611     -1.05733    -0.103278     0.317984     0.014001    -0.030712      1.59385    -0.002157     0.304216     0.154897     0.176793    -0.263652      0.34058     0.130918   -0.0268553     0.314524      1.39351     -2.41886     0.276034       1.6966  -0.00138249     0.107759      -1.1176     0.170385     -0.34848      -1.3881   -0.0190887      0.38144     0.265494     0.199487     0.225553       2.1309    -0.209552    -0.184482     -1.35182     0.190664     0.232431     0.282645   -0.0324722      -1.1977     0.160041     -2.77115     0.453882     0.590616      1.33501     0.405409     0.304146    -0.369021  -0.00704634     0.173459     0.303295     0.356857     0.166646     0.482658      0.24884     -3.28723     0.173312    -0.175295      2.93361    0.0476916    -0.119374   -0.0648353      0.35968    0.0855275    -0.275863     0.114968      0.14464    -0.142363    -0.374509     0.284627       1.0121  -0.00161344     0.396622    0.0483071    -0.512708       3.0235    0.0503653      1.57361      1.48795     0.301824     0.536903     0.879426     0.419614     0.043878     0.662308    -0.582684    -0.147942    -0.453224     0.921865      0.19618    -0.440597    -0.227951      1.06635    -0.091165      4.38755     0.472895     0.176172    0.0936146     -1.90737    -0.118046     0.950355     0.197021      0.42396     0.190151    -0.297934    -0.141109    0.0846253     0.513932     -12.0498    0.0129611     0.617529    0.0414199     0.093761     0.153069   -0.0643627    -0.331318     0.441943     0.998694    -0.565315     0.526598     0.293412    0.0151895    -0.290087    -0.270436   -0.0340266   -0.0767917    -0.410776    -0.068546      1.64215     0.740111     0.253418    -0.169693    -0.358556     -1.56888     -3.52202      1.15382     0.111456      2.52036    -0.346243     0.295826    0.0506803    0.0567897     0.109967   -0.0950385     0.408778     -2.56895       1.0466     0.228065     -1.95351     0.351696    -0.122771     0.542937       0.9503     0.271163    0.0645393     0.128941   -0.0546876    -0.217168    -0.589648    -0.332754     0.475193      2.98118     0.236478    -0.138756   -0.0853464    0.0986992     -1.68108    -0.337735   -0.0109018      0.19353     0.842547   -0.0652771     0.473736     -1.75253      2.05556      1.65626    -0.474214      0.15403    0.0743514   -0.0336737      1.06415     0.645383   -0.0204024    -0.221504     -6.11713    -0.129001     0.204276    -0.237917    -0.472551   -0.0673712     -0.99734      1.57253    -0.508571     -0.32065      2.22818     0.589513
   0.0999969     0.251426     0.133392   -0.0575475   -0.0686401    -0.575507   -0.0254125    0.0184659    0.0636667    -0.457012   -0.0101453     0.224715     0.951281    -0.200958   -0.0109813     0.238686    -0.489485      1.27299      1.28908    0.0893959      0.39872 -0.000397313     0.112502     0.481362   0.00197418     0.087838     -3.44771      1.68963   -0.0101189      1.70144    -0.383151     -1.40635     0.365774    -0.106714    -0.084051      1.59604    -0.167926      1.22387    -0.971266     -3.84303    -0.134966     0.385188     0.606742       1.8646     0.316051     0.348607    -0.320313     0.146148     -1.89714   -0.0897985    -0.517371    -0.270182     0.331186    0.0959487     -1.60405      0.11715     -0.58811      2.36988    -0.149303    -0.323497      1.50203     -3.29468    -0.054815     -5.66051    -0.196184    -0.478241    -0.124369     0.409664     0.055849      1.81876    -0.160887     -1.34777     0.102668    0.0863836    -0.600672     0.922255     0.484201      3.70871     0.244657     -2.46539      1.64259     0.532684    -0.194614     0.571847     -10.3848    -0.816211    -0.863104      2.71779    -0.151235      3.13465     0.301997    -0.381794     -1.69685     0.372102     0.422033     0.388772   -0.0776268     0.320576    0.0055814     0.897528       1.3151   -0.0244535   -0.0610959     0.859515     -0.14717      2.87497    -0.209787    0.0150466    -0.287997    -0.133993     0.163428   0.00908037     0.209629    0.0350685     0.145344    -0.116851     0.449805  -0.00700266    -0.328489    -0.104025       1.0892      1.02071    -0.213487     -1.71086     0.183277     0.519569   -0.0649727     -6.78626     0.168333      1.93327    0.0168368     0.496442    -0.615295   -0.0104956     0.210227     -1.45824     0.120554     0.632605      0.39236   -0.0533699    -0.774374     -0.94227    -0.283577     0.748076    -0.854754       1.1982   0.00383376     0.900457     0.298517    -0.164614     0.181823     0.365134   -0.0764975     0.313058     0.040118    -0.557425      1.64774    0.0955999     0.690132      1.33439    -0.193414     0.316296    -0.383506    0.0104168    0.0777552   -0.0713627     0.188507     0.388389     0.130382     0.171294  0.000198847   -0.0270324     0.337675      1.84891      1.35404    -0.129734     -0.56617     0.186907    -0.270629     -1.97388     0.908902   -0.0236126    -0.647263     0.565584    -0.358435    -0.762609   -0.0826214    -0.439825   -0.0187405      2.15828    0.0554097   -0.0897297     0.506757      2.47288      3.17378     0.399786     0.245728     0.117756     0.295065   -0.0242578    0.0320956   -0.0617262      1.58879    -0.125161    -0.895826    0.0155859      0.70623     -0.15513    -0.184616     0.129977   -0.0528467     -1.01086    -0.284144     0.173998       1.7388   -0.0424919    -0.232151    -0.076509     0.614919      0.32107    -0.757133      -2.1693      1.61039     -0.60037   -0.0584393     0.204004    0.0765739     -2.64636     0.569432     0.366229      1.25122    0.0494555     0.274624     0.345564    0.0963225   -0.0173762     0.179622   -0.0755185      3.68085     0.682031    -0.265681    -0.034645     0.841924      1.19999  -0.00504631     0.505029    0.0658669    0.0461789      1.93846     -1.10416     -1.24546     0.398487     0.573796    -0.236683    -0.421521    0.0223068     0.409081    -0.289643   -0.0135121    0.0920406    -0.010066     0.779556    -0.273087   -0.0237448     0.342479     0.339714    -0.185461    -0.204501    0.0583052     0.159395    -0.908551    0.0807646     0.387605  -0.00144759     0.223491    0.0564391     -4.21991     0.534598      1.18015    -0.039479     0.375154    -0.158904      0.10614     0.842811      1.31073     0.496543     0.359305   -0.0127335     0.250616     0.140938     0.724813     0.354054     0.108408      1.47372   -0.0262681    -0.454946    -0.547206      1.11245     -1.63461     0.717473
   -0.328408    -0.735541    -0.506804    -0.461009     -2.08075    -0.964391    -0.345867    -0.177064    0.0163964    -0.175411    -0.191113     0.443534     0.804974   -0.0685914     0.363225    -0.138466    -0.308534    -0.386205    -0.298274    -0.347849     0.469347     -0.26607   -0.0469357   -0.0613012    -0.183765    -0.880904     0.592254      2.69015    -0.306797     0.488794    -0.393716    -0.368876    -0.384865    -0.103517   -0.0737967     -0.15914    -0.401313      1.51695     -1.63337     0.100408    -0.109348     -0.24024   -0.0602694    -0.335704    -0.285187    -0.335538    -0.173613    -0.346527     -2.15699    -0.176134    -0.434797      -0.2464    0.0731343    -0.796197     0.254664    -0.790149     0.548964    0.0412037    -0.364571    -0.474724      2.01076    0.0110629    -0.422596    -0.283585   -0.0591129     0.104502    -0.235299    -0.243284     0.284909    -0.156346    -0.335501     0.383055    -0.465745     0.426407     -0.46263     -1.59218    -0.263534     -1.75636     -0.17782    -0.263492    -0.868727     0.170253      3.56742      1.13691     0.255758     0.203742    -0.553826    -0.625987     0.100049     0.930963     -1.02403    -0.631915       9.6721    -0.849235    -0.302752    -0.384071    -0.204949     -0.55765    -0.144065     0.114373     0.400136    -0.271657    -0.119849    -0.728615    -0.457106     -3.62017     -0.11422    -0.963004    -0.663735     -1.65494    -0.453377    -0.419427    -0.176458    -0.214359    -0.347116   -0.0753227        0.851    -0.278732    -0.248284   -0.0920825       1.0797     0.677658    -0.363048    -0.391967    -0.432204    -0.376802     -3.12334      1.00289    -0.226556    -0.371187    -0.542977     0.477144     -1.09951    -0.206788    -0.323336     0.126499     -1.49412   -0.0518541     0.159548    -0.443016      1.16772    -0.211014      0.42537      -2.2019      1.97863     0.154859    -0.183646     0.945382    -0.477289    -0.374646    -0.568912    0.0177609   -0.0845378    -0.665796    -0.374212    -0.340489    -0.524253    -0.203485     -1.02859      3.34078    -0.350958    -0.463731      2.10058    -0.275186    -0.398621    -0.294165    -0.561168   -0.0854079     0.148067    -0.167799    -0.462083    -0.352207    0.0340343     -1.15131   -0.0422218    -0.283917     0.170966    -0.245577    0.0946373    -0.527462     -3.09605     0.164714     0.146569     0.698619    -0.233302     0.747448    -0.563112    -0.489509     0.132183     -1.22362    -0.342886     -1.88642     0.909306      0.80951      1.37964     -2.54674     -0.29157    -0.121629     -1.84531     0.039948    -0.475585    -0.280221     0.637795   -0.0916544      -0.5603     -0.57994   -0.0942734    -0.302189   -0.0905047    -0.345932    -0.477624     -3.66166     0.537477    -0.397742    -0.910321    -0.361774    -0.630859    -0.436578    -0.974027   -0.0493464      -0.7354     0.428496     -2.12746    -0.298831    -0.551052    -0.267201    -0.349838     -1.13487    -0.271515    -0.147623    -0.200353  -0.00900124     0.328615   -0.0680457   -0.0845701      0.29583   -0.0106007      1.82159      1.85714     0.190832    -0.441777     0.956475    -0.930588      -3.1647    -0.328797     0.202753    -0.352911    -0.222131     -12.0596     -1.72972      1.23762     0.471154      1.40211    -0.283652     -0.33353    -0.538827    -0.157355    -0.764198    -0.356316    -0.256517    -0.175095    -0.397181    0.0256039   -0.0247455    -0.943559    -0.406558    -0.973237     0.848876   -0.0787008    -0.406859     -0.65098     0.229252   -0.0864176   -0.0473546      1.18067    -0.216714     0.963892    -0.327024     0.529468    -0.798341     -1.03636     0.823014    -0.266677     -2.60024      1.89869    -0.141742    -0.638359   -0.0208576       1.0906     0.404946    -0.283487     0.255174    -0.144909     -1.64052     0.224237     0.719265    -0.517295   -0.0107679      -2.0545    -0.266577
   -0.038499    0.0307941   -0.0999124    -0.444427    -0.458324     -1.84115     0.126311   -0.0143836   -0.0128335    -0.940084    -0.156915     0.417693     0.388386    0.0596244     0.079826   -0.0784671   -0.0229307     0.772194     -3.03656    -0.206697     -0.62952    -0.475891     0.431938     0.298114     -0.16752    0.0684594     0.422871     0.648027    -0.126925     0.328888     0.932397    -0.465162    -0.257274     0.227926   -0.0109911     0.850463    0.0128495     -1.93442     -3.00844     0.943054   -0.0529825     0.529765     0.167737     0.735783     0.143117     0.352109     -0.14463   -0.0527662     -1.22842     0.952462    -0.867373    0.0147867    -0.500528      0.27886     0.911642   -0.0649599    -0.157668     -2.73508    -0.220798    -0.224543     0.885411     -2.52387    -0.047552      1.10028    -0.130849    -0.280598   -0.0298241    0.0623682      1.02223     0.500125    -0.181682    0.0347638      1.05143      0.68894     0.117951        0.554    -0.101332    -0.231473     0.294502     0.133798      1.13899     0.961003    -0.876494    -0.438932     0.937687      1.81756     -1.62333      1.00935     -0.82875    -0.959501     0.292592     0.155925     -1.14271     0.276819    0.0943815      0.13478    0.0120724      1.16505    -0.141714     0.789887     0.262077    0.0888864     0.475571      1.13703     0.806389    -0.451116    -0.039096    -0.344419     0.105796   -0.0247134    -0.255356    -0.021339   -0.0669392    0.0260655    -0.133219    -0.108549     0.630597    0.0983345    -0.119303    0.0864077      2.27743    -0.280347    -0.371793     -1.32381    -0.107314    0.0436097      2.49575      3.31994      0.41595    -0.855161   -0.0333622     -1.18383    -0.182919   -0.0679842    -0.285181      2.12535      2.04905     0.967722    -0.690079   -0.0421189     0.710269     0.127537    0.0211875     0.152902     -1.13344     0.406493   -0.0261465     0.154171    -0.149375    -0.207341    -0.216258    0.0444889     0.576849     0.820346   -0.0265194    -0.931094     -3.33171     0.288747   -0.0949652      2.92859  -0.00721685     0.118135     0.400238   0.00519446    -0.011852     0.108596    -0.129873    -0.318831    -0.187589      1.17446     0.269642   -0.0341684    -0.713033      1.70691     0.912273   -0.0961613     0.644434     0.117637    -0.761504    -0.105751      1.48323     -1.08998     -1.93673     0.225214     0.108348   -0.0920798    -0.422773    -0.162367        1.147      1.20364    -0.142257     0.216859      1.36978     -8.31646    -0.331222     0.160229    -0.745702    -0.131685   -0.0999989     0.209985    -0.401398    -0.198234      1.52142     0.174484      2.35064   0.00266072     0.899085   -0.0299139     0.573609    0.0259308      1.45347      3.54417     0.704052     -0.14923      1.44314    0.0683565    0.0177304   -0.0862615    -0.467349     0.189054     0.233782     -3.48632     -0.15034    -0.750164    -0.852952     0.320563    -0.123751    -0.499646     0.154772      0.47628    -0.313459    0.0888504     -1.05361    -0.704925     0.128231     -0.34099     0.130679    -0.503403       2.0702     0.716643   -0.0840581     -1.68911    -0.118659      2.64183    -0.157854     0.235002    0.0525348    -0.177578      2.48261     -0.66756      1.62465      -1.2855      1.53589   -0.0879849    -0.358789     0.297332       2.1947    0.0624908   -0.0532679   -0.0676864   -0.0148082      1.12895    -0.233381     0.008471     0.354411    0.0542745   -0.0333992     0.812383    0.0301628     0.163658    -0.203235    -0.178148     0.893181     0.051326      2.07458   0.00824403      2.39102     0.779044     -9.45728     -1.98984     0.400399    -0.498484     -0.15371     0.165094    -0.350722    -0.491671    0.0394797    0.0265721      1.80746     0.981567    -0.371086    -0.290626     -0.19454      1.91627     0.265506     -6.00773    -0.440944   -0.0185564    -0.659073    -0.720251
    0.511237     0.014698     0.373759     0.262406     0.331336     -2.40305      0.28074     0.169941   -0.0843619     0.401242    0.0521959      2.13591     -5.23518     0.283116    -0.899868     0.147693     0.169187      1.50862     0.249834     0.123936      0.45939     0.177566    -0.194492     0.946201    0.0566505     0.266752       1.1281     -7.81112    0.0794996      1.13984     -1.15695     -1.49889     0.353691    -0.898638    -0.821245     0.930005     0.192819    -0.813297      1.33995    -0.865735    0.0599095     -1.14673     -1.72118     0.726462    -0.301853     0.411805      -0.2764     0.136987      2.34087    -0.996595   0.00257589   -0.0784297    0.0815235     0.166266    -0.162359     0.160747       1.3965     0.401161    0.0340902     0.314256      1.83758      1.89535    0.0449661      -1.6758   -0.0549076     0.209117     0.178107    -0.632583      2.91365      3.99157    0.0554572     -2.38722      0.40977     0.153933     0.198629      1.78193    -0.118377      2.03069    -0.275644     0.245748    -0.222833     -1.07974     -1.10272    -0.223339      2.49398     -1.57252      1.33281    -0.200837    -0.519791     0.219191     0.226289     0.825627    -0.211298     0.838147   -0.0751145     0.444635   -0.0518877     0.598418      0.25398     0.219293      1.59114     0.150564    0.0952542    -0.291448    -0.239474     -1.04833      1.25442     0.591575    0.0453251      1.09549     0.265709    0.0704574    -0.167555   -0.0797539     0.355668     0.102196      1.38195    0.0764639     0.122359    -0.858064     -1.38681     0.799594      0.78577     -1.12341   -0.0916865    0.0202425     0.393956       1.1504     -1.00258    -0.738056     0.226478    -0.646303     0.272068     0.350976     0.131026     0.575727     0.935846     0.654287      1.48516     0.317705     -1.72455     0.551146      0.77662    -0.515931     -5.63835    -0.271705    -0.142711      1.02198    -0.332433    0.0874746     0.419618    -0.203549     -0.50614     0.339228     0.556091      1.30989      1.21309     0.318837      1.85439     -2.06449    0.0183296     0.138195    -0.186426      0.20143    0.0941427    0.0449235     0.155049     0.036268     0.237576    0.0661145     0.264291     0.300829      1.35682     -4.70943      1.12492     0.210434     -0.27168    0.0470967   0.00192538      1.34161      1.32534    0.0344559     0.391785     0.722784    -0.588904    -0.953714     0.159788      0.73712    -0.456111    -0.699329    0.0213112     0.918013     -6.95596     0.233849   -0.0710317      1.63005     -3.93843      0.75584     0.383805     0.286772    0.0333354     0.214151     0.805044     0.442625      1.06776     0.169899      1.40634   -0.0230186    -0.104483     0.448495     -3.35982     -3.07654      2.03254     0.324698      1.99299     0.113744   -0.0286923     0.275981    0.0174039    -0.908592    -0.496769     -1.40348    -0.203807     0.213679     0.406873    -0.364166     0.157556      1.69243     0.309798     0.430493     -0.50011     0.113942        2.556      0.61015     0.371954    0.0508352    -0.793779     -1.12271     -1.97486    -0.514337    0.0733711      1.73234     0.324787      1.93297     0.202313    -0.262032     0.242676     0.228758      1.25675     0.771865     -1.99937      0.13524     -5.54199     0.319233     0.168971     0.233796     0.158115     0.129641 -0.000155199    -0.252329     0.156674     -1.26538     0.660794    0.0098121    -0.484771      1.22906     0.373428    -0.338478    -0.122285     0.146328     0.630126     0.358233    -0.824801     0.275981     -5.45498     0.322325      1.31721     0.448415      1.81094      2.80328     -0.34782      1.37277     0.193571     0.333861     0.528332     0.427276      0.26091     0.115238       1.4687     -1.59969    -0.865484    -0.447836   -0.0130187       2.2284       0.1416      1.13835     0.731465    0.0777011     -1.30786    0.0670266
  -0.0150192     0.112868    -0.326914     0.101605    -0.410595      1.03792     0.326486    0.0175102      0.25302     0.780739   -0.0409572    -0.418856    -0.122881    0.0807161      -1.0092     0.021351    0.0955662      0.53684    -0.215435   -0.0867948     0.409347     0.111791   -0.0766141     -3.90624     0.276691  -0.00876544      1.15351      0.43833       0.1485     0.292937    -0.404777     -1.81222   -0.0868926    -0.222269     0.222923    -0.660173     0.172397     -2.17833      1.80675     0.341717   -0.0751334    0.0761106      0.16916     -3.72093     0.291797    0.0445506    0.0396894    0.0349101     -0.91016    -0.174038    -0.100155  -0.00140103     0.234766    -0.169101     0.292957   -0.0482155     0.212947     -1.23881   -0.0440841     0.388398     0.436499     0.500494     0.150046     0.679233     0.531879    -0.159446   -0.0277318     0.399719      1.20326     -1.17845    -0.561265     0.670891     0.454481     0.931281    -0.108131    -0.962359     0.150375     0.782198    -0.367476      1.22031    -0.361899    -0.479016     -1.41009      1.63063     0.592683    -0.249614    0.0831421    -0.744231    -0.795283     0.965732    0.0474508     0.148915     -1.19254     -2.04943    -0.149963   -0.0904953     0.421578      -0.1385     0.142632     -1.47106    -0.693678     0.149695     0.270633      2.19838    -0.205258      1.32292    -0.691303    -0.485363      0.36925      1.84967     -2.00461     0.419849     0.100649    -0.236443    -0.208679      0.25521     0.921352    0.0104413   -0.0150892      0.15785     -1.81371     0.758073    -0.334815      1.10164     0.227129   -0.0676074      0.22113     0.249621     0.610123     0.227457     0.144221     -2.99938     0.249759    -0.239577    -0.169364      1.23199      2.52765    -0.942773    -0.102851   -0.0752507     0.601922     0.213386      1.07123      1.74956       2.6312      1.15444     0.958606      2.16081      -2.0328     0.419315    -0.100483    -0.168703   -0.0348455     0.537178   -0.0512129     0.343518    -0.496647    -0.161753    -0.514476     0.901833     0.247302      0.30185      3.53478    0.0169333    0.0182849     0.157139    -0.102895    -0.184313      1.06611     -1.07183   -0.0307668     0.145985     0.115388     0.306199     0.913778   -0.0744782     0.795542    -0.351922     0.433997    -0.358244     -2.09781    -0.463655     -1.75714      1.42432      1.07907      1.21276    -0.320068    -0.129569     -2.75838   0.00846625     0.162041      2.11992     0.444942    -0.499701     0.827971      1.66279      2.01326     -0.15442    -0.937493      1.51655    -0.329261    0.0846628      1.35256   -0.0988409      1.83269     0.278109     -6.64984     0.304583     0.765108    0.0736984      1.45253       0.5027      2.08942    0.0177085    -0.520467     0.117329     0.175079    0.0273713      2.52193    -0.713569   -0.0561589      1.59636     0.977785    -0.250343     0.165702      0.22659     0.427713     0.516867   -0.0851941     0.272186    -0.343476    -0.149817    -0.621769       1.2616     0.457275    -0.151489   -0.0910682     0.496103      2.04783     -4.38519     0.199434     -5.79056     0.525661      2.07022     0.153558    -0.798748     0.164552    0.0223301      2.17783   -0.0729071     -3.41418    -0.183474      1.37762    -0.116187     0.451496     -3.25331    -0.722233    -0.573379   -0.0742972     0.244831    0.0316957     -5.62171    -0.133427     0.200379   -0.0862767      -5.2297     0.152433   -0.0447785    0.0137299    -0.177403      1.51914     0.164145    -0.259403     0.128428     0.442351    0.0709175     -0.73182     0.165897     0.635054    -0.163023     0.134436      2.58715    -0.292341     0.492869      2.03017    -0.450363     0.227852     0.195999      1.16787     0.819079     0.017553     0.504227     0.349646     0.980727     0.666803     0.918595      1.71471     -0.33979    -0.161447    -0.354751
   0.0106078    0.0306909    -0.277101    0.0523555     0.137104      1.63397     0.024229    0.0935688   -0.0892459    -0.208194      0.20042     0.510492     0.578248    0.0226891    -0.662792    -0.139605     0.514452       -1.593     0.631235     0.227182     0.264126    -0.535806    -0.833887       1.9864   -0.0561435    -0.280949     -1.24887    -0.987042    0.0909342  -0.00924889     0.866532      1.96379     0.182377    -0.609616     0.309009    -0.291386     0.182897     0.865155    -0.186164      1.52261    0.0318643        0.218     0.256295     0.341316     0.146149      0.50864     0.768649     0.025655      2.08195    -0.217066    -0.559518     0.142168    -0.306999    0.0102924     0.110392      0.13091    -0.361311    -0.983018     0.222757    0.0695342     -9.59931     0.630336   -0.0167926      1.73745    0.0557289     0.220892    -0.209432    -0.135102      1.16942    -0.246682     0.644608     0.714234     -2.84836     0.707147    0.0613951      1.21287     0.118944     -2.15208     0.443538     -1.63094     -0.90965      1.08842      -1.6036    -0.302297      1.83613     0.618388     0.313807     0.114551     0.705977       1.2346     0.132722     -2.24902    -0.660524      1.05947 -0.000790491    0.0819081     0.153845    -0.370833    0.0376734    -0.190737     0.777791     0.030149    -0.100396     -0.26286    -0.150314     0.574097    -0.641543    0.0657834    0.0394087     -1.15338      1.55042    0.0884335    -0.146298     0.279586    -0.102129     0.132488     0.554544    -0.165348     0.383387     0.507167      2.28638    0.0944683     0.104963    -0.211646     0.161468   -0.0318024      2.85263     0.468407     0.500174    -0.502906   0.00987978    -0.104257     0.510658    -0.166886    -0.152605     -6.71271     -1.57123       1.1459    -0.587911    0.0582789    0.0128834     0.366956     0.261956      1.40844      1.47789     0.525552    -0.167946     0.347635     0.836888  -0.00508194     0.146117    -0.143755    -0.194472    -0.227177     0.358621     -1.17704     0.267713    -0.511348    -0.275514     -3.35401    -0.264228     0.112553      0.40883     0.200578     0.218664     0.110463   -0.0580999    0.0398567     -1.00808      1.08696    -0.303305      -0.1014   -0.0383575     -0.33488      -3.4145     0.170445    -0.687269    -0.427158      1.70799    -0.498624      0.99177     -2.31262    -0.381931    0.0934316    -0.426581    -0.762732     0.671267     0.176791   -0.0751832      1.05779    0.0485093    -0.431508      1.41545       2.9707     -3.01623    -0.662213    -0.795531     0.072039    -0.420352      1.14948     0.355414     0.180212     -2.72296    -0.130401     -4.02691     0.109062     0.754802   -0.0761748   -0.0757107    0.0406733     0.269836      2.19093      2.20711    -0.115126      2.59617  -0.00863704   0.00869638    0.0432189     -1.44234     0.312206      1.68814      1.87662    -0.267102     0.750491    -0.271436     0.296898    -0.267671     0.712011    -0.825903     -1.01792    -0.387869   -0.0992313    -0.561941    -0.521261    -0.922044   -0.0387493     0.593258      3.11299     -2.07472    -0.189516    0.0377435    -0.728928    -0.166383     -1.22358    0.0359322    0.0233238    0.0626813     0.124281      1.81187      3.19452     -0.43741     -1.45552      1.44764     0.654443     0.102121      0.84022      1.15651     0.260981     0.427165   -0.0186255   -0.0155983     0.542929    -0.678799     0.412685    -0.474776    -0.376366    -0.100796     -2.81141     0.487574    -0.106147   -0.0905209    -0.200965     0.196092    -0.225133      1.24838   -0.0727883     0.785197    0.0641377      1.10679    -0.596016    0.0125202     -6.72219   -0.0567702     0.491384      2.10549    -0.182378     0.177547    0.0201237     0.970686    -0.115543     0.382599    -0.138122    -0.147866      -1.6852    0.0552375    -0.331235    -0.765896    -0.744223     -0.54559    -0.329761
   0.0180804    0.0285671     0.069974    0.0462269   -0.0268492    0.0656095    -0.113322     0.027971    0.0483956    -0.121891   0.00922754    -0.153533    -0.139724    0.0100632    0.0982873    0.0348123   -0.0795398     -0.49949   -0.0158612    0.0254248   0.00787467    0.0735862    0.0668593     0.118537    0.0515063     0.101734     0.345463   -0.0869291   0.00899401     0.219413     0.334348     0.361118    0.0628188     0.210131    0.0590396     -0.17657  -0.00292164    0.0148448   -0.0236781     0.202758   0.00718836   -0.0761307  -0.00981852   -0.0672013    0.0376875    0.0971252   -0.0576177    0.0101202    -0.479473    -0.249095     0.244101   -0.0541936   -0.0314153    0.0346073   -0.0574942    0.0238042     -1.05241     0.553324   -0.0422576     0.049929    0.0143551    0.0438441    0.0132855   -0.0742421   -0.0447252    0.0697067    0.0166289    0.0148452   -0.0809182    -0.193945   0.00801253      0.20866    0.0124471   0.00583474      0.03695    -0.104719   -0.0298386    -0.137338    0.0052301     0.144494      1.43488   -0.0349251     0.149781    -0.161455    -0.127468    -0.377872    -0.168875    -0.202688     0.228077  -0.00129442    0.0197897     0.220354    -0.386436    -0.060329    0.0537484     0.050527     0.020609     0.643308    -0.013184     0.106682     0.207521    0.0121723   -0.0253433    -0.075919   -0.0482344   -0.0987901      0.18015   -0.0956777    0.0695348    -0.169906    -0.284493    0.0744543    0.0301871   0.00947146    0.0120492   -0.0130888     0.257727    0.0173386   -0.0332646   -0.0124273    -0.132057   -0.0594127  -0.00526674   -0.0711928    0.0319047    0.0157083   -0.0301229     0.136832  -0.00472575     0.143742    0.0306887    -0.143253    -0.090385    0.0058697    0.0603185   -0.0724901    -0.308317     0.497295     0.172673    0.0302332   -0.0839822   -0.0697662     0.108383    -0.231642   0.00470148     0.330695     0.156628    0.0815159     0.117332    0.0520209    0.0605258  -0.00411667  -0.00776681    -0.475506     -0.03287     0.136151   -0.0750542    0.0294515    -0.105444   -0.0813558    0.0197656     0.036405   0.00269515    0.0112356    0.0326902    0.0464115    0.0421311    0.0606729     0.497389     0.104006    0.0830288     0.036837     0.204552    0.0546765     0.104738    0.0683613     0.327715    0.0450351    -0.567946   -0.0919462    -0.106383     0.172633     0.488193   -0.0169778     0.186148      1.26403    -0.034096   -0.0648209    -0.099748     0.480242  -0.00916019    -0.195201    0.0697553     0.256373    -0.206845    -0.261946     0.239302    0.0230928    0.0144599     0.165009   -0.0200597    0.0341109     0.233902     0.119017   -0.0221167   0.00562006     0.136602    0.0868949     0.103946    0.0321867    -0.208589    -0.154815   -0.0283176    0.0947008   -0.0727803   0.00670344    0.0570556    0.0223528    -0.104134   -0.0516625    -0.353956     0.312543    0.0185804       0.1398   -0.0052884    0.0336223    0.0895316     0.233723     0.117152   -0.0780284     0.114061    0.0291183   -0.0480474     0.148522     -0.14739    0.0130728    0.0832809   -0.0215312    -0.311995   -0.0364141   -0.0280053    -0.104326  -0.00605466   -0.0632077   0.00128644  0.000788917    0.0417709  -0.00295326    0.0867498     0.168112 -4.12509e-05     0.366073     0.123958    -0.109752    -0.046306   -0.0714776   -0.0953005    0.0763556   -0.0262867    0.0289163   0.00781699      0.10408    0.0651737    0.0570083   -0.0577497  -0.00114838    0.0221638     0.196047     0.064477    0.0364307       1.1734    0.0743679     0.226964    -0.016918   -0.0718992    0.0373234    0.0841568     0.110482    -0.130476    0.0456822   -0.0106456     0.230821    0.0629157   -0.0422863     0.188083   0.00317052    0.0186996    0.0618093    0.0585177    -0.137419    0.0638087    0.0266574    -0.044809    -0.314381   -0.0755179   -0.0210404     -0.33466    0.0958832    -0.252691   -0.0808492
 0.819941
-0.918718
  1.29382
-0.199322
 -3.85444
 0.553829
  1.49482
  0.15909
  1.32184
 0.177163
