2 16 0.5 500
1
1
9 300
   0.0891719     0.329334    0.0426341     0.191505    0.0143354     0.396642   -0.0613614      0.19586      0.19813
    0.280956     0.198578     0.306814     0.364983     0.527495     0.610877    0.0962025     0.223192     0.430987
    0.134438   -0.0254062     0.213632    0.0166928     0.475941      0.23343     0.180009     0.693413     0.554554
     0.41922     0.412636     0.405214     0.582407     0.400707    0.0769327      0.71389     0.600282     0.337202
   -0.189975    -0.720817   -0.0702528      0.13745      1.40142    0.0412227     0.330629     0.891446      1.00763
     1.21468       1.6455     0.408062      -1.0525      1.16981      -0.8887     -1.90833     0.209067      0.66169
    0.488299     0.153384    0.0166472    0.0870523     0.288111     0.128004    -0.156948     0.060867    -0.151412
    0.207867     0.120855    -0.141642   -0.0657162   -0.0592186    -0.174806   -0.0569878    0.0176807     0.062085
    0.305356     0.158941     0.414853     0.249371     0.328092     0.183129     0.766932     0.293615     0.509256
    0.816071    0.0468728     0.878775     0.751079    -0.011132     0.114247     0.445319    -0.526846      0.13342
  -0.0485801   -0.0148112    -0.162252    0.0370754   -0.0863484    -0.265568    0.0641031    0.0514173    -0.159891
     0.24707     0.185876     -3.68025     0.757041   -0.0369509     0.653113     0.140054   -0.0621796     0.370228
   0.0900229     -0.76097    0.0494377   -0.0512993    -0.500491     0.713058      3.32873     -0.94486   -0.0874935
    0.562312     0.302304     0.312422   -0.0126891     0.154565     0.251141    0.0948398     0.179738     0.503486
    0.763851     0.521758    -0.214398     0.496323     0.102459     0.553865     -1.29762     0.907045     0.916465
    0.334106     0.139821     0.156598    0.0154201     0.145439    0.0289933     0.192474     0.147725     0.483705
   0.0856991     0.218098     0.198417     0.754695   -0.0363868     0.289623     0.300425      0.16002   -0.0327421
    -1.17856      0.87048     0.631949     -1.25891    0.0185636     0.416087    -0.781129     0.899285      1.34662
    0.527884      0.57214     0.198827     0.388441    0.0747374     -2.06394     0.540119     0.408079     0.113166
     0.33049     0.141418    0.0673378     0.144516     0.195479     0.232795   -0.0312333      0.10265     0.369645
     2.04151   -0.0684356      0.28586     0.212309    0.0606727     0.350259  0.000209274     -0.36087     0.244511
     0.56354     0.476117     0.931732      0.60547     0.751305    0.0765038      1.16106     0.397534    0.0713676
    0.397987     0.218619     0.639398   -0.0819198     0.138547      0.35381     0.142064    -0.267599      1.04238
     0.53516       0.8428    -0.562405     0.567675      0.78789      0.51998    -0.324408     -2.82226     0.624067
  0.00549117    -0.483513    0.0407094    0.0778276    0.0925894    -0.106488     0.367366   -0.0236765     0.082974
   -0.102364    -0.535729     0.353059     0.226278     0.748831     0.404554     0.648392     0.336716     0.434948
  -0.0336494      1.18938     0.970738     -2.19234     0.615567   -0.0649677    -0.353232     0.633637    -0.780042
   -0.675554     0.432401    -0.479093      1.00918     0.392938      1.41402     -4.60511      1.26835    -0.226778
    0.240821     0.159714     0.356929     0.309794     0.206549     0.505563     0.124054   0.00894235     0.206434
    -3.81431    -0.598596    -0.177059    -0.481461     0.900758      1.18457   -0.0324933      1.02567     0.953753
    0.467411     0.173224     0.928364     0.743062      0.17347      1.69149    -0.877557     -0.58488      1.00531
     2.20952     0.809725      1.72232     -1.14208      1.12136      1.36521       -1.911    -0.459697      2.36779
 -0.00617118    0.0878281     0.410884   -0.0716056     0.387464    0.0162604    0.0808727     0.506043     0.228979
    0.178627    0.0566231     0.745377   -0.0999875     0.545712    -0.867394      1.39939   -0.0969238    -0.800856
    0.510747     0.488163     0.163434     0.197802     0.214534     0.155267    -0.794003      0.16007     0.222782
     1.43388    0.0489285     -1.11978      1.25046     0.217208    -0.487784     0.573564    -0.206222    -0.375735
    0.498921     0.519919     0.617393     0.772846     0.350508     0.723658     0.241889     0.131675     0.245573
    0.211348      3.53612   -0.0127558    -0.316529     -1.09793    0.0230646     -2.26661     -0.94029      1.99792
    -1.53017    -0.679672      -2.5396     -1.91185      1.58375      1.81148     0.755858      1.60945      2.52079
   -0.187329     0.071224       0.3689      2.85116     0.108319    -0.307196     -1.08996     0.245534    -0.306631
    0.165596     0.511934     0.509084     0.666464     0.127849     0.564977     0.399685     0.383544    -0.031307
    0.390614     0.481274     0.161046     0.214737     0.432763     0.977355      1.00361    -0.234944     0.836472
    -0.18511    -0.297418    -0.543209     0.276279    -0.304295     0.410816      1.46118    -0.220625    -0.321926
    0.430537    -0.158008     0.805087     -1.44362    -0.293123    -0.682371     -1.02771      2.56183     0.906065
   -0.116579    -0.625738    0.0475941    0.0917307      0.10058     0.331205    -0.354468    -0.328141    -0.162404
   -0.459745     0.405492     0.429426   -0.0645695   0.00524586      0.52367   0.00975912     0.201528     0.148842
   -0.161752     0.388707     0.425184     0.611698    -0.168893     0.522606     0.726854     0.287708   -0.0613735
    0.225848     0.158817     0.113635     0.144564     0.187549    0.0256169      0.15202     0.254204      0.13736
    -0.88609      1.13888    -0.999222      1.48211     -2.80334      2.46949    -0.153897     0.527452    0.0505707
  -0.0547643    -0.599762   -0.0483259     0.823237     0.105188       1.3956    -0.538799    -0.345197      1.14266
     1.68576      1.71321      1.47396   -0.0827058     0.398499     0.115739     0.104153      0.20932     0.159879
   0.0422938     0.118286   -0.0240406     0.345025    -0.194982    0.0851527   -0.0322319    0.0100738    -0.263676
     0.63837    -0.132262     0.473349     0.160349    0.0723425    -0.193799       0.3614    -0.394364     0.263177
   -0.110961    -0.288472   -0.0114264     0.261239     0.356207     0.176331     0.214366    -0.271082 -0.000371585
    0.659467      0.23322      0.63134     -1.11372   -0.0341069     0.222841     0.309423    -0.121578     0.472956
    0.199844   -0.0611272      0.19033     0.160672     0.486541    0.0969609     0.276518    0.0458098     0.270689
  -0.0383255       1.4063    -0.811635      0.18057     -1.11463     0.583248     -1.37897     0.522774     0.339293
     1.73506     0.694069     0.956839     0.910315     0.076522     -1.73858       1.6696    -0.448842    -0.939703
    0.121435     0.147067     0.201883      0.41895   -0.0235574     0.158773      0.35189   -0.0938709    -0.190388
    0.256533     0.292998     0.196575    0.0515283     0.356522     0.399386     0.276601     0.492964     0.609053
 -0.00372521     0.920008     0.238357      -1.8908    -0.571707     -1.33797    -0.948849    0.0641752      5.94082
   -0.387125     0.227932     0.613259      2.00832     0.967368     -1.59395     0.983086     0.651004     0.958516
    0.132348   0.00419685     0.125044      0.30268     0.189933     0.275557     0.220931     0.153272     0.286656
     2.28787      1.82892      1.52932     -3.84775     0.923196     0.220747   -0.0780864   0.00173869     0.578272
    0.449063    0.0594662     0.596607     0.449416     0.172247     0.353785   -0.0213961    -0.260044     0.060946
   -0.259029     0.192437     0.165682    -0.117234    -0.077032     0.255864     0.155381     0.131459    -0.168126
    0.273309     0.435083      0.33744     0.136493     0.167113     0.199732     0.134606     0.346029    0.0462803
    0.436177     0.100478     0.151344      0.35398     0.389284     0.223298      1.08914     0.195905     0.519991
    0.662064      5.17213     -1.64417      1.31128    -0.643716      1.10176      -1.9487     -1.38343      -1.1472
     5.22776     0.192288     -1.06392     0.611508      1.95192     0.625735    -0.946622     0.952895     -1.54156
  -0.0920573      0.27947      0.21631     0.345667    -0.166348     0.654262     0.219076    -0.436802    -0.027794
    0.229642      1.02492     0.331839      1.11055     0.311461   -0.0225159     -2.04743      0.48524     0.230544
   -0.416933     0.305092    -0.628733     0.807497    -0.665327     0.485099     -1.08459     0.065302      2.45638
  0.00330317     -2.62824     0.547519      0.19906      0.20691     0.510483    0.0444495     0.139115     0.786383
     0.52662     0.480245     0.300321     0.749982     0.113131      0.60171   -0.0656723   -0.0297281     0.529715
  -0.0172341     0.899144     0.601193     0.235922      1.14075      1.06093     -0.17166     -1.08996    0.0165674
    0.368757     0.672112    0.0472935     0.200491     0.129181    -0.427612     0.639265     0.360183     0.145305
    -2.46013     0.389711      1.16279     -2.06281      1.77349      0.71391    -0.955277      1.19416       1.1895
    0.116178    -0.628586    0.0810777     0.382716     0.263497     0.754803    -0.291695     0.511907     0.616627
   -0.315687   -0.0745704    -0.460117      2.35591    -0.619367     0.548495     -1.31555    -0.335735      1.55484
   -0.477526    -0.200433    -0.761234      1.59267      1.22198      1.77502    -0.599901     0.149015    -0.579737
   -0.921098    -0.167374      1.19888    -0.136433    -0.666002     0.618667    -0.701443    -0.188551    -0.337261
    0.826389     0.214102     0.770298     -1.48025       6.3219     -2.57127    -0.288138     -1.61472     -1.10757
     2.74343    -0.412938     0.963636    -0.314435    -0.732465     0.238417     0.799898     -1.45653     0.446699
    0.272005     0.856212     0.258147      6.07648     -0.19593    -0.918592     -1.77755    -0.821068     -0.47594
  0.00519703    -0.965488     0.151232      1.75713    0.0779494      1.70798    -0.776276    -0.163646     0.875519
   -0.410158    -0.137454    -0.342733     -1.10962     0.307814      1.34498    -0.360139     0.136762     0.722218
   -0.208248     0.504091     0.841632     -1.85776     -1.30513     -1.25571    -0.508281      1.48537     0.642934
     1.37923      0.77267      0.65042    -0.417801     0.310919    -0.317134    -0.683065    -0.164546     0.710246
   -0.182618     -0.74807      4.24489    -0.716063    -0.612652      -2.0564       0.2966     0.509921    -0.086142
    0.354259     0.202659     0.208027     0.553768     0.637689     0.493866     0.297474     0.155324     0.340779
    0.542057      0.19304      1.43367    0.0131414      1.34128    -0.447523       1.4595      0.08959     -1.11084
   -0.622311    -0.724197     -1.30025     -1.35409      7.74464    -0.569132     -1.36719    -0.976038      -0.2872
    0.236825      1.04901     0.173223     0.312945     0.441975     0.465271  -0.00344409     -1.73488      0.16065
   -0.061066    -0.190412   -0.0885842     0.355421     0.248929     0.624962    -0.130676   0.00507894     0.133783
   0.0736463      0.29546    0.0999413     0.478663     0.207547     0.644861   -0.0271724    -0.239006    -0.120461
    0.152023     0.576377   0.00932717     0.166302     0.123759    -0.125352      0.23704     0.271006    -0.109685
   -0.549071     0.111767     0.997452    -0.467847   -0.0855971     0.682442   -0.0871404      0.45753      1.03816
    0.259224     0.137088     0.554063     0.302704     0.249265     0.529908     0.232337   -0.0889309    0.0293649
  -0.0905243    -0.804058     0.371218     0.261516     0.112726     0.404849    -0.153819       1.1771    -0.276063
    0.936095  -0.00354125      -2.3322      1.03101     0.361001    -0.254878     0.604824    -0.492905     0.609586
    0.191203    0.0739248      0.11424      0.18595     0.114183     0.233395    0.0840902    0.0637562      0.17998
  -0.0469986      0.12132    -0.353098     0.297192   -0.0110884    0.0620491    -0.161063   0.00781348    -0.614947
      0.2718     0.268035     0.120595     0.980318     0.767538      1.00259     -1.40555     -0.36068     -1.73602
   0.0460665     -0.22236    -0.134378      1.15555     0.325949     0.769939     0.370463    -0.211825     0.510133
   -0.394519     0.689572     0.615485    -0.963854      2.86137     0.715662     -1.28856    -0.148096      1.25186
   0.0142161     0.171942      1.66987    -0.655222     0.967336     0.387479     0.339502     0.682675     0.916387
    0.724018     0.605772     0.940123     0.284444     0.726692     0.287747     0.442044   -0.0603522     0.408553
    0.329958     0.395147     0.301641    0.0598855     0.528783     0.182225     0.450454     0.596873     0.501469
    0.406397     0.751618      1.16364    -0.485164      1.59467     0.144704   -0.0489368     0.456662    -0.564068
   -0.246572      1.05801     0.510881     0.103676     0.455257     -0.87044     0.922611     -1.80685      -1.1497
   0.0513068     0.349752    0.0334615     0.259158     0.368016    0.0947957     0.117119     0.416697   -0.0074586
    0.344074     0.458833     0.368355      0.15781      0.32357   -0.0909206     0.650652     0.395906     0.176622
  -0.0435466    0.0513543     0.314456     0.485629      0.18316     0.537799      0.56093    -0.136365    0.0792718
    0.231177     0.213206    0.0667776     0.369943     0.184917     0.639669    0.0104131     0.464857     0.542916
    0.105544    0.0529061     0.478306     0.507083     0.146653     0.215603     0.727949     0.302004     0.174101
    0.561499      3.91609     -1.46272    -0.509446    -0.747324    0.0353642    -0.876207     0.531121     0.926385
    0.383056     0.308642     0.301265     0.117384    0.0845722     0.238524    0.0416749    0.0949128     0.345688
    0.118364     0.238793     0.171069     0.427147   -0.0701673     0.248913    0.0376091    -0.135828   -0.0743897
   -0.278298    -0.107258    -0.015933     0.209884   -0.0262062     0.243902     0.941336    0.0512802   -0.0809306
    -4.24818     -1.62877    -0.179509      1.07021     0.832026      1.84659    0.0961674    -0.409582    -0.242334
    0.294629    -0.902184      1.78117 -0.000392627     0.221112    -0.754288     0.135348    0.0797724     0.435647
    0.369278       0.5926     0.157541     0.617926    -0.124266     0.747943    0.0686174     0.694656     0.430804
     1.40613    -0.321736     0.188964     0.750606     -1.55684     0.951689    -0.090613     -2.79316      1.52385
    0.303101     0.380776     0.217575     0.105718     0.300179     0.352988    -0.207488     0.185015     0.205672
    0.301274     0.352159   -0.0851487     0.170421     -0.14259    -0.356456     0.413011     0.203929    0.0247186
     1.16549     0.479853     -1.29366      1.11447      2.01811    -0.383628    -0.606834     -1.50034     -1.26009
    0.492657     0.652436    -0.127001     -4.58322     0.562071    -0.410209     0.380583      1.10156      0.10474
    0.276407   -0.0420701     0.246413     0.442074     0.328684     0.502792    -0.941848    -0.292519    -0.210574
    0.179456    -0.362799     -1.04258      1.27854     0.304995      2.01573      1.27324    -0.136056     0.180665
    0.102547    0.0407633   -0.0144087     0.265806     0.349075     0.306258     0.257875     0.447392     0.317006
    -1.01552      1.50618    -0.525231    -0.133625     -1.78534     0.438092     0.819046        1.769     -2.34698
    0.651794     0.610404     0.503013    -0.126677     0.609523    0.0385335    -0.138509    -0.143371    0.0956367
    0.111295      0.14196     -0.21224     0.149289    -0.195853     0.121673     -0.18024     0.278958    0.0638094
    0.548643     0.312585     0.620372   -0.0485591     0.654708    0.0770816     0.404431     0.293059     0.738112
   -0.419998     -2.32003    0.0587358      1.89463    -0.829269      1.97916      1.06684     -1.36194      4.58218
    0.862433     -1.13279      1.11842    0.0781004     -2.60109     0.264476     0.801715    -0.966861     0.536159
    -1.17488     0.126028      1.22432     0.208121     0.293374      1.57528     0.437778     0.194609     0.332444
    0.329974    0.0444238     -1.28709     0.539721    -0.414098     0.264014    0.0596617     0.274084     0.273715
    0.310672     0.311245     0.391172   -0.0582681     0.334082      0.36682    0.0984149      0.17268     0.587265
    0.474529   -0.0206947     0.920362    -0.476422   -0.0499195     0.390401       1.5842    -0.792393      0.92993
    0.363706     0.391035     0.133568      1.14339     0.146173    0.0628284    0.0744172    0.0400635    -0.026694
   -0.245671      2.01179    -0.209535   -0.0796933   -0.0682416     0.191794    -0.480157     0.393202    -0.294348
    0.639348     0.373338     0.345177      0.15253       1.5811     0.340097     -1.18183    -0.622571    -0.473545
     1.76964      1.78801     0.634294    -0.246874    -0.675856     -2.36477      -3.5513     0.447176    -0.638495
    0.721173    -0.110739     -1.44174     0.297928    0.0930722    -0.182985      1.61466      0.83563     0.950282
    0.248233       1.5284      0.28043    0.0822952     0.390553    -0.107855     0.431531     0.649039     0.201636
     4.21752      -0.4826     0.644214     -0.14898    -0.390287     0.871698    -0.358796    -0.519096     0.180259
    0.373137      1.50798     0.983517     0.285842    -0.389471     0.332134     0.862808    -0.811962    -0.646093
    0.366759     0.861906     0.331256     0.430532     0.221434     0.221503     0.176611     0.395474    0.0430861
   0.0783291    -0.248099     0.178497    0.0296868     0.381614    -0.123762     0.359138     0.271023     0.200878
    0.177239    -0.235933    -0.184109      0.51369     0.138065      0.41377     0.424493     -0.12411     0.046825
    0.525457     0.626405     0.259813     0.102227      0.38675     0.192977      0.40975     0.604541     0.227851
    0.842625     0.581513    -0.144273     0.742037     0.831451    -0.147759     0.117158    0.0859524    -0.679003
    0.370871     0.767951   -0.0985073     0.423595    0.0131822    0.0678962   -0.0164776   -0.0617754     0.124862
    0.659783     0.348527      1.51375   -0.0794949     0.844919    -0.238831     0.669399    -0.616946      -1.1277
   0.0890849      0.12465     0.194988    -0.255227    0.0945463      2.93062    -0.777019    0.0196249     0.494818
    0.155087      0.30848    0.0792722   -0.0611909   -0.0541566     0.408276    -0.392647      0.36089     0.609674
   -0.556123    -0.361801     0.817339     -1.05936      1.07757     0.480804    -0.190676    -0.188085     0.348018
    -1.94842      1.77973     -2.93903      2.29026     0.630416       4.6638    -0.439255      2.30991    -0.100812
    0.294048     0.444634     0.428166     0.260209     0.343198     0.266464     0.394552     0.407476     0.160657
   0.0292443    -0.354564    -0.129311     0.103095     0.160991     0.199159    -0.173001    -0.252108    -0.127154
     1.03516     -6.40603     0.303026      1.42306     0.195609     -0.15851      1.91312      1.17105     0.915272
    0.206319     0.182508     0.225351     0.451117     0.208064      0.32585     0.398292     0.382603     0.267362
    0.217232   -0.0832125    0.0159181      0.16859     0.227348      0.20351     0.103623   -0.0308269     0.277856
    0.134272     0.100543    0.0389411    0.0420379     0.122785    0.0248172     0.278832     0.221948     0.186977
    0.132962   -0.0635164     0.235891     0.166391     0.401882     0.783054  -0.00329625     0.136339     0.681885
     0.22696     0.188004   -0.0417902    -0.116542 -0.000179117    -0.405504   -0.0024063     0.353693     0.193078
   -0.287032      1.01999    -0.133705    -0.204871     0.249637     0.326641    -0.806713     0.779012    -0.834941
    0.878485     -1.45483     0.218447      1.01866     0.706065      0.69654    -0.318244      1.06525     0.758666
    0.236683     0.433484     0.557609   -0.0110366     0.316749     0.536924    0.0836279     0.355821     0.736401
    0.152434      0.28296     0.132859     0.106857     0.132145     0.249746     0.112665     0.283827     0.292919
    0.627582    0.0874311    -0.654324     0.641819    -0.259502     0.242806     0.186294     0.353626     0.642752
   -0.084573      0.18628    -0.484421      0.97565     0.280195     0.817844      3.85524    -0.071629    -0.968123
   -0.274838      1.39416     0.101975    -0.216739    -0.310286     -0.36113    -0.197757     0.730432      2.90429
   0.0397147    -0.163731    -0.169959    0.0041879     0.125516   -0.0616968     0.161604     0.345066     0.234132
   0.0285487    -0.532874     0.667017    0.0848971   -0.0189228     0.568327     0.639032    -0.240234      1.32336
    0.174763      0.38077     0.255496     0.316399     0.269375     0.418667      0.11095     0.782145    0.0182962
   -0.979075     0.912195    0.0764374     0.721925    -0.669892    0.0880798     0.883818     0.863666    -0.752764
     1.43934      1.29927     -1.02019      1.46801     -1.29298      0.59311     -1.46452    0.0648529     0.729691
   -0.418945      1.42395     0.604673     -1.04866     -2.43136     0.310628    -0.459047     0.909108     0.629091
       1.242     0.763491      1.66818     0.292694     0.624085    -0.680086      1.74539    -0.539827     -1.17636
      1.7157      0.71222      2.20063    -0.327499      1.02329    -0.979441     0.885229     -1.56272    -0.196361
     3.19434    -0.228247      0.51093    0.0673496   -0.0475744     0.882619    0.0357812    0.0508339       0.3985
    0.137375    -0.937241     0.238559     0.363961     0.425448     0.571536     0.721371    -0.075078      0.91269
    0.619634     -1.12231     0.798052    -0.238321      1.23211    -0.443633      1.57896    -0.198541      1.25675
    0.558496      0.32801   -0.0548448     0.342626     0.246439    -0.349596   0.00110398    0.0650669     0.238166
    0.166246     0.210259    -0.283915     0.802582    -0.158445     0.136239     0.177675     0.215534     0.159179
    0.117035    -0.530597    -0.960173      1.07351    0.0789001    -0.570406   -0.0525383      1.99356    -0.826484
   0.0545088    -0.892816     0.117024      1.30995      1.18754      2.16502     -1.41046    -0.812927    0.0948577
    0.309643     0.081527     0.206496     0.582176      0.22823     0.410447     0.525083     0.138202     0.286386
    0.339883     0.502157     0.675342      -0.3852      1.43539    0.0699273    -0.473427    -0.119966     -1.05508
   -0.136297     0.201623    -0.222071    -0.875634    -0.538522    -0.442876      4.26971   -0.0479451     -0.56994
    0.843059     -1.61504     -1.10544      1.32568     0.418254     -4.98736      2.39898      1.32667      1.54007
    0.904664      2.16969     0.556026     -1.23819    -0.150877     -2.03186     0.648426     0.494154       1.9041
    0.414817     0.341879      1.16358    -0.339391      1.89092     0.433284    -0.229728    0.0791039    -0.292379
    0.319355      2.34557     0.459522    -0.425251       1.0332    -0.266352     -2.34915       1.8404    0.0383367
     0.41294     0.297936    -0.164089     0.439301  -0.00355941     0.256711    0.0814326     0.222393     0.489021
     1.29533    -0.329299      6.17523    0.0511888    -0.846477     -1.68368    -0.460248      1.22775     -1.22526
    -0.20187      2.05551    -0.263236    -0.123612     0.601584    -0.656871     0.349617    -0.135074    -0.799473
    0.546632      0.25748     0.311542    0.0321249     0.400327   -0.0807202   0.00419517   -0.0189662     0.403048
   0.0671603     0.213957      0.06906    0.0603992    -0.135077     0.357061    -0.074294   -0.0698828    0.0372085
    0.340105      -1.9088   -0.0936659      2.38879     0.750838      1.36471     0.752362     -1.94735     -1.63943
  -0.0423241     0.224352     0.163827    -0.538954   -0.0344141    0.0639795    -0.211575     0.128052     0.149133
     2.87207      1.75846    -0.990535     0.520977      1.13815     -0.59011     -1.11527     0.560553     -2.99391
    0.459398     0.559212     0.326686     0.409432     0.451814     0.230518     0.450393     0.474752     0.400285
     0.36478    -0.144934    0.0323134    -0.575279     -0.41565    -0.890767     -0.25325       4.8451    -0.187617
    0.302313     0.817875     0.340016     0.490498     0.260225     0.452864     0.100079     0.502485     0.112926
    0.108406    -0.346837     0.729477     0.211721    -0.209072     0.494944     0.480196    -0.193231      0.81802
  -0.0599481     0.217755    0.0376008     0.108671     0.111902     0.278141   -0.0922323     0.108381    0.0743316
   -0.203583      1.08813    -0.454195    -0.105213     0.834225    -0.332196      2.34639     0.995342    -0.645076
    -1.38148    -0.197095     -2.71489      1.34789      2.60054     -1.01223      3.08285     0.811096     -1.30492
   -0.162658     -1.78692      7.49149    -0.619231     -0.63097    -0.616402   -0.0398731     -2.33114     0.231046
    0.164967     0.144718     0.402079    -0.105524     0.386523   -0.0151881     0.309725     0.338681     0.387983
   -0.909612      3.44162      2.07937     0.347332      0.71307      1.43187    -0.692117     -2.09245     0.922919
    0.516124     0.392646     0.555781     0.566017     0.571715     0.651999     0.517602      0.46065     0.777915
    0.356781     0.346962      0.41461     0.163858     0.538983     0.218592     0.593296     0.521296     0.532492
    0.438764     0.513685     0.346107     0.500295     0.290403     0.602712     0.186492     0.372471     0.500387
    -1.80782     0.929591    -0.745094      0.15954   -0.0506302     0.469155    -0.233537      2.03177      1.25533
   -0.178935    -0.408327    -0.427949     0.435453    -0.277837     0.469337     0.775885    -0.968418     0.235186
   -0.618861    0.0247513     0.316708     0.845179    -0.448123      1.16952     0.915547     0.191601     0.244264
   -0.988987     -2.02722     -1.74826      1.60297     -1.78235      3.00992      1.55809     -1.09257     0.612916
   -0.170064     0.367342     0.327149    -0.296286      1.63152     0.564947    -0.648724     0.513392     0.419694
    0.253122     0.588957     0.168034      1.06952    -0.144746    -0.305715     0.585703     0.655633    -0.229416
    0.737685     0.591941     0.818772     0.251455      0.23773    -0.218447     0.372464    -0.173183    -0.263777
   0.0249299    -0.238777    0.0918288     0.328323     0.188636     0.492571    -0.295726    -0.166306  -0.00741833
    0.170699   -0.0633211   -0.0668988      0.24854     0.220504     0.218597     0.417986     0.389215     0.646963
   -0.333856     0.134001   0.00712105     -2.26513      0.86647     0.189844     0.223836      1.44375      1.44192
   0.0529839      0.31192     0.544585    -0.472625     0.218527   0.00357525   -0.0487931       0.3232      0.76594
    0.496404     0.222473    0.0732245     0.653397     0.318618     0.327691     0.153838     0.206029    -0.608203
  -0.0330114    -0.263862    -0.216042      1.04138     0.330866      1.47117     0.643553    -0.452481     -0.20418
    0.242028    0.0963196   -0.0589253   -0.0134105    0.0182305   -0.0968039    0.0768267     0.170655     0.126222
     1.41579     0.503722     -1.66882     0.859999     -1.26062   -0.0881483    -0.774092     0.816234     0.766971
    0.117121      -1.9627     0.738592     0.674361      1.04879    -0.228258      1.04917    -0.401819     -0.35631
    0.810162     0.295975     0.404381    0.0998569     0.238998     0.158798     0.104362    0.0419237    -0.501935
    0.870138    0.0459087     0.476107   -0.0296765    0.0746143   -0.0407426     0.064722    -0.601539     0.357132
   -0.477356     0.255954     -0.47531     0.180616    -0.232459     0.476573     0.920027    0.0850121     -0.27278
    -3.24587      1.10697      1.06493      1.07951      -1.5015   -0.0943262    0.0954752     0.559325     -1.64728
     1.91918    -0.802924       1.8711     -2.55244     -1.84702     -2.77346      1.92299     -1.37819       1.8389
   -0.389161    -0.454577    -0.694115     0.369196    -0.242865    -0.443269     -0.48251      3.36861     -0.56895
    0.121412   -0.0668584    0.0114968     0.518871    0.0997678     0.226843     0.285616     0.145948     0.138495
     2.01532     0.821701      1.97243     0.067483      1.33926     -1.21689       2.1274     -3.17764    -0.886844
  -0.0778064     0.303362     0.414114    -0.354746     0.762175     0.361242    -0.384461     0.202088     0.095716
     1.03068   -0.0563338     0.300585    -0.355382     -3.19721    -0.142845     0.665945    -0.309447      1.61377
     0.24411     0.174644     0.247207     0.304102     0.210249    0.0896796     0.348948     0.246428     0.162545
    0.182285     0.123023    0.0903833    -0.244436     0.028441    -0.210863    -0.199396     0.967433    0.0503487
   0.0242992    -0.185585     0.086055   -0.0501532     0.154779   -0.0202251     0.110828   -0.0180271    0.0560198
    0.200883     0.200686     0.348307      0.16734     0.152013     0.149187     0.210141    0.0417598    0.0980641
    0.124809    -0.405366   -0.0124747      1.00978      5.71412    -0.029194     0.622927   -0.0526447    -0.250516
     3.65078    -0.203262      0.79181    -0.831499     0.112193     -1.32473     0.556131    -0.294686      4.17088
     1.49191    0.0962216      1.81466     -2.67654      1.28749    0.0623839     -1.12299    -0.539801      2.90769
    0.950631    -0.140641     0.758591     0.726602    0.0539387     0.026393      1.24621     -1.26928     -1.03644
    0.173067    -0.823047      1.79192      0.51487    -0.744438       1.0874     -3.20454     -1.55327    -0.128498
     0.35589     0.186277     -0.30004     0.425579     0.151364    -0.484924    -0.103202    -0.324068    -0.141722
    0.461191    0.0643673     0.406633     0.489128    -0.064598     0.184057     0.100978    -0.353227    0.0603138
    0.108738     0.670162     0.400442    -0.244157    0.0867953     0.238673    -0.140206     -2.56162     0.430378
     3.66831     0.154499    -0.192567    -0.726041     0.414117    -0.977829     0.389917      1.34268     0.036797
    0.474602     0.307741     0.805003     -0.19448     0.504627     0.811569    -0.152322    -0.109964      1.01774
   -0.138161   -0.0320568    -0.104028     0.304733  -0.00222948      0.17439    0.0773609   -0.0250929  -0.00790086
    0.250788     0.419463     0.178386     0.187797     0.209297     0.205072     -0.17134     0.294714    0.0326317
    0.138825     0.167757     0.100569     0.157265    0.0502952    0.0951237     0.142391      0.15944    0.0109219
    0.639366    -0.160836     0.675745     0.208969     0.552967      1.62549     0.164178     -3.86806      2.16932
   -0.101487     0.230308     -0.60694    -0.300198     0.286807    0.0128499    -0.229579      1.15098     0.311569
   -0.171127     0.208541    -0.140783  -0.00328188    -0.111125   0.00744518     0.229712     0.265571  -0.00925478
   -0.177232    -0.530282   -0.0881124     0.886213     0.709263     0.729565     0.864926    0.0944913     0.202724
   -0.790869      -3.4889    -0.390127     0.125026     0.348183     0.811473       2.2415      3.72178     -1.06098
    0.251673      0.16515     0.467105    0.0211442     0.663061       0.1702     0.314208     0.327916     0.333565
    -1.28668      1.54554      1.89161     0.813234    -0.133221    -0.156504    -0.906803     0.859217     -2.74462
   -0.107645     0.314247     0.166948    0.0487083   -0.0696723    0.0755003     0.398384      0.16391  -0.00491812
    0.144609    0.0682777   -0.0216836  -0.00584769    -0.070381    0.0560077   -0.0472301     0.224191     0.161487
   -0.327244      1.32657    -0.900611    -0.657982     0.796066    -0.190801    -0.313234      1.58957   -0.0429847
     0.22698    -0.385886         0.46    -0.249153      0.14013    -0.340975     0.225399    -0.331372     0.196956
   0.0629402    -0.271087    0.0387711      1.00907       0.5865      1.24384    -0.380027    0.0879287     0.358964
    0.176962      0.15482     0.266974   -0.0222922     0.133472    0.0727837     0.129456     0.126791    -0.160446
    0.289501     0.826056    -0.108476     -1.39101    -0.305705     -1.24194      3.30856    -0.140753    -0.306132
     0.13538     0.293696     0.353629    -0.100101     0.166711     0.194418   0.00355274     0.141057     0.135989
   -0.677173    -0.201854      1.82391     -3.19676   -0.0741361     0.780979      1.00271    0.0386569      1.56711
  -0.0798149     0.210269    -0.896543     0.734459     0.349052     0.754244    -0.285326    -0.164017    -0.547751
   -0.423711    -0.337878    -0.498961    -0.521097    -0.549221      6.11721    -0.488347    -0.653881    -0.603065
    0.814366     0.944187     -1.06685      1.42172     -1.40082     0.458828    -0.346408     0.903025     0.299355
    0.122578   -0.0656814    -0.337514     0.693438     0.534596     0.570898      0.48356     0.125407     0.199992
    -0.13183      1.09802      1.07052     0.610723    -0.494508      0.94395     0.178497    -0.105263     -4.65984
    0.023905    0.0846815    0.0734374    0.0207239     0.267234     0.185616    0.0295757      0.68923     0.261385
    0.370336     0.288693     0.527494     0.184647      1.67628     0.674425    0.0218969    0.0935886      0.72006
    -4.62969      1.21263      0.34417    -0.153953     0.290701    -0.462702     0.329559     0.585474    -0.178655
    0.440335      0.55271    -0.102106    0.0908488    -0.334576    -0.416397    -0.248407    0.0778143     0.206061
    0.235366 -0.000487076     0.426752     0.226089     0.559876     0.520888     0.137914    0.0268192     0.319789
   0.0411533    -0.290453     0.287413   -0.0967217    0.0518415    0.0624624    0.0868167    -0.195113     0.149345
     1.15901     0.570732      -3.4647    0.0987962     0.140255    -0.893765     0.777768     0.566717     0.971859
    0.585522     0.124108     0.515081    -0.466867    -0.149802     0.132047      1.52162    -0.426363     0.916864
    0.295841    -0.070678   -0.0431631     0.347291   -0.0570767    -0.497361      1.19211     0.170285    -0.271107
    0.330359    -0.549986     0.174897    0.0963316   -0.0153818    -0.134788      0.67853    -0.348068     0.272428
      0.2908    -0.236508     0.326371     0.131659   -0.0982805   -0.0406536     0.214392    -0.363935    0.0778717
      1.1546   -0.0835791     0.815349     0.996526      1.55177     0.907108    0.0422697    -0.349326     -2.16794
    0.212999    -0.497852        0.917     0.222624    -0.035381    0.0752271     0.152993    -0.275115      0.38699
    -1.53599   -0.0293123    -0.204195     -1.49616     0.325493      4.32704   -0.0671018       1.8538     -0.53418
    0.677847     0.330917     0.514445    -0.255346     0.504635     0.374999    -0.806921    -0.736625     -1.44838
    0.614823     0.664792     0.909821    -0.585027     0.526623    -0.543698     0.324262     0.636279     0.796784
    -1.57653     -2.41007    -0.777449     0.798985      1.68592    -0.451568      1.46514     0.708718      1.38133
    0.801585     0.727248     0.504107    0.0928411     0.156582     -0.53178     0.237275    0.0832008     0.266135
-3.22886
-3.16724
-3.19499
-3.07819
-3.33178
-3.59536
-3.47254
-3.35452
-3.22976
-3.34203
-3.37558
-3.56626
-3.80812
-3.30488
-3.44657
-3.27602
-3.19794
-3.51473
-3.30699
-3.23025
-3.67377
-3.02484
-3.42666
-3.29362
-3.33048
-3.17591
-3.89137
-3.23033
-3.22534
-3.98339
 -3.3083
-3.83794
-3.39544
-3.36177
-3.41289
-3.83621
-3.14359
-2.28185
-4.05856
 -3.9581
-3.19348
-3.37857
-3.47464
-3.34933
-3.42006
 -3.3404
-3.20802
 -3.2389
 -2.9817
 -3.3217
-3.20681
-3.33923
-3.38432
-3.36197
-3.58953
-3.22245
-3.57746
-3.61916
-3.18435
-3.17073
-4.02992
-4.09681
-3.22998
-4.13212
-3.31346
-3.36724
-3.22916
-3.25247
-3.67257
-4.23889
 -3.2419
-3.75061
-3.76325
-3.75241
-3.19782
-3.82834
-3.27491
-4.48574
-3.37681
-3.79784
-4.30101
-3.70751
 1.19603
-4.14177
 -4.9317
-3.42756
-3.70129
-3.35854
-3.36933
 -4.5486
-3.11181
-3.36733
 2.51209
-3.21826
-3.35338
-3.27763
-3.29405
-3.35711
-3.40984
-3.63763
-3.60721
-3.25797
-3.46951
-3.79159
-3.26918
-4.54315
-3.04686
-3.02038
-3.15506
-3.47377
-3.27863
-3.33598
-3.19666
-3.30844
-3.16301
-3.26417
-3.33695
-3.30291
-3.28474
-3.35486
-4.62527
-3.86193
-3.12854
-3.20298
-3.26126
-3.33317
-3.95316
-3.72368
-3.48867
-3.13554
-3.24465
-3.34408
-3.27985
-3.33511
-3.14231
-4.07103
-4.95369
-3.52043
-3.48881
-3.16014
-3.63113
-3.29997
-3.39653
-3.93364
 -3.6421
-3.75725
-3.27323
-4.40071
  -3.013
-3.17321
-3.25281
-3.29924
-3.27756
-3.53782
-3.26062
-3.31611
-3.91251
-3.30492
-3.65747
 -2.6861
-3.15866
-3.41966
-3.30098
-3.17393
-3.26754
-3.26646
-3.18364
-3.32346
 -3.4983
 -3.8235
-3.16761
-3.22074
-3.37232
-3.61745
-3.78728
-3.32295
-3.51362
 -3.2434
-3.21534
-3.60303
-3.80585
-3.21749
-3.62108
-4.06907
-3.36387
-3.79279
-3.26079
-3.19942
-3.49763
-3.59515
-3.15862
-3.80575
-3.54432
-3.32838
-4.16184
 -3.5557
-3.42961
-3.22376
0.827552
-3.68631
-3.21962
-3.36493
-3.42514
-3.33569
-3.09092
-3.10127
-3.54889
-3.19454
-3.48097
-3.30594
-3.43686
-3.58258
-3.76233
-3.23893
-4.63955
-3.08185
-3.12501
-3.11086
-3.66267
-3.50983
-3.23756
-1.92492
-3.79528
-3.19601
-3.20494
-3.34743
-3.24709
-3.71033
-3.32384
 -3.3811
-3.26843
-3.31695
-3.78429
-3.29242
-3.43877
-3.43818
-3.64808
-3.21062
-5.17764
-3.48961
-3.21536
-4.10484
-3.43982
-4.91993
-3.20369
-3.39343
 -3.3184
-3.25857
-3.91641
-1.72056
-3.47114
-3.46897
-4.09506
-3.38278
-3.28552
 -3.2169
-4.24757
-3.09081
-3.29872
-3.27951
 -3.2866
-3.24773
-3.44058
-3.30854
-3.20317
 -3.7986
 -3.1597
-2.96584
-3.26901
-3.31479
-3.84289
 -3.4766
-3.33181
-3.40097
-3.92196
-3.24733
-3.44214
-3.54882
-4.22593
-3.77677
-3.22041
-4.52201
-3.30497
 -3.1882
-4.19292
-3.35703
-3.19838
-3.40372
-3.80332
-3.65458
 -3.3219
-3.41624
-3.38735
-4.16217
 -3.4898
-3.69862
-3.77058
-3.23464
-4.61222
-3.24825
1
4
300 10
   0.0771142      0.24273     0.495938     0.431241      1.16022     0.428062    -0.397186     -0.18985     0.349463      0.26483      0.11643     0.921846     0.921425    -0.248619     0.120638    0.0410151     0.442174    -0.450321    0.0814282    0.0682781     -2.16768     0.778951    0.0742999     0.507406     0.326766     0.445275    0.0837782    -0.658441     0.221406     -7.15616     0.261243      1.12294     0.188933     0.311652 -0.000768822     -1.19093     0.255141      1.03564      2.23452    0.0942085     0.664345     0.340108     0.811004     0.242545     0.149937    -0.397071     0.584653     0.207912     0.577859    -0.122683     0.191705     0.572747   -0.0859103  -0.00469353     -0.39792     0.306046    -0.154955     0.210307     0.637081      0.46883      1.13255     0.720564    0.0851443     0.986865      0.10618     0.238233     0.282814     0.503732     0.327262     -7.33536     0.447963    -0.100071    -0.579172     0.350378    0.0397217    -0.356551    0.0283045     -2.14283     0.437758     -0.24525    -0.340211     0.440449      3.50192     -3.81547    0.0566176     0.483545     0.871392    -0.684701     -0.17002     0.890568     0.276535      0.24744     0.967383      0.44026     0.277248     0.146198    0.0858936    -0.124935     0.130418     0.919555    -0.147095     0.066003     0.170865     -1.09243   -0.0125586      0.59165      1.01643     0.635982     0.582609   -0.0908325     0.477961   -0.0742032     0.361817     0.170188     0.313698     0.583252     0.241365     0.025247     0.169084     0.193918     -6.48409     0.229023     0.229754    -0.762122     0.170346     0.139368     -1.17556     0.576682    -0.219847       1.0821     0.412664      2.41683     0.257787     0.110726      0.55878     0.118442     -3.00094     -1.20747    0.0354018     0.480766    -0.295332   -0.0652863    0.0065854    -0.203571     0.024869     0.579567      0.20658     -6.60581      1.51605     0.266608     0.432572     0.673849     0.363445    -0.655111   -0.0481452     0.660406      1.45025    0.0605536    -0.030057     -1.04984     0.380162     0.188047       1.1227     0.364774     0.255428     0.197929     0.466216    0.0986999   -0.0884079     0.691351     0.293755     0.189668    -0.211274      1.03139    -0.981469     0.403141    -0.150569     0.578264     0.397778   -0.0721637      1.08493     0.918004      1.09741     -4.46371     0.496849      0.47351    0.0745003     0.167506      0.90586    -0.529027     0.374381    -0.529235      1.09646     0.751725   -0.0674619    -0.146026     0.451884    0.0336506     0.846766     -0.75951     0.349731     0.191526     0.205784     0.260104     -2.28717     0.293909     0.308652     0.230907    -0.561254     -0.24275     0.271163      0.17331     0.974805     0.274028    -0.649288     0.379942     0.535679     0.180468     -2.47229   -0.0793363    0.0764094     0.172895   0.00402245     0.616754     0.318189     0.240653     0.329062       1.0965     0.037925   -0.0944063     0.718473     0.103966     -1.40762      1.11859    -0.372787    -0.465833     0.140184    0.0735853     -2.43992     0.955023      0.39345      1.57703   -0.0201924     -3.30054     0.355421   -0.0566094     0.184303     0.232183  0.000486639      1.18421      2.68285      1.11199     0.234477    -0.455061     0.140066     0.477392     -5.01767     0.782951    -0.172428    0.0989305     0.154881      1.72413     0.437686    0.0724755     0.566578      2.42554     0.394707      3.15589     0.156041    0.0671711   -0.0842203    -0.163201     0.214698     0.160075     0.269868     0.351975     0.416479    -0.094039      1.31781     0.320827     0.457648      2.05752     0.259279     0.620809     -8.69019   -0.0307733     0.277358    0.0584527    -0.588377    -0.238901     0.472572     0.174712       0.1205     -2.16413   -0.0542269      1.24069    -0.241131     0.288234     0.996484     0.176721
   -0.186421   -0.0621517      0.11982   -0.0917184     0.857395       1.5092     0.122488   -0.0753081    -0.305849     0.798816   -0.0348381     0.668975     0.772412     0.141189     0.309056   -0.0684755   -0.0438372     -0.98177     0.243599   -0.0797427     0.671106    -0.158069     0.359652     0.135554    -0.500748    -0.441543     0.531032      1.08027    -0.129184      1.97945    -0.184826     0.478859    0.0939123   -0.0873089     0.472998    -0.830226    -0.102202    -0.585751      2.72974      0.51619    -0.105444     0.378843     0.473495   -0.0693506    -0.733144     -0.52501     -0.13882      -0.1128    -0.203771     0.028456      1.65199    0.0251756     0.490718     0.191495     0.619125   -0.0364678     -1.64547     0.778144   -0.0105378 -0.000490615    -0.223064     0.742773   0.00777528      1.35815     0.146678    0.0895398     0.145446    -0.244481     -6.77755      1.50022    0.0703902      1.32093    -0.007961      -3.9422     0.313217     -1.17043    -0.660044     0.385794    -0.925763      1.07249     0.781209    -0.627918     0.130165      2.23707       2.0437    -0.916881     0.304061    -0.294824      1.10352      1.13693    -0.124765    0.0576336      -1.2866   -0.0951724   -0.0570537    -0.404862    -0.408295    -0.333988   -0.0115557     -1.22856    -0.746713     -0.20856    -0.130625    -0.533367     0.539779     0.681277    -0.267554     0.183542   0.00750893     0.515505     -1.13762      0.14379    -0.235235    0.0213253    -0.119148    -0.266285     -4.93472     0.148774   -0.0186994     0.233293      2.48487      -0.7707    -0.170572       2.7026   -0.0450594    -0.423125    0.0298041     0.220171    -0.126549     0.723355     0.285983      0.81807     0.310868   -0.0566707    -0.136588      1.21684     0.923768    -0.530271     0.147208    -0.262007     0.262402    0.0241846     -1.86113   -0.0726884      1.50138    -0.495493     -1.19962       1.3639    -0.944896    -0.340064    -0.275023    -0.221003     0.201438    -0.286339    -0.620327     0.118911    -0.637153   -0.0620244    -0.493412      1.75799   0.00188998    -0.343434     -9.41747    -0.148649    -0.145489   -0.0544078   -0.0368608    0.0581659     0.128758     -2.20423    -0.247988    -0.130604    -0.309799     0.463038    -0.870473    0.0787506    -0.162981      0.22945     -1.00999     -0.19133    -0.733193     0.763162      1.21425     0.985288    -0.471412    -0.805584     0.345448     0.220241     0.383766     -1.41716   -0.0420408     0.115036    -0.448952     0.393039     -1.30963     0.097799      1.56411    -0.095325     -2.58185     -2.18779     0.357396    -0.193831     -2.32711   -0.0996188      2.27492    -0.234745      1.67303    -0.250365    0.0116554   -0.0909154   0.00545197     0.897676      2.59832   -0.0942959     -5.55776    -0.277174    -0.132325    -0.219467      1.80365      0.90038   -0.0835116       1.1054      1.03957    -0.167337     0.459114    -0.381635    0.0555393     0.404947    -0.106607    -0.121055   -0.0826587   -0.0218267    -0.819995     -2.85736     0.460353     0.804757     0.180721     -1.81735     0.507173     0.892889   -0.0341732     0.623748    0.0261888     0.251571    -0.026778   0.00948443    -0.223334    0.0543401     0.848918     0.922028    0.0642941     0.542104     0.354972  -0.00565741     0.533923       1.0273      1.51228   -0.0481253      0.17804    0.0589874   -0.0182431      2.17297     0.965251   -0.0627905     0.104838     -1.51867    0.0256332    -0.603209    -0.265527    -0.258435       1.0767   -0.0565627    -0.445926    0.0531771    -0.935145    0.0200539    -0.812433     0.208629      1.05332    -0.983475     0.401478   -0.0361336      0.27355    -0.118811      1.13821    0.0942393    -0.408089    -0.251194    -0.353406    -0.131004    -0.271737   -0.0529874     0.224079    -0.733833    -0.327763      1.47412     0.382375   -0.0296725      2.43819     0.375258
   -0.116087    0.0736822     0.186683     0.249605     0.379422      0.82579    -0.038461   -0.0464969    -0.116038    -0.354934    0.0435389      -5.2443      0.75583    0.0669288      1.31676   -0.0490027    0.0101834    -0.398613     0.913299    0.0122419    0.0727692     0.390059     0.250048    -0.308336    0.0804984      0.68555     0.662165      1.40817     -0.19759        2.051     0.322694      1.43938    -0.187926       1.4873     0.387687    -0.230204    -0.129926     0.656912     -2.51855     0.909896    -0.178306    -0.512991    -0.332467    -0.238997   0.00605779    -0.437967    -0.312029     0.125308     0.374325       0.9425     0.656569    0.0619931    -0.281772     0.280781     0.217158     0.330776     0.416335      1.33015    0.0164279    -0.239534      1.16221      0.96565     0.207076     0.978985     -0.52127  -0.00969728    0.0234676    -0.132502     0.189732      1.55483  -0.00577314      0.64369      1.87514     0.645665      0.40355    -0.105508     0.306992    -0.445315     0.500111      1.82136     -1.09993     -1.42906     -1.03386   -0.0404867      1.89594     0.773919    0.0771433      -1.6821     0.413545     -6.62549    -0.165826      1.78341     -1.99842     0.242801   -0.0453361     -0.35891     0.129136     -0.21794   -0.0296854    0.0877242     -2.79681   -0.0917066     -0.24889     -1.08174    0.0499559    -0.760763    -0.149009     0.306198   -0.0134269    0.0629022      1.53563   -0.0280701      0.27376     0.132313     0.167876    -0.287099    -0.174895      0.11099   -0.0388799     0.287051      1.02896      -2.2914     0.267457       1.2513   -0.0133317     0.085358    -0.912172    -0.284129    -0.325701     -1.10439   -0.0406922    -0.145519     0.272313     0.176039     0.201832      2.20455    0.0905551    -0.356146     -1.30057     0.165039      0.12896     0.272181    -0.200913     -1.03621    -0.251638     -2.50026     0.346086     0.478279      1.13002     0.374634     0.269326    -0.367645   -0.0265168     0.167411     0.288559      0.39522    -0.198681     0.458452     0.140757     -3.10272     0.148001    -0.194308      1.97587     0.029581    -0.133561   -0.0925887     0.346517    0.0534383    -0.338468     0.076152     0.110086    -0.170978    -0.346773     0.885735     0.781191   -0.0297279     0.367717    0.0251031    -0.585523      2.80263      -0.3268       1.4902       1.3146     0.248099     0.508355     0.705344     0.396994    0.0367745     0.387532    -0.461764    -0.156756    -0.281102     0.923462     0.438868    -0.884192    -0.106394     0.832108   -0.0959634      5.10407     0.356533      0.16174    0.0679877     -1.67961    -0.169308     0.673562     0.178363     0.281944     0.166905    -0.321403    -0.167465     0.485301      1.07557     -11.2324   -0.0198524     0.265758    0.0299184    0.0674472     0.141555     -0.27194    -0.310135     0.312462     0.977272     -0.53982     0.509337     0.274026   0.00638231    -0.305105    -0.285346   -0.0693406   -0.0640156    -0.364624   -0.0927144      1.43315     0.352205     0.256605    -0.175143      -0.3514     -1.92092     -2.66283     0.743844    0.0963785      2.31235    -0.358366     0.402473    0.0289202    0.0149702    0.0805881    -0.118134     0.733867     -1.59522     0.992842     0.327002     -1.49083     0.323916    -0.123572     0.501169     0.892424     0.248155    0.0425302     0.112382   -0.0795561    -0.326267    -0.614136     -0.37482     0.476343      2.79315     0.209644    0.0314222    -0.132016    0.0737295     -1.72166    -0.369875    0.0401394     0.168777     0.700872   -0.0976131      0.11921     -1.66579      1.42436      1.56004    -0.454177     0.293801    0.0427266   0.00867931     0.676811     0.607939   -0.0349009    -0.250048     -5.47026    -0.185779     0.205809    -0.256159    -0.489641    0.0777675    -0.992453     0.927153    -0.280976    -0.361183      2.35712     0.550086
     0.10114     0.263419     0.146465   -0.0639873    0.0246073     -0.13112   -0.0163616    0.0165984    0.0695801    -0.456381  -0.00711194      0.14708      1.04139     -0.20082     0.160756     0.240007    -0.486615      1.18711      1.14304    0.0990823     0.288779   -0.0171722      0.12032     0.420748    0.0317132     0.156547     -3.32782      2.41289   0.00050578      1.27217    -0.251849    -0.798262     0.368415    -0.098703   -0.0443186      1.20135    -0.176718      1.49247    -0.720282     -3.61507    -0.140941     0.342766     0.593002       1.5499     0.379444     0.348174    -0.296353     0.147119     -1.59845   -0.0439065    -0.546051    -0.268145     0.336011     0.139448     -1.57817     0.137096    -0.522838      2.06159    -0.146756    -0.318762      1.32256     -2.95924   -0.0444272     -5.34391    -0.173355     -0.46797    -0.131253     0.385649    -0.439713      1.62349    -0.152262     -1.09925   -0.0200174     0.284047    -0.603972      0.83309     0.448015       2.9008     0.278687     -2.38689      1.63619     0.575806   -0.0747969     0.290734     -9.83814    -0.751388    -0.802096       2.5802    -0.103456      3.16573     0.306747    -0.427281     -1.49739     0.253787     0.450229     0.397017   -0.0946649     0.420933     0.016533      0.82661     0.934958    -0.015697   -0.0510407     0.940007    -0.126396      2.74778    -0.159724   0.00703364    -0.291672     -0.10555     0.129328   0.00641486     0.196191    0.0501526     0.151629   -0.0975673     0.298206  -0.00772022    -0.326211   -0.0704807      1.63183      1.01942    -0.221568     -1.84735     0.193438     0.494226   -0.0329837     -6.30172     0.245872      1.83761    0.0254807     0.650187    -0.597554  -0.00991116     0.216293     -1.50125     0.288401     0.737029     0.357194   -0.0449703    -0.682322    -0.938523    -0.304332      1.11154    0.0714907      1.02995   -0.0646607     0.380418     0.284676    -0.189766     0.203356     0.368163   -0.0939307     0.255418   0.00817542     -0.53298      1.66308     0.109119     0.762106     0.616256    -0.201834     0.359816    0.0847902    0.0126196    0.0956871   -0.0691892     0.216171     0.377909     0.146953     0.275334   0.00835091   -0.0261904     0.315617      1.60793      1.07464    -0.117995    -0.484863     0.179759    -0.176452     -1.94678       1.0625     0.011755    -0.585715     0.254628    -0.267475     -0.63203   -0.0912697    -0.448966     0.103761       2.4011    0.0539559    0.0638045     0.759998      1.97373      2.85412     0.481462     0.505331     0.108759    -0.362564    -0.117403    0.0412264   -0.0559275       1.6205     -0.11607    -0.811067  -0.00101379     0.622801    -0.173654    -0.129215     0.136031    -0.122653    -0.896476   -0.0781175     0.181412      1.29077   -0.0440787    -0.234564   -0.0842279     0.457544     0.366826    -0.656205     -1.36641      1.59746    -0.599241   -0.0669399      0.24561    0.0883447     -2.54862     0.572832     0.341898      1.25812    0.0477478     0.357353     0.392004    0.0696148  -0.00761605     0.211073    -0.155473      3.09878     0.623935    -0.256135    0.0887497     0.860407      1.00804  -0.00449749     0.487224    0.0876597    0.0509448      2.35641    -0.995089     -0.63571     0.296276      1.27389    -0.237012     -0.41501    0.0415311     0.488843    -0.229247 -0.000223874    0.0923437   -0.0090827       1.0014    -0.257653     -0.02089     0.413584     0.322997    -0.176201    -0.398195    0.0611836     0.163388    -0.823448     0.109644     0.431725   0.00201796     0.520735    0.0617457     -3.64251     0.542403      1.17529   -0.0372185      0.37599     -0.08741     0.108646     0.876022     0.502455     0.463554     0.389132    0.0175121   -0.0445218     0.192627     0.675094     0.364466     0.125543      1.40311     0.026538    -0.216312     -0.50484      1.09438    -0.899897     0.679993
   -0.317768    -0.694715    -0.462032    -0.411446     -1.91527    -0.651939    -0.351423    -0.174063    0.0488969    -0.119606    -0.196973     0.403937     0.733517   -0.0293393     0.326515    -0.109533    -0.283971    -0.204293     -0.13402    -0.325307       0.4577    -0.215875  0.000822477    0.0624491     -0.18191     -0.83937     0.720163      1.88921     -0.28267     0.479506    -0.390492    -0.274103      -0.3489    -0.132796   -0.0712458    -0.109935    -0.357289      1.66297     -2.29921     0.295134   -0.0848018    -0.238166   -0.0345882     0.225731    -0.304636    -0.311522    -0.154517    -0.327836     -1.80402    -0.217483    -0.320756    -0.256978     0.104168     -0.77706     0.292042    -0.759093      0.53047   -0.0597432    -0.356922    -0.437631      1.55562    0.0117845    -0.399307   -0.0902926    -0.042089     0.100355    -0.214666    -0.218539      0.28923    -0.348258    -0.306398     0.490213    -0.659396     0.400712    -0.428854      -1.4805    -0.227268     -1.05919    -0.171746    -0.451135    -0.751533     0.212001      2.34536      1.13526      0.75249     0.116061    -0.520154    -0.357111     0.199835     0.873713    -0.976879    -0.641223      8.61549    -0.716218    -0.295874    -0.375833    -0.189096    -0.508012    -0.122435     0.132783     0.305339     -0.25765    -0.153518    -0.655874    -0.391371     -3.16326   -0.0159782    -0.878401    -0.617689     -1.50347    -0.243766    -0.393793     -0.14449    -0.183899    -0.322847   -0.0516641     0.976144    -0.251436    -0.236064   -0.0933379     0.844614     0.692801    -0.327186   -0.0447272    -0.410934    -0.359545     -2.97055      1.18503      -0.2531    -0.317194    -0.516258     0.308551     -1.05721    -0.210643    -0.257347  -0.00575448     -1.36052   -0.0395397     0.172099    -0.401679      1.11905    -0.172228     0.490894      -2.1254      1.01319     0.106454    -0.120944      0.94739    -0.376605    -0.338781    -0.549258     0.032351   -0.0480476    -0.690656    -0.352732    -0.329449    -0.454002    -0.190333    -0.928271       3.3876    -0.318885    -0.475528      2.05378    -0.245012    -0.382109    -0.278985    -0.530164   -0.0632892     0.237645    -0.199915    -0.411943    -0.331509      0.06126      -1.1715    -0.105404    -0.273375     0.191132    -0.221231    0.0846504    -0.527786     -2.77503    0.0331527     0.147841     0.787797    -0.199186       0.5666     -0.52848     -0.46622     0.257522     -1.13547    -0.308079     -1.79888     0.642132     0.983573      1.44504     -2.34877     0.378253   -0.0993743     -2.42675     0.215183     -0.43236    -0.278832     0.744191   -0.0845738     -1.71007    -0.530339        0.552    -0.267334   -0.0528006    -0.336597    -0.550756     -3.54533      1.19204    -0.362547    -0.423439    -0.300124    -0.585031    -0.393043    -0.791243    0.0196041    -0.687066   -0.0266614     -1.95763    -0.252847    -0.513651    -0.269853    -0.326081     -1.05593    -0.221821    -0.191138    -0.150946  0.000241597     0.507224    0.0611485    -0.120683     0.322726   -0.0110682      1.55801      1.95154     0.681617    -0.424312     0.994089    -0.875187     -3.00423    -0.303831     0.248086     -0.34909    -0.200326     -10.9169      -1.4395      1.49244     0.425193     0.450598    -0.268074    -0.311237    -0.249999     0.120141    -0.683698    -0.347049    -0.239951    -0.166298     0.136763    0.0731728   -0.0219648    -0.872347    -0.117042    -0.924208    0.0263069   -0.0691624    -0.401473    -0.483508     0.243727   -0.0657875   -0.0468126     0.964329    -0.197516       1.1201    -0.338037     0.617761    -0.625885    -0.995976      0.12457    -0.236477     -2.41687      1.90071    -0.117925    -0.599243   -0.0133466     0.974991     0.347443    -0.276358     0.271541    -0.131317     -1.72355     0.240085      0.80539    -0.603818     0.105376     -1.83165    -0.198147
  -0.0482481   0.00692588   -0.0842382    -0.405946    -0.452249     -2.08579    0.0925056   -0.0323209    0.0200664    -0.936428    -0.171816   -0.0215093     0.518477    0.0651962    -0.070606   -0.0698973   -0.0235166     0.693161     -2.72034    -0.218145    -0.550863    -0.443385     0.443812    -0.137578     -0.16851    0.0841524      0.40683     0.497343    -0.145768     0.579243     0.746076    -0.636059    -0.248609     0.242151   -0.0562271       1.0634   -0.0140346      -1.9894     -2.50176     0.846934    -0.051064     0.514362     0.160209     0.596386    0.0964826     0.354048    -0.110445   -0.0564764    -0.683067     0.760175    -0.727347  -0.00320614    -0.490235     0.239236     0.911218   -0.0738268    -0.145626     -2.34544    -0.237223    -0.208788      1.23152     -2.10356   -0.0500701     0.762658     -0.16878    -0.288986   -0.0340661    0.0993109     0.651398     0.933873    -0.220521   0.00105342      1.03645     0.642918     0.101759      0.24028   -0.0860593    -0.276821     0.265177    0.0958326     0.801653     0.922982     -1.76686    -0.259853     0.885583      1.50808     -1.63199      0.92573    -0.853156    -0.876254     0.267564     0.160853     -2.03924  0.000828178    0.0546815    0.0787306   0.00465922      1.16814    -0.164483     0.731297     0.267898    0.0775911     0.434571     0.885118     0.727853     -1.03152  -0.00862661    -0.350328     0.125083    -0.265317    -0.579678   -0.0312705   -0.0470372   0.00854197    -0.132464   -0.0849171     0.565952     0.096764    -0.142262    0.0938625      1.80559    -0.275129    -0.336716      -1.1614    -0.137301    0.0496763      2.16449      2.75605     0.326104     -0.70274   -0.0308822    -0.779835    -0.239288   -0.0761906    -0.264561       2.4305      1.85265      0.94527    -0.666721      -0.0434       0.7439     0.118766  -0.00884098    -0.106982     -0.92303     0.472439   -0.0190241     0.456107    -0.163381     -0.20545    -0.205906    0.0319828     0.583488      0.81807   -0.0364087    -0.968748     -3.28628     0.279605    -0.127108      3.60311  -0.00185566    0.0798614     0.367943    0.0173348   -0.0256442     0.109564    -0.151048    -0.318371    -0.202897      1.04267     0.277316   -0.0334284    -0.671247       1.7546      1.08973   -0.0941584     0.643709     0.119071    -0.510764     -0.12291      1.90703    -0.944734     -1.63664     0.393486     0.103284     0.130707    -0.415873    -0.149255      1.10161     0.811098    -0.137215   -0.0599809      1.39454     -7.63599    -0.296259   -0.0993149    -0.832499    -0.121447     -0.22735      0.11364    -0.410215    -0.216303     0.958924     0.154795      2.11132    0.0177726     0.887525   -0.0332054     0.577864   0.00532121       1.3118      2.66095     0.702801    -0.133548      1.28103    0.0859682    0.0454819    -0.082043    -0.264455     0.141349     0.346327     -3.82949    -0.251711    -0.683601    -0.850966      0.27108   -0.0993282    -0.403318     0.171666     0.438531    -0.371302    0.0804087    -0.944473    -0.701447     0.092654    -0.331378    0.0947988   -0.0832042      2.02629     0.729068   -0.0870482     -1.59134    -0.183234      2.71414    -0.152928     0.211702    0.0387382    -0.186107      1.89497     -0.84334      1.34444     -1.10366      1.12176   -0.0925236    -0.375607   -0.0717129      1.89051    0.0237111   -0.0739812   -0.0900329   -0.0232536     0.412154    -0.269216     0.005644     0.308431    0.0380622    -0.036618     0.949179    0.0342797     0.157212     -0.15179    -0.179278     0.748805    0.0329845      1.94156   -0.0052864      2.18896     0.692431     -8.95246     -1.80384     0.359219     -1.06446    -0.146612    0.0186686     0.158471    -0.481672   0.00988347    0.0133765      1.58455     0.979056    -0.351495    -0.278528    -0.203989      1.51442      0.25316     -5.56321    -0.633147    0.0199829    -0.713149    -0.692918
    0.466172   -0.0415165     0.333915     0.180649     0.386518     -2.04305     0.265518     0.162798     -0.13655     0.302033    0.0631279      2.44874     -4.63859     0.215068    -0.888697     0.104037    0.0995984      1.45523      0.28753     0.079095     0.300449     0.116024    -0.253268     0.739997     0.061204     0.242581     0.790821     -6.94202    0.0203638      1.18627     -1.18087     -1.40182     0.324913    -0.796873    -0.834437     0.842074    0.0922294    -0.894856      1.47715    -0.786621   -0.0256655     -1.11093     -1.59464     0.796119    -0.293904     0.363832    -0.357935     0.103682      1.83485    -0.935166    -0.196807   -0.0985658    0.0402374     0.154369    -0.189301     0.133446       1.3152     0.134002  -0.00673907     0.258585       1.6578      1.69043   0.00327364     -1.56806    -0.111263     0.184027     0.124479    -0.656923      2.60665      2.67476   0.00849237     -2.25332     0.423702     0.309551      0.10749       1.6953    -0.141851      2.09128    -0.295962     0.158672    -0.202428     -1.13628    -0.550051    -0.269325      1.80898     -1.47884      1.18724    -0.111642    -0.594188     0.126005     0.172476     0.975262    0.0514048     0.852429   -0.0953718       0.4021   -0.0711747     0.461362     0.201778     0.199447      1.52283      0.11202     0.110021     -0.18261    -0.287438     -1.07296      1.15249     0.507645  -0.00285893      1.20046     0.232046    0.0540616    -0.208061    -0.122595     0.291371    0.0412333      1.45588    0.0173869    0.0787206    -0.847165     -1.38663     0.759981     0.653026     -1.18068    -0.135605  0.000343695     0.425819     0.666463    -0.976168    -0.734335      0.19667    -0.612379     0.241657     0.330778    0.0718452     0.326804     0.578025     0.613743      1.48386     0.255621     -1.65654     0.481253     0.749119    -0.393756     -5.19249    -0.185312    -0.135136     0.557752    -0.344232    0.0230779     0.407444    -0.224523    -0.557896     0.417063     0.504623      1.36894      1.12815      0.27282      1.59149     -2.59092   -0.0410732     0.139068     0.527812     0.137373    0.0651819    0.0196452     0.106926    0.0280863     0.232733    0.0618579     0.188732     0.254949        1.278     -4.27284      1.29001     0.207573    -0.331082  -0.00746803    -0.227748      1.25958     0.777347   -0.0432146     0.382556     0.437604    -0.579621    -0.836617     0.129211     0.680136    -0.406245    -0.654403    -0.044369     0.957177     -5.96658     0.685143     0.134264      1.67556      -3.5875     0.692556   -0.0642158     0.249451   -0.0115846     0.179951       1.0075     0.415695      1.02642    0.0983493      1.11013   -0.0900487    -0.191685       0.4215     -3.03193     -2.49863       1.6465     0.285849       1.8919    0.0160467   -0.0863967     0.183192     0.272949     -0.86497    -0.673182      -0.1684    -0.178897     0.121158     0.337384     -0.38393      0.12643      1.70261     0.261287     0.414475    -0.536909    0.0965742      2.27625     0.805068     0.339113  -0.00150075    -0.753986    -0.801085     -1.89451     -0.41132    0.0357511      1.47999     0.291006      1.60216     0.154729    -0.276102     0.232471     0.183228      1.58193    -0.646794     -1.95233     0.078362     -5.00064     0.326368     0.109406     0.294715    -0.225364    0.0470232   -0.0172961    -0.289085     0.125732    -0.841727     0.720701  0.000844333    -0.489058       1.2803     0.333993    -0.468809    -0.151158     0.119649     0.701973     0.352843    -0.832914     0.253075     -4.81062     0.278739     0.973145     0.418932      1.47658      2.65663    -0.365145      1.71896     0.166583     0.363018      0.65014      0.39605     0.211873    0.0962782      1.56305     -1.55068    -0.834321     -0.44492   -0.0365419      2.33795    0.0812148     0.646113     0.683295    0.0347824     -1.37404  0.000144494
  -0.0316837    0.0766363    -0.358917    0.0724658    -0.450789      0.95069     0.312134    0.0159907     0.225556     0.769057   -0.0494757     -0.44809    -0.205884    0.0663976    -0.939505   0.00670935     0.082194     0.446529    0.0521387    -0.103653     0.388755     0.094374   -0.0913157     -3.42125     0.253213   -0.0780177      1.23965     0.246725     0.130065     0.144826    -0.396319     -1.76332    -0.107124    -0.215338     0.232071    -0.534143     0.155122     -2.21277      1.24208     0.371321    -0.087969    0.0442085    0.0186782     -3.33902      0.26927    0.0409943    0.0282812    0.0159778    -0.782618    -0.183122   -0.0243578  -0.00319493     0.231938    -0.201922     0.346176   -0.0809674      0.24083    -0.988881   -0.0543642     0.351684     0.805219     0.922329      0.12556      1.19243     0.522988    -0.160366   -0.0445548     0.357807      1.53794    -0.794456    -0.549345     0.771587     0.503944     0.909199    -0.119755    -0.890313     0.131637     0.624047     -0.37772      1.35086    -0.245515    -0.340103     -1.36534      1.45489      1.03292    -0.133073     0.184426    -0.520652    -0.723735      0.82516   0.00398818     0.068554     -1.05218     -1.88757    -0.171896   -0.0988169     0.398404    -0.125175     0.132193     -1.36064    -0.532869     0.132361      0.25704      1.96179    -0.219522      1.21684    -0.626007    -0.523046     0.331317       1.4525     -1.82441     0.386788    0.0768007     -0.25508    -0.238174     0.233688     0.853801  -0.00281922   -0.0207765     0.116744     -1.79176     0.624418    -0.364719       0.9767     0.209543   -0.0722388    -0.162728     0.589765     0.583665     -0.11364      0.10739     -2.69645     0.219263    -0.244267    -0.188804      1.44202      1.99061    -0.719085    -0.143243     -0.10106     0.678924     0.221949      1.03665      1.29595      3.09817     0.828852     0.876126      1.99508      -1.8986     0.392431    -0.127912    -0.196964   -0.0659066     0.417152    -0.053188     0.313697    -0.108299    -0.173497    -0.485023      0.15625     0.220231     0.281424       3.1208   -0.0112924  -0.00371895     0.136327      -0.1409    -0.181049     0.990469    -0.900904   -0.0597252     0.123905    0.0906541    -0.138852     0.863279   -0.0962053     0.785964    -0.372328     0.424158    -0.473321     -2.05333    -0.330233     -1.64193       1.2816     0.993828      1.32709    -0.303182    -0.136759     -2.63695    0.0649351     0.135949      1.62502     0.412691     0.341193     0.917721      1.21714      1.65523    -0.170545     0.165891      1.30879    -0.337559    0.0815354      1.32092   -0.0946561      2.13876     0.242722     -6.01688     0.277162     0.760523    0.0565295      1.09855    -0.111544      1.93284  -0.00390723    -0.165676    0.0784007     0.137697   -0.0028359      2.14914    -0.723035    0.0103352      1.24018     0.905601    -0.270915     0.168931     0.211405     0.388008     0.480035   -0.0957325     0.262537    -0.361072    -0.159132    -0.786423      1.10145     0.462248    -0.152895    -0.141139     0.186009      1.13576     -4.08903     0.178954     -5.46151      0.47503      1.69589     0.132426    -0.781039     0.145005   0.00560975       1.0606    -0.169181     -3.37936   -0.0694134      1.17686   -0.0981162     0.449173     -2.98522     -0.56926    -0.595337   -0.0928871     0.229158    0.0167187     -5.13963    -0.143826     0.178796    -0.192771     -5.24936     0.112022    0.0731585  -0.00315359    -0.187832      1.36017     0.161064    -0.253321     0.117776     0.307145    0.0568027    -0.526498     0.186549      1.20368    -0.329232    0.0766555      3.00206    -0.314937     0.317855      1.83703    -0.438321     0.189499     0.183281     0.870872     0.853081    0.0193819     0.498439     0.342464      1.01561     0.643353      1.29531      1.50437    -0.309726    -0.440714    -0.353354
  -0.0102553  -0.00277054    -0.330042   -0.0271986     0.231144      1.61093    0.0242912    0.0796378    -0.160297    -0.195395     0.189802      1.05916     0.287888   -0.0151469    -0.643924    -0.179117     0.478379     -1.61303     0.295908     0.201628     0.258161    -0.612407    -0.859074      1.88411   -0.0870991     -0.35672     -0.95671    -0.161164    0.0611046    -0.404833      0.90343      1.89595     0.139483    -0.611278      0.28878    -0.272815     0.154721      0.72271     0.435056      1.19413   -0.0149734     0.141634     0.348344    0.0916305     0.154732     0.448949     0.692466  -0.00612323      2.22222    -0.254309    -0.459541     0.136097    -0.339287  -0.00407047  -0.00911322    0.0954391    -0.397089    -0.785778     0.205985    0.0188388     -8.68964     0.178988   -0.0534857      1.61721    0.0424549     0.187827     -0.24067    -0.193803      1.51379     0.287718     0.630149     0.513149     -2.55576     0.479862    0.0493642      1.22665    0.0880226     -2.22673     0.401587     -1.51561    -0.804507      1.04659     -1.12417    -0.483901      1.12438     0.540376     0.278909    0.0898831     0.678406     0.719531     0.105638     -2.14303      -1.7094      1.11145  -0.00885693    0.0831604     0.135964     -0.50684    0.0103915    -0.170639     0.918122    0.0055946   -0.0756829     -0.13133    -0.147163     0.753325    -0.844466    0.0280358   -0.0122487    -0.913964      1.56343    0.0679186    -0.198559     0.238118    -0.141593    0.0626679     0.650562    -0.193219     0.372455     0.471364      2.00861   -0.0922095    0.0477708     0.159305     0.145651   -0.0529881      2.61204     0.436527     0.510145    -0.244265   -0.0207536   -0.0158675     0.500339    -0.179374     -0.21694     -6.32993     -1.33021     0.621802    -0.484551    0.0156258    -0.251165     0.314735     0.243743       1.3117     0.736047     0.635586    -0.170775     0.319492     0.890477   -0.0378596     0.102424    -0.143887    -0.225063    -0.229932     0.352663     -1.03442     0.206559      -0.5343    -0.325857     -2.65141    -0.310861     0.115844     0.471524     0.151438     0.196221    0.0800966    -0.105109    0.0047643    -0.960072      1.01637    -0.356373    -0.133663   -0.0172809   0.00732415     -3.03224     0.147716    -0.807364    -0.461011      1.53721    -0.340224      1.17652     -2.00162    -0.236206    0.0356892    -0.508249    -0.927181     0.622466     0.164532   -0.0486403      1.00882    0.0103996    -0.235719      1.12165      2.06492      -2.6827    -0.451053    -0.900129     0.055823    -0.310633      1.17147     0.320693     0.168607     -2.09818    -0.146613     -3.39089    0.0600217     0.331126    -0.109301    -0.169038    0.0228649     0.483133      2.37671      2.12091    -0.169767      2.34215   -0.0767035   -0.0576225  0.000777064     -1.03406      0.36912      1.38811      1.94335    -0.174953     0.621142    -0.273612     0.294043    -0.307999     0.599923    -0.865796    -0.979102    -0.346587    -0.121611    -0.342032    -0.288929    -0.890053   -0.0625921     0.601076      2.87701     -2.19827    -0.164615   0.00936413    -0.164516    -0.155669     -1.32593  -0.00618101  -0.00700346    0.0393098    0.0923107      2.19337      3.76152    -0.617504     -1.24817      1.91237     0.597955    0.0948112     0.895071      1.03012     0.219102     0.415604   -0.0381649   -0.0388346     0.731676    -0.646325     0.398263    -0.477502    -0.243554    -0.145831     -2.65196     0.453764    -0.127529    0.0691388    -0.241127     0.197104    -0.242862     0.953994    -0.100319    0.0258317     0.118616      0.63571    -0.625588    0.0286715     -6.00339   -0.0915206     0.521025      1.91484    -0.211577     0.141623    -0.011548      1.48409     -0.27298     0.369054    -0.184369    -0.167775     -1.32199   0.00163115    -0.512514    -0.628412    -0.799135    -0.213564    -0.376195
  0.00227123   -0.0203179    0.0522625   0.00441923     0.137583   -0.0161267    -0.116015    0.0427221    0.0124323    -0.109772    0.0366356  -0.00464811    0.0736788   -0.0222518    0.0581173    0.0157343   -0.0945995    -0.225395    0.0675708   0.00068998   -0.0196964    0.0473581    0.0617438    -0.127951    0.0740451    0.0940208      0.15521      -0.0807   -0.0265048     0.126386     0.270352     0.747971     0.033438     0.216089    0.0137349   0.00310649   -0.0696738   -0.0294964    -0.202075    0.0325297   -0.0421997    -0.147638    0.0584277    0.0445745    0.0260415    0.0974005   -0.0901223  0.000704075    -0.241581   -0.0528349     0.215406   -0.0358412   -0.0077168    0.0305364   -0.0548237 -0.000326164    -0.705501     0.258118    -0.030345  0.000186801    0.0307124   -0.0885667  -0.00757115    -0.200146    -0.101065     0.071379  -0.00466688     0.011074    0.0857457   -0.0390731    0.0144813     0.184109   -0.0742536     0.143247   -0.0173586    -0.100205  -0.00562878    0.0574337    0.0236374    0.0824719     0.927338     0.121358      0.50049    -0.256813     -0.12214    -0.107887    -0.174299    -0.133283     0.137281   -0.0781126   -0.0282223    0.0809669     -0.52024    -0.104833    0.0630504    0.0395262    0.0270679     0.442494   -0.0454846   -0.0174761    0.0220872  -0.00263503    0.0346674   -0.0737329    -0.083393    -0.394375     0.139887    -0.105846    0.0332414     -0.11538    -0.178045    0.0638743    0.0273516 -0.000983844   -0.0220067   -0.0434213     0.162131  -0.00565745   -0.0327243  -0.00418913    -0.301125    -0.143674   -0.0773935   -0.0654805 -0.000602208    0.0568795   -0.0160041   -0.0518504   -0.0654082    0.0739184    0.0211786    -0.349716    -0.111303    0.0195015    0.0281617   -0.0881297    -0.299557     0.494804     0.129852   -0.0187075   -0.0415207    -0.114297      0.13105    -0.271115     0.123601     0.370605      0.11084     0.090651     0.106019    0.0314351    0.0525612    0.0152524   -0.0215443    -0.383058   -0.0250353   -0.0474103    -0.191973   0.00208443   -0.0684291    -0.138942  -0.00876244    0.0419792     0.128426   -0.0222691     0.019413    0.0440139   0.00434006    0.0648013     0.409067      0.14558     0.026983    0.0138648     0.130737    0.0376773    -0.055086    0.0787196     0.239349     0.012938      -0.4995    -0.142592    -0.274918     0.185748     0.534093  -0.00841852     0.162286     0.648625    -0.035274   -0.0738534    0.0128392     0.282236   -0.0358269    -0.219838     0.140729     0.364633    -0.276648    -0.211226     0.235294  -0.00119459    -0.255518     0.142637   -0.0410574    0.0295846     0.112469    0.0972021    0.0229348   -0.0293542     0.183861     0.049539     0.093881     0.023081    -0.037343    -0.298707    -0.232145     0.069138    0.0131469   -0.0706208    0.0136525   -0.0325707    -0.312583  -0.00196346    -0.278576     0.272225  -0.00196155    0.0353522    0.0102631    0.0080154    0.0571916    0.0190151    0.0865663   -0.0609951     0.101332    0.0356994   -0.0093546     0.125132    -0.139315   0.00354011    0.0430269   -0.0611492     -0.27129     0.120846   -0.0328317    0.0565765   -0.0112277  -0.00201131   -0.0143671    0.0183008    0.0424895   -0.0161188    0.0723391     0.247176     0.105393     0.213385    0.0630166   -0.0846931   -0.0584202   -0.0754965    -0.152875    0.0106284   -0.0111377    0.0072786   0.00504774    0.0385025     0.125562    0.0666874    0.0121424    0.0607009  -0.00635618    -0.013416    0.0609827    0.0331098     0.710754    0.0870953     0.177917   -0.0220876   -0.0324063    0.0136007    0.0636909     0.194776    -0.143892   -0.0762666    0.0269138    0.0891347    0.0542878     -0.10771     0.414317    0.0351511   -0.0328003    0.0539754    0.0253049     -0.06623     0.134172    0.0524244   -0.0314744    -0.245771   -0.0913085     0.078991    -0.385617     0.114617    -0.151809  -0.00372932
  2.05209
0.0452469
 0.492452
0.0796024
 -3.82482
0.0376642
  1.20555
-0.197603
 0.780691
 0.125239
