2 16 0.5 900
1
1
9 300
    0.114197     0.338121    0.0966043     0.222424   0.00419659     0.404257    -0.038328     0.218822     0.205578
    0.304659     0.239959     0.345329     0.383248     0.525732     0.625025     0.133851     0.245296     0.451049
    0.164211    0.0323777      0.23421    0.0318346     0.471051     0.235952     0.177677     0.683094     0.574541
    0.420738     0.441318      0.43899     0.606483     0.379517    0.0980281      0.71908     0.621576     0.403455
  0.00170639    -0.478225   -0.0823401    0.0940571      1.55881     -0.07314     0.335636       1.0014     0.994736
     1.53148      1.89794     0.503859     -1.42827      2.22352     -1.68731     -1.90172     0.807434     0.961305
    0.478863     0.196494    0.0428824     0.128947     0.263006     0.120948    -0.102396     0.064617    -0.104952
    0.206895     0.135428    -0.103396   -0.0393272   -0.0591465    -0.151495   -0.0478063    0.0422784    0.0712944
     0.29902     0.183063     0.401052     0.283458     0.357785     0.189757     0.729031     0.306913     0.520266
    0.777939     0.145663     0.948373      0.75575   -0.0453893     0.129864     0.515369    -0.496024     0.127731
  -0.0318284   0.00208762    -0.130159    0.0569917    -0.098488    -0.249812    0.0697476    0.0696853    -0.123223
  -0.0965316   -0.0868481     -3.82142      1.08913   -0.0142072      1.03254    -0.290282    0.0965097     0.431281
   -0.160334     -0.87554    -0.455239    -0.015314    -0.178005     0.633474      3.59609    -0.697035   -0.0858941
    0.543834      0.30886     0.332616    0.0273873     0.174404     0.263774    0.0879238      0.21507     0.501213
    0.940146     0.705559    -0.433321     0.432368     0.104664     0.568222     -1.31915     0.733324     0.933448
    0.331342     0.164571     0.168641    0.0445919     0.151216    0.0532304      0.18793      0.16788     0.473085
   0.0584804     0.211946     0.251459     0.792148   -0.0470002     0.291254     0.326116     0.188159    0.0169116
    -1.35032     0.900843     0.521411     -1.66422      0.38453     0.503613     -1.32163     0.478953      1.34482
    0.501944      0.90998    0.0971716     0.461894     0.266608     -2.24207     0.334351     0.349487    -0.104684
    0.336606      0.15976      0.10754      0.16773     0.180188     0.243187    0.0100079     0.137522      0.38473
     2.16229   -0.0307459       0.2799     0.251412     0.120709     0.439976     0.199091    -0.422531     0.303074
    0.587065     0.539908     0.975651     0.633531     0.724324    0.0605652       1.1244     0.368853     0.145918
     0.34556     0.267817     0.626785   -0.0182386     0.217368     0.343021    0.0552175    -0.292936      1.03184
    0.773324     0.501917     -0.57753     0.756237     0.580629    0.0585073    -0.363617     -2.85296     0.700993
  0.00321618    -0.442621    0.0635779    0.0982081     0.106793   -0.0866291     0.337954  -0.00145737     0.108815
  -0.0716655    -0.470541     0.405103     0.279384      0.74327     0.405823     0.576014     0.308497      0.46423
   -0.168101      1.65684     0.772958     -2.23596      1.27339    -0.164039    -0.745545     0.576612     -1.21652
   -0.408986     0.188649     -0.59257      1.21374    -0.294282      0.77916     -5.15232      1.50814     0.844231
    0.250378     0.181856     0.373527      0.34151     0.210792     0.504455     0.132519    0.0362586     0.236623
     -4.6143    -0.658991     0.112024    -0.144227      1.36151     0.498516     0.861181      0.15913      1.35684
     0.50798     0.119216     0.848952     0.741155     0.216908      1.85935    -0.841235    -0.587069      1.08755
     2.42555      1.38521      1.22628     -1.10738       1.0877      1.47955     -1.65688    -0.190616      2.46673
   0.0162668     0.135565     0.427012   -0.0517969     0.349659    0.0390856     0.105235     0.513366     0.293939
    0.321219      0.14151     0.841193   -0.0966765     0.679103     -1.09572        1.207   -0.0293024    -0.993405
    0.490699     0.514325     0.148017     0.211078     0.243719     0.118906    -0.773704     0.168144     0.259449
     1.77573    0.0384861     -1.23612      1.31801     0.334334    -0.289768     0.765287    -0.416985    -0.437305
    0.486787     0.528785     0.644549      0.79901     0.362367     0.717725     0.258844     0.161355     0.282227
    0.716392      3.17414     0.166799    -0.360218     -1.19391     0.467076     -1.95193    -0.734521     0.877935
    -1.41204    -0.836018     -3.18246     -2.22624      2.60194       1.5595      1.51981      1.67624      2.15284
    0.127974     0.187508     0.373164      2.70154    -0.206354    -0.385446     -0.86012     0.378112    -0.357314
    0.180501     0.511938     0.518863     0.693341     0.128646     0.563355     0.390851     0.365784   0.00120546
    0.336387     0.517211     0.103779     0.356629     0.545289     0.952162     0.987112    -0.200675      0.83832
   -0.189524    -0.340398    -0.761531     0.425744     -0.33913     0.306961      1.62872    -0.185476    -0.288528
    0.614364     0.211005     0.761075     -1.87531    -0.208744    -0.754061     -1.18866      2.58764      0.61571
  -0.0753579    -0.574864    0.0642682    0.0736295    0.0870624     0.336532    -0.346736    -0.276006    -0.161351
   -0.430502     0.423211     0.408658   -0.0118891    0.0222027     0.531896    0.0547872     0.178975     0.200241
   -0.190355     0.362195     0.484314     0.666497    -0.177766     0.526803     0.731758       0.3273   -0.0216367
    0.230381     0.189815     0.136432     0.163779     0.177165    0.0491798      0.16485     0.265312     0.164878
    -1.48164     0.905763    -0.331913      1.82131     -3.29706      2.62752    -0.646086      1.16916     0.220232
   -0.197965    -0.614893    -0.330034     0.841594     0.121453      1.57298    -0.438551    -0.394093      1.23861
     1.63144      2.04915      2.17677     -0.13914     0.282524     0.163359    0.0406191      0.13409     0.113918
   0.0246804     0.120972   -0.0115747     0.356242    -0.182836    0.0946275   -0.0185208   0.00716633    -0.221721
    0.633575   -0.0861663     0.479918     0.188057    0.0588037    -0.153248     0.363865    -0.372415     0.249943
  -0.0938878     -0.25043    0.0352259     0.307913     0.337179     0.200874     0.224079    -0.269888    0.0361046
    0.615797     0.179565     0.635456     -1.03805    0.0983504      0.15096     0.256093   -0.0928735     0.436925
     0.22193   -0.0223319     0.238387     0.198199      0.46437     0.120828     0.289956    0.0832032     0.310729
   -0.634051      1.15083    -0.967296    0.0244766     -1.31043     0.842295     -1.51043     0.964203     0.237604
     2.31372     0.446471      0.76432      1.74132    0.0166206     -1.46079      2.24277    -0.510248     -1.42362
    0.120963     0.157416     0.237342     0.463753   -0.0387716     0.153263     0.350885   -0.0721131    -0.119016
    0.291308     0.276678      0.25771    0.0970144     0.374598     0.406343      0.26278     0.537832     0.637967
    0.264327     0.548912    -0.267235     -1.65999     -1.72748     -1.18135     -1.22091    -0.220079       6.6022
   -0.974805      0.15465     0.919498      1.89409      1.23355     -1.65006      1.27057      1.23926     0.608214
     0.14371    0.0293972     0.153736     0.316715     0.191548     0.289755     0.232798     0.174037      0.30139
      2.5552      2.07369      1.54515     -3.82221      1.73736     0.269477    -0.187634    0.0064268     0.487723
    0.417465     0.102326     0.605325     0.465705     0.195903     0.349512    0.0014892     -0.24985    0.0968578
   -0.261174     0.183131     0.207759    -0.104288   -0.0934977     0.262932     0.157509     0.163418    -0.128327
    0.271677     0.450829     0.353661     0.161853     0.174984      0.21061     0.131069      0.34375    0.0815725
    0.412229     0.143722    0.0910718     0.412965     0.432319     0.225055      1.06483     0.210488     0.545372
    0.781124      5.09571     -1.34755      1.36549    -0.123714      0.26236     -1.63391      -0.6519     -1.14714
     6.04617     0.283475    -0.843469      1.45774      1.38848     0.219904    0.0464948     0.948824     -0.89334
  -0.0976443     0.258273     0.288702     0.365312    -0.201431     0.667095     0.217065    -0.362188   -0.0144915
    0.264696      1.23482     0.279743      1.07268      0.54716   -0.0831821     -2.28725     0.520803       0.3788
   -0.245101     0.760519    -0.382007     0.669786    -0.478607     0.536377    -0.788083      -0.1077      2.31558
    0.214961     -2.66254     0.503058    0.0434055     0.442046      0.57379  0.000374539    0.0536906     0.619884
    0.510769      0.46474     0.341099     0.728866     0.170641     0.619513   -0.0387766      0.01802     0.518102
   -0.507912     0.938862     0.508948     0.127803      1.23934     0.965559    -0.461733     -1.18681    -0.109193
    0.391119     0.711206    0.0553443     0.222615     0.142802    -0.395025     0.606004     0.374999     0.129223
    -2.83155     0.640147      1.64608     -1.93571      2.40671       1.2908      -2.2172     0.501544     0.629691
    0.118886    -0.602083    0.0645588     0.306657     0.304758     0.835639    -0.261678      0.52211     0.531497
     0.11156      0.46656    -0.157805      2.03249    -0.655409     0.721194       -1.049    -0.695923      1.31594
   -0.674418   0.00217696    -0.622718      2.33508      1.86261      2.25853    -0.468408    -0.138427    -0.552549
   -0.766069    -0.289923      1.15533    -0.248336    -0.664263     0.936772    -0.669158    -0.147493    -0.423586
     1.77363    -0.776433    -0.058233     -2.53811      6.95636      -3.5806    -0.193474     -1.79509     -1.27198
     2.63256    -0.703701      1.47538     0.308279    -0.744808     0.348537     0.765923     -1.70974     0.814439
   -0.309243     0.765881     0.429245      6.58493     0.461802    -0.670887     -1.45744    -0.960129     -1.30462
   -0.261034    -0.914741    -0.582416      1.60527    0.0108633       2.1864    -0.702261    -0.221785      1.30613
   -0.418286    -0.225433     -0.19486     -1.26413     0.596373      1.41473    -0.482817     0.149889      0.44447
   0.0671331      0.19454     0.778927     -2.16918    -0.303825     -1.69093     -1.02524      1.38009     0.360855
     1.39914      0.83147     0.586205    -0.539835     0.466021    -0.358649    -0.647448    -0.270782      1.00856
   -0.421898    -0.559671      4.50446    -0.871506   -0.0537872     -2.07745     0.367838     0.567118    -0.119064
    0.390502     0.249507     0.269405     0.607083      0.63469      0.53018     0.330874     0.174941     0.371741
     0.46575     0.262813      1.73943     0.182415      1.39889     -0.70074      1.32623    -0.100852      -1.1932
    -1.56151     -1.68382      -1.6232     -1.54792      7.98162     -1.24859     -1.06257    -0.777281    -0.319288
    0.266501      1.00241     0.247106      0.34542     0.363637      0.34294   -0.0155506     -1.68493   -0.0169962
  -0.0229886    -0.143131   -0.0664141      0.36817     0.228099     0.631665    -0.109404    0.0203329      0.15052
   0.0915692     0.336827     0.134377     0.522053     0.194029     0.647409    -0.007209    -0.229018   -0.0832288
    0.168096     0.577959    0.0536825     0.180913     0.127141      -0.1097     0.220135     0.307153   -0.0976747
    -0.60356   -0.0300889      1.11853    -0.380717    -0.161048     0.717975     0.147538     0.344225      1.32368
    0.259168     0.163178      0.55409     0.334482     0.240642     0.519725      0.23319   -0.0681707    0.0714569
   0.0675126     -0.80931     0.345471   0.00170281     0.309876     0.619344     -0.33811      1.20381    -0.482424
     1.33486      0.17366     -2.30401      1.42396    0.0386713     -0.21122     0.985625    -0.748869     0.980999
    0.196344    0.0982456     0.139284     0.209735     0.121999     0.251935    0.0901997     0.081252     0.190984
  -0.0474252     0.136499    -0.312454     0.297007  -0.00623793    0.0816362    -0.143876  -0.00926431    -0.580978
    0.528325     0.831007     0.677956      1.11642      1.07143     0.397744     -1.50071    -0.609906     -1.72401
   0.0395989    -0.268927    -0.171569      1.20536     0.323375     0.853776     0.368128    -0.259119     0.514089
   -0.583794      1.34185      1.18797     -1.49341      3.51768     0.682192     -1.16991     0.652511      1.55195
  -0.0224168     0.297131      1.57894    -0.657735     0.841044     0.411118     0.401703     0.582563      1.01077
     0.72575     0.656392     0.995475     0.348558     0.665735      0.29082     0.479961    0.0177281     0.485708
    0.353701     0.399215     0.340626     0.105484     0.570269     0.201514     0.401676     0.621363     0.534405
    0.489223      1.12709      1.18719    -0.274059      1.79954    0.0332986    -0.180996     0.199496    -0.364384
    0.206497      1.00015     0.491536      0.15839     0.265577     -1.12675     0.723054     -1.69854    -0.793016
   0.0786535     0.375937    0.0800067     0.291776     0.347155     0.103159     0.132368     0.437488    0.0358668
    0.333826     0.489573     0.369261     0.183933     0.333283   -0.0809914     0.613856     0.399036     0.199502
  -0.0182476    0.0630528     0.343227     0.499948     0.161431     0.539626     0.542983    -0.100761      0.10656
    0.260091     0.238798     0.113712     0.377974     0.176926     0.634436     0.047531     0.472533      0.52766
    0.120872    0.0729868     0.482285     0.549521     0.160131     0.213839     0.710926     0.303445     0.207139
    0.382001      4.27297     -1.27053    -0.880077     -1.01598     0.141873    -0.737437     0.636257    0.0310145
    0.372026     0.328174     0.312069     0.139642     0.109325     0.250788    0.0422174     0.108902     0.345622
    0.111172     0.233117     0.202512     0.448633   -0.0647532     0.251396     0.055422    -0.094614   -0.0406601
   -0.237876     -0.12299    0.0120782     0.207348   -0.0294659     0.237635     0.928755    0.0986657   -0.0199679
    -4.72729     -1.72834     0.706631      1.56193       1.0015      1.82014     0.139922    -0.365368     0.194282
    0.304786    -0.814327      2.04315     0.125393     0.104276    -0.746844    0.0413598    0.0659941     0.412071
    0.357136     0.597166     0.234457     0.628524    -0.155887     0.729989     0.134485     0.749006     0.430096
    0.807013    -0.978221     0.651491     0.675007     -1.13537      1.63311    -0.776465     -2.57298     0.947491
    0.304915      0.39735     0.253807     0.129801     0.293371     0.354792    -0.162677     0.211767     0.236145
     0.31325     0.377065   -0.0866433     0.196415    -0.129834    -0.329664     0.388535     0.212508    0.0295421
     1.69719     0.223888     -1.31006      1.52185       1.9857    -0.815355    -0.172194     -1.69197     -1.28946
    0.527957     0.711614    -0.390304      -4.9628     0.938621    -0.695463     0.100226      1.03505    -0.276168
    0.268874    0.0449912     0.309288     0.474341      0.34789      0.43611    -0.923634    -0.273927    -0.235062
    0.450931    -0.310951     -1.53831      2.35455    -0.484619       1.8175      1.71094   -0.0986644    -0.117687
    0.145467     0.058993    0.0247541     0.299949     0.351359     0.309347      0.25906     0.462393     0.357666
   -0.938463      1.76134     -1.31651     0.631774      -2.8729     0.573518     0.443054      1.04234      -2.5023
    0.628778     0.602933     0.585397   -0.0531344      0.63771    0.0149398    -0.123397   -0.0789533     0.218023
    0.111843     0.166346    -0.180581       0.1521    -0.201435     0.135258    -0.151854     0.285446    0.0698252
    0.531343     0.348685     0.629155   -0.0115207     0.650774    0.0935827      0.40242     0.317682     0.752576
   -0.423291     -2.31219    -0.245753      2.96613     -0.52142     0.913835     0.915974     -1.69464      4.38069
     1.23443      -1.4572      1.47619   0.00361908      -2.8972     0.302254      1.42181     -1.51839     0.547563
    -1.41412     0.137582       1.2602   -0.0306134     0.235709      1.79502      1.18606    0.0781162     0.898683
    0.645059   0.00554915     -1.27467     0.750742    -0.478455     0.303377      0.21793     0.252596     0.225517
    0.310319     0.324101     0.430398   -0.0264721     0.335447      0.39406    0.0954216     0.213046     0.573773
    0.365009    -0.109776     0.857866    -0.559852     0.194901      0.29993      1.62746    -0.652222     0.931599
    0.327151     0.374036     0.204949      1.14865     0.186559    0.0613999     0.106348    0.0880745   -0.0334642
   -0.148501      1.99605     -0.26128    -0.226741  -0.00205392     0.220856    -0.436101     0.384982    -0.336464
      0.7871     0.842186      0.52912     0.327752      1.64341    0.0132757     -1.42346    -0.523943    -0.774285
     1.98722      2.37315      1.04824    -0.315854    -0.972827      -1.9638     -3.98534     0.146662     -1.09455
     1.10623    -0.278272     -1.80904     0.610032   -0.0538631   -0.0234621      1.73128     0.987834     0.872884
    0.297354      1.61618     0.273717    0.0652756     0.395654   -0.0305813     0.441986     0.737173     0.138063
      4.4138    -0.661564     0.297498   -0.0497783    0.0723912      1.30825     0.411802     -0.85251     0.401927
    0.188795      1.61154      1.04648    0.0745589    -0.552017     0.842445     0.609564    -0.709257    -0.896489
     0.35561     0.879269     0.374275     0.430941     0.216804     0.231054     0.188894     0.434603    0.0789806
   0.0921232    -0.189369     0.223161    0.0622093     0.347341    -0.081909     0.362333     0.285791     0.262086
     0.21749    -0.190562    -0.191259       0.5686     0.101628     0.388738     0.409596    -0.115598     0.063697
    0.493393     0.624254     0.260751     0.127997     0.468357     0.174225     0.352418     0.588311     0.220205
     1.01148     0.611154    -0.230961     0.722839     0.839242    -0.208355     0.208942     0.131502    -0.802947
    0.370886     0.763104  -0.00845543     0.445406    0.0057715    0.0703977   0.00596798   0.00423447    0.0900584
    0.526616      0.58522      1.59719    0.0912921      0.72325    -0.261746     0.904599    -0.723672     -0.87716
    0.230997     0.403961    0.0883633    -0.461797     0.384746      3.09492     -0.91647    0.0549704   -0.0817005
    0.183737     0.361658    0.0865448   -0.0861435   -0.0454827     0.419987    -0.355289     0.344082     0.553813
    -1.05027   -0.0442606     0.749412     -1.26131      1.28881     0.611278    -0.470394    -0.407137     0.364186
    -2.00228      1.47982     -2.92645      2.63298     0.485749      4.93624     -1.40171      1.78995     -1.94673
    0.297394     0.466935     0.446318     0.285224     0.364439     0.271629     0.364248     0.406226     0.192483
    0.040713    -0.289373   -0.0783111     0.118999     0.143659     0.215568    -0.142881    -0.228593   -0.0870627
    0.749465     -6.84558     0.131181      1.37097      1.30399    -0.138483      2.03554     0.799075      1.44409
    0.221306     0.202128      0.25167     0.476637     0.206425     0.336919     0.397907     0.391964     0.297696
    0.233647   -0.0523646    0.0532615     0.195539     0.218899     0.219718     0.121737  6.59616e-05     0.298463
    0.148719     0.112106     0.067718     0.077731      0.13631    0.0422092     0.260852     0.239197     0.209568
    0.168011     -0.01624     0.284794     0.174476      0.40519     0.773378    0.0294216     0.169315     0.654348
    0.216144     0.216426   -0.0276446    -0.100275   -0.0104624     -0.39196    0.0227059     0.355948     0.218454
   -0.100716       1.1892    -0.251803    -0.154716     0.508819     0.141762    -0.647964     0.787328    -0.764775
    0.998968     -1.48742     0.275322      1.14223     0.601838     0.854935    -0.202487      1.17397     0.763231
    0.253555     0.469197     0.566284    0.0191494     0.343434     0.559503    0.0596912     0.351258     0.706517
    0.176759     0.291693     0.170728     0.141815     0.139986     0.267852     0.108813     0.300341     0.305551
    0.844626    0.0746702    -0.580468     0.674534    -0.227711     0.327765     0.301658     0.463744     0.544865
 -0.00435231      0.07577     -1.05436      1.59961    0.0728376     0.627062      3.79455      0.11089    -0.859239
   -0.444168      1.81422    0.0849002    -0.144896     0.021154   -0.0880191    0.0793013     0.383665      2.74752
   0.0624806    -0.141551    -0.128987    0.0304243     0.119399   -0.0482316     0.165947     0.356294     0.278661
   -0.141399    -0.512681     0.696772     0.111911     0.180537     0.545603     0.596794    -0.195058      1.40931
    0.199674      0.40604     0.234083     0.308065     0.300368      0.43549    0.0928823      0.74261    0.0286522
     -1.4696     0.800168     0.310705     0.963198     -1.14403     0.630125     0.516585     0.747977    -0.868607
     1.61134      1.49067     -1.28133      1.04464    -0.803065     0.532833     -2.06534     0.269587      0.88003
   -0.442729      1.37666     0.271164     -1.02978      -2.4924     0.213607     -1.28715     0.661352     0.206012
     1.21712      1.06235      2.16987     0.709243     0.491839    -0.661208      1.82349    -0.412929     -1.56838
     2.05998     0.594122      2.58425    -0.254298      1.40575     -1.15838      1.35519     -1.58435    -0.407043
     3.36924    -0.161802     0.266306      0.17319     0.177876      1.19272     0.336089     -0.07711     0.387904
   0.0641617    -0.937194     0.120611     0.368036     0.627728     0.547583     0.733757    -0.067907     0.986846
      1.0065     -1.59654     0.689178    -0.270493      1.75413    -0.659592      1.75859    -0.546151      1.94794
    0.581446     0.335102   -0.0378851     0.387217     0.269169    -0.393147    0.0360201     0.114534     0.290352
    0.178882       0.1969    -0.187139     0.840209    -0.172766     0.176717     0.216546     0.268289     0.153541
    0.371913    -0.707484     -1.24326      1.10551    0.0233203     -0.49026    0.0509651      1.79193    -0.686942
   0.0169486     -0.64713    -0.175242      1.53173      1.21809      2.35366     -1.12989    -0.428535     0.161017
    0.326363     0.105474     0.223572     0.615838     0.234619     0.413453     0.518689     0.160517     0.312282
     0.37806     0.886654     0.954822    0.0266208      1.71179    -0.287658     -0.76618    -0.411024    -0.938548
  -0.0497536     0.196806     0.110816    -0.946802    -0.629689    -0.908486      4.37427     -0.25727    -0.208735
     1.86759      -1.4504     -1.10571      1.44693      1.15511     -5.35977      2.67259      1.29898      2.11559
    0.707732      2.10645     0.991439     -1.06693    -0.624982     -2.26794     0.782021     0.339869       2.3865
     0.23684     0.789151      1.21977    -0.200721      2.01824     0.345833    -0.366134    -0.151932   -0.0663347
     1.01201      3.13388     0.199769    -0.636552      1.53605    -0.847819      -1.7287       2.1325     0.360057
    0.451513     0.294766   -0.0951895      0.47434   -0.0060375     0.281904     0.107202     0.269191     0.455665
     2.25155    0.0318033      5.85304    -0.124562     -1.43768     -1.66945     0.530167      1.78156    -0.550803
    0.387454       1.9816   -0.0311852    0.0663361     0.560562    -0.958795    -0.113216    0.0281084     -1.04878
    0.552684     0.275845     0.326535    0.0541139     0.387123   -0.0951954    0.0459105    0.0278098     0.484243
   0.0633846     0.220176     0.110837    0.0816017    -0.127656     0.357544   -0.0687014   -0.0289741    0.0639876
     0.69124     -1.72986   -0.0519523      2.81167     0.437423      1.87176     0.952316     -1.93606     -2.37319
   -0.039897     0.240908     0.165313    -0.523566  -0.00489834    0.0879992    -0.235723     0.126411     0.153025
     2.73276      1.81776    -0.629361      1.24126      1.10125    -0.968614   -0.0468357     0.723993     -3.12102
    0.470299     0.572362     0.374247     0.441652     0.454128     0.260506     0.448634     0.497185     0.419952
    0.845787      0.49338     0.467114    -0.580139    -0.978316    -0.996095    -0.572239      5.00633    -0.519894
    0.307067     0.829337     0.366267     0.485611     0.272459     0.462531     0.108872     0.514166     0.138957
   0.0933781    -0.332104      0.70122     0.242273   -0.0790086     0.527337     0.397088    -0.181578     0.806864
  -0.0309888     0.242593    0.0861632      0.14585    0.0832769     0.285874   -0.0616129     0.120363    0.0985485
    0.361225       1.1532    -0.522904   -0.0864065     0.672288    -0.513107      2.29215      1.31602      -0.6238
    -1.01568     -1.58101     -2.55915       1.7528      2.31343    -0.782934      3.74184     0.912033     -1.50994
   -0.303455     -2.17665      8.09574      0.15842     -2.54335    -0.449298      1.00855     -1.12434    -0.321124
    0.175297     0.182669     0.419413   -0.0703116     0.375742     0.017922     0.293853     0.351579     0.419059
    -1.58163      3.52505      1.87328    -0.143629     0.861181      1.38479    -0.199112     -2.05974      0.90683
    0.523582      0.41694     0.570804     0.593414     0.584831     0.668578     0.513923     0.467914     0.771225
    0.367656     0.358866     0.449535     0.215299     0.562084     0.232691     0.548725     0.540849     0.561673
    0.443297     0.521596     0.390116     0.516073     0.287734     0.612502     0.211709     0.403033     0.507327
    -1.94013     0.959565    -0.890473    0.0630498   -0.0269585    0.0505229    -0.185996      2.20603       1.4119
   -0.170928    -0.532991    -0.516596     0.537513    -0.423394     0.508403     0.768075     -1.01045     0.250082
   -0.988838    -0.138235     0.519855     0.914502    -0.639301      1.55624     0.992229     0.325273     0.229011
    -1.90089     -2.71767     -1.08115      2.47533     -1.84805      3.11626      2.08446     -0.39661     0.900916
   -0.256421     0.441207     0.459478  -0.00251601      1.73615     0.230767     -0.56826     0.742116     0.652287
    0.154961     0.627878     0.222193      1.14774    -0.179361     -0.38147     0.667124     0.727717    -0.112551
    0.731023     0.675194      0.91199     0.282948     0.162432    -0.185209     0.462793    -0.151868    -0.176196
   0.0507038    -0.200066     0.105313     0.321692     0.185853     0.507913    -0.272621    -0.138316 -0.000426212
    0.201241   -0.0427988   -0.0625675     0.273982     0.242156     0.242243     0.420611     0.409876     0.657121
   -0.459681    0.0954337     0.274464     -2.42847     0.826429     0.335795     0.139143      1.46079      1.61266
   0.0633639     0.372949      0.51864    -0.453918     0.239033    0.0104328   -0.0822057     0.298136     0.737642
    0.518253     0.252539    0.0784335     0.642043     0.309029     0.393417     0.181182     0.189822    -0.654579
     0.24898    -0.097867    -0.273025      1.24744      0.26988      1.40732     0.611069     -0.42906     -0.20966
    0.237621     0.111622    -0.045979   0.00811312     0.018385   -0.0800216    0.0709275      0.17423      0.13416
     1.65432     0.702653       -1.606     0.605301     -1.14821     0.114668    -0.978652       1.0605     0.575704
    0.466964     -1.85614     0.691561     0.879468       1.2103    -0.498004     0.976898    -0.791637    -0.304386
    0.773446     0.355044      0.37555     0.131108     0.270103     0.176545     0.137551    0.0499185    -0.503098
    0.885768    0.0325902     0.512859   -0.0234583    0.0914749   -0.0356921    0.0637072    -0.583325     0.359795
   -0.465652     0.260094    -0.431676     0.194845    -0.246289     0.490322     0.962317     0.103392    -0.202762
    -3.34482      1.89305     0.432748      1.88123     -1.92244     -0.45677    0.0771182     0.627116     -1.68948
     2.78772      -1.6614      2.35597     -2.38861      -3.7299     -2.42316      1.68186     -2.09408       2.0598
   -0.548528    -0.271531     -1.05968    0.0713942    -0.269473    -0.354926    -0.465253      3.20158    -0.395675
    0.120709   -0.0515156     0.046592     0.531663     0.107666     0.238856     0.299927     0.162349     0.172576
     2.35578     0.488683        2.344     0.791452       2.0303     -1.94822       2.8883     -2.97852      -1.3138
  -0.0532865     0.359443      0.47002    -0.275057     0.739632     0.310686    -0.341995     0.234298      0.19981
     1.19697     0.164572    0.0918807    -0.842904     -2.99106     0.112803     0.298274     0.429221     0.622109
    0.251693     0.199305     0.269538     0.330608     0.210491     0.111545     0.350035     0.260178     0.202584
    0.189782     0.160447    0.0792974    -0.262602  -0.00119754     -0.23092    -0.189588     0.933404    0.0256391
   0.0316655    -0.143296      0.11634    -0.022135     0.148247   0.00877283     0.108646   -0.0021136    0.0846543
    0.216306     0.218215     0.363083     0.201762      0.14499     0.162353     0.214522     0.066527     0.135247
    0.590361   -0.0654434     0.182967     0.903576       5.4472      0.18005     0.695379     0.172761     0.829949
     4.11963      0.11056     0.315367   -0.0549518     0.272257     -1.01658     0.528265     0.127251      4.16062
     2.04173     0.536305      2.27307     -2.70845      1.43946    -0.421339     -1.42115    -0.440817      3.08057
     1.10769    0.0767335     0.937573      1.37165   -0.0234297   -0.0459187      1.34974     -1.33584      -1.4709
    -0.52149    -0.480271      1.84434     0.415308    -0.435943      1.27341     -4.18079     -1.22952   -0.0641462
    0.396394     0.206497    -0.255359     0.474694     0.174284    -0.532886    -0.108749     -0.29431    -0.174238
    0.415412    0.0905957     0.441627     0.505122   -0.0327092      0.19988     0.135539    -0.326191     0.104135
     0.23723     0.429392     0.544987     -0.25015    0.0479844     0.292671    -0.294871     -2.47945   -0.0915205
     4.16843    0.0645684     0.169089    -0.791532     0.182505     -1.29751   -0.0077855      1.58416    0.0135913
    0.484913     0.352841     0.843574    -0.209379     0.521193      0.86517    -0.162167   -0.0264446     0.979929
   -0.103782   -0.0181528   -0.0568844     0.329127   -0.0288832     0.181134     0.100518   0.00883491    0.0197977
    0.250571     0.441439     0.193006      0.19561     0.209786     0.207691    -0.139194     0.305661    0.0572038
    0.147364     0.184284     0.118511     0.183387    0.0517439     0.109604     0.141406     0.167583    0.0381096
    0.223768   -0.0416468      1.47544     0.289031   -0.0310086      2.35907     0.352795     -4.36244      1.87249
  -0.0223893     0.274992     -0.67464    -0.266797     0.427756   -0.0525041    -0.249114      1.12595     0.385832
   -0.123195     0.201994   -0.0985264    0.0310245   -0.0962342    0.0187221     0.219809     0.280967    0.0248217
  -0.0801889    -0.552548    -0.115538      0.94558     0.698182     0.745253     0.782974    0.0972321     0.225588
   -0.811814     -3.03121    -0.491372     0.893013     0.785461     0.421087      1.45129       3.4524    -0.903563
    0.274037     0.209991      0.51244    0.0739019      0.66837     0.203792     0.291388     0.348297     0.387438
    -1.51414      1.98925      2.15679     0.136859      -1.6895      0.30004     -1.25461    -0.105754     -2.85491
  -0.0880667      0.31211     0.190001    0.0723327   -0.0538282    0.0891153     0.379949     0.196109    0.0263229
    0.147967     0.107019  -0.00494957   0.00426798   -0.0660707    0.0760663   -0.0380781     0.228905     0.158355
   -0.156272      1.96829    -0.690712    -0.557921      1.46671    -0.636779    -0.694279      1.94164   -0.0971861
    0.206861    -0.346757     0.452088    -0.217703     0.147433     -0.30711     0.204925    -0.314933     0.212919
   0.0861028    -0.250145   -0.0219608      1.06944     0.690794      1.38891    -0.422376    0.0760619     0.360184
    0.166406     0.181758     0.271736   0.00320252     0.132078    0.0797502     0.120523     0.125124     -0.13395
    0.143867     0.872611     0.233442     -1.47687    -0.336328     -1.44267      3.41315     0.144601     0.137964
    0.147381     0.311386      0.36968   -0.0656403     0.173924     0.208103  -0.00426666     0.150796     0.164498
   -0.709171    -0.397116      1.84978     -3.80661     -0.51796      1.27679      1.11104     0.540499      1.85369
   -0.193512     0.346507    -0.932382     0.900265     0.338314     0.799846    -0.113643    -0.302327    -0.404987
   -0.231094    -0.155646    -0.450272    -0.289075    -0.552363      6.10169    -0.480534    -0.664209    -0.549208
    0.978353      1.20024    -0.863491      1.05408     -1.48423      0.36831    -0.305823      1.23054    0.0486954
    0.173624   -0.0521066    -0.348361     0.783585     0.532653     0.603231     0.521056     0.151908     0.244169
    0.128843       0.8727     0.727071     0.839345    -0.385523     0.954855     0.886099    0.0975514     -5.01056
    0.041804     0.124414    0.0922527    0.0402924     0.248808     0.181649    0.0480244     0.683372     0.304407
    0.421874     0.418731     0.677661     0.147341      1.75428     0.789461     0.146748     0.335219     0.739923
    -4.33256      1.12139     0.193139   -0.0330592       -0.527    -0.514094     0.727449     0.798685     0.161736
     0.44254     0.593873   -0.0954578     0.062412    -0.347377    -0.373105    -0.197222     0.114555     0.167197
    0.247764    0.0666483     0.450567     0.260614      0.53999     0.545321     0.166043    0.0628097     0.349214
   0.0481607    -0.254751     0.281328   -0.0707682    0.0644835    0.0793957     0.077067    -0.178407     0.159738
     1.59165     0.428571      -3.7406      0.46503    0.0394685    -0.246432      1.10603      0.48039       1.1489
     0.45612     0.211009      0.37987    -0.465484    0.0473877    0.0712404      1.49875    -0.362984     0.847207
    0.364895    -0.055957    -0.136438     0.420756   -0.0278292    -0.549951      1.18491     0.167325    -0.207381
    0.331992    -0.523547     0.113215     0.114153    0.0332839     -0.11442      0.64974    -0.314973      0.24792
    0.289529    -0.193517     0.325129     0.177649   -0.0832937   -0.0226985     0.214674    -0.355177    0.0842971
     1.54257    -0.189014      1.26755       1.0691      1.04957     0.768519    -0.209267   -0.0542009     -2.14366
    0.213783    -0.444982     0.942838     0.303867   -0.0305389    0.0801277     0.138933    -0.275371     0.365939
    -1.72165     0.370942    -0.313682     -1.59861     0.818011      4.25197     0.382494      1.67786    -0.152459
    0.509151     0.551024     0.485949   -0.0942554     0.965976     0.036541    -0.688893    -0.890984     -1.22055
    0.564405     0.734094     0.880537    -0.608657     0.595878    -0.549884     0.241069     0.621663       0.7893
    -1.51532     -2.71224     -1.54118     0.576022      2.02604     -1.08246      1.43145     0.607283     0.604315
     0.76862     0.798092     0.523416    0.0584639     0.121885    -0.506984     0.283535     0.104705     0.302168
 -3.38564
 -3.31536
 -3.38743
 -3.23982
 -3.52276
 -3.89405
 -3.59905
 -3.50904
 -3.41381
 -3.51132
 -3.53535
 -3.84296
 -3.93301
 -3.45061
 -3.70759
  -3.4395
 -3.36632
 -3.94894
  -3.4032
 -3.39174
 -3.75199
 -3.28097
 -3.60409
 -3.85125
 -3.50684
 -3.39177
 -3.92646
 -2.71829
 -3.38385
 -4.09443
 -3.53273
 -4.41556
 -3.52785
  -3.6077
 -3.58467
 -3.88548
 -3.28887
 -3.85193
 -4.11684
 -4.63679
 -3.38902
 -3.59716
 -3.62919
 -3.85001
 -3.59721
 -3.46709
 -3.39208
 -3.40303
 -3.49122
 -3.48759
 -3.56359
 -3.52252
 -3.55467
 -3.51438
 -3.79533
 -3.38221
 -3.87481
 -4.40848
 -3.39063
 -3.31965
 -2.97076
 -4.58628
 -3.38614
 -3.99338
 -3.47606
 -3.52466
 -3.40576
 -3.43947
 -4.18186
 -5.33981
 -3.44044
 -4.01872
 -4.30428
 -3.92321
 -3.37131
 -3.94617
 -3.42073
 -4.98943
 -3.55349
 -4.39337
  -5.2022
  -3.9738
  1.22761
 -4.17468
 -4.93349
  -3.6434
 -3.87281
 -3.86171
 -3.61708
 -5.00693
 -3.25149
 -3.74208
  2.76611
 -3.56352
   -3.523
 -3.42396
  -3.4455
 -3.73718
 -3.53125
 -3.88865
 -4.09231
 -3.41619
 -3.62588
 -4.11902
  -3.4073
 -4.07011
 -3.38556
 -3.19149
 -3.31172
 -3.68668
 -3.84971
 -3.47042
 -3.38233
 -3.46493
 -3.34119
 -3.43301
 -3.51177
 -3.45365
 -3.44826
  -3.5416
 -5.07626
 -4.07026
 -3.27741
 -3.66217
 -3.41584
 -3.48859
 -4.68411
 -3.68486
 -3.66977
 -2.86949
 -3.40404
 -3.01193
 -3.41677
 -3.49471
 -3.32727
  -3.6383
 -5.46258
 -3.72805
 -3.67369
 -3.32982
  -3.9259
 -3.45824
 -3.56242
 -4.18734
 -2.24929
 -4.01248
 -3.39195
 -4.56097
 -3.39548
  -3.3248
 -3.42602
 -3.49352
 -3.47361
 -3.66479
 -3.41614
 -3.63193
 -4.06462
 -3.47478
 -3.82983
-0.627375
 -3.34002
 -3.58369
 -3.99326
 -3.33917
 -3.43084
 -3.43373
 -3.36255
 -3.48489
 -3.85448
 -4.02965
 -3.33844
 -3.38405
  -3.5395
 -4.17469
 -4.30784
  -3.4904
 -3.71829
 -3.45435
 -3.47628
 -4.48861
 -3.79423
 -3.77695
 -3.93301
 -4.11471
 -3.52352
 -4.04689
 -3.40649
 -3.37225
 -3.84315
 -4.28977
 -3.33312
 -4.04596
 -3.89828
 -3.04167
 -4.20913
  -3.7143
 -3.64525
 -3.38844
 -1.24271
 -3.90373
 -3.38736
 -3.50679
  -3.2834
 -3.50417
 -3.56225
 -3.25118
 -3.78572
 -3.34855
 -3.65685
 -3.44836
 -3.76019
 -5.04627
 -3.68524
 -3.40023
 -4.95546
 -3.24957
 -3.29182
 -3.26511
 -4.23399
 -3.65168
 -3.21161
 -1.95082
 -3.90914
 -3.32792
 -3.39964
  -3.5165
 -3.41497
 -3.74953
 -3.49747
 -3.51132
 -3.48213
 -3.48724
 -4.42531
 -3.77835
 -3.59731
 -3.59142
 -3.82002
 -4.52922
 -6.02403
 -3.96712
 -3.39077
 -3.88188
 -3.59176
 -5.49742
 -3.37043
 -3.57963
 -3.47978
  -3.4179
 -4.42194
 -1.41742
 -2.96006
 -3.83554
 -3.96684
 -3.52873
 -3.45662
 -3.65065
  -4.3856
 -3.28382
 -3.45667
 -3.44105
 -3.44958
 -3.80578
 -3.62794
 -3.48777
 -3.43576
 -4.59709
 -3.30848
 -2.26036
 -3.44171
 -3.47221
 -4.54104
 -3.63118
 -3.50841
 -3.54239
 -4.21454
   -3.419
 -3.65408
 -3.67379
 -4.79672
  -4.1055
 -3.38045
 -4.85995
 -3.47212
 -3.23179
 -4.11812
 -3.51575
 -3.34686
 -3.55494
 -4.14912
 -3.93794
 -3.50019
 -3.60068
 -3.55685
 -4.74456
 -3.65856
 -4.41731
  -4.2868
  -3.4545
 -5.15324
 -3.41854
1
4
300 10
   0.0342373     0.216934     0.477197     0.383912      1.31159     0.922528    -0.420801    -0.224855     0.304103     0.267626    0.0764754      1.26133     0.783894    -0.288824     0.181421   0.00464243     0.395812    -0.321967    0.0583259    0.0363237     -2.38705     0.762165    0.0455543     0.210766     0.293753     0.429837     0.865752    0.0273279     0.180173     -8.16784     0.307899      1.41696     0.168381     0.314324   -0.0147307     -1.25353     0.213767       1.0736      2.45487    -0.197924     0.600762     0.314156     0.768979     0.318087     0.147174    -0.440189     0.523919     0.165934      1.10845    -0.179038     0.194724     0.526825     -0.11567    -0.035963    -0.463947     0.282763    -0.314001     0.294503     0.590789     0.426269      1.74218     0.478167    0.0468479      1.38096    0.0728487     0.196514      0.23148     0.461065   -0.0774419     -7.96767     0.417891     -0.12948    -0.438013     0.402214    0.0181409    -0.286453   -0.0162859     -1.27832     0.467228   -0.0180282    -0.155897     0.588261      2.99673     -4.23765    -0.243685      0.46312      1.17057    -0.650094    -0.222555     0.551548     0.247035     0.368443     -1.21572     0.428649     0.257815     0.112088    0.0276364    -0.135094    0.0992319      1.03056    -0.102751    0.0267458     0.130793    -0.830807   -0.0413002      1.33521       1.0292     0.633412     0.544591     0.298367      0.35382    -0.114506     0.312105     0.126883     0.270471     0.536749     0.260224   -0.0122417       0.1302     0.143779     -7.20946    0.0668813     0.151619    -0.686527     0.146602    0.0999804     -1.46529      1.13348    -0.198552      1.05789     0.378981      1.91447     0.254864    0.0706554     0.537021     0.982477     -3.12661     -1.42542    0.0882256     0.449404    -0.422437    -0.108398  -0.00010042    0.0615443    -0.325845     0.712201     0.129089      -7.5941      1.60295     0.201439     0.409541     0.629408     0.311756    -0.714651   -0.0894783     0.784156      1.84435    0.0359252     0.154059     -1.22085     0.327304      0.16943      1.49755     0.313185      0.22406     0.156679     0.441944    0.0588718    0.0240503     0.782674     0.260318     0.144174    -0.194501      1.11131     -1.00419     0.377608     -0.22758     0.524922     0.229935    0.0443611      1.05297      1.21549      1.34393     -5.08458     0.440597     0.539425    0.0411152     0.147983     0.860405    -0.207082     0.328754    -0.232705      1.19779      1.89567   -0.0965956     0.295204     0.697672   0.00167076      1.07414     -0.88123     0.322772     0.157615       0.3315     0.242891     -2.50425     0.244966   -0.0198966      0.16901    -0.616598    -0.277049    0.0616748     0.169427      1.60436      0.24228    -0.567761     0.333714      0.49401     0.131501     -2.59588    -0.104144    -0.108371      1.92126     0.225215      0.54935     0.296322     0.225088     0.297856      1.37649    0.0156905    -0.144962     0.646351    0.0636678     -1.38931      1.21575    -0.424462    -0.510193     0.108051    0.0587312     -3.41403     0.943489      0.35304      2.16589    0.0460108     -3.37762     0.309344    -0.094066     0.153755     0.190466     0.535004      1.47641      3.21603      1.26457     0.633761    -0.508485     0.113805     0.519753      -5.7209     0.792275    -0.209609    0.0606709     0.109214       1.8599     0.502694    0.0235044     0.519845      2.83629     0.381486      2.57897     0.101512    0.0293319     0.135388    -0.194089     0.246699     0.123753     0.220813     0.316371     0.178362    -0.100589      1.44179     0.363152     0.417021      2.39677     0.232681     0.775602      -9.7473   -0.0704123     0.257343    0.0245017    -0.541836    -0.326386     0.455315     0.137072    0.0850859     -1.98476   -0.0962027      1.78333    -0.153129     0.282252      1.06582     0.140007
   -0.209926   -0.0741455     0.120958   -0.0953304      1.09011      2.47871    0.0995206   -0.0911407    -0.311824     0.858578   -0.0494113      1.16554      1.16654     0.142419     0.316666    -0.068939    -0.048032     -1.22074     0.296483   -0.0838167     0.645783    -0.149556      0.37299     0.143947    -0.503746    -0.460239     0.197511      1.22295    -0.141211      1.63775    -0.174177     0.698032    0.0899069   -0.0358473     0.478907    -0.836378    -0.103612    -0.861395      3.56812      0.63587    -0.107379     0.277612     0.651104     0.100132    -0.768643    -0.577694    -0.153283    -0.123783   -0.0526977    0.0916478      1.94968   0.00961469     0.509036     0.182194      0.59732   -0.0440952     -1.71407     0.752387   -0.0164099  -0.00573096     0.643369      1.26655  -0.00236397      1.01025     0.148272    0.0530354     0.128217    -0.262105      -6.8955      1.70505      0.05835      1.65124     0.130537     -4.17376     0.304383     -1.24656    -0.677289     -0.51916     -0.96141      1.07253     0.765712    -0.585638      1.41285      2.28755      1.91864    -0.849143     0.197057    -0.161456      1.28944      1.45847    -0.134698    0.0618709     -1.72272    -0.187931   -0.0726947    -0.423143    -0.427254    -0.385017   -0.0182594     -1.33535    -0.771101    -0.220768    -0.148586    -0.643092     0.557685     0.702173    -0.234333     0.198315    0.0110959     0.318184     -1.17574     0.136384    -0.240541    0.0108703    -0.129551    -0.272562      -5.6975     0.139825   -0.0278334     0.256704       2.3514    -0.875206    -0.180155      2.67915   -0.0609364    -0.434477    -0.389783    -0.737934    -0.154842      1.01267     0.281185     0.630593     0.314707   -0.0783815    -0.107722     0.990148      1.10918    -0.665693      0.21562    -0.266996     0.163391   0.00695529     -2.06948     -0.33391      1.30808    -0.645434     -1.25851     0.928479    -0.919226    -0.355207    -0.279897    -0.204431     0.195576    -0.371485    -0.642176     0.289423    -0.822178   -0.0828741    -0.705811       1.2406  -0.00915728    -0.359878     -10.2343    -0.155949    -0.150028   -0.0659447   -0.0565754    0.0555078    0.0686097     -2.35408    -0.254456    -0.146499    -0.276846      1.24071    -0.754723    0.0761566    -0.207537     0.215943     -0.90911    -0.489711    -0.867308       0.9821      1.34836     0.755239    -0.480407    -0.988486     0.353399     0.223618     0.482082     -1.57055   -0.0442423    -0.186461   -0.0255273     0.175048     -1.53232    -0.149891       1.9238   -0.0927564     -2.13939     -2.40318     0.374707     -0.21919     -2.05115    -0.147489      1.41989    -0.237695      1.83056    -0.262674  -0.00428199     -0.11755     0.574342     0.906888      3.61801   -0.0949073     -5.78532    -0.277457    -0.133664    -0.225804       2.0877      1.06159    -0.102408     0.484711       1.0824    -0.188764     0.506298    -0.402919    0.0597064     0.356958   -0.0878093    -0.127579    0.0296681   -0.0353079    -0.923944     -3.08001     0.437709     0.833201     0.221295     -2.41181      1.02016      1.04939   -0.0381524     0.129858   -0.0340864    -0.406323   -0.0352121   -0.0135419    -0.239065      0.04249      1.48288      1.30518     0.234707     0.800716     0.223331   -0.0172301     0.543467      1.10157      1.71955   -0.0133519      0.16652    0.0402967    -0.034717      2.58613      1.00717   -0.0826621     0.152117     -1.56046    0.0187795    -0.893301    -0.288333    -0.278851      1.31089   -0.0498544    -0.460939    0.0316723     -1.10107  -0.00282205     -1.36023     0.261952     0.864352      -1.1097      0.42335    0.0222653     0.263546    -0.112933      0.81007    0.0617753    -0.422979    -0.262268    -0.359163    -0.228432    -0.227574   -0.0318889     0.232088     -0.76054     -0.33783      1.28787      0.18261    0.0918492      3.14532     0.375266
  -0.0908646    0.0738028     0.202258     0.258916     0.408015     0.460843   -0.0280887   -0.0205152   -0.0983435     -0.40295    0.0815266     -6.21262     0.496645    0.0837836      1.38237   -0.0320077   0.00857492    -0.448003      1.05407    0.0216018    0.0466998     0.383075     0.279938    -0.568709     0.115369     0.729024     0.784471      1.28813    -0.187944      2.98879     0.302761        1.682    -0.161277      1.59526     0.392794    -0.257349    -0.151367     0.970382     -2.96238      1.05861    -0.178016    -0.527158    -0.478673    -0.361479    0.0487239    -0.363521    -0.273151     0.145833      0.99542     0.818858     0.857429    0.0809376    -0.280165     0.305112     0.282571     0.347442     0.478669      1.51721    0.0230404    -0.219531     0.938038        1.033     0.223286      1.42066    -0.529616    0.0473247    0.0485493    -0.146743    0.0425656      1.68174    0.0145041     0.563857      1.70892     0.733082     0.394442    -0.253174     0.338354    -0.177865      0.46893      1.67264     -1.26731      -1.4632     -2.05975    -0.167417      1.70637     0.559116     0.112908     -1.68493     0.422562     -7.30552     -0.17324      1.87722     -1.52054     0.213803   -0.0370633    -0.362913      0.16563    -0.201689   -0.0249021    0.0498874     -3.25159   -0.0744522    -0.223664     -1.17315    0.0143922     -1.26189     -0.14237     0.296623   0.00289142   -0.0330254      1.54605 -0.000831453     0.297198     0.147417     0.170856    -0.272807     0.280069     0.127662   -0.0299794     0.307491      1.91295     -2.46135     0.274194       1.7046  -0.00316511     0.106893     -1.04836    -0.130546    -0.338818     -1.61022   -0.0234454     0.593624     0.258795     0.203575     0.207987      2.27622    -0.284925    -0.166005     -1.36505     0.182239     0.236905     0.271238   -0.0423704     -1.12351     0.420864     -2.83312     0.440122     0.592587      1.31945     0.403084     0.301722    -0.378672   -0.0113869     0.225381     0.299142     0.364065     0.193245     0.482638     0.270483     -2.90114     0.166593    -0.168632       2.6802    0.0411514    -0.121147     -0.06591     0.352974    0.0884063    -0.261048    0.0602131     0.135837    -0.144257    -0.381614   -0.0800266     0.938222  0.000321382     0.424095    0.0447072    -0.491516      3.09371     0.269975      1.58946      1.52647     0.316417     0.544896     0.929216     0.419305     0.034488     0.704441    -0.591614    -0.159738    -0.416672     0.617173     0.427848    -0.436665    -0.245442     0.847261   -0.0940386      3.99551     0.464125     0.168289      0.09549     -1.92463    -0.116823       1.4594     0.187843     0.581167      0.18723    -0.295142    -0.139214   0.00948177     0.623869     -12.3682   0.00612034     0.403883    0.0270316    0.0820653      0.14434   -0.0319617     -0.34801     0.427916       1.1613    -0.612781     0.524132     0.288838    0.0191804    -0.291576    -0.423758   -0.0459542   -0.0709007    -0.444087   -0.0680345      1.69796     0.776833      0.26441    -0.173922     -0.37462     -1.43539     -3.45166      1.21412     0.107283      2.67807    -0.353119     0.378706    0.0458255    0.0617551     0.111889   -0.0986014     0.557316     -2.30262     0.741726     0.217584     -1.96085     0.357447    -0.131477     0.530596      1.12905     0.254799    0.0676133     0.129912   -0.0548034    -0.118437    -0.602949    -0.326138     0.467633      2.66271     0.224192   -0.0100948   -0.0825665      0.10103     -1.73952     -0.34003   -0.0290137     0.194008      0.75386   -0.0669713     0.437155     -1.75815      2.02717      1.67866    -0.483184     0.343683     0.072496   -0.0570456         1.31     0.650078    -0.025482    -0.219952     -6.23359    -0.135222     0.181624    -0.249381    -0.477386   -0.0618996     -1.00469      1.59448    -0.447732    -0.355766      2.50001      0.58298
    0.107391     0.258569     0.131431    -0.066379   -0.0649657    -0.801773    -0.015568    0.0290834    0.0638146    -0.442411   -0.0010169     0.432491      1.27994    -0.196012   -0.0653134     0.243659    -0.484143        1.215      1.18473    0.0974247     0.443755   -0.0204546     0.125422     0.690487   0.00875021    0.0916377     -3.56666      1.89117 -0.000667505      1.94495    -0.344975     -1.36241     0.361594     -0.16793   -0.0734822      1.67118    -0.161951      1.21471    -0.835563     -3.85478    -0.134215     0.437115     0.744828      1.93294     0.337559     0.338325    -0.325607     0.150264     -1.99988   -0.0731541    -0.526168    -0.254529     0.341872     0.110692      -1.6032     0.122007    -0.657193      2.37149    -0.135953    -0.324025      1.73831     -3.42405   -0.0482155      -5.7139    -0.180656    -0.476454    -0.121151     0.425423     0.192069       1.8523    -0.140856     -1.37969     0.127526     0.150569    -0.590321     0.971782     0.485572      3.53458     0.258593      -2.4858      1.71134     0.531969     0.433585     0.601406     -10.4817    -0.820975    -0.877791      2.77392    -0.145686      3.15233     0.311309    -0.478138      -1.6933     0.452864       0.4355     0.408757   -0.0723069     0.292409    0.0135716     0.944224       1.5063   -0.0152749   -0.0419333     0.766693    -0.115048      2.85292    -0.213967    0.0101807    -0.292886    -0.264464     0.157377   0.00818367      0.20524     0.046189     0.148436    -0.119514     0.657583   0.00038682    -0.314797   -0.0872917      1.09285      1.04539    -0.216488       -1.652     0.190058     0.529939    -0.118724     -6.93815     0.200439      2.37713    0.0196347     0.689955    -0.613015 -0.000245601     0.207115     -1.12195     0.016494     0.591682     0.449659   -0.0487182    -0.760097    -0.938867    -0.272558     0.580785    -0.435573      1.30903    0.0030104      1.09149     0.312405    -0.163158     0.181007     0.388801   -0.0771477     0.317842    0.0563843    -0.588047       1.6434    0.0978747     0.733486      1.26829    -0.194921     0.331079    -0.335608      0.01264    0.0884122   -0.0664978     0.198922     0.391176     0.102121     0.195143  0.000221643   -0.0228877     0.361166      2.21988      1.42822    -0.126694     -0.55271     0.186768    -0.377476     -2.07506     0.865854   -0.0805191    -0.762296     0.666747    -0.331793    -0.764721   -0.0829365    -0.427765    0.0195334      2.18813    0.0653004      -0.2495     0.726131       2.4004      3.22294     0.325168     0.054874     0.126444      0.54543   -0.0395849    0.0364927   -0.0494281      1.76144    -0.118376    -0.701314    0.0131831     0.756021    -0.154721    -0.181156     0.136816    0.0653362    -0.989546    -0.122701     0.171695      1.92391   -0.0425357    -0.236718   -0.0743242     0.484452     0.423207    -0.782702     -1.96108      1.60425    -0.611062   -0.0569146     0.221884    0.0812589     -2.68828     0.572034      0.39125      1.32183    0.0573403     0.242565     0.318596     0.116361  -0.00178852     0.233632    -0.415622      3.70584     0.701128    -0.256738    -0.265288     0.838999      1.19375  -0.00246216       0.5085    0.0734951     0.052058      1.84381      -1.1932     -1.18676     0.473955      1.06422    -0.230265    -0.405357     0.112186     0.318583    -0.273512   -0.0020021    0.0976975  -0.00251283      1.19246    -0.290651   -0.0171968     0.371729     0.378515    -0.187363     -0.16961    0.0622003     0.167516    -0.976734     0.090133     0.412146   0.00437666     0.232146    0.0616848     -4.33568     0.603633       1.2197   -0.0140526     0.406175     0.097907     0.103678     0.854012      1.04779     0.512682     0.368011  -0.00160128     0.503346     0.165103     0.740348     0.369985     0.123408      1.61667   -0.0113533    -0.605293    -0.568685      1.10275     -1.75628     0.717701
   -0.347921    -0.765181    -0.519598    -0.485609     -2.11179    -0.933047    -0.365207    -0.181885   0.00128842    -0.180869    -0.194683     0.650364     0.879062   -0.0845174      0.36247    -0.148284    -0.335946     -0.37791    -0.208439    -0.364785     0.451371    -0.282588   -0.0534144    0.0171314    -0.183742    -0.898339     0.699148      2.75387    -0.331791     0.335272    -0.423127    -0.377315    -0.395074   -0.0589411   -0.0961287    -0.250115    -0.444072      1.64443     -1.48098    0.0820505    -0.141338    -0.263081   -0.0675522     -0.19532    -0.291961    -0.357668    -0.201005    -0.360588      -2.0857      -0.1534    -0.450072    -0.261904    0.0796841    -0.808437     0.288496    -0.804684     0.594242    0.0786123    -0.385169     -0.49235      2.04171    0.0559753    -0.440958   -0.0372171   -0.0829764    0.0937993    -0.255153    -0.260228     0.284505    -0.540725    -0.360845     0.353856    -0.445022     0.517709    -0.493852     -1.63315    -0.271209     -1.82069    -0.188545    -0.194471    -0.867677     0.131371      3.82138      1.27956     0.466913     0.285766    -0.554897    -0.453146     0.132417      1.16504     -1.05664    -0.618991      9.72865    -0.860576    -0.317665    -0.411934    -0.217811    -0.571002    -0.166987     0.133777     0.296913    -0.288581    -0.134311     -1.01455    -0.470086      -3.7331   -0.0907643    -0.987204    -0.679419     -1.71535     -0.47491    -0.436982    -0.187341    -0.237652    -0.369529   -0.0935769      1.00553    -0.296588    -0.271775    -0.103003     0.757838     0.748963    -0.393899     -0.26685    -0.455624    -0.383368     -3.23128      1.55115    -0.268602    -0.400799    -0.559667     0.592115     -1.12069    -0.215989    -0.332153      0.22564     -1.45414   -0.0845036     0.149772    -0.461289      1.20569    -0.241032     0.470639     -2.34437      1.89587    0.0956904    -0.172667     0.887108    -0.506259    -0.403092    -0.573662   0.00455978   -0.0998819    -0.725443    -0.397987    -0.330095    -0.542932    -0.214401     -1.05192      3.96742    -0.373487    -0.471298      2.53371    -0.298525    -0.411736    -0.304284    -0.583409   -0.0836967     0.134613    -0.152756    -0.484444    -0.368934    0.0116601     -1.19919   -0.0515694    -0.288029     0.162172    -0.265159    0.0369476    -0.536696     -3.10469     0.207816     0.366058     0.634359    -0.242444     0.889004    -0.573383    -0.508705      0.14054     -1.19187    -0.367539     -1.99116      1.13784      1.45037      1.47921     -2.62191    -0.166575    -0.141801     -1.55265    0.0318279    -0.484666    -0.296163     0.607923   -0.0928883    -0.676476    -0.607783     0.169562    -0.332157   -0.0991159    -0.362876    -0.369257     -3.83308     0.563903    -0.405641    -0.930969    -0.396595    -0.649196    -0.470315    -0.862416   -0.0646797    -0.767357     0.385595     -2.16782    -0.322021      -0.5659    -0.285452    -0.364236    -0.997812    -0.271608    -0.187552    -0.215451   -0.0154083      0.31524    0.0207446    -0.113652     0.305393   -0.0134788      1.64742      2.08814     0.354084    -0.459322       1.2695    -0.952121     -3.18774    -0.346706     0.205188    -0.359179    -0.239996     -12.3054     -1.89872      1.44497     0.491125      1.30382    -0.291641    -0.350963    -0.473713    -0.187127    -0.785273    -0.371535    -0.278599    -0.189852    -0.110614    0.0389118   -0.0319981    -0.964425    -0.235358    -0.991562      1.05683   -0.0912895     -0.41543    -0.601537     0.243978   -0.0950905   -0.0593861      1.40697    -0.232194      1.36638    -0.334604     0.596246    -0.847976     -1.05793     0.751926    -0.277009     -2.65816      1.63986    -0.145985     -0.66402   -0.0248167       1.1646     0.424842    -0.282004     0.265434    -0.146273     -1.78414     0.229095     0.894304    -0.592548     0.023402     -2.12081     -0.26727
  -0.0542647     0.012812     -0.11953    -0.456394    -0.466553     -1.99127     0.119566   -0.0277657   -0.0245555    -0.947328     -0.16828     0.522582     0.352805    0.0402816     0.124008   -0.0952772   -0.0342757     0.859594     -3.07704    -0.223457    -0.636431    -0.481068     0.417801     0.307631    -0.178698    0.0613158     0.453696      0.26941    -0.143548      0.28878     0.872107    -0.619844    -0.274542     0.253459   -0.0258047     0.915877  -0.00244773     -1.98625     -3.15303     0.858754   -0.0652449     0.535243       0.1348     0.689788     0.122801     0.335253    -0.149952   -0.0668559     -1.27018      0.96409    -0.915356   0.00313752    -0.511127     0.268986     0.891463   -0.0794113   -0.0249933     -2.81417    -0.231341    -0.242959      1.21018     -2.57759   -0.0618731      1.15551    -0.146805    -0.292509   -0.0446937    0.0547036      1.13501     0.773256    -0.191072     0.058505      1.18982     0.643465     0.104665     0.487851    -0.114335    -0.315044     0.267383     0.221415      1.17039     0.891552     -1.72477     -0.49655     0.813301      1.84261     -1.65423      1.01178    -0.877661     -1.04669     0.281866     0.263018     -1.45395     0.254947    0.0791449     0.121676   0.00105406      1.12105    -0.154366     0.760142     0.344531     0.073351     0.468653      1.33449     0.819095    -0.616031    -0.113466    -0.363728    0.0893412     0.100466    -0.267873   -0.0300215   -0.0798153    0.0200317    -0.148763    -0.116691     0.702223    0.0808346    -0.132681    0.0816442      2.20301    -0.344741    -0.387414     -1.22122    -0.124759     0.031914      2.52058      3.18155     0.396819    -0.901679   -0.0449234     -1.12794    -0.197634    -0.079374    -0.310436      2.15824      2.27564     0.978069     -0.69245   -0.0665379      0.75206     0.118208    0.0198349     0.232465     -1.07475     0.338344   -0.0413232     0.194641    -0.155372    -0.220677    -0.230162    0.0378389     0.564188     0.860409   -0.0360772    -0.891898      -3.3653     0.272261    -0.164738      2.83756   -0.0212742     0.104724      0.44657  -0.00765402   -0.0267095    0.0949616    -0.154034    -0.332078    -0.173329      1.14918     0.242518   -0.0504443    -0.714642      1.57903      1.03924    -0.108849     0.659183     0.108573    -0.761512    0.0829636      1.46033     -1.10957     -1.85656     0.224615     0.106999    -0.125666    -0.434048    -0.168872      1.16621      1.18991    -0.151497     0.372455      1.29589     -8.42641    -0.364124     0.258293    -0.667094    -0.141448    0.0240883      0.17623    -0.421819    -0.213317      1.82675     0.155193      2.28346   -0.0118305     0.979833   -0.0424747     0.573368    0.0100983      1.33952      3.82839     0.358252    -0.168736      1.25277    0.0517855   0.00121164    -0.103474    -0.247345     0.195049     0.255222     -3.50492    -0.182011    -0.762889    -0.866042     0.301328     -0.13558     -0.57006     0.126077     0.483466    -0.309081    0.0755083    -0.966691    -0.501049     0.131147    -0.356444     0.114746    -0.450312      2.37344     0.741709   -0.0945424     -1.25943    -0.138528      2.68669    -0.171054     0.229262     0.037266     -0.19249      2.58822    -0.662819      1.40414     -1.33931      1.12846   -0.0939776    -0.371486     0.303121      2.35111    0.0137607   -0.0658102   -0.0811858   -0.0281274      1.13509    -0.228442  -0.00301412     0.370614     0.134866    -0.051437      0.69019    0.0180075      0.14878    -0.184162    -0.193515      0.87396    0.0402297      2.01386   -0.0105062      2.39998     0.757931     -9.58718     -1.95338     0.400206    -0.404656    -0.167016     0.154204    -0.221928    -0.505439    0.0207643   0.00952408      1.83837     0.985759     -0.37852    -0.296686    -0.205676      2.08063     0.244121     -5.99543    -0.345573    -0.051712    -0.579249    -0.740508
    0.501053  -0.00138493      0.36292     0.236322     0.346187     -2.45788     0.271074     0.169328    -0.101651     0.359029    0.0607001      2.20049      -5.4008     0.259068    -0.947402     0.133607     0.159711      1.59247     0.138187     0.110999     0.430506     0.151425    -0.219346      1.08468    0.0647325     0.275136      1.06243     -8.10961     0.064772      1.91331     -1.21311     -1.51054     0.347597    -0.878298    -0.842146     0.926851     0.160865    -0.765804      1.33855    -0.914875    0.0369782     -1.17695     -1.74583     0.736545     -0.29557     0.418988    -0.290901     0.129454      2.37097     -1.04782    -0.149839   -0.0753379    0.0642404     0.181646    -0.188944     0.157784      1.41345     0.399002    0.0291998     0.293361      1.29964       1.7541    0.0389308     -1.76726   -0.0715044     0.212146     0.161779    -0.652133      3.12005      4.09556    0.0503459     -2.45725     0.280783     0.181289     0.167322      1.92261     -0.13441      2.09178    -0.291463     0.157326    -0.214526     -1.10361     -2.09007     -0.34111      2.37494     -1.65416      1.28415    -0.191161    -0.557757     0.138822     0.212279     0.866704    -0.358377      0.92227   -0.0759035     0.441203   -0.0571851     0.622022     0.239404     0.201198      1.64511     0.143426     0.103441    -0.341282      -0.2433    -0.890088      1.23589     0.552785    0.0259863      1.05078     0.369387    0.0663845    -0.183832   -0.0815628     0.335167    0.0912167      1.37699    0.0587391     0.117106    -0.852357    -0.690094     0.809191     0.748778     -1.28383    -0.105432    0.0134018     0.305517      1.02929     -1.01499    -0.844919     0.219356    -0.396762     0.254185     0.350259      0.10588     0.215877     0.701354     0.736135      1.48322      0.29674     -1.76578     0.534448      0.78667    -0.526812     -5.95315    -0.244223    -0.166306      1.01321    -0.418405    0.0635857     0.420001    -0.205061    -0.525114     0.298432     0.543184      1.28488      1.06511     0.303033      1.93346     -1.99728 -0.000148378     0.144374    0.0562477     0.187351    0.0890703     0.040499       0.1387    0.0307535     0.223054     0.100024     0.239078     0.289239      1.34006     -4.84096      1.01871     0.211147    -0.274445    0.0306822    -0.013741       1.3099      1.48168   -0.0257094     0.424435     0.724029    -0.582142    -0.903821     0.142002     0.724176    -0.430616    -0.741273   0.00613816     0.908007     -7.20703    -0.198672    -0.205947      1.60004     -4.07395     0.734579     0.101301     0.286671    0.0147926     0.209725     0.803366     0.442693     0.829134     0.144381      1.47658   -0.0466215    -0.118616      0.44818     -3.46223     -3.03264      1.76946     0.314032      2.20769    0.0811482   -0.0497241     0.245158    -0.037914    -0.909158    -0.513016     -1.27287    -0.202151     0.181252     0.365501    -0.364581     0.144474       1.7256     0.298404     0.410723     -0.51503     0.110215      2.57769     0.706185     0.346067     0.025067    -0.798552    -0.989281     -2.37515    -0.474264    0.0700673      1.91561     0.323866      1.79932     0.190884    -0.264311     0.246297     0.217918      1.31232      0.28647     -2.03548     0.112421     -5.71117     0.317281     0.151414     0.304277     0.206032    0.0930256   0.00789781    -0.263275     0.151891     -1.27644     0.663731     0.014945    -0.471755      1.36278     0.361458    -0.357602     -0.12243     0.143392     0.608026     0.357301    -0.844834     0.269695     -5.61628     0.311495      1.32796      0.45586      1.24086      2.80801    -0.350459       1.1349     0.187693     0.327873       1.0438     0.412872     0.249335     0.116323      1.45962     -1.64121    -0.870034    -0.448921   -0.0192349      2.18116     0.132186     0.638826     0.710907     0.046863     -1.18811    0.0305958
  -0.0160184     0.117191    -0.327548     0.101499    -0.432036      1.18938     0.330949    0.0121319     0.251274     0.768892   -0.0492277    -0.483266    -0.142189    0.0840856     -1.00996    0.0198902    0.0936125     0.410641   -0.0600861   -0.0863131     0.396729     0.108544   -0.0737848     -3.98816     0.267113   -0.0230918     0.986426     0.845919     0.154059    -0.442934    -0.357166     -1.77402   -0.0839194    -0.277222     0.237907    -0.743813      0.18817     -2.28956      1.41238     0.516702   -0.0684891     0.073116     0.137491     -3.75321      0.29085      0.02916    0.0244825    0.0340671     -1.31263     -0.23121    -0.129886  -0.00544445     0.223607    -0.178402     0.307856   -0.0495115     0.133544     -1.39582    -0.048507     0.390619     0.121463     0.851853     0.146231     0.808408     0.545093    -0.173824   -0.0230192     0.395216     0.931113     -1.26226    -0.568623      0.77207     0.364136     0.888821    -0.102226     -1.08381     0.146439     0.584814    -0.373103      1.17588    -0.444151    -0.429172     -1.55428      1.51398      1.05116    -0.335674   -0.0112902    -0.750798    -0.804134      1.26751    0.0492647    0.0615595    -0.597177      -2.0821    -0.156438   -0.0899261     0.416804    -0.122869     0.148969      -1.4977    -0.790035     0.148787     0.263586      2.18586    -0.230524     0.967635     -0.66946     -0.46969     0.371885      1.78348     -2.01797     0.415965    0.0996992    -0.244621    -0.208574     0.251013     0.827619    0.0142129   -0.0145609     0.128033     -2.19434     0.886009    -0.336696      1.00864     0.233846   -0.0783234     0.337053       0.3346     0.635948     0.205145     0.138769     -3.20551     0.258811    -0.246348    -0.160665     0.966943      2.31421     -1.08089    -0.135842   -0.0680614     0.594763     0.227584     0.990836      1.75866      2.49953      1.20725     0.951276      2.28184     -2.02784     0.424666    -0.103925    -0.178289   -0.0304004     0.533795   -0.0556894     0.301463    -0.498971    -0.162389    -0.668861     0.487696     0.250759     0.298162      3.31056    0.0150189    0.0154688      0.15224     -0.10163    -0.187066      1.03663     -1.11463   -0.0208799     0.145887    0.0664487     0.243341     0.956018   -0.0824978     0.779926    -0.349531     0.356449    -0.460106     -2.09247    -0.557011     -1.94089      1.53556      1.06433      1.18625    -0.321453    -0.149455     -2.83525    -0.067278     0.157319      2.05644     0.371173    -0.516281      1.02033      1.56513      2.15937    -0.164847    -0.647064      1.49856    -0.323765    0.0826176      1.32268    -0.102901      2.02548     0.282262     -6.81253     0.311247     0.755946    0.0696477      1.39581     0.163032      2.48135     0.020512     -0.87284     0.124996      0.17847    0.0347377      2.40362    -0.760244    -0.151965     0.930003     0.922892    -0.253009      0.15977     0.229239     0.420212     0.477842   -0.0775224     0.277451    -0.346576    -0.153827    -0.753352      1.19139      0.46804    -0.159712    -0.134687     0.683005      1.75166     -4.46998     0.191731     -6.19377     0.509876      1.92131     0.153054    -0.801349      0.16013    0.0249611      1.84564    0.0609576     -3.34362    -0.239543      1.73738    -0.118684      0.45246     -3.29958    -0.971628    -0.551112   -0.0844149     0.249968    0.0294759     -5.75992    -0.148167     0.186951    -0.113225     -5.37969      0.15442    -0.012432   0.00362749    -0.180933      1.47209     0.162791    -0.273597     0.128268     0.498367    0.0750586    -0.708575     0.132464     0.969977    -0.276745     0.115654      2.59184    -0.296131     0.451157      1.81646    -0.459989     0.231495     0.194597      1.24691     0.827898   -0.0142416     0.484556      0.34457     0.856988     0.688707     0.703352      1.67896    -0.328497    -0.127747     -0.35543
   0.0102774    0.0236415    -0.280497    0.0567264     0.140452      1.54527    0.0220611    0.0926041   -0.0892784    -0.208578     0.196602     0.398927     0.770555    0.0205692    -0.653261     -0.14155     0.519276     -1.57508     0.776349       0.2255     0.327823     -0.53904    -0.849862      1.98533   -0.0684035    -0.306826     -1.33287    -0.416183    0.0843928    -0.366608     0.858881      1.91068     0.170432    -0.645993     0.317222     -0.23415     0.177691     0.887824     -0.26321      1.64171    0.0321227     0.229779     0.297886      0.38746     0.133306     0.501773       0.7808    0.0224374      2.18357    -0.215516    -0.605107     0.142622    -0.305608  -0.00824546    0.0996003     0.120154      -0.2728    -0.868861     0.221303    0.0670813     -9.78011     0.731713   -0.0203459      1.63662    0.0468876      0.21293    -0.215012    -0.114948      1.16637    -0.240427        0.643     0.854871     -2.90175     0.736748    0.0599653       1.1129     0.130913     -2.24905     0.464517     -1.70117    -0.922959      1.10294      -1.1733    -0.190852      2.15647     0.651138     0.282438    0.0506669     0.714119     0.854359       0.1283     -2.32008     -1.11581      1.06067  -0.00492556    0.0729778     0.154259    -0.386263    0.0264912    -0.149153     0.848279    0.0267235    -0.105236    -0.174597    -0.157776     0.605537    -0.703161    0.0459652    0.0351361      -1.1862      1.66279    0.0870616    -0.147526      0.27151   -0.0981666     0.129481     0.519548    -0.168863     0.381686     0.510249      1.91783    0.0210758     0.117305    -0.188338     0.156158   -0.0248835      3.06846     0.421405     0.507025    -0.468724   0.00971106     0.253036      0.49815    -0.163666    -0.162515     -6.79138     -1.51887      1.18196    -0.592477    0.0471553     0.043387     0.386896     0.268304      1.47572      1.74297     0.532032    -0.166057     0.497333     0.885823   -0.0058116     0.132398    -0.141831    -0.196579    -0.211204     0.365915     -1.22237     0.246894    -0.511672    -0.395532     -3.55596    -0.269893      0.10283     0.352792     0.200949     0.214605     0.106648   -0.0651432    0.0364808     -1.00798      1.19293    -0.315982    -0.104129   -0.0225763    -0.107279     -3.46067     0.166557    -0.711443    -0.427297      1.86334    -0.581691      1.05362     -2.32558    -0.393347     0.188088    -0.443663     -0.75937     0.685814     0.192522   -0.0591377      1.07977      0.05173    -0.404286      1.82197      2.78822     -2.97594    -0.706186     -0.70857    0.0803325     -1.25799      1.21694     0.352264     0.177364     -2.92497    -0.142544     -4.10952     0.109712     0.789028   -0.0777733   -0.0897579    0.0364654      0.33538      2.29588       1.9532    -0.127984      2.64408  -0.00989181   0.00391202     0.042554     -1.35095     0.326193      1.77636      1.90414    -0.226355      0.77746    -0.275396     0.289988    -0.263244     0.733807    -0.844899     -1.02418    -0.405138    -0.100498    -0.526732    -0.665705    -0.928553   -0.0310765     0.613873      3.22984     -2.17439   -0.0982623    0.0388612    -0.581833    -0.180914     -0.96453    0.0336074    0.0192762    0.0510639     0.117244      1.89377      3.10697    -0.483742     -1.42184      1.61452     0.677346     0.100093      0.83204      1.27734     0.233923     0.423649   -0.0209178   -0.0185043     0.363286    -0.676645     0.411166    -0.494437     -0.46822    -0.116835     -2.76917     0.483521    -0.108957   -0.0810881    -0.219479     0.205193    -0.234409      1.50407   -0.0835331     0.556933    0.0512034      1.17913    -0.515721     0.013536     -6.92912   -0.0586999      0.45568      2.38972    -0.174069     0.162666   0.00645572     0.942724   -0.0794801     0.403086    -0.137974    -0.153258     -1.73876    0.0275085     -0.20469    -0.787104    -0.768105    -0.620159    -0.321755
   0.0200205    0.0345986    0.0720402    0.0421479   -0.0330639      0.26961    -0.105603    0.0302193    0.0490082    -0.104898   0.00533067     0.027648    -0.215027    0.0202813     0.103142    0.0421237   -0.0914463    -0.762303   0.00368737    0.0352328    0.0452826    0.0506149    0.0992769   -0.0503691    0.0422656     0.103477     0.252338     0.066426   0.00769041     0.289142     0.430177     0.590007     0.064138     0.174049    0.0728563    -0.114317   -0.0026633     0.058288    -0.136653     0.145873  -0.00571809    -0.080262   -0.0144426   -0.0938745    0.0295628    0.0729688   -0.0767483    0.0111933    -0.223244    -0.269791     0.388262   -0.0631474   -0.0274931    0.0266311   -0.0733006    0.0268378       -1.027      0.69228   -0.0584417    0.0573357    0.0421947     0.167542    0.0141168    -0.152813   -0.0433228    0.0561436    0.0136869    0.0133574    -0.124102     0.128622   -0.0130863     0.270541   -0.0146074    0.0884187    0.0571622   -0.0570196   -0.0359611    -0.223443    0.0229482     0.378317      1.48155    -0.196205     0.315448    0.0321985    -0.209831    -0.378265    -0.133948     -0.30967     0.292407     0.135772    0.0224688     0.260802    -0.391035   -0.0288729    0.0476935    0.0405281    0.0163425     0.694894    -0.023007  -0.00435908     0.161962    0.0135353   -0.0436668    -0.314625    -0.078162     -0.16661     0.172411    -0.085835    0.0741454    -0.156648    -0.135918    0.0692026    0.0250271   -0.0102844    0.0197314   -0.0260058    0.0608218    0.0238532   -0.0387322   -0.0258331   -0.0820939   0.00122142    0.0078059       0.2005    0.0372192    0.0101157     -0.21826     0.104898    -0.020153    0.0755228    0.0340143    -0.113497   -0.0810632   0.00975143    0.0684945    -0.167204    -0.375352      0.43007     0.190604    0.0389819   -0.0658407   -0.0810905     0.109281    -0.189091    -0.243319     0.439722     0.148702    0.0866717     0.184494    0.0514416    0.0603844   -0.0131517  -0.00480127    -0.514619   -0.0241649     0.159598   -0.0674426    0.0374234    -0.177284   -0.0324675    0.0163833    0.0334317   -0.0363702   0.00983384    0.0375181    0.0465275    0.0488299    0.0615746       0.4311    0.0686934    0.0873247    0.0401271     0.230021       0.1746     0.121116    0.0713565     0.374793    0.0397114    -0.583612    -0.137621     0.119695     0.259111     0.408978    0.0349352     0.192641      1.35358   -0.0339829   -0.0634483    -0.113297     0.522406   -0.0148942    -0.165548    -0.078668     0.291473    -0.202467    -0.189942     0.282445    0.0331474    0.0846946     0.104116  -0.00596877    0.0300204    0.0370095      0.11306     0.119177   0.00846821     0.100278    0.0854178     0.122168    0.0301423    -0.278755    -0.240546    -0.212234    0.0968331     0.103467    0.0167971    0.0610229     0.030236   -0.0591532    -0.147326    -0.499974     0.342523    0.0350331     0.121354  -0.00319122    0.0299937    0.0973004     0.194128     0.122034   -0.0926327    0.0976826    0.0314467   -0.0943064     0.207125    -0.149476    0.0449987     0.121071     -0.17868    -0.223534  -0.00671219   -0.0336922    0.0901597   -0.0197041    -0.226911  -0.00106568    -0.016061    0.0391787  -0.00601331    0.0378725     -0.10626    0.0784567     0.354177     0.290536    -0.120922   -0.0436327   -0.0239091     0.126578      0.10631   -0.0333912    0.0289944   0.00513229   -0.0239952    0.0671419    0.0571526   -0.0722672  -0.00384698    0.0240518     0.158938    0.0611984     0.038848      1.16556    0.0745271     0.233175   -0.0253314   -0.0610847    0.0347876     0.190873     0.115568    -0.227783     0.055339  -0.00989108    0.0148712    0.0629835    -0.042685     0.201509   0.00685391    0.0211194    0.0584163    0.0825665    -0.164914    0.0381623    0.0150998   -0.0490188    -0.344319   -0.0479689   -0.0364899    -0.371025    0.0866835    -0.267702   -0.0752725
   0.98321
 -0.551579
   1.40592
  0.133214
   -4.1061
 0.0652586
   1.64498
-0.0157537
   1.11171
  0.163974
