2 16 0.1 1700
1
1
9 300
    0.156649     0.330881     0.146998      0.25245 -0.000824815     0.429259    -0.019815      0.24042     0.224837
    0.337069     0.239034     0.379884     0.409348     0.539561     0.655643     0.169716     0.279873     0.474216
    0.208116    0.0416834     0.266372    0.0745926     0.485125     0.271397     0.167681     0.693855     0.603459
     0.43672     0.466263     0.480042     0.667543     0.415972     0.154483     0.742022     0.625903     0.446162
     0.24834     -0.45371    0.0879818     0.268638      1.50011   -0.0552463    0.0500426       1.0237      1.12362
     1.83776      2.08704      1.31539     -1.83588      3.24439     -1.10957     -2.56161     0.926505      1.27889
    0.491523       0.1981    0.0462512     0.118459     0.222764     0.146263   -0.0786046    0.0664581    -0.112486
    0.213457     0.132002   -0.0847011   -0.0308827   -0.0672639    -0.128851    -0.042389    0.0472715    0.0765771
    0.288853     0.213104      0.39671     0.336756     0.417383     0.208139     0.728145     0.322604     0.542572
     0.77935      0.26497     0.850811     0.725756    0.0631971     0.197338     0.616538    -0.403318    0.0198035
 0.000563417    0.0159047    -0.105253    0.0801084    -0.108847    -0.229557    0.0766216    0.0713545   -0.0996298
   -0.322254     0.211955     -4.60262      1.15409    0.0470185      1.11833    -0.297043    -0.176026     0.546494
    -0.62206    -0.839958    -0.439274   -0.0725211    -0.235961     0.609017      3.88945    -0.818417    -0.537381
     0.53307     0.298671     0.347652    0.0371374     0.176413     0.287374    0.0957813     0.233165     0.490007
     1.14647     0.781118     -0.47766     0.287807     0.504777     0.560535     -1.60602     0.779105     0.969215
    0.322887     0.172323     0.184693    0.0636474     0.170714    0.0775195      0.19442     0.185693     0.472707
    0.114162      0.23146     0.299673     0.839511   -0.0377998     0.292199     0.368837     0.190964    0.0415769
    -1.96116      1.18486      1.10689     -2.13635       0.1624      0.35479     -1.63307      0.49257      1.70086
    0.379253       1.1076     0.127621     0.703038     0.436622     -2.29535       0.4858    0.0482222    -0.461128
    0.355201     0.165717      0.13468     0.185317     0.175304     0.276295    0.0430567     0.153933     0.390739
     2.18443    0.0721687     0.253137     0.271719    0.0507898      0.49642     0.265881    -0.454767     0.159832
    0.615894     0.601597       1.0215      0.73434      0.82717     0.124355      1.10029     0.334898     0.161567
    0.335762     0.253299     0.650576   -0.0143997     0.300453     0.337089    0.0174441    -0.267181      1.02127
    0.820066     0.444442     -1.23835     0.653322     0.819328    -0.123367     -0.64797     -3.24213     0.781155
   0.0348818     -0.40111    0.0925982      0.14284     0.128419   -0.0550685     0.356023     0.023229     0.147022
   0.0527895    -0.472365     0.405074     0.282733     0.789319     0.483656     0.588669     0.321518     0.562315
   -0.104816      1.93506     0.810503     -2.37071      1.43782     0.316447    -0.105965     0.515973      -1.3824
   -0.518247     0.138355    -0.988088     0.964897    -0.136027     0.813215     -5.13022     0.868809      1.04852
    0.271848     0.202522     0.392446     0.375551     0.226892     0.519809     0.162727    0.0649357     0.250208
    -4.55775     -1.16699     0.108952     -1.19246     0.976013     0.223465      1.01991     0.290947       1.2605
    0.812209     -0.28278       1.0257     0.683055     0.239107      2.03296      -1.0519    -0.619603      1.22619
      2.3856      1.76428      1.07262    -0.863832      1.45714      1.48005     -1.93031     0.326848      2.45256
   0.0297371      0.14811     0.446087   -0.0299949     0.335092    0.0718161     0.143062     0.517277     0.328609
    0.155351     0.182915     0.896155    0.0974964     0.680895     -1.28275      1.13077    -0.058486     -1.20017
    0.460378     0.514572     0.143148     0.222669     0.298034     0.110328    -0.773095     0.154687     0.256185
     1.43724    0.0976475      -1.3984      1.23979     0.600249    -0.282413     0.738024    -0.344204    -0.566727
    0.497125     0.533963     0.670258     0.833266     0.384901     0.736833     0.301539     0.201906     0.287005
    0.866753      3.21957     0.076852    -0.454226    -0.954535     0.393175     -1.37678     -0.79137      1.20737
     -1.6375     -1.94026     -2.01567     -1.39337       1.1386      1.07221      1.82899      2.06334       3.6261
   0.0982919     0.048209     0.495198      2.88947    -0.514018    -0.757688    -0.841834     0.587967    -0.301779
     0.22141     0.536044     0.547992     0.749139     0.174534     0.557413     0.390354     0.382483   0.00963567
    0.400635     0.565865    0.0378535     0.372648     0.661652     0.953758     0.978553    -0.149772     0.819469
   -0.404181    -0.410439    -0.780961     0.472377    -0.304343     0.256907      1.66067    -0.148176    -0.355016
  -0.0540685     0.373271     0.696309      -1.7051     0.158931    -0.593812     -1.00269      2.71288     0.571329
   -0.028621    -0.536046     0.103898    0.0925687    0.0485111     0.333122    -0.325757    -0.251803    -0.119289
   -0.349701     0.370017     0.448007    0.0279993   -0.0688313     0.533918    0.0680151     0.160064     0.306531
   -0.143154     0.404759     0.506432     0.732801    -0.128035     0.498807       0.7593     0.326171   -0.0125423
    0.245067     0.201838     0.163947     0.195623     0.184103     0.081571        0.178     0.276157     0.189506
    -1.07301     0.870024    -0.153247      2.24463      -3.7245      2.67912     -1.05091      1.34456     0.232059
   -0.120918    -0.773323    -0.463375     0.874951    0.0347565      1.70418    -0.523522    -0.234474       1.2896
     1.99053       2.5692      2.54813    -0.152064      0.27706     0.158752   -0.0604591     0.202181     0.160065
   0.0480019      0.14497    0.0310968      0.39491    -0.170739    0.0961696   0.00358457    0.0251129    -0.208558
    0.607792   -0.0516902     0.463191     0.177373      0.13233    -0.137512     0.385834    -0.357588      0.21479
  -0.0555075    -0.266716    0.0718312     0.307851      0.30699      0.22945     0.209639    -0.227304    0.0327376
    0.654482       0.1151     0.635779     -1.07292     0.116996      0.10681     0.237899    0.0100181      0.36312
    0.265326   -0.0231085     0.274085     0.226754     0.463865     0.187764     0.310951     0.128947     0.340155
     -1.9198     0.977248     -1.01067     0.125902     -1.31401      1.47511     -1.54892     0.814032     0.398367
     2.65602     0.602847      1.10933      2.38878    0.0565887     -1.22927      2.30282    -0.880269     -1.69845
    0.164251      0.18508     0.277762     0.524723   -0.0164108     0.166559     0.366594   -0.0435465   -0.0954424
    0.297516     0.286154     0.300658     0.164255     0.444025     0.436957     0.309884     0.576042     0.663451
     1.17966      0.79313     0.242966    -0.841575     -1.27749     -1.52382     -0.88733    -0.631765      7.17379
    -1.59362     0.132574      1.19434      2.10159      1.58008     -1.76885      1.50651      2.28852     0.648008
    0.167013    0.0366178     0.181479     0.330202     0.195745     0.316698     0.252911     0.195507     0.319776
      2.4232       2.2766      1.73345     -3.71864      1.09787      0.46141     0.280548    -0.158081     0.515339
    0.410442     0.138301     0.605371      0.48737      0.20712     0.361179    0.0461847    -0.221305    0.0850027
   -0.199992     0.205211     0.227858   -0.0813259   -0.0894205      0.26816     0.177379     0.157598   -0.0877676
    0.285119     0.466347     0.375205     0.194052     0.197698     0.234869      0.13834     0.360532    0.0944335
    0.388051     0.180327     0.077257     0.473176     0.525108     0.255176      1.06452     0.220214     0.583011
     1.45483      5.49352     -1.40592      1.46656    -0.476807    -0.283632     -1.01272     -1.01418    -0.943444
     6.73712     0.319565     -0.99422      1.76817      1.37929     0.191085    -0.178261     0.843314    -0.889708
  -0.0189921     0.266726     0.324125     0.387953    -0.201949      0.67082     0.235529    -0.359513  -0.00696074
    0.502761     0.965231     0.237233      1.14454      1.34461    -0.389134     -2.67425    0.0545602      0.40951
     -0.3792      1.21327    -0.056071      1.09182     -0.70633     0.677354      -1.1723   -0.0272932      2.30424
    0.786834     -2.74384      0.35878   -0.0429067     0.502231     0.684902    -0.185317     0.198083     0.621938
    0.515283     0.439717     0.386833     0.710446     0.203478     0.655199   -0.0153835    0.0609312     0.491737
    -0.44129      1.12101     0.418031   -0.0421172      1.28469      1.02201    -0.751832     -1.55795    -0.849176
    0.415748     0.731679    0.0794078     0.294267     0.154119    -0.388181     0.589532     0.356463     0.156511
    -3.43792      1.07396      1.96792      -2.9034      2.88509      2.59912      -3.1191     0.382998    -0.317695
    0.191607    -0.604243       0.1057     0.329798     0.333764     0.808708    -0.322679     0.519799     0.651017
   -0.421868      1.18214   -0.0235204      2.38735    -0.685524      0.80292     -1.34394     -1.04387      1.35326
   -0.729289    -0.362948    -0.873304       2.7694      2.62684      2.60463    -0.537796    -0.536814    -0.780254
   -0.521695    -0.405439      1.34349    -0.399875    -0.823207      1.01743    -0.544146     -0.28214    -0.616081
     2.55855     -1.66501     -1.00223     -2.70647      7.99577     -3.46454      1.39551     -1.97019     -1.34412
     2.86896    -0.660531      1.00724      0.77763    -0.586513     0.493001      1.17275     -1.73514     0.149422
   -0.404311      1.00123     0.238351      7.50326      1.02735    -0.253063     -1.53861      -1.4379     -2.42985
 -0.00559524     -1.05201    -0.890041       1.4709     0.459429      2.33965     -1.04856      0.09854      1.54485
   -0.139027    -0.364779    -0.045126     -1.32213     0.914919      1.66855    -0.592134     0.139565     0.552333
   -0.295996     0.240826     0.601722     -2.45108   -0.0660854      -1.7736     -1.11364       1.3099     0.432814
     1.46777     0.946491     0.617331    -0.698349      0.58933    -0.288812    -0.587551      -0.3124     0.980691
   -0.799461    -0.429547      4.88703     -1.09018     0.245167     -1.85381     0.694259     0.847438    -0.547735
    0.429493     0.228503     0.332289     0.649551     0.641701     0.588217     0.364221     0.235524     0.387549
    0.231227     0.177127      2.01297     0.240096      1.55601    -0.497374      1.40789   -0.0146293      -1.7105
    -1.55923     -1.38951     -1.97587     -1.87811      8.15646     -1.73937     -1.45532    -0.830094    -0.205495
    0.384584      1.33717     0.193934     0.262044     0.278225     0.505517   -0.0518963      -1.8611    -0.205749
  0.00708568    -0.124588   -0.0364599     0.384003     0.220759     0.625131   -0.0894378    0.0418887     0.164256
    0.164138     0.329913     0.182295     0.548429      0.17756     0.669445    0.0195943    -0.187225   -0.0751752
    0.186767     0.582753    0.0967841     0.232904     0.117984    -0.103076     0.238488     0.314181   -0.0684318
    -1.06792   -0.0553364      1.24565    -0.392987       -0.349       0.8347     0.352553     0.650239      1.82982
    0.275843     0.185993     0.558163     0.360886     0.248602     0.527185     0.250339    -0.049957    0.0907369
  -0.0113109    -0.863855     0.591555     0.241024    -0.107678     0.551283    -0.510086      1.21658     -0.37979
     1.14502    -0.102147     -2.59417      1.74903     0.836068    -0.517824     0.426055    -0.347358      1.19328
    0.210673     0.107092     0.167122     0.235445     0.125034     0.274722     0.106154     0.102398     0.208376
 -0.00912444     0.138036    -0.275418       0.3006   -0.0440489    0.0972951    -0.118253    0.0141257    -0.574107
     1.33353     0.780039      1.09625     0.583106      0.45125     0.468937     -1.50599    -0.925405     -2.09441
   0.0382983    -0.369471    -0.118801      1.24496     0.328476     0.815141     0.293832    -0.279802     0.543559
   -0.228178      1.82253      1.28423     -1.01052      4.46943     0.291115     -0.49306     0.902815     0.874068
  -0.0102007     0.325357      1.51094    -0.544413     0.855351     0.362871     0.515149      0.53599      1.16447
     0.76096     0.695943       1.0081     0.438513     0.669874     0.403227     0.537378       0.0903     0.536692
    0.358413     0.401905     0.368881     0.191369     0.637687     0.260802      0.41522     0.650969     0.572442
    0.959005      1.16023      1.31971     -0.33238      1.92437      0.31872     0.159471      0.35951    -0.505086
    0.238514      1.38703     0.542005     0.744844     0.124011     -1.43934     0.832041      -1.9039     -1.11614
   0.0964514     0.380248     0.124161     0.300288     0.324902     0.129119     0.162259     0.445566    0.0547695
    0.340756     0.507007     0.385486     0.248379     0.360757   -0.0536048     0.595841     0.390732     0.227264
   0.0317104     0.067305     0.365086     0.520489     0.143763     0.540689     0.529232   -0.0891266     0.122202
    0.298325     0.241012     0.163029      0.39807     0.208285     0.646893    0.0707999     0.493978     0.539356
    0.140412     0.111067     0.500243     0.636124     0.221079     0.211027     0.711834     0.318253     0.238623
     1.03614      4.57838     -1.18793     -1.31685     -1.58618     0.125898    -0.445251     0.247862   -0.0685805
    0.367741     0.324576     0.325688     0.151662     0.129099     0.275196    0.0488378     0.133964     0.341311
    0.155352     0.241321     0.228265     0.468229   -0.0740183     0.269557    0.0844108   -0.0840952   -0.0261512
   -0.199993   -0.0873814    0.0252218     0.230485   -0.0886171     0.210906     0.932871    0.0998652  -0.00688566
    -4.82501     -1.81757     0.189984     0.881423      0.65189      2.10234     0.761047    -0.954256     -1.69521
  -0.0918196    -0.680697       2.2124     0.245979  0.000890543    -0.775083     0.367864   -0.0541637     0.313816
    0.390173     0.585879       0.3089     0.663434     -0.10702     0.753737     0.184803     0.758142     0.447474
    0.775879     -1.46394    -0.432228     0.751153    -0.935858      1.58719    -0.972779     -3.08145      1.35068
    0.315097     0.402821     0.279873      0.15783     0.293997     0.377195    -0.116051     0.231578     0.246281
    0.315722     0.373679   -0.0570879     0.240898   -0.0891538     -0.30574     0.345352     0.224969    0.0427962
     2.33617     0.446328     -2.20931       1.2894       1.2902     -1.15919    -0.420007     -1.61734     -1.86325
    0.122486     0.473614    -0.899495     -5.06385     0.968455    -0.729949     0.205382      1.25021    -0.193333
    0.299619     0.026747     0.362119     0.505438     0.304036     0.390375    -0.904964    -0.336767    -0.218056
    0.508795    -0.181824     -1.64261      2.53932    -0.544704      2.03739      1.63058    -0.215503    -0.526469
    0.183526    0.0679256    0.0771193     0.327424     0.362474     0.334527     0.272351     0.482415     0.379891
   -0.805244      1.57903     -1.40042     0.901623      -3.1475     0.806325   -0.0455504     0.993092     -2.10458
    0.601963      0.58224      0.60991     0.025031     0.613579     0.143217   -0.0575378    0.0123845      0.22292
     0.12295       0.1704    -0.146482     0.168697    -0.175823     0.151348    -0.141712     0.292914    0.0869024
    0.541689     0.369436      0.63197    0.0498478     0.703878     0.154674      0.42072     0.331069     0.773579
     1.08049     -2.68043     -1.01472      3.94872     -1.60151      1.16214      2.95562     -1.24523      3.59613
     1.05522     -1.83484      1.64734     0.526538     -3.32238     0.333334      2.07358     -1.40104      1.11887
    -1.98502     0.216121      1.59377   -0.0183749    0.0427072      1.78718      1.66078      1.01313      1.66708
    0.985709   -0.0858461     -1.47452     0.904331    -0.568676     0.491436     0.337306     0.302738    0.0727445
    0.334571     0.321397     0.450843    0.0310145     0.381617     0.444021     0.120615     0.252228     0.600621
    0.474671   -0.0594029     0.785981    -0.637705     0.214747      0.27249      1.75896    -0.576824     0.823273
    0.330711     0.378734     0.254738      1.14079     0.131425    0.0935474     0.190915    0.0899497    0.0114744
 -0.00624442      2.02034    -0.231086    -0.210746    -0.127926     0.236347    -0.195999     0.274718    -0.147088
     1.06668     0.850286     0.696759     0.202985      1.49233   -0.0728511     -1.06098    -0.674779    -0.920881
     1.71103      2.87843      0.39295    -0.224763     -1.49671     -1.33062     -4.78585    -0.381537     -2.09652
     1.10904    -0.590721     -2.05809      1.03576    -0.176905    -0.230042      1.91536      1.68517      1.30704
    0.238117      1.68359     0.290226     0.228597      0.40958   -0.0231604     0.526887     0.733993     0.245918
     4.77648     -0.49652      0.11613    -0.065164     0.485139      1.50645     -0.23701    -0.845166    -0.642446
  -0.0623534      1.74009      1.12212     0.342902    -0.664234     0.824799      0.80912     -1.01679    -0.472018
    0.343003     0.896741     0.426251     0.499345     0.238112     0.238436     0.229911     0.443041     0.113314
    0.128202    -0.177421     0.261035       0.1086     0.359801   -0.0122273     0.380415     0.310356     0.322614
    0.227401    -0.155929    -0.164614      0.61809     0.172734     0.375704     0.408951    -0.091219    0.0700974
    0.476023     0.631064        0.258     0.169117     0.496954     0.168871     0.315938     0.595414     0.227985
     1.24252     0.624424    -0.602122     0.529871     0.634586    -0.330806     0.379293      0.29191     -1.14609
    0.398731     0.745677    0.0671433      0.47465    -0.018291     0.092452     0.030449    0.0152651     0.096218
    0.619467     0.747103      1.83403      0.12998     0.892763   -0.0100653      1.12579    -0.581761     -1.16703
    0.369065     0.481273     0.228624    -0.314286     0.620839      2.97943    -0.711446   -0.0738215      0.34013
    0.203864     0.347231     0.113152    -0.083683   -0.0121259      0.43739    -0.366616     0.374616     0.552771
    -0.70637    -0.620498      1.00617     -1.55738      1.42673      0.63249    -0.514415    -0.301473      0.33045
    -3.04088        2.395      -3.3112      1.66679    -0.291657      5.93211     -2.74502      1.96669     -3.17305
    0.305535     0.490609     0.471091     0.339106     0.405018     0.292727     0.369798     0.422137     0.215781
   0.0691645    -0.265413    -0.030513       0.1409     0.130943     0.239715    -0.112584    -0.196578   -0.0655914
    0.750777     -6.95426     0.671456      1.60468      1.73422      1.37889      1.60256      1.31851      2.38778
    0.254331     0.216403     0.283498     0.518713     0.232128     0.356556     0.406883     0.402556     0.327777
    0.259048   -0.0365607    0.0877319     0.223893     0.221507      0.25024     0.142563    0.0323911     0.312698
    0.165465     0.120393     0.093662     0.112809     0.147934    0.0665171     0.264333     0.257432     0.227134
    0.232915   -0.0133774     0.315949     0.182111     0.448827     0.791739    0.0638005     0.213134     0.680013
    0.207738     0.229855   -0.0173307   -0.0908408   0.00482424    -0.360388     0.034646      0.34791     0.227303
     0.12339       1.3835     -0.28754    -0.304677      0.46756     0.248905    -0.423825     0.809557    -0.795447
     1.35082     -1.72802     0.332545      1.37968     0.615105     0.937336    -0.428655       1.2142       1.0687
    0.272855     0.456795     0.578124     0.065458     0.382187     0.589658    0.0654391     0.382954     0.732324
    0.196226      0.29552     0.208988     0.180267     0.159511     0.295156     0.128324     0.325894     0.321822
    0.937999    0.0517507    -0.675195     0.756534    -0.222757     0.441507     0.372624     0.511537      0.49138
    0.114657   -0.0425302     -1.62158      1.41337     0.640906      0.69814       3.8904   -0.0144462     -1.51217
   -0.963016      1.83722     0.111125     0.157485     0.272191    -0.218902    -0.358859     0.992381      3.17954
   0.0967129    -0.121573   -0.0929615    0.0626326      0.13147   -0.0199765     0.181447     0.367814     0.305971
    -0.16664    -0.390453      0.63544   -0.0257267     0.309036     0.690821     0.627758    -0.129839      1.41251
    0.217618     0.440124     0.261088     0.346143     0.307164     0.440513    0.0610269      0.74796    0.0393188
    -1.57874     0.612216     0.611397     0.850953     -1.59155     0.795796     0.800463     0.487139     -1.32767
     2.10045      1.81024     -1.50341      1.24461      -0.7208     0.301825     -2.65125     0.126036     0.573032
   -0.846211      1.53929     0.429944    -0.690094     -2.73426      0.21887    -0.919013     0.204805     0.351643
     1.31992      1.29607      2.80799      1.01245     0.528146    -0.386913      1.95276    -0.360415      -2.1426
     2.21638     0.576854      3.05189     -0.51621      1.68013    -0.587612      2.32576     -1.66684     -0.59183
     3.43594    0.0709972    0.0826806     0.287453    0.0708806      1.25706   0.00922792   -0.0865179    0.0225394
   0.0750057    -0.844915   -0.0189458     0.309536     0.814509     0.665339     0.901783   -0.0608214       1.2227
     1.76232     -1.90755     0.736271     -0.72071      2.02158    -0.258384      1.77077    -0.497651      1.84901
    0.575892       0.3448   -0.0365771     0.391011     0.248189    -0.321693    0.0984247    0.0953552     0.291942
    0.249055     0.176025    -0.101944     0.827518    -0.167178     0.236838     0.259708     0.288032     0.150601
    0.286087    -0.850782     -1.63452     0.877218     0.738619    -0.559551   -0.0802623      1.75303    -0.306732
   -0.545081    -0.687239    -0.231687      1.82004      1.66107      2.37167     -0.67837    -0.509562    0.0880844
    0.342826      0.13011     0.255904      0.65603     0.278226     0.424954     0.529606     0.186397     0.326048
    0.971811     0.968143     0.987504    -0.259317      1.66861   -0.0422157    -0.441871    -0.408384     -1.06592
   -0.148543     0.649753     0.144061     -1.27235    -0.759026    -0.333197      4.69129    -0.164701    -0.347206
     2.03254     -1.84202    -0.997986      1.95056     0.739383     -5.03938      3.14528      1.66211      2.48384
    0.958966      1.99435     0.771899     -1.11827    -0.644885     -2.05124     0.359192     0.783672      2.63433
    0.721711     0.825685      1.32556    -0.153142      2.05986     0.532456     0.160471    0.0277236    -0.207492
     1.76331      3.85308     0.104245     -1.17866      2.23454    -0.323159     -1.59672      3.04426    -0.150896
    0.474268     0.286408   -0.0469134     0.489241   0.00546404     0.324912     0.125855     0.294743     0.443631
      2.2447     0.361433      5.11269     0.524511    -0.223441     -1.69886      1.74561       2.2156     -1.09251
    0.689421      2.05259   -0.0131995     0.245229     0.767019      -1.4899   -0.0793714    -0.232262     -1.52725
    0.569123     0.289243     0.329997    0.0820104     0.388769   -0.0301818    0.0944195    0.0512078     0.492637
   0.0950744     0.230125     0.145333     0.113768    -0.115569     0.368103   -0.0483037   -0.0135816    0.0906135
    0.871565      -2.1249    -0.182206      3.31606      1.22181      1.78487     0.881711     -1.51514     -1.97865
  -0.0145251     0.250003     0.177695    -0.488571    0.0130957     0.103877    -0.224209     0.130024     0.175819
     2.33493      1.58763    -0.657106     0.359372       1.1652    -0.580341    -0.417747      1.12099     -4.39736
    0.473195     0.566639     0.417611     0.504226     0.485773     0.310426     0.476951     0.514464     0.452771
    0.528051     0.850253     0.986339   -0.0297012    -0.937076     -0.66322    -0.391667      5.47986    -0.998938
    0.303033     0.839033     0.401241     0.530766     0.302569     0.466848     0.140752     0.526397     0.165575
   0.0403524    -0.318333      0.70254     0.267965    -0.071922     0.557203     0.340561    -0.162332     0.815102
    0.016686      0.22535     0.121419     0.157228    0.0454934     0.309974   -0.0450783      0.13136     0.119107
    0.640406      1.42848      -1.0058     0.204128     0.669527    -0.946338       2.4719      1.16467    -0.341912
   -0.976264     -1.17156     -3.54333      1.63979      2.88649     -1.29953      4.59813      1.11496     -2.24853
    0.709411     -1.88733      7.90135     0.714606     -2.86062    -0.556597      1.25705    -0.919811    -0.492665
    0.177857     0.190504     0.438501   -0.0271614     0.403424    0.0598467      0.31009     0.371622     0.448922
    -1.56531      3.33195      1.74288     -1.08243      2.51204      1.87252     -1.23096     -2.38343     0.608589
    0.525902     0.424396     0.579159     0.645198     0.652181     0.695243     0.540624     0.488167     0.801736
    0.381634     0.364718     0.463589     0.298769     0.625672     0.290513     0.554476     0.564482     0.600333
    0.455516     0.514775     0.429771     0.546724     0.317796     0.641121     0.247376     0.427291     0.525439
     -2.7345     0.933479       -1.022     0.501906     0.255963    -0.477606    -0.147529       2.2385      1.62563
   -0.338396    -0.737134    -0.566234     0.629903    -0.469534     0.460386     0.671657     -1.04342     0.161127
   -0.841508    -0.173408     0.614045     0.850145    -0.714008       1.4981      1.22379    0.0565209     0.256894
    -1.95739      -3.0761     -1.89215      3.08816      -2.1366      3.93711      3.10027     0.816876     0.902977
   -0.282173     0.379575     0.667988     0.273279      1.70089 -0.000297705    -0.359152     0.646368     0.602033
   0.0905821     0.741603     0.283737      1.35845    -0.262811    -0.429937     0.758523     0.698912   -0.0711284
    0.741755     0.796396     0.932757     0.300477     0.214667   -0.0805883     0.550198    -0.135974    -0.206069
   0.0763926    -0.175093     0.138216     0.345563     0.165791     0.505826    -0.251265    -0.118229    0.0326077
    0.175332   -0.0282196   -0.0309186     0.301296     0.291546     0.261628     0.457806     0.442143     0.679541
   -0.559435    -0.120648     0.379521     -2.21608      1.21278     0.414502     0.402136      1.50506      2.08219
   0.0388131     0.371913      0.52397     -0.44069     0.258546    0.0106927   -0.0741307     0.322168     0.755491
    0.519279     0.268088    0.0546381     0.626723     0.311101     0.424454     0.191863     0.220437    -0.700671
    0.273656   -0.0755515    -0.297251      1.32895     0.450253      1.40905     0.646962    -0.427221    -0.281283
    0.236073     0.118568   -0.0300329    0.0269977    0.0333018   -0.0661997    0.0671767     0.181472     0.143133
     2.01851     0.433998     -2.14814     0.469444      -1.1659     0.308885     -1.25285     0.985283     0.951317
    0.565636     -1.92125     0.879882      1.26156      1.73575    -0.536721      1.04011    -0.590776    -0.927203
    0.772675     0.378051     0.333581    0.0664673     0.317019     0.205655     0.146132    0.0696087     -0.54479
    0.870627    0.0515572     0.510211   -0.0548277     0.151734   -0.0423179    0.0737285    -0.589825     0.305221
   -0.587833     0.357143    -0.417479     0.194069    -0.332774     0.518321      1.01204     0.118454    -0.151787
    -3.35996       1.7756     0.496504      2.54802     -2.65131    -0.407072     0.495578     0.062623     -2.77054
     3.22926     -1.90622       2.5017     -2.29586     -4.32916     -3.25474      1.54513     -2.20372      3.37933
   -0.859031    -0.259792     -1.18649    -0.312905    -0.377329    -0.293695    -0.689728      3.37815    -0.904494
    0.150973   -0.0249579    0.0925495     0.563344     0.129807      0.25619     0.334176     0.183457     0.201301
     2.76654     0.978261      2.67653      1.40821         2.28     -1.93997      3.70791     -3.39372     -1.93424
   0.0183851     0.331809     0.514364    -0.229956     0.708066     0.309111    -0.231774     0.274665      0.22317
     1.67003    -0.345491    -0.779046     -1.25856     -3.55748      0.48069    -0.337323     0.536472      1.00956
    0.271444     0.222282     0.298736     0.373285       0.2344     0.144847     0.369542     0.277505     0.228732
    0.172626     0.167251      0.06493    -0.267992   -0.0175127    -0.258901    -0.206487     0.907497    0.0308923
   0.0588719     -0.12725     0.143553   0.00848384     0.150486    0.0441817     0.122987    0.0224282     0.116273
    0.244314     0.235114     0.378322      0.23398     0.155016     0.189286     0.229956    0.0873509     0.150621
    0.901037   -0.0214612     0.260588     0.900099      5.54467     0.245874      0.93169     0.256615     0.607779
     4.25976     0.641852     0.603451  0.000635026     0.591719    -0.120829     0.590422     0.778352      3.92887
     1.71707      1.20296      2.32058     -2.60652       1.6533     0.222152     -1.01215   -0.0130961      3.02891
     1.43667     0.153673      1.27102      1.47725    0.0267488    0.0885431      1.63149     -1.21061     -1.85386
   -0.380948    -0.419643      1.83118   -0.0658583    -0.254652      1.58583     -4.34654     -1.82599    -0.645186
    0.413581     0.220925    -0.257439     0.447212    0.0942029    -0.513828   -0.0799017    -0.330254    -0.198348
    0.407972     0.131211     0.427968     0.508641  -0.00394977     0.241158     0.190846     -0.28629    0.0807374
    0.196686     0.628991     0.346631   -0.0440061    0.0782693     0.187176    -0.404559     -2.84625   -0.0971926
     4.13031    -0.345861     0.644638     -1.33324     0.394436     -1.49208     0.996781      1.89878     0.626145
    0.578929     0.302206      0.82589    -0.184927     0.614612     0.969771    -0.131696    0.0643632      1.02389
  -0.0548033   -0.0233305   -0.0338137     0.334729   -0.0745699     0.196089    0.0997681   0.00349954    0.0316073
    0.245853     0.455836     0.212143     0.214198     0.212157     0.216967    -0.108041     0.314329    0.0699146
    0.166852     0.195834     0.140953     0.208973    0.0590174     0.128818     0.149057     0.178777    0.0568486
   -0.417402    -0.225354      1.51902     0.551253     0.456666      1.94957     0.931557     -5.03091      2.51119
   0.0644524     0.318609    -0.623363    -0.258703     0.394904     0.010644    -0.238724      1.16546     0.293125
  -0.0794041     0.210969   -0.0690892    0.0537102    -0.103429    0.0244257     0.222916     0.285908    0.0568013
  -0.0142431    -0.553619    -0.170512     0.987578     0.722061     0.718898     0.830639    0.0400527      0.26736
    -1.02328      -3.4748     -0.96003      1.07133     -0.32232      0.86625      0.72213      3.98248     -1.60321
    0.312757     0.205212      0.53361      0.14013     0.707559     0.292066     0.320591     0.398281     0.442111
    -2.55304       2.8309      1.93338     0.351204     -1.98577      0.47863     -1.81684     0.358812     -2.90137
  -0.0500897     0.316479      0.21209     0.113329   -0.0519124    0.0938393     0.365014     0.204133    0.0620341
    0.150936     0.105845     0.020936    0.0292388   -0.0490802     0.097308   -0.0477601     0.242888     0.176688
   -0.182135       2.7629    -0.672149      -0.7214      2.06008    -0.557464    -0.642323      2.13772    -0.358918
    0.181786    -0.313834     0.438451    -0.226824     0.188092    -0.303992     0.215304    -0.316562      0.21228
   0.0672784    -0.237683   -0.0623644      1.17153     0.769315       1.4101    -0.447573    0.0372489     0.416619
    0.172643     0.199599     0.282456     0.029479     0.142359    0.0908285     0.127653      0.13075    -0.108847
    0.267208      1.10735   -0.0811723     -1.99232     0.173013    -0.730117      3.60074     0.561221     0.378357
    0.173672     0.325019     0.387401   -0.0236338     0.189293     0.234275    0.0171375      0.17762      0.18103
    -1.02432     0.253182      2.50442     -4.31672    -0.128584      1.18124      1.46298      0.22622       1.7772
  -0.0995995     0.307498    -0.968024     0.835197     0.305645     0.909289    -0.018368    -0.290411    -0.452166
    0.648784     -0.28241     -0.72058    -0.201235    -0.422612      6.15475    -0.307547    -0.741548    -0.403178
      1.0444      1.27238    -0.985968     0.951994     -1.33379      0.34358    -0.149757      1.14268     0.235938
    0.198794   -0.0636359    -0.280371     0.807863     0.569852      0.60337     0.523084     0.186218     0.237945
    0.869517      1.26049      1.29597      1.29877    -0.955862      1.11401     0.728045   -0.0969222      -5.4183
   0.0706226     0.141412     0.118654    0.0595182     0.236423     0.200123    0.0547362     0.686489     0.318157
    0.560216     0.339324     0.671842     0.320587      1.89084      1.00112     0.377998     0.486568      0.94425
    -4.94595     0.789111     0.866432     0.499445    -0.202175    -0.439492     0.798754     0.310813     0.692027
    0.427315     0.608602   -0.0779152    0.0669218    -0.292578    -0.338925    -0.176839     0.106007     0.172986
    0.273189    0.0749927      0.47433     0.313222     0.552054     0.587744     0.217656     0.105578     0.394375
   0.0608469    -0.226634     0.283828    -0.050902    0.0711734    0.0964861    0.0870531    -0.163861     0.172905
     1.47289     0.711796     -4.52163     0.697765     0.243826    -0.802997      1.49285      1.40915      1.10924
    0.439519     0.302189     0.300303    -0.491475     0.174033    0.0227635      1.53098    -0.265591     0.835491
    0.363052   -0.0517533   -0.0823329     0.528714    0.0275754    -0.561301      1.10279     0.164528    -0.196283
    0.307073    -0.496419     0.112491     0.145889    0.0781949     -0.11962     0.644707    -0.302376     0.232258
    0.273543    -0.166439     0.318666     0.203133   -0.0419001  -0.00651513     0.227054    -0.325586    0.0699407
     1.85406    -0.280519      1.13501     0.614843      1.34957      0.76729     -0.45791    0.0797513     -2.39127
    0.159918    -0.390205     0.981343     0.382484   -0.0529564    0.0659979     0.149806    -0.284413     0.367918
     -1.3682     0.492362   -0.0244498     -1.85071     0.744133      4.67162     0.885165      2.44485    -0.159954
      1.2895     0.388302     0.293812    -0.647743     0.953484     0.335132    -0.445825    -0.813879     -1.63065
    0.562234     0.740394     0.937323    -0.599887     0.702929    -0.589816     0.198099     0.588286     0.774334
    -1.79136     -2.81689     -2.09701     0.131785      1.32619     -1.47618      1.19828     0.736689     0.637057
    0.792946     0.857125     0.539973    0.0480802     0.148866    -0.445835     0.330962     0.075229     0.349107
 -3.45708
 -3.32274
 -3.40466
 -3.20547
 -3.30689
 -3.00995
 -3.69686
 -3.62439
 -3.47361
 -3.59161
 -3.63504
  -3.0419
 -4.06957
 -3.56999
 -3.73623
 -3.54683
 -3.37332
 -3.96314
 -3.64208
  -3.4679
  -4.0377
 -3.18122
 -3.74893
 -3.96826
 -3.59989
 -3.35928
 -4.04746
 -3.43927
 -3.43417
 -4.80548
 -3.61881
 -4.32707
 -3.57759
 -3.87166
 -3.71906
 -4.17786
 -3.28014
 -3.95384
 -4.85544
 -4.64721
 -3.38589
 -3.71921
   -3.758
 -4.08891
 -3.72032
 -3.57531
 -3.42058
 -3.47775
 -3.83531
 -3.68248
 -4.06313
 -3.57956
 -3.69916
  -3.5837
 -3.90654
 -3.39924
 -4.23258
 -5.27778
 -3.41609
 -3.28825
 -3.77937
 -4.73888
 -3.45797
 -4.28319
 -3.56714
 -3.62405
 -3.47068
 -3.47973
 -3.93959
  -5.3641
 -3.48822
 -4.55953
 -4.49879
 -3.95665
 -3.43836
 -4.40098
 -3.52953
 -4.65728
 -3.59866
 -4.77559
 -6.16648
 -4.07916
 0.147069
 -4.47484
 -4.28437
 -4.00377
 -3.91415
 -4.00836
 -3.78491
 -5.16952
 -3.21389
 -4.09263
  3.09784
 -3.56429
 -3.60401
  -3.4853
 -3.53738
 -4.06563
 -3.58364
 -4.07642
 -4.03412
 -3.50007
 -3.72239
 -4.36025
 -3.53201
 -3.92396
 -3.38077
 -3.05968
 -3.26337
 -3.64351
 -3.86007
 -3.55414
 -3.46086
 -3.54482
 -3.38128
 -3.43565
 -3.75908
 -3.54815
 -3.50759
 -3.66043
 -5.46633
 -4.10844
 -3.29865
 -3.02594
 -3.48124
 -3.59863
 -5.26212
 -3.72962
 -3.80555
  -3.2784
 -3.42268
 -3.79413
 -3.41061
  -3.5936
 -3.33247
  -3.5958
 -5.68977
 -4.20345
 -3.73743
 -3.33279
 -4.12207
 -3.52765
 -3.80546
 -4.65117
 -2.88199
  -4.3082
 -3.43338
 -4.52587
 -3.48814
 -3.35246
 -3.45346
 -3.57283
 -3.56962
 -3.86413
 -3.49346
 -3.57099
 -4.20292
 -3.57594
  -4.2268
-0.541163
 -3.37102
 -3.66195
  -3.1529
 -3.37179
 -3.48855
 -3.51135
 -3.36511
 -3.60846
 -4.03831
 -3.95065
   -3.369
 -3.44372
 -3.63736
 -4.47326
 -4.33527
 -3.55272
  -3.9181
 -3.49761
 -3.85414
  -4.6016
 -4.15338
 -3.61977
 -3.42541
 -4.42239
 -3.49272
 -4.37647
 -3.48825
 -3.42262
 -3.94048
 -4.94314
 -3.36166
 -4.32365
 -3.70224
 -4.11313
 -4.32864
 -3.68624
 -3.31432
 -3.47606
 -1.88118
 -4.02596
 -3.43825
 -3.57306
  -3.6113
 -3.60259
 -3.58074
 -3.24326
  -4.2681
 -3.39134
 -3.79552
 -3.54741
 -4.01858
 -4.43158
 -4.08278
 -3.45085
 -4.52458
 -3.21265
 -3.24736
 -3.28257
 -4.13874
 -3.76141
 -3.49765
 0.134662
 -3.95017
 -3.25075
 -3.41521
 -3.61038
  -3.4598
 -3.66856
  -3.6023
 -3.63339
 -3.54575
 -3.60133
 -4.59828
 -3.78065
 -3.74292
 -3.75818
 -3.90686
 -3.80235
 -6.19336
 -3.66821
  -3.4249
 -3.52622
 -3.65536
    -5.11
 -3.41001
  -3.7281
 -3.56095
  -3.4819
 -4.44663
 -1.98136
 -3.65684
 -4.03078
 -3.44428
 -3.65216
 -3.52778
 -3.57824
 -4.79078
 -3.20527
 -3.55637
 -3.53913
 -3.53687
 -4.04912
 -3.71949
 -3.59605
 -3.46901
 -4.17253
 -3.25637
 -2.50139
 -3.54642
 -3.56175
 -5.22787
 -3.75589
 -3.65185
 -3.63377
 -4.58846
  -3.4861
 -3.80869
 -3.78362
 -4.99859
 -4.28276
 -3.40357
 -4.39314
 -3.54428
 -2.79678
 -3.87629
  -3.6642
 -3.34682
 -3.66024
 -3.57043
 -4.14466
 -3.62068
 -3.74357
  -3.6664
 -4.65404
 -3.76719
 -4.86534
 -4.39524
 -3.56385
 -5.39775
 -3.53202
1
4
300 10
    0.124128     0.375453     0.607424     0.578827       1.5228       1.6072    -0.346986    -0.175877     0.427058     0.379016     0.118846      1.20167      1.10066    -0.190868     0.311092     0.093889     0.514249    -0.267381    0.0493243     0.133402     -2.39733      1.00174     0.125792    -0.421921     0.349408     0.565736       0.7625     0.298273     0.288055     -8.69431     0.214258      1.76779      0.26193     0.390073    0.0647502     -1.25232     0.391514      1.16767      2.39358     0.151463     0.744343     0.537741     0.843864     0.664831     0.162399    -0.376058     0.611872     0.265355    -0.347018    -0.284907     0.231074     0.586691   -0.0485137    0.0343173    -0.453693     0.405202    -0.622095     0.401096     0.685496     0.569867      1.97066     0.432862     0.151995      1.27147     0.163228     0.253793     0.347743     0.602217    0.0670735     -8.27852     0.478272    -0.227324    -0.562809     0.368833     0.149962    -0.754265    0.0847597     -1.33082     0.567533    -0.156139   -0.0965948     0.743584      2.24112     -4.33538    -0.258617     0.366234      1.26264    -0.706047    -0.212358     0.605997     0.443295     0.606958       1.0615     0.358563      0.32268     0.199788     0.120477     -0.20408      0.19887      1.15737     0.004876     0.114703     0.164747    -0.713576    0.0531894      1.50021      1.10517     0.859877     0.711737     0.455291     0.110811  -0.00260408     0.434522     0.221716     0.389436     0.653272      0.74951    0.0834908     0.210245     0.198905     -7.76571     0.129525     0.273307      -1.3183     0.256367     0.171323     -2.09008    -0.134822    -0.168648      1.09542     0.500926      2.10553     0.375622     0.127521      0.69258      1.64241     -3.52074     -1.57421    0.0920086     0.578022    -0.337607    0.0409348    0.0949222     -0.20991    -0.569892     0.852163     0.275825     -7.98726      1.81755     0.360065     0.504957     0.706552     0.436168    -0.647511    0.0116582     0.933869      1.88979     0.110704    0.0178052     -0.83151     0.476443     0.204114      1.29914     0.443733     0.310766     0.241538     0.562978     0.118147    0.0678321      0.92125     0.397117     0.247952    -0.139709       1.7333    -0.928093     0.447227    -0.191746     0.653278     0.350132    -0.276496     0.788343      1.66189      1.53192     -5.26647     0.579475     0.690133     0.153226     0.255019     0.852365    -0.226039     0.464435    -0.266784      1.21075      2.10728    -0.137715     0.387596      1.27241     0.103432      1.55779     -1.04752      0.43423     0.215114     0.392198     0.290782     -2.66182      0.43328     0.355409     0.328714     -0.58699    -0.198997    -0.115853      1.16054      1.61042     0.348694    -0.886954     0.539647     0.667348     0.296358     -2.73674     -0.10291    -0.279469      1.93901     0.324517     0.744181     0.426277     0.278024     0.408947      1.23443    0.0901156    -0.027824     0.742051      0.12791     -1.71311      1.33994    -0.337434    -0.464299     0.172729   -0.0682214     -4.15639      1.08621     0.458094      3.09279     0.143121     -3.66339     0.430069   -0.0235201     0.215153     0.288565     0.855487      1.55597      3.30292      1.49221     0.486878    -0.468213     0.200602     0.175908      -6.1255     0.943946    -0.148532     0.166035     0.192936      1.75217     0.576178    0.0776936     0.669094      2.89662      0.54916      2.63699     0.170966    0.0927144     0.165006    -0.162946     0.355952     0.199846   -0.0244678     0.407897    -0.532407   -0.0901176      1.20548     0.263616     0.565257      2.73453     0.331158      1.17771     -10.4107   -0.0141143     0.394303    0.0680936    -0.501285     -0.23662     0.524194     0.184712     0.133713     -1.79259   -0.0491064      1.72633    -0.244412     0.350143     0.692806     0.238139
   -0.226962     -0.12649    0.0804198    -0.166617     0.974601      3.30888     0.093768   -0.0934389    -0.361782      0.83078   -0.0449018      1.65073      1.56038     0.125856     0.252438   -0.0905182   -0.0915521     -1.79341     0.160724    -0.106505     0.757956    -0.214783     0.343624     0.878096    -0.505462    -0.533198      0.83552      2.21341    -0.170575      2.34948    -0.267197     0.574338    0.0762912  -0.00388309     0.470593    -0.821185    -0.153778     -1.25773      3.62336     0.682003    -0.141871     0.107468     0.789781     0.247647    -0.769076    -0.600842    -0.194795    -0.142337    -0.108385    0.0553554      2.32297   0.00239223     0.497559      0.17482     0.624002   -0.0763498     -1.71543      1.22612   -0.0392471   -0.0548371     0.671331       2.0367   -0.0315391      1.52441     0.127918    0.0643284     0.111975    -0.339756     -7.42439       2.2578      0.04332      2.65264    0.0104826     -4.37754     0.255796     -1.18813     -0.71623     -1.46144     -1.01861      1.10133     0.447869    -0.624461      1.68085       2.4013      1.77696    -0.941283     0.286881    -0.122378      1.34547      1.42849    -0.202458     0.294635     -1.33562    -0.256483   -0.0865089    -0.439623    -0.440746     -0.47957   -0.0394808     -1.36312    -0.912804    -0.237599    -0.132591     -0.94512     0.517464    0.0828213    -0.224393     0.149102   -0.0367237     0.386581     -1.30793      0.12208    -0.271963   -0.0221391    -0.168234    -0.320264     -6.10541     0.116745   -0.0442183      0.27833      2.84487    -0.995886    -0.199866      2.62692   -0.0816271    -0.451139    -0.448795     0.514637    -0.142443      1.13456     0.244761      1.30026     0.297715   -0.0829052    -0.145817     0.174485     0.826923     -0.68714     0.297488    -0.305314    0.0824791   -0.0388682     -2.11874    -0.532893    0.0756974    -0.672328     -1.32106      1.42139    -0.928653    -0.389954    -0.300669    -0.217965     0.176778    -0.490104    -0.669681     0.559439    -0.575043    -0.109127    -0.792563     0.558755   -0.0419324    -0.354991     -11.0597    -0.196239    -0.168429    -0.080455    -0.116128     0.044583     0.192776     -2.56732    -0.302379    -0.169645    -0.252321      1.51472     -1.01524    0.0654284    -0.280927     0.208471    -0.811451    -0.847304     -1.20288      1.41546       1.8438      1.09682    -0.601614     -1.03208     0.322313     0.190882     0.500704     -1.72411   -0.0929412    -0.357297     0.559565    -0.114626     -1.81903     -0.12567      2.10457    -0.117337     -2.82123     -2.61297     0.351896    -0.227539     -2.35817    -0.152214      1.04911    -0.293121      2.40638    -0.292968   -0.0560406    -0.127824     0.458978     0.238881      3.41951    -0.117114     -6.05625    -0.363491    -0.192844    -0.275834      1.98461      1.21854    -0.071837    -0.309437      1.12532    -0.322967     0.516547    -0.410962     0.012645     0.164693    -0.108697    -0.127796  -0.00236155   -0.0423827     -1.04545     -3.22663     0.452789     0.829043     0.286313     -1.78141      1.36774      1.42268   -0.0689105    -0.732229   -0.0582025    -0.624488   -0.0667368    -0.007708    -0.242768    0.0214821      1.31351      1.71486     0.504648      1.25462   -0.0055769    -0.012421      0.51751      1.25414      2.02475   -0.0786227     0.164887    0.0255834   -0.0465927      3.07274      1.02963   -0.0765111    0.0464216       -1.565   -0.0218855     -1.52437    -0.293702    -0.286651      1.65594   -0.0413631    -0.528253    0.0293679     -1.13421   -0.0175873     -1.47506     0.271548      1.49315      -1.0108     0.349232     0.707012     0.248463       -0.323      1.89741    0.0261878    -0.465222    -0.266962    -0.784342    -0.304058    -0.223091   -0.0261542     0.222859    -0.836752    -0.381913      2.23675     0.141322     0.133819      3.59947     0.336311
  -0.0998535    0.0662271     0.203676     0.223019     0.439658     0.643028   -0.0403931   -0.0246517    -0.103732    -0.397732    0.0817046     -6.77939     0.688906    0.0864951      1.55239   -0.0339012  -0.00293092    -0.329456      1.25112    0.0185039   -0.0121929      0.33558      0.29367    -0.979028     0.114489     0.716323     0.434613      2.03384     -0.19851      2.87442      0.36975      2.08271    -0.164618      1.72166     0.420112    -0.405203    -0.184715      1.42544     -3.22832      1.09071    -0.212364    -0.497994    -0.509438    -0.348865     0.047788    -0.361813    -0.272718     0.135013        1.012     0.748191      1.07631    0.0722768    -0.271882     0.296067     0.333538     0.339094     0.495373      1.44872    0.0139581    -0.223911      0.85997     0.970922     0.215647      1.24926    -0.548034    0.0428363    0.0312604    -0.146112     0.542319       1.4671    0.0080868     0.583061      1.51441     0.998596     0.382423   -0.0831385     0.331481     0.928381     0.485151      1.63821     -1.44774     -1.60698       -2.342    -0.030847      1.83434     0.452233     0.145726     -1.67974     0.528006     -7.65961    -0.193085      1.92244     -2.26775     0.250856   -0.0441027    -0.378367     0.155428    -0.334825   -0.0383433    -0.109306     -3.38813   -0.0815086    -0.228223     -1.13436   -0.0329043    -0.619365    -0.136606     0.283735   -0.0176411     -0.10365      1.88177  -0.00914123     0.278125     0.143552      0.16168    -0.287917   -0.0633435     0.121858   -0.0386532     0.310556       2.0993     -2.62393     0.232159      1.56409  -0.00896437     0.101146    -0.840818    -0.339053    -0.323274     -1.83274   -0.0324524     0.347217     0.252066     0.195224     0.203481      2.60846     0.794316    -0.441001     -1.43029     0.183069     0.443959     0.266439   -0.0367668    -0.923869      1.33454      -2.9296     0.417622       0.7143      1.30524     0.382601     0.294171    -0.392333   -0.0354162     0.185728      0.29895     0.285676     0.165199     0.485394     0.515172     -2.32282     0.143523    -0.170263      3.52163    0.0245471    -0.124491   -0.0726418     0.364659    0.0833353    -0.281571     0.323968     0.137547    -0.152301    -0.405226    -0.398572     0.675546  -0.00069889     0.453097     0.017194    -0.318656      3.34822     0.152293      1.60174       1.5223     0.356497     0.551568      1.24528     0.414829    0.0285633     0.843509    -0.765768    -0.172441    -0.371362      1.36918   -0.0207671    -0.208264    -0.262529      1.12958    -0.103301      3.08338     0.792195     0.165875    0.0875993     -1.71687    -0.114284      1.22731     0.161237     0.535899     0.163191    -0.275519    -0.141322    -0.260326   -0.0385106     -12.4671  -0.00207349     0.593257    0.0142177    0.0606464     0.125545    -0.277583    -0.303981     0.447971      1.91057    -0.570015     0.553774     0.292332    0.0106058    -0.296988    -0.474951   -0.0468487    -0.133158     -0.52434   -0.0740125      1.77106      1.06569     0.210367    -0.157572     -0.40612     -1.52853     -2.85643      1.35974    0.0947144      2.84387    -0.326845      0.58959    0.0319132    0.0663792     0.109996    -0.106711     0.613571     -2.12774     0.894396    0.0985444     -1.62302     0.367339    -0.140156     0.440653      1.37015     0.310631    0.0655816     0.120243   -0.0638324    -0.104582    -0.596181      -0.3289      0.40757      3.08748      0.21284     0.064813   -0.0846283    0.0950026     -1.71687    -0.337354   -0.0777208     0.183029      1.03347   -0.0730224      1.02836     -1.79261      1.86614      1.56064    -0.516791    -0.693296    0.0707622 -0.000449485     0.641826     0.658091   -0.0295968    -0.217969     -6.85048   -0.0132775     0.185673    -0.231896    -0.476657    -0.259459     -1.03186       1.7923     -0.60887    -0.376634      1.90188      0.60777
   0.0838224     0.215174    0.0864923    -0.129716    -0.228185     -1.04274   -0.0370121    0.0120656    0.0224827    -0.473644   -0.0147275     0.675019      1.02638     -0.22724    -0.215421     0.216062    -0.519734      1.37969      1.20115    0.0678933        0.438   -0.0593801     0.103603     0.598488  -0.00587239    0.0609437     -3.69968       1.7364   -0.0311971      2.13937    -0.462612     -1.63928     0.337837    -0.123717     -0.10505      1.76204    -0.200827     0.890275    -0.997713     -4.11277    -0.169319     0.405659      0.70512      1.98836     0.331126     0.312364    -0.370632     0.121059     -1.77393    -0.110113    -0.632821    -0.269293     0.317259    0.0936219     -1.64465    0.0885671     -0.36641      2.50424    -0.166304    -0.365802      1.92749     -3.68643   -0.0784332     -5.97744      -0.2048    -0.497446    -0.151742     0.379042     0.437365      1.85892    -0.175696     -1.67312     0.135506    0.0685298    -0.623428      1.01092     0.445665      3.73184     0.216162     -2.68952       2.1296     0.607035     0.889428     0.484427      -10.887    -0.928305     -1.00123      2.93821    -0.187616      4.03745     0.263535     -0.44687     -2.17997     0.417915     0.417515      0.38387   -0.0983894     0.312655   -0.0134165     0.975255      1.51684   -0.0416031   -0.0399097      1.00781    -0.139976       2.6481    -0.228578   -0.0330524    -0.342403     -0.21628     0.162193   -0.0195944      0.16286    0.0140734     0.116058    -0.157125     0.703106   -0.0272134    -0.339884     -0.12146      1.28703      1.14514     -0.24003     -1.68886     0.161543     0.497689     0.327652     -7.52189     0.178819      2.44967    -0.016588     0.176228    -0.633633   -0.0123573     0.169553    -0.700869  -0.00611502     0.643062     0.465275   -0.0841828       -0.844     -0.98104    -0.273736     0.643837    -0.442314      1.16931   -0.0211593      1.11717     0.135476     -0.19843     0.152569     0.367691    -0.115697     0.392453    0.0335922    -0.505852      1.48808    0.0875606     0.795169      1.80189    -0.234045     0.317081    -0.226091   -0.0268203    0.0607801   -0.0942895     0.159567     0.373589     0.117022    -0.228494   -0.0370757   -0.0515385     0.354121      2.02108      1.41173    -0.149288    -0.563784     0.154414    -0.421329     -2.00061     0.946103    -0.140533    -0.758209     0.671134    -0.356701    -0.642735    -0.109282    -0.460279   -0.0947327      2.24367      0.02684    -0.134599   -0.0368436      2.52983      3.34973     0.421348    -0.157824    0.0991014      0.10522    0.0801401   0.00846616   -0.0690818       2.0116    -0.131848    -0.391253   -0.0368351     0.681074    -0.187837    -0.200007     0.115596    0.0405788      -1.4536    -0.492569     0.139613      1.89857   -0.0959541    -0.286994    -0.115953     0.584281     0.403919    -0.693558     -2.28267      1.56864    -0.716961   -0.0961496     0.204623    0.0464985     -2.76518     0.554769     0.385371       1.3593    0.0354864     0.378342     0.462376     0.104705   -0.0314076     0.198548    -0.480294      3.72335      0.95962    -0.284849    -0.346627     0.816209      1.56308   -0.0372918     0.488586    0.0548444    0.0222476      1.97625     -1.39906     -1.17701     0.496769     0.671034    -0.238631    -0.434698   0.00873033    -0.231705    -0.330589   -0.0212405    0.0747262   -0.0274755      1.23997    -0.314478   -0.0388133     0.375038     0.394788    -0.229503    -0.433378    0.0298559     0.148676     -1.04266    0.0854935     0.377896   -0.0176388    -0.250404    0.0360955     -4.55562     0.696018      1.00779    0.0191995     0.386549     0.546075    0.0770565     0.751793      1.81319     0.496153     0.329914   -0.0170264     0.530739    0.0942064     0.695153     0.349148     0.101828      1.83895   -0.0237709    -0.986795    -0.467548      1.08738     -1.89834     0.679724
   -0.451279    -0.904463    -0.653063    -0.616568     -2.33826     -1.19651    -0.448499    -0.250429    -0.107824    -0.277101    -0.262203      1.27537      1.05386    -0.186692     0.337609    -0.239398    -0.456922    -0.566908    -0.179936    -0.467389     0.368724    -0.425252    -0.142578     0.403464    -0.268306     -1.06053     0.595754      2.03064    -0.448152  -0.00787355    -0.573045     -0.40812    -0.494721    -0.182606    -0.184169    -0.416739    -0.591287      1.73086     -1.13142   -0.0897342    -0.268177    -0.324468   -0.0875362    -0.376671    -0.373557    -0.445031     -0.31991    -0.457069     -2.35311     -0.23531    -0.512167    -0.348228     0.018959    -0.900113     0.241077     -0.91597     0.508355     0.147854    -0.490822    -0.622692      1.74081    -0.247196    -0.551522     0.206966    -0.187203    0.0133453    -0.359395     -0.36525     0.250731    -0.481712    -0.462199     0.108639    -0.274123     0.289396    -0.609334     -1.83482     -0.34216     -2.53808    -0.341369    0.0382348    -0.937502      0.14278      4.07146      1.38939     0.358073     0.284989    -0.735605    -0.350935     0.147166      1.05732     -1.20032    -0.983173       8.6056    -0.868793    -0.415484    -0.515437    -0.300288    -0.762743    -0.271248     0.124911     0.409746    -0.388368    -0.211859     -1.35189    -0.559619     -4.17672    -0.237154     -1.12129    -0.803639     -1.94786    -0.578232    -0.535519    -0.279361     -0.34304    -0.496375    -0.209429     0.894092    -0.393352    -0.371586    -0.177712    -0.133279     0.675184    -0.533333    -0.262735    -0.563022    -0.453581     -3.62781      1.97027    -0.378314    -0.310864     -0.67463     0.213688     -1.21248    -0.299663    -0.447999    -0.227739     -1.67923    -0.125358    0.0625059    -0.581706      1.18288    -0.349208     0.482854     -2.56365       2.0092    -0.213652     -0.20452     0.358659    -0.696105    -0.517671    -0.677137   -0.0805967    -0.192355    -0.889376    -0.482575    -0.519623    -0.663004    -0.311591     -1.25287      3.64079    -0.490655    -0.548097      2.21935    -0.419219    -0.509119    -0.395139    -0.726811    -0.148274    0.0242296    -0.291995    -0.612414    -0.473288   -0.0870042     -1.38989      0.12228    -0.376595   0.00638355    -0.377962   -0.0737943    -0.537687     -3.34415    -0.085724     0.719081     0.341858    -0.408612     0.691388    -0.642321      -0.6067     0.102309     -1.26629     -0.48932     -2.19313      1.25296      2.22584       1.4978      -2.8986    -0.458839    -0.240189    -0.955499    -0.184973    -0.569918    -0.383456     0.760647    -0.163351    -0.338464     -0.73525     0.251924    -0.451479    -0.214746    -0.456743    -0.418148     -3.80201     0.472316    -0.508018    -0.454782     -0.55282    -0.778837     -0.60776    -0.942526    -0.122666    -0.880319     0.636871     -2.37136    -0.441103    -0.657329    -0.383833    -0.474841     -1.10102    -0.357555    -0.295426    -0.288125    -0.092569     0.284912   -0.0784923     -0.21239     0.264065   -0.0187256      1.86184      1.88258     0.141654    -0.566136      1.97819     -1.06204     -3.45328    -0.453942     0.127455    -0.444011    -0.339957     -13.2658     -1.85711      1.20181     0.401849      1.30722    -0.346548     -0.44704    -0.318262   -0.0880703     -0.95456    -0.461855     -0.38092    -0.281673     0.439488   -0.0481662     -0.10773     -1.08812    -0.218908     -1.12806      1.57842    -0.176697     -0.50149     -0.63746     0.190315    -0.194827    -0.143032      1.67585    -0.329119      1.99428    -0.353056      0.35421    -0.951373     -1.15889     0.111964    -0.384843      -2.9551      1.67972    -0.202888    -0.798985    -0.103723       1.3444     0.377709    -0.371282     0.192648    -0.218028     -1.81464     0.138672     0.932627    -0.768202  -0.00770584     -2.38252    -0.313618
   -0.073459   -0.0192668    -0.146054    -0.529883    -0.417787     -2.28411      0.10922   -0.0318109   -0.0790164    -0.992178    -0.165197     0.611201     0.301548    0.0109427     0.302527    -0.122743   -0.0660991     0.944314     -3.28349      -0.2411    -0.722667    -0.604672     0.406417     0.435975     -0.18996   0.00970009     0.460194     0.592357    -0.168995     0.104801      1.14467    -0.356076    -0.301004     0.182986    0.0012199     0.841837   -0.0467613      -1.8354     -3.41559     0.871365    -0.107178     0.473984     0.119603     0.918497     0.153975     0.328849    -0.193225   -0.0882033     -1.49794      1.13601     -1.18934  0.000199389    -0.543301     0.265154     0.857373    -0.108482    0.0415976     -3.10768    -0.257578    -0.287715      1.12957     -3.34385   -0.0847868      1.06859    -0.156207    -0.294069    -0.076136  0.000824006      1.00314     0.809984    -0.204861     0.103493      1.30735     0.985498    0.0847336     0.809445    -0.159237     -0.77425     0.323636     0.328768      1.65641     0.889874     -1.21861    -0.645078      1.06247      2.18465     -1.68882      1.16814    -0.847991     -1.29264     0.238871    0.0431288     -1.36751      0.25508    0.0838769     0.108349   -0.0203466       1.2737    -0.180216     0.934259     0.451406    0.0550693     0.486455      1.39859      0.83663     -1.03138    -0.212193    -0.461337    0.0333548    -0.111853    -0.389462   -0.0462819    -0.130346  -0.00555257    -0.172166    -0.163463     0.711872    0.0555074    -0.146814    0.0572725      2.51932    -0.263091    -0.439717    -0.855487    -0.140899   0.00400015      2.34593      3.27187     0.449842     -1.24253   -0.0663767     -1.09827    -0.239259   -0.0809347    -0.371899      1.19044      2.18251      1.02005    -0.817094    -0.103539     0.663835    0.0818176    0.0686101     0.171915     -1.64033     0.284842    -0.110019    0.0204289     -0.23187    -0.271674    -0.254901    0.0165563     0.525669     0.838409   -0.0722621     -1.12507     -3.48207      0.26998     -0.23642      2.66019   -0.0712605     0.112374      1.25643   -0.0453051   -0.0432582    0.0737163    -0.171079    -0.339192    -0.121322      1.66383     0.204172    -0.077614    -0.799933       1.6615      1.12443    -0.115366     0.653605    0.0866538    -0.848911      0.44613       1.4774      -1.5264     -2.25577    0.0479165    0.0666989    -0.305704    -0.464528    -0.209368        1.516      1.57964    -0.194007     0.268953      1.18561     -8.90499    -0.645762    0.0571736     -0.82863    -0.176448     0.056156     0.179828    -0.451839    -0.221842      1.57562      0.15415       2.2941    -0.074393      1.16026   -0.0849772     0.585919   0.00131598      1.61276      4.06988     0.315758    -0.209035      1.25715  -0.00992068   -0.0634291    -0.149954    -0.209225    0.0941188     0.195334     -2.89708    -0.240492    -0.877211    -0.954099     0.315741    -0.169407    -0.703228     0.102342     0.461546    -0.335973    0.0653857    -0.987124    -0.479735     0.093753    -0.383238    0.0940649    0.0440416      2.69879     0.893685    -0.117561     -1.55822    -0.162041      2.66722    -0.206408     0.259779    0.0290797    -0.219688      2.75268     -1.16496      1.80883     -1.59851      1.76379    -0.122481    -0.391486     0.353479      2.93754   0.00560128   -0.0694343   -0.0940053   -0.0450847     0.759163    -0.189062   -0.0107162     0.388936     0.297591     -0.10993      1.45815  -0.00115522      0.14317    -0.125696    -0.208542     0.961939    0.0265836      2.07182   -0.0332446      2.49038     0.800169     -10.2667     -2.10516     0.405075    -0.145163    -0.179583    0.0309034    -0.315133    -0.524873   -0.0130646   0.00379896      2.49005     0.904384    -0.400427    -0.327393    -0.219228      2.02039     0.281013     -6.52991    -0.447807    -0.115403    -0.146498    -0.812443
    0.548655    0.0648836     0.430815     0.309011     0.483324     -2.91457     0.308617     0.194785   -0.0458654     0.393887    0.0732063      2.11044      -5.9479     0.307616    -0.967807     0.178029     0.209576      1.86178   0.00024212     0.159242     0.453624     0.216511    -0.165517      1.61034     0.100603      0.38686      1.43891     -9.03524     0.123638      2.25136     -1.18035     -1.63868     0.394164    -0.910884    -0.833906     0.962236     0.242783    -0.666726      1.70432     -1.13502    0.0995863     -1.18981     -1.84933     0.536414    -0.258989     0.464348    -0.239862     0.171386       3.2339     -1.06031    -0.103273   -0.0517939    0.0881545     0.219259    -0.191831     0.210412      1.50383      0.15587    0.0665849     0.355945      2.08002      1.87283    0.0904336     -1.71277   -0.0257591     0.233216     0.208657     -0.61863      3.47519      4.00048     0.107512     -2.65295     0.334499      0.25031     0.232123      2.19958     -0.10421      1.23718    -0.217266      0.13928    -0.312944     -1.13551     -2.57089    -0.583539      2.27862     -1.69172      1.52879    -0.302718    -0.583681     0.104133     0.277751      1.18094      0.44275       1.1463   -0.0329366     0.492163   -0.0322785     0.956428     0.292491     0.259147      1.88135     0.189213     0.116549    -0.253467    -0.193863     -1.01597      1.37271     0.629104    0.0896173      1.21113     0.455398    0.0941816    -0.138717   -0.0320767     0.400753      0.14665      1.34528     0.107672     0.158323    -0.842599     -1.19539     0.902023     0.848074     -1.32376   -0.0571446    0.0388286     0.450167      1.19774     -1.02293     -0.72111      0.27125    -0.721276     0.295023     0.378979     0.169102      0.52182     0.789914      1.00115      1.56367     0.357539     -1.83088     0.558668     0.748871    -0.469801     -5.76818    -0.200754    -0.173706      1.00412    -0.324228     0.116261     0.472491    -0.166082    -0.478281     0.302772      0.58471      1.47633      1.35531     0.346097      2.30833     -1.61881    0.0553229     0.178159     0.440023     0.248307     0.134524    0.0797425     0.207712    0.0556482     0.194783     0.162713     0.307424     0.336879       1.4093     -5.25574       1.4568      0.24619    -0.164511    0.0848101    -0.156073      1.51132      2.06394     0.236868      0.36377     0.853173    -0.475777    -0.958114     0.171439     0.763935     -0.36644    -0.806868    0.0659013      1.00985     -8.14076    -0.582131    0.0376143      1.76144     -4.65808     0.784346     0.882522     0.339747    0.0561186     0.250468      1.25876     0.473525      1.28197      0.21138      1.35399   0.00747478   -0.0427547     0.483601     -3.71473     -3.39755      1.58215     0.369198      2.75122     0.164641    0.0201732     0.322054   0.00900867    -0.906834    -0.331998     -2.44124    -0.194457     0.178124     0.410789    -0.321846     0.195767      2.07151     0.357092     0.474089    -0.454105     0.140366      2.82116     0.658978     0.402286    0.0437058    -0.850684     -1.95972     -3.04538    -0.429328      0.11551      1.65662     0.362251      1.57967      0.23924    -0.248876     0.282519     0.263554     0.777241     0.399892     -2.19156    0.0353127     -6.31729     0.311671     0.194002     0.575522     -0.18978      0.16553    0.0396365    -0.223918     0.188199     -1.27331     0.669874    0.0349149    -0.408061      1.65952     0.428282    -0.511984   -0.0911544     0.179117     0.407792     0.385413    -0.819658     0.302383     -6.16228     0.356479      1.75499     0.471511      1.75009      2.88543     -0.30733      1.67236      0.23202     0.408235     0.684758     0.435476     0.316978     0.153906      1.52708     -1.69621    -0.870724    -0.424447   0.00897424      2.30356     0.187457     0.624522     0.953902     0.105066    -0.730399    0.0717446
  -0.0118504     0.138719     -0.30614     0.156682    -0.323819       0.8788     0.332346  5.76876e-05     0.292136     0.751521   -0.0553784    -0.584205     -0.25167    0.0779662     -1.10609    0.0203064     0.124824     0.472534  -0.00310638   -0.0921666     0.400379     0.184902   -0.0865545     -4.73342     0.269326    0.0561446      1.03422    0.0769631     0.160926     -0.18897    -0.436526     -1.87969   -0.0700665    -0.263267      0.20189    -0.610645     0.206324     -2.49768      1.06967     0.818916    -0.035004     0.107112     0.196239     -3.93027     0.267468    0.0507918    0.0687498    0.0399198    -0.709363    -0.130294    -0.210527  -0.00491472     0.207106    -0.167877     0.302506   -0.0307946     0.308592     -1.47709   -0.0333915      0.41851    -0.122958      1.17968     0.159142      1.16114     0.540196     -0.17312   -0.0101606     0.453492     0.780424    -0.906433    -0.566144     0.611776     0.760529     0.663191    -0.108339     -1.42681     0.179157      1.80245    -0.399037      1.66416    -0.629544    -0.478884     -1.44824      1.41084      1.33204    -0.262967   -0.0761748    -0.828936    -0.897348      1.37579    0.0812826     0.011977     -1.46678     -2.33793    -0.156347   -0.0895201     0.431576    -0.215983     0.155512       -1.682      -1.0513     0.150135      0.25661      2.25005    -0.206846       1.5255    -0.663407    -0.446826     0.413864      1.99589     -2.17025     0.431309     0.135767     -0.22129    -0.197543     0.292752     0.940784    0.0124685   -0.0114422     0.148417     -1.47418      0.96051    -0.318481      1.14662     0.230104   -0.0662987      0.57837     0.474966     0.604199     0.426739       0.1594      -2.6997     0.268081    -0.252635    -0.138342      1.26852      2.69999     -1.50462   -0.0587247   -0.0570867     0.555128     0.250102     0.957837      1.93049      2.74022      1.44075      1.02689      2.66118     -2.02843     0.451297   -0.0861344    -0.171534  -0.00641039     0.746368   -0.0650649     0.211599    -0.573554    -0.168383    -0.882938     0.218567     0.282571     0.285672      2.83146    0.0410183    0.0146398     0.161383   -0.0824707    -0.196111      1.01673     -1.47342 -3.08541e-05     0.155528     0.070305     0.578638      1.13265   -0.0800825     0.812171    -0.337516     0.371032    -0.303096      -1.8149    -0.681832      -2.2061      1.59576      1.20501      1.18929    -0.343075    -0.134447      -3.0957    -0.197465     0.180118      2.28167      0.54639   -0.0909036      1.15402      1.71528      2.43878     -0.16873    -0.369182      1.47523    -0.336947     0.079927      1.20427    -0.110936      2.28821     0.317342     -7.56153       0.3362      0.74946    0.0711341      1.76333     0.757265      3.29017    0.0420517     -1.39856     0.167486     0.228542    0.0517115      3.02598    -0.769691    -0.321085      1.27106     0.931793    -0.116619     0.160128     0.217116     0.453476     0.632959    -0.068377     0.303734     -0.34112    -0.158208    -0.660749      1.23962     0.508344    -0.189263    -0.131686     0.872088      2.29532     -4.92885     0.206458     -6.47556     0.515664      2.22023     0.171181    -0.826687     0.158649     0.033648      3.06802    -0.427119     -3.36116    -0.358757      1.39111    -0.144176     0.444061     -3.63465     -1.16659    -0.567027   -0.0817879     0.248268    0.0345328     -6.60302    -0.181952      0.19577   -0.0334433     -6.18458     0.196851    -0.729681    0.0215284    -0.186227      1.46398     0.148539    -0.284093      0.13251     0.839463    0.0795979     -1.43923    0.0787548      1.57379    -0.123732      0.14122      2.71577    -0.289727     0.671997      2.53162    -0.473257     0.252365     0.187385      1.41197     0.878708    0.0271359     0.482786     0.335393       0.8997     0.689031     0.563234      1.95263    -0.334218     0.250434    -0.360597
    0.040759    0.0520027    -0.255975      0.10891     0.108682      1.41278    0.0424453     0.126279   -0.0486273    -0.142559     0.221334    -0.224986     0.654278    0.0567795    -0.775745    -0.105986     0.563174     -1.56716     0.966562     0.261597     0.432677    -0.502149     -0.83316      2.09109   -0.0490973    -0.303505     -1.71214    -0.173665     0.123048    -0.696772      1.02014      1.56056     0.183281    -0.711556     0.339097    -0.121457      0.21379     0.931255    0.0608857      1.54917    0.0651627     0.280139     0.234733     0.155004     0.163106     0.511817     0.845821    0.0516366      2.48117    -0.144131    -0.756826     0.178592    -0.259467   0.00233613     0.142894     0.140768    -0.516968    -0.964809     0.268256     0.103369     -10.3021     0.954195    0.0106028      1.10246    0.0922095     0.230079    -0.191203   -0.0655725     0.766886    -0.630815     0.694401     0.781762     -3.20891     0.833309    0.0985853      1.25923     0.168525      -1.7442     0.495929       -2.164     -1.03464      1.12703     -1.24073     0.157759      2.26575     0.677981     0.226715    -0.170812     0.659103     0.578947      0.15659     -2.54845     -1.44114      1.23709    0.0190806     0.107564     0.175394    -0.312024    0.0589859    -0.158895     0.813687    0.0599163   -0.0990334    -0.148497    -0.140937      1.04918    -0.677991    0.0573402    0.0604529     -1.31702      1.98862    0.0972073    -0.115701     0.303822   -0.0632636     0.178829     0.756401    -0.133209     0.421394     0.533541      1.96004   -0.0332737     0.155126     0.205114     0.180393    0.0191109      3.28354     0.411116     0.567174    -0.572678    0.0333111     0.319894     0.505044    -0.132741    -0.146151     -6.57529     -2.05524      1.73339    -0.574174    0.0771348     0.132078      0.42819     0.227932      1.73445      2.33903     0.741017    -0.171252     0.582623      1.04454    0.0123335     0.151677    -0.109966    -0.179446    -0.225665     0.403891      -1.3248     0.158914    -0.490237    -0.367056     -3.98074    -0.244194     0.126738    0.0256511     0.238147     0.246586     0.134534     -0.02668    0.0666279     -1.06378      1.34818     -0.29215   -0.0738235    0.0396193    -0.298253     -3.87085     0.188908    -0.672626    -0.419734      1.84236    -0.952812      1.05383     -2.58501    -0.704602     0.263778    -0.483663    -0.875607     0.727212     0.240387    -0.209804      1.25132    0.0976403    -0.381177      1.98855      2.84664     -3.11752    -0.735636    -0.775171     0.127261     -1.39578      1.32868     0.381187     0.213526     -3.37515    -0.126069     -4.72338       0.1414      0.56688    -0.067252   -0.0346741    0.0577539     0.583472      2.59732      2.12699    -0.105944      2.57181    0.0283894    0.0357618    0.0782021     -1.58851     0.309308      1.96863      2.22103    -0.130307     0.893229    -0.246023     0.324289     -0.22723     0.931579    -0.838429     -1.03282    -0.392849   -0.0683231    -0.575612    -0.999013    -0.925351    0.0194924     0.625822      2.95679     -2.38558     -0.54397    0.0749087    -0.600242    -0.168141    -0.835092    0.0692523    0.0153049    0.0721905      0.15091      1.66285      3.48392    -0.990875     -1.46236      2.35932     0.745258     0.159158      1.07471      1.59118     0.269628     0.445051  -0.00145011    0.0110529     0.588852    -0.680202     0.429849    -0.519335    -0.636049    -0.104613      -2.4252     0.509237   -0.0784378    -0.226674    -0.202323     0.243288    -0.214841      1.86348   -0.0585127     0.596616   -0.0125201     0.968019    -0.405599    0.0200415     -7.64376   -0.0440718     0.428313      1.56591    -0.119258     0.190439    0.0352557     0.852905   -0.0119842      0.44137    -0.107206    -0.105533     -1.95382    0.0620194    -0.262288    -0.833307    -0.799421    -0.968044    -0.285444
-0.000801309    0.0117231    0.0388804   -0.0139873    -0.228087     0.341957   -0.0988418   0.00249576      0.01068    -0.196483   -0.0202111     0.264567    -0.343033   -0.0314573     0.257844  -0.00416506    -0.128029     -1.07826    -0.147169  0.000341687   -0.0443143 -0.000485187   -0.0215042     -0.31788   0.00235838    0.0912026     0.165151     0.199766   -0.0171992     0.550808     0.463043     0.856426    0.0657343     0.176222     0.043223    -0.272907   -0.0419458      0.22218    -0.279636     0.282848   -0.0129546     -0.22428     -0.11324    -0.368837    0.0528467    0.0476494    -0.068352   -0.0132894    -0.083938    -0.410652     0.682867    -0.100954     -0.10578   0.00613148   -0.0993183   0.00424494     -1.41724      1.59934    -0.107229    0.0335691    -0.144849  -0.00602848   -0.0103357   -0.0682059   -0.0836987     0.048087  -0.00757736   -0.0709868   -0.0705078    0.0234291   -0.0447254    -0.418481     0.368998   -0.0519582    -0.021391   -0.0308674    -0.117187    -0.196628   0.00551889     0.308162      1.96409   -0.0565159     0.134347    -0.216413    -0.302892    -0.539886    -0.420905    -0.288998     0.343157     -0.23348  -0.00585679     0.255389    -0.213721    -0.264969    0.0292079    0.0162165  -0.00655619     0.855963   -0.0368695     0.332639     0.348591   -0.0089036   -0.0836933    -0.564564    -0.250782     -0.12264     0.188004    -0.190846    0.0486287    -0.127333    0.0417373    0.0609557   -0.0120334   -0.0414828 -0.000253062   -0.0653218  2.32256e-06    -0.020355    -0.080306   -0.0552807    -0.236805    -0.173882   0.00510154     0.192954    0.0208805   -0.0539611    -0.138215     0.075864    -0.099271     0.184614    0.0220853    -0.436922   -0.0840246   -0.0162273   -0.0147639    -0.350748    -0.527202     0.943966     0.384919  0.000338499    -0.242339    -0.150237     0.259028   -0.0359177    -0.237017       1.4358     0.121139     0.257725        0.275     0.015762    0.0471264   -0.0542742   -0.0165856    -0.515856    -0.062819      0.23166    -0.361843    0.0261043    -0.197662   -0.0413863   0.00121757    0.0337558    0.0733367    -0.014696    0.0113325     0.026638    0.0244269    0.0164503     0.491125    -0.126975    0.0292518    0.0175941     0.237826    -0.279758    0.0023434    0.0560388     0.322704     0.037415      -1.1398    -0.293218     0.342917     0.077233    -0.159934    0.0150138   -0.0446611       1.4837    -0.128472   -0.0994725    -0.214865     0.572512   -0.0586044   -0.0487486    0.0709649     0.384008    -0.313713    -0.181413   -0.0269328   -0.0257591     0.106703      0.26939    -0.071403   0.00558961     0.127706     0.116002   -0.0902043   -0.0378316    0.0744426    0.0641808    0.0238594    0.0176686    -0.499784   -0.0521988    -0.003251     0.077669  -0.00365365   -0.0493495    0.0301115   -0.0164452     0.241967    -0.209413    -0.480534     0.289708    -0.189094     0.157397   -0.0584052    0.0263843    0.0708953     0.361237    0.0780292   -0.0889762    0.0481833   0.00372744    -0.128433     0.233339    -0.134766   -0.0262353     0.276328    0.0156768    -0.276855     0.239246   -0.0728394     0.121497   -0.0641089   0.00812365   -0.0358652   -0.0609989    0.0325613   -0.0378707    0.0421666      0.29358     0.214887     0.481939     0.213622    -0.165653    -0.114504    -0.271531    -0.233844    0.0308239   -0.0588489    0.0116124   -0.0170628     0.167356   -0.0387245    0.0515383    -0.256304    -0.224624    0.0119183     0.327257    0.0475159    0.0172031      1.82959    0.0468515     0.189356   -0.0277557    0.0416373     0.017298    0.0755185     0.118441    -0.102967   -0.0291493   -0.0799793     0.145244    0.0567029    -0.153498    -0.142721   -0.0823371     0.014481    0.0435621   -0.0936453    -0.291639   -0.0508923   -0.0472511    -0.102077    -0.169737    -0.169754     0.139012    -0.315949   -0.0135002     -0.69706    -0.220734
   2.88825
  -0.47909
   1.27449
 -0.432869
  -6.91264
 0.0641181
   2.53254
 -0.242081
   1.97814
-0.0100843
