2 16 0.5 700
1
1
9 300
   0.117982     0.33907   0.0914146    0.206404   0.0122325    0.412641   -0.043212    0.217467    0.211102
   0.283564    0.233371    0.349557    0.370033    0.527447    0.613059    0.130779    0.235948    0.451123
   0.156429   0.0149247    0.247081   0.0197609    0.491835    0.238975    0.170164    0.703052    0.567218
   0.429394    0.429837    0.427649    0.587457    0.394706   0.0917702    0.709307    0.614654    0.386157
 -0.0770174    -0.70407    0.109163    0.137869     1.61387  -0.0514355    0.243504     1.09143    0.907804
    1.27951     1.62894    0.498377    -1.25734     2.19755    -1.35108     -2.1001    0.708865    0.897981
   0.478486    0.193066   0.0271582   0.0977239    0.295433    0.122512   -0.106491   0.0611374   -0.118333
   0.216614    0.133741   -0.115813  -0.0551544  -0.0539065     -0.1572  -0.0509689    0.036503   0.0760639
    0.31344    0.170298     0.39453    0.269714    0.338768    0.186362    0.738144    0.305381     0.50678
   0.761483   0.0934538    0.967886    0.734574    -0.03424    0.104918    0.561628   -0.562198    0.128768
  -0.032961 -0.00599355   -0.133059   0.0461212  -0.0956034   -0.257129   0.0641978    0.067123   -0.131588
   0.278763    0.189052    -3.80869    0.755784  -0.0452056     1.22245  0.00604573  -0.0599238    0.342029
  -0.254153   -0.794432   -0.377166   0.0118085   0.0553106    0.423581     3.47746    -1.00693  0.00734123
   0.554614    0.305968    0.318886  0.00553946    0.179186    0.261174   0.0879144    0.199803    0.511347
   0.728204    0.658543   -0.405811    0.402666    0.187425    0.626215    -1.32449    0.817674    0.931261
   0.343754    0.160106    0.164657   0.0344485    0.153829   0.0455624    0.187436    0.162531    0.483483
  0.0717299    0.200122    0.245726    0.767804    -0.05842    0.288896    0.309558    0.182114 -0.00887728
   -1.38697    0.789421    0.632625    -1.45647    0.199446    0.547589    -1.21493    0.838148     1.25438
   0.566234    0.831108    0.223451    0.475437    0.201564    -2.21628    0.269779    0.421654    0.116693
   0.338605    0.155664    0.107142    0.157547    0.185679     0.23658 -0.00736799    0.130028    0.390948
    2.15355  0.00832973    0.223479    0.196315    0.145601    0.438914   0.0687526    -0.40334    0.275957
    0.58804    0.502967    0.938471    0.603756    0.722354   0.0764014     1.14388    0.378768    0.135894
   0.367892    0.250919    0.600642    -0.04142    0.189833    0.347823   0.0845678   -0.279439     1.03303
   0.554762    0.393725   -0.379159    0.513583    0.767832    0.666714   -0.408596    -2.78477    0.585903
  0.0158024   -0.467573   0.0563719   0.0842674    0.101424  -0.0929197    0.339957 -0.00864144   0.0909157
 -0.0275837   -0.510151    0.407454    0.223138    0.760431    0.427618    0.571849    0.333027     0.42053
  0.0208883      1.4366    0.524259    -2.20389    0.910759    -0.11786   -0.519318    0.506734    -1.09878
   -0.59424   0.0176114    -1.59022    0.996377    0.127711    0.489433    -4.99238     1.59117   0.0571146
   0.246503    0.173126    0.377962    0.324796    0.209356    0.503903    0.133379   0.0243645    0.225019
   -4.16348   -0.224465   0.0625907   0.0847834    0.507556    0.706323   -0.023437    0.824197     1.28433
   0.377473    0.161362    0.942762    0.711671    0.322083     1.80417   -0.840665   -0.651716    0.992866
    2.27077     1.15257     1.40898    -1.14376     1.33015     1.52866      -1.805   -0.271169     2.44267
  0.0076819    0.118177    0.447095  -0.0565289    0.377877   0.0294825   0.0881064    0.528357    0.281056
   0.215093    0.142914    0.758287    -0.05453    0.647259    -1.08402     1.23461  -0.0768702   -0.828591
   0.465052    0.511406    0.120851    0.202193    0.238519    0.116365   -0.786971    0.165753    0.258411
    1.70715   0.0290527    -1.17348     1.25353    0.304817   -0.388685    0.853976   -0.293028   -0.345079
   0.487588    0.521915    0.648119    0.780665    0.352347    0.719321    0.257106     0.15039    0.269605
   0.719105     3.15914    0.458622   -0.314519   -0.943593    0.498073    -2.03845   -0.515171     0.74879
   -1.08077    -0.84381     -2.5717    -1.84308     1.94134     1.65588     1.17497     1.98453     2.46409
   0.188055    0.106857    0.204348     2.82002    0.124163   -0.301973   -0.994372    0.230838    -0.64255
   0.179311    0.509779    0.518311    0.672527     0.11291    0.569996    0.392974    0.377697   -0.015369
   0.319631    0.516784    0.150105    0.292305    0.501427    0.967656    0.995814   -0.249818    0.808399
   -0.20258   -0.313776   -0.707816    0.364102   -0.316399    0.252069     1.61558   -0.247618     -0.3101
  0.0259872     0.17382     1.01853    -1.52934   -0.125175   -0.736867    -1.12072     2.64401    0.851378
  -0.120819   -0.591203   0.0780989   0.0663561    0.085982    0.321647   -0.328246   -0.306896   -0.154645
  -0.426565    0.416458    0.450069  -0.0668053    0.028337    0.570954   0.0273158    0.204356    0.170973
  -0.180626    0.369651    0.463967    0.614437   -0.171554    0.529288    0.734783    0.311886  -0.0488467
   0.232107    0.182225    0.135071    0.151303    0.181889   0.0365545    0.161784    0.264614    0.162449
  -0.732515     1.45182    -0.46387     1.88375    -3.12251     2.66386   -0.780446     1.02678   -0.246155
   -0.17126   -0.587207    -0.20935    0.820458    0.223185     1.48114   -0.508428    -0.43208     1.13104
    1.50793     1.91452     1.81883   -0.250961    0.294662    0.158612    0.312842    0.121374    0.210489
  0.0222691    0.116322 -0.00920815    0.352625   -0.205834   0.0783431  -0.0240068  0.00535685   -0.240732
    0.63301  -0.0934514    0.475536    0.185717   0.0752211   -0.165228    0.380832   -0.392879    0.262747
 -0.0932568   -0.252639   0.0266324     0.29245    0.343582    0.190073    0.221231   -0.280434   0.0318353
   0.626161    0.167156     0.60143     -1.0903   0.0650508    0.169852    0.257026   -0.112007    0.436692
   0.218612  -0.0367476    0.243483    0.175886    0.477691    0.104894    0.285619   0.0680475    0.300588
  -0.390672     1.37021   -0.945444     0.24016     -1.2725    0.699019    -1.28049    0.658842    0.226088
    1.85714    0.825202    0.573265     1.45792    0.319547    -1.60133     2.09628   -0.641069    -1.05945
   0.115506    0.153296    0.238778    0.440129  -0.0432861    0.149388    0.352553  -0.0892489   -0.138844
   0.287634    0.274224    0.239584   0.0750743     0.37219    0.399876    0.279523     0.53214    0.609401
  -0.307184    0.751074    0.400825    -1.66742   -0.650183    -1.25842    -1.45077   -0.197823     6.37995
  -0.780687   -0.360832    0.897128     2.07679     1.06655    -1.70446     1.38133     1.09142    0.738987
   0.138208    0.019465    0.146119    0.310579    0.194612    0.279409    0.229279    0.164309    0.295399
    2.10767     2.13932     1.66766    -4.12246     1.33689    0.149018    0.188801   -0.225892     0.74537
   0.437736   0.0796997    0.600026     0.44787    0.199586    0.347446 -0.00186756   -0.259682   0.0634624
  -0.257255    0.176063    0.200272   -0.109858  -0.0859876    0.264715    0.160801    0.145872   -0.147653
   0.270494    0.443194    0.347356     0.15026    0.171997    0.207869    0.138634    0.346606   0.0693415
   0.442143    0.119819   0.0863388    0.397046    0.397981    0.208899     1.08015    0.206765    0.513659
   0.778746     4.99022   -0.808036     1.59452   -0.955205    0.214669    -1.49355   -0.421557    -1.10833
    5.74171    0.536519    -1.01567     1.43103       1.788   0.0238564    -0.18687    0.781506    -1.08683
 -0.0924111    0.273725    0.299108    0.346187   -0.189314    0.670644    0.222983   -0.407413  -0.0183702
   0.328175     1.14654  -0.0450431     1.15505    0.694964   -0.115248    -2.21032      0.4648    0.163261
  -0.572824    0.837867   -0.614048    0.773838   -0.657172    0.505517   -0.991101  -0.0808077     2.44856
   0.070411    -2.69067    0.533542   0.0436554    0.452245    0.553116     0.07356   0.0587022    0.590113
    0.48617    0.463216    0.332647    0.742117    0.158689    0.602606  -0.0460968 -0.00308128    0.526622
  -0.271692    0.898884     0.65871   0.0314296     1.20689     1.15645   -0.235472    -1.14002    0.046749
   0.426515    0.714328   0.0372268    0.201802    0.136899   -0.413285    0.587551     0.37429    0.141772
   -2.47247     1.13757    0.929255    -2.15907     1.98318     1.30711    -1.74775    0.848712     1.11928
   0.087431   -0.606958     0.11592    0.359512    0.259694    0.773225   -0.267886    0.517834    0.565761
  -0.214793    0.445026   -0.367794     2.13699   -0.662522    0.584652    -1.06165   -0.602615     1.27252
  -0.618167   0.0998121   -0.759879     1.91826     1.64984      1.9874   -0.473259  -0.0481944   -0.500939
  -0.813341   -0.287255     1.15974   -0.209356   -0.543059     0.75557   -0.666318   -0.157302   -0.288559
    1.23849   -0.357779   0.0458335    -2.24019     6.50051    -3.42734   0.0432557    -1.72672    -1.00565
    2.46598   -0.673179     1.25978 -0.00976745    -0.53838    0.367734    0.787784    -1.46987    0.566284
   -0.35268    0.845668   -0.503992     6.32061    0.627397   -0.625634    -1.76843     -1.2368   -0.817841
  -0.270824    -1.00994   -0.267678     1.70282    0.287259      1.9119   -0.740389   -0.339969     1.06234
  -0.308468   -0.285991   -0.216062    -1.15485    0.531376     1.37025     -0.2959    0.227941    0.463694
 -0.0814376    0.227495    0.921116    -1.91967   -0.583802    -1.44122   -0.903615     1.69991     0.57363
    1.29723    0.829579    0.526214   -0.499345    0.400035   -0.273882   -0.666354   -0.206083    0.956428
  -0.525693   -0.687252     4.57038   -0.759239    -0.14307    -2.35123     1.00068    0.557841    0.310035
   0.378281     0.24348    0.268705    0.572784    0.625996    0.512137    0.336527    0.166456    0.371957
   0.596468    0.206259     1.55424    0.101361      1.1336    -0.65272     1.39279   0.0949015   -0.956911
  -0.865842    -1.23878    -1.82519     -1.1641     7.90609   -0.943461    -1.35939    -1.03618     -0.5987
   0.248779    0.902334    0.447907    0.310644    0.308153    0.467672  0.00744172    -1.64321   0.0841626
 -0.0430032   -0.149241  -0.0637646    0.364716    0.233299    0.629157   -0.113463  0.00921203    0.154818
   0.107084    0.327462    0.143867    0.487292     0.17957    0.666553 -0.00699282    -0.22356  -0.0795862
    0.16241    0.587073   0.0283805    0.160131    0.123363   -0.125804    0.225814    0.295533   -0.108338
  -0.591803   0.0506937     1.08506   -0.392582   -0.131828    0.712574  -0.0596902    0.427246     1.20188
   0.261491    0.152003    0.560539    0.317471    0.248338    0.527804    0.235506  -0.0760415   0.0555474
-0.00411515   -0.728597    0.472789   0.0556471    0.122527    0.483723   -0.327887      1.2232   -0.305252
    1.47703    0.109578    -2.29306     1.15304  -0.0416019   -0.154159     0.98166   -0.595942    0.906798
   0.199338   0.0904303    0.134078    0.194468    0.117274    0.243784   0.0918348   0.0758424     0.18686
 -0.0554976    0.149481   -0.343302    0.282832  -0.0108312   0.0744533   -0.134368  -0.0112012   -0.612186
   0.281814    0.864971    0.402419    0.670694     1.13213    0.723029    -1.19411   -0.628292    -2.02621
  0.0146534   -0.231296   -0.154966      1.1917    0.344816    0.796039    0.356149    -0.27658    0.495387
  -0.690886     1.31258     1.65445    -1.41999     3.10315     0.81143    -1.32971    0.449597     1.38271
 -0.0169328    0.148226     1.71151   -0.648422    0.939858    0.366869    0.303824    0.733773     0.95045
   0.705456    0.629408     1.02887    0.313344    0.661717    0.282026    0.477702   -0.013697    0.505008
   0.349504    0.394449    0.327801    0.069988    0.542293    0.184818    0.437339    0.622064     0.50047
   0.604065    0.908661     1.09925   -0.567702     1.78847    0.126748  -0.0490468    0.429889   -0.698357
 -0.0966993      1.1514    0.807667   0.0663843    0.452625      -1.042    0.686506    -1.76924    -0.76197
  0.0647439    0.372221    0.057005    0.274694    0.369193   0.0939308    0.136191    0.433095   0.0116268
   0.345168    0.483939    0.360086    0.166827    0.326249  -0.0901288    0.617523     0.39954    0.190612
  -0.032889    0.066065    0.343562    0.490028     0.17632    0.541201    0.540939   -0.124827   0.0987409
   0.248663    0.237076    0.111012    0.378416    0.188327      0.6409   0.0293253    0.477118    0.540068
   0.118605   0.0589148     0.47913    0.521607    0.146768    0.216701    0.718046    0.306232    0.188875
   0.544784     4.08395    -1.23359   -0.353614    -1.25934   -0.165892   -0.667489     0.70162       0.399
   0.371642    0.323609    0.305975    0.128471    0.105595    0.242821   0.0464076    0.101248    0.352321
   0.117017    0.228978    0.205498     0.43471  -0.0741409    0.250369   0.0472663   -0.109605  -0.0544803
  -0.294691   -0.115405  -0.0076458    0.199275  -0.0123007    0.227507    0.937435   0.0532557  -0.0614088
   -4.73237    -1.36336    0.756907     1.52374    0.844778     1.43896    0.396443   -0.373191    0.283295
   0.317922   -0.791506     1.99173    0.150006     0.11781   -0.801511  -0.0495859    0.122179    0.537083
   0.366388    0.602669    0.219708    0.637425   -0.133947    0.754327   0.0918953    0.727614    0.447327
   0.877829   -0.789025    0.403449    0.659201    -1.12447     1.34087   -0.315644     -2.4352    0.987548
   0.290124    0.400004    0.253408    0.114178      0.2957    0.343088   -0.168993    0.202425    0.234716
   0.342181    0.378374  -0.0970267    0.180129   -0.143043   -0.341499    0.397774    0.214776    0.036583
    1.02338    0.381484    -1.58094     1.51818     2.56011   -0.946756   -0.261591    -1.58189    -1.57636
   0.279664    0.935642   -0.937926    -4.92852      1.0246   -0.472861     0.12397     0.85704   -0.460243
   0.237831   0.0472852    0.271838     0.44081    0.376618    0.429339   -0.894729   -0.313351   -0.249832
   0.610564   -0.325411    -1.38676     1.91857   -0.145343     1.77552     1.50014  -0.0559592     0.07372
   0.130252   0.0538414   0.0162373    0.283424    0.357952    0.307236    0.269845    0.463172    0.336619
  -0.795483     2.02103   -0.761659    0.394586    -2.46242     0.46092    0.451714     1.29355    -2.53139
    0.59821    0.609006     0.57886   -0.104808    0.628274 -0.00909143  -0.0927997   -0.121244    0.221082
   0.106182    0.165337   -0.182932    0.155561   -0.189027    0.134309   -0.161961    0.281242    0.080902
    0.54234     0.33503    0.640299  -0.0303651    0.655774   0.0854693    0.395071    0.315467    0.745306
  -0.470055    -2.53636   -0.283169     2.16832   -0.500656     1.21814     1.29348    -1.93725     4.61904
   0.849985    -1.61486     1.16527   -0.110576    -2.63312    0.366062     1.25371     -1.0713    0.138401
   -1.33934     0.14403       1.306   0.0421932    0.464677     1.80046    0.617846    0.120099    0.723574
   0.542574    0.144104    -1.28988    0.651722   -0.347639    0.356803    0.157783    0.214262    0.268903
   0.314346    0.315302    0.443512  -0.0399885    0.334497    0.375857   0.0916344    0.205202    0.572698
   0.358058   -0.122368     0.79291   -0.527607    0.155216    0.318881     1.57022    -0.68475    0.974308
   0.339561    0.355632    0.189453     1.14846    0.157695   0.0616199   0.0788373   0.0865011  -0.0279045
  -0.157002      2.0333   -0.278515    -0.25332  -0.0576583    0.242889   -0.354469    0.415475   -0.408393
   0.491511     0.69312    0.780702    0.122575     1.87049    0.040912    -1.09586   -0.672582   -0.796939
     1.7483     2.73668   -0.634002    -0.28934   -0.775968     -2.5982    -3.60356    0.262422   -0.593491
    1.13088  -0.0787173    -1.81918    0.430367   -0.187123    -0.23045     1.89838     0.89269    0.972041
   0.296437     1.64937     0.21895    0.012746    0.410481  -0.0850575    0.414116    0.715775    0.127779
    4.37375   -0.495706    0.291174   -0.360453     0.22181     1.07849   0.0903116   -0.717957    0.239475
   0.207348     1.60314      1.1323    0.175132   -0.480282    0.603378    0.580799   -0.732915   -0.647077
   0.341601    0.884684    0.353113    0.420197    0.215659    0.211316    0.187183     0.41851   0.0814261
   0.105858   -0.213112    0.235496    0.037883    0.372322  -0.0971377     0.34487    0.290376    0.241938
   0.219626   -0.198191   -0.205954    0.545283    0.108178    0.395859    0.419427   -0.127935   0.0566704
   0.494314    0.622381    0.251471    0.117542    0.409404     0.17196    0.384681    0.596484    0.206505
   0.908595    0.670694   -0.212784    0.638288    0.896483   -0.181609    0.270013   0.0980432   -0.764807
   0.393005    0.765001  -0.0158283    0.432334  -0.0186906   0.0693919 -0.00512823 -0.00418109    0.136639
   0.632355    0.422766     1.61597  -0.0387105    0.593439   -0.192662      0.9054    -0.67949   -0.977662
    0.22898    0.195462    0.251031   -0.255991    0.104136     3.04082   -0.851175    0.197694    0.291555
   0.141162    0.357483   0.0888153  -0.0754158  -0.0274975    0.415263   -0.367555    0.343327    0.587269
  -0.728074   -0.295615    0.886865    -1.18338     1.16012    0.588421   -0.394342  -0.0523675    0.355022
   -2.42602     1.71302    -2.73876     3.33326 -0.00124701     4.09546   -0.327267      1.7241      -1.494
   0.290738    0.455375    0.431872    0.270539    0.352684    0.262511    0.383664    0.408036     0.17496
  0.0342956   -0.305834  -0.0801645    0.102746     0.14647    0.202951   -0.132662    -0.24352  -0.0934989
    1.39889    -6.82053   -0.168108     1.40897    0.819498   -0.060533     1.62199     1.06623       1.258
   0.222727    0.194625    0.250199    0.460385    0.201483    0.333846    0.393404    0.393744    0.286352
   0.231891  -0.0634849   0.0540444     0.18235    0.218152      0.2096    0.118935  -0.0118101    0.291686
   0.148786    0.107213   0.0583783   0.0568201    0.125371   0.0324359     0.27282    0.235177    0.192942
   0.153218  -0.0293565    0.291486    0.174513    0.412844    0.774517   0.0142561    0.159969    0.658413
   0.225864    0.211457  -0.0259536    -0.10189 -0.00121358   -0.395622  0.00463726    0.364075    0.225795
  -0.197496      1.1542   -0.265408   -0.212652    0.488843    0.212521   -0.740594    0.768476   -0.868786
   0.961115      -1.457    0.380711     1.15691    0.463667    0.688069    -0.28589     1.15342    0.834989
   0.250368    0.452403    0.580512  0.00485145    0.332956    0.547082    0.058436    0.365685    0.708648
   0.178028    0.289113    0.162007    0.123427    0.140113    0.263504    0.115762     0.29972    0.298278
   0.795232    0.141516   -0.605849    0.662248   -0.206338    0.316657    0.234707    0.397164     0.64506
   0.205397  -0.0815702    -1.02252     1.50592    0.241786    0.248372      3.8063   0.0241698    -1.02365
  -0.405641     1.80822   -0.017459  -0.0413724   -0.361048    -0.18745   -0.451372    0.504406     2.95525
  0.0580775   -0.153346   -0.130732   0.0199211    0.121395  -0.0571807    0.162985     0.35844     0.25956
 -0.0240541   -0.550627    0.593221      0.1191   0.0965751    0.572139    0.597462   -0.189554     1.32493
   0.179686    0.406374     0.24219    0.309473    0.281635     0.43481    0.106592    0.765105   0.0318285
   -1.13261    0.739785      0.2586    0.743714    -1.00298    0.494796    0.666225     0.92292   -0.810774
    1.21952     1.38531    -1.02638     1.19257    -1.05372    0.524205    -1.47717    0.182559     1.03479
  -0.787644     1.59516    0.770469     -1.0196     -2.7756    0.375587   -0.772063     1.05466    0.440102
    1.11887    0.996062     1.91966    0.576767    0.274197   -0.731022     2.06258   -0.606068    -1.13097
    1.58816    0.714189     2.47932    -0.36189    0.950306    -1.02803     1.54399    -1.86419   -0.145446
    3.29206   -0.195195    0.388433  -0.0142813    0.262074     1.03209    0.186914  -0.0906095    0.398321
   0.120968    -1.03069    0.115596    0.386727     0.54301    0.570392    0.747897  -0.0833761    0.890222
   0.911581    -1.51247    0.679092   -0.212188     1.50735   -0.537408     1.67739   -0.401956     1.61307
   0.558762    0.320802 -0.00574665    0.379096    0.257809   -0.393606 -0.00348795    0.116127    0.308376
   0.177471    0.200208   -0.195804    0.829916    -0.16504     0.16495    0.193837     0.25945     0.16717
   0.360502    -0.55968    -1.03116    0.985405   -0.388631   -0.427831   0.0846176     1.86811   -0.706091
  -0.295917   -0.560017    0.121519     1.29357     1.07465     2.32086   -0.961569   -0.717158    0.354621
   0.320229    0.096535    0.218784    0.600382    0.231377    0.408696     0.52893    0.150189    0.300928
   0.464271    0.725818    0.772379   -0.438742     1.77803   -0.057977   -0.507381   -0.271684    -1.27642
 -0.0616107    0.362227   -0.290141    -1.10625   -0.892695   -0.860934     4.26179   -0.167443   -0.314986
     1.6363    -1.56124    -1.10426     1.55047    0.561294    -5.05941     2.41371     1.40687     2.02854
   0.965674     2.27806    0.608569    -1.04116   -0.384561    -2.18627    0.931379    0.234724     2.25978
   0.414889     0.51487     1.22935   -0.495285     1.98608    0.464997    -0.22595    0.179843   -0.333784
   0.270893     3.18154    0.244155   -0.613954     1.27194   -0.589299    -2.01938     1.98326    0.203613
   0.461188    0.302438   -0.110114    0.463218  0.00611476    0.286048   0.0904055    0.256518     0.48757
    1.81909   -0.316084     6.02963   -0.842145  -0.0093007    -1.68889  -0.0623992     1.62418    -1.00241
   0.213201     2.19413  -0.0629555   -0.188422    0.718749     -0.9203    0.041281  -0.0145912    -1.08853
   0.530472    0.267106    0.348409   0.0491879    0.391413   -0.098735   0.0240792   0.0115786    0.478632
  0.0648993    0.219084    0.111048    0.069753   -0.135541    0.357211  -0.0684344  -0.0425213   0.0588783
    0.73287     -1.5783   -0.223717     2.43966    0.630848     1.57163    0.663672     -1.9665    -2.42771
 -0.0281785    0.223056    0.181157   -0.525407  -0.0143242   0.0866733   -0.227361    0.136578       0.139
    2.51296      1.9942   -0.216767    0.656908    0.905618   -0.645231   -0.415051    0.531133    -3.32178
   0.474398    0.572131    0.360452     0.41609    0.449905    0.239228    0.450598    0.494769    0.414179
   0.453136    0.234269    0.310205   -0.581753   -0.733305   -0.826786   -0.241036     4.87842   -0.309023
   0.287251    0.830427    0.352442    0.480526    0.261605    0.449099    0.111605    0.511548    0.132526
   0.121346   -0.364988    0.671602    0.213931   -0.137127    0.535109    0.454254   -0.176487    0.808084
 -0.0264631    0.239291    0.076572    0.120638    0.103756    0.298253  -0.0692085    0.124185   0.0975198
  0.0733881       1.192   -0.598366  -0.0405521    0.619041    -0.71515     2.26751     1.18662   -0.813297
  -0.948508    -1.26847    -2.46161     2.13401     2.18876    -1.55505     3.23547    0.811117    -1.89259
  -0.128429     -1.8508     7.94717    -0.74361    -2.37604   -0.395442    0.349298    -1.30157    0.049493
   0.187251    0.168812    0.427562  -0.0901294    0.386041  0.00821927    0.294857    0.356752    0.406942
   -1.70895     3.51167     2.01005   -0.741648     1.80232     2.02244   -0.798551     -2.0105     0.79601
   0.527362    0.404726    0.570811    0.579143    0.574631     0.65846     0.51029    0.470071    0.767099
    0.37026    0.350275    0.441104    0.180112    0.544942    0.221418    0.571292    0.539288    0.531883
   0.441179    0.520043    0.385222    0.507981    0.286659    0.605488    0.200622    0.396002    0.514114
    -2.0791     1.16142    -1.17289    0.292507     0.37812    0.161028   -0.539203     2.17284     1.35252
  -0.164671   -0.447004   -0.451214    0.448147   -0.326794    0.490716    0.788979    -1.03238    0.201107
  -0.819162  -0.0873613    0.468703    0.818282   -0.394926     1.42179    0.884665    0.285665     0.14614
   -1.49661    -2.36892   -0.872904     2.50172     -2.8548     3.11546     1.44666    -0.68033    0.661705
  -0.234485    0.475618    0.479786  -0.0959422     1.68683     0.36913   -0.622543    0.739166    0.480765
   0.216671     0.59316    0.202943     1.09755   -0.197211    -0.34037    0.569212    0.694719   -0.111435
   0.701016    0.658216    0.897615    0.249687    0.187131   -0.209463    0.496395   -0.204796   -0.168951
   0.012602   -0.210637    0.114798    0.318892    0.174819    0.486612   -0.266456   -0.164209  0.00145156
   0.197558  -0.0501046  -0.0729681     0.26756    0.236967    0.233442    0.435272    0.404675    0.645176
  -0.200031  -0.0197009    0.143013    -2.37997    0.971098    0.292265    0.326755     1.50826      1.3336
  0.0734329    0.356586     0.53586    -0.45822    0.238071   0.0171343  -0.0920582    0.332482    0.753702
   0.507272    0.274108   0.0675784    0.612162    0.326444     0.37803     0.21347    0.189573   -0.636648
   0.233892   -0.144463   -0.276318     1.18216    0.286038     1.40274    0.590139   -0.454125   -0.137153
   0.245097    0.107702  -0.0510574 0.000142705   0.0190982  -0.0818432   0.0731116    0.173905    0.131505
    1.55367    0.658884    -1.46292    0.863846    -1.09189    0.112435   -0.933089    0.801266    0.883064
   0.389172    -2.03308     0.76272     0.65632     1.24986   -0.338159    0.751424   -0.503831    -0.36083
   0.779935     0.33893    0.367052     0.10034    0.321143    0.177003    0.159808   0.0306207   -0.512185
   0.878866   0.0471328    0.487212   -0.026065   0.0967149  -0.0117603   0.0686019   -0.590237    0.349711
  -0.475796    0.267299   -0.440924    0.167724   -0.233133    0.475978    0.964986   0.0760847    -0.23899
   -3.66909     1.65892     1.21748     1.36077    -2.74888   -0.317019    0.684908    0.875689    -1.76382
    2.08037    -1.40704     2.15431    -2.30704     -3.3009     -2.3674     1.75329    -1.68357      2.5135
  -0.654514   -0.342076   -0.690462     0.32282   -0.365771   -0.553245   -0.765593     3.37023   -0.269369
   0.114994  -0.0641681   0.0377677     0.52647    0.101361    0.226463    0.299314    0.154018    0.154514
    2.08423    0.629934     2.11103    0.150087    0.952109    -1.06959     2.79788    -3.22003   -0.753885
 -0.0698937    0.364421    0.481761   -0.332853    0.769074     0.34145   -0.346859     0.25821    0.145846
    1.12533  -0.0028776 -0.00110482   -0.723503    -2.92813    0.101858    0.421377   -0.136732     1.47133
   0.252819    0.188557    0.267186    0.315822    0.210959    0.100597    0.352155    0.256801    0.190225
   0.183669    0.151708   0.0952903   -0.247988  0.00100005   -0.217774   -0.205899    0.958014   0.0450246
  0.0373385   -0.158679    0.116344  -0.0421143    0.151609 -0.00245868    0.110694 -0.00613001   0.0739311
   0.215601    0.211762    0.369627     0.18541    0.149443    0.159308    0.215296   0.0576322    0.126108
   0.400663   -0.100404    0.495993    0.708578     5.53385    0.208878     0.77464   -0.015322    0.246195
    3.68757  -0.0904753     0.82502   -0.268855   -0.949692    -1.49771    0.209004  -0.0934796      4.3809
    1.47435    0.544988     1.77839    -2.84952      1.6297  -0.0412542    -1.30593   -0.560452     2.89398
    1.06147  0.00944807    0.823426     1.09591  -0.0799228  -0.0490417     1.44709    -1.45102    -1.21237
   -0.10149   -0.939691     1.57686     0.28599    0.320807      1.0266    -4.03476    -1.64907   -0.128732
   0.379009    0.195016   -0.237763    0.458198    0.169137   -0.521095   -0.125216   -0.277229   -0.134122
   0.418707   0.0693625    0.441847     0.49385  -0.0346703    0.184332    0.143316   -0.351247   0.0869844
   0.094786     0.44696     0.69665   -0.216617 -0.00505408    0.325253   -0.143984    -2.56223    0.146817
    3.88679  -0.0820227    0.321215    -0.76602    0.126876    -1.11484    0.518989     1.50629   -0.100034
   0.452546    0.321924    0.908713    -0.19556    0.535718    0.823762   -0.182867  -0.0620564    0.976518
  -0.112495  -0.0227959  -0.0594074    0.315599  -0.0123472    0.179016   0.0891383 -0.00171238   0.0115734
   0.231026    0.441212    0.183365    0.189409    0.212775    0.194185     -0.1438    0.299991   0.0538928
   0.149261    0.178972    0.114652    0.170086   0.0518749    0.105857    0.144256    0.166635   0.0283872
   0.313801   -0.190605     1.45224    0.671119    0.438636     1.79136    0.163021    -4.40014     1.80248
 -0.0357476    0.266424   -0.691011   -0.296398    0.430357   0.0294906   -0.266806     1.11897    0.376419
  -0.126948    0.199663   -0.111673  0.00429761    -0.10782   0.0216597    0.231696    0.281145 5.28634e-05
 -0.0750935   -0.540548   -0.125279    0.928285    0.699073    0.729182     0.80706   0.0686182    0.198787
  -0.749313    -3.04451   -0.350236     0.61028    0.779839    0.397771     1.08186     3.91661    -0.59654
   0.276524    0.182931    0.514479    0.032963    0.671746    0.184831    0.307633    0.352368    0.367466
   -1.51838      1.8998     1.66902    0.282444   -0.382197    0.147553    -1.69112    0.412612     -3.1031
 -0.0870541    0.314576    0.189486   0.0455367  -0.0671342   0.0917088    0.380911    0.187009  0.00636718
   0.147728    0.102334 -0.00103351 -0.00384375   -0.068491   0.0673286  -0.0346048    0.228768    0.166494
  -0.192782     1.69061   -0.957793   -0.554191     1.21852   -0.439743   -0.544301     1.77188   -0.195533
   0.225421   -0.359263    0.453216   -0.222723    0.149338   -0.310425    0.213312   -0.313315    0.209489
  0.0050109   -0.221612   0.0202137     1.04404      0.6095     1.30841   -0.380394    0.018346    0.392684
   0.172632    0.170329    0.268128 -0.00948509    0.137808   0.0798862    0.125578    0.127599    -0.14281
   0.155826     1.04625   -0.105634    -1.57256   -0.562149    -1.45414     3.03155    0.036158    0.087976
   0.150475    0.302156    0.375239  -0.0810191    0.170802    0.205588 0.000290087    0.153001    0.152182
  -0.793702   -0.787767     1.81777    -3.50679  -0.0895284    0.885072     1.05966    0.635403     1.41509
  -0.109047    0.351441   -0.966744    0.776326     0.37073    0.815688   -0.187225   -0.274952   -0.494715
  -0.243737   -0.370025   -0.381461    -0.35051    -0.47204     6.16299   -0.584599   -0.551348   -0.551964
   0.814658     1.14389   -0.997331      1.4523    -1.34192    0.363442   -0.416712    0.943306    0.488836
   0.155604   -0.044743   -0.347665    0.749308    0.527843     0.57278    0.543224     0.12443    0.197814
  -0.106618    0.851842     1.26538     0.57257   -0.351155    0.874313    0.607046    0.114142    -4.86697
  0.0325008    0.111125   0.0944433   0.0364531    0.267733    0.185391   0.0328633    0.696773    0.297962
   0.342848    0.408657    0.788537    0.101507     1.76578    0.729678    0.154851     0.23447    0.731649
   -4.23904     1.19336    0.654747   -0.120171   0.0657149   -0.426098    0.830046    0.471705   -0.429254
   0.424637    0.590421  -0.0796192   0.0933999   -0.326848   -0.387031   -0.227385    0.104571     0.24253
   0.242355    0.048513    0.471376    0.231372    0.550389    0.534704    0.162058   0.0510698    0.343488
  0.0516101   -0.271695    0.287276  -0.0852988   0.0601524    0.076908   0.0784763   -0.182419    0.149647
    1.40265    0.609501    -3.52193    0.555724   0.0121081   -0.700606     1.04058    0.473909    0.928586
   0.522915    0.153575    0.375271   -0.456782  -0.0589997   0.0814976     1.45275   -0.379743    0.888001
   0.389758  -0.0457055   -0.163781    0.367171   -0.036316   -0.533116     1.16938    0.167694   -0.226552
   0.327025   -0.540438    0.114574    0.123063   0.0144652   -0.129596    0.669762   -0.337822     0.25815
   0.293596   -0.209253    0.327188    0.160476  -0.0847937  -0.0330553    0.228838   -0.369943   0.0816902
    1.37457   0.0230648     1.45669    0.563199     1.10837    0.916871   0.0954695    -0.08124    -2.01163
   0.246286   -0.473976    0.921539     0.25781  -0.0400206   0.0840998    0.153332   -0.262206    0.365662
   -1.55142    0.117382   -0.316011    -1.37448    0.938212     4.26681    0.275872     1.78097   -0.578338
    0.59899    0.480353    0.435688    -0.24367      1.0751    0.169824   -0.700343   -0.890598    -1.60406
   0.595842    0.719094    0.894867   -0.587877    0.572451   -0.523992    0.259609    0.670803     0.78607
   -1.59793    -2.92329   -0.899762     0.69721     2.22627   -0.916335     1.59979     0.73139    0.282945
   0.754254    0.803586    0.525886    0.076571    0.145715   -0.520625    0.277653   0.0845756    0.336305
 -3.29101
 -3.22558
 -3.25993
 -3.14213
 -3.26737
 -3.73791
 -3.53273
 -3.43471
 -3.34758
 -3.42868
 -3.46228
 -3.81049
 -3.84196
 -3.37341
 -3.60063
 -3.35969
 -3.27572
 -3.77986
 -3.29029
 -3.30589
 -3.69215
 -3.17837
 -3.54171
 -3.44958
 -3.42318
 -3.25461
 -3.99376
  -2.6685
 -3.30723
 -3.82927
 -3.44839
 -4.32793
 -3.44336
 -3.56683
 -3.53742
 -3.78579
  -3.2095
 -3.52815
  -4.4031
 -4.21647
 -3.30161
 -3.54079
 -3.50673
 -3.66811
 -3.52172
 -3.37474
 -3.31361
  -3.3147
 -3.39636
 -3.43577
  -3.5622
 -3.42854
 -3.49801
 -3.41979
 -3.71936
 -3.27485
 -3.76118
 -4.32602
 -3.28859
 -3.24102
 -4.17238
 -4.02566
 -3.30292
 -4.19982
 -3.42166
 -3.45197
 -3.31808
 -3.37757
  -4.3354
  -4.6067
 -3.32872
 -3.88973
 -3.82672
  -3.8033
 -3.27652
 -3.70933
 -3.33838
 -4.82208
 -3.46963
 -4.14307
 -4.84728
 -3.91103
-0.149996
 -4.53493
 -4.67892
 -3.60973
 -3.80584
 -3.73804
  -3.5927
 -4.54926
 -3.14447
 -3.77212
  1.78798
 -3.37255
 -3.44848
 -3.34105
 -3.36851
 -3.49852
 -3.46854
 -3.75864
  -3.8883
 -3.33454
 -3.54103
  -4.0455
 -3.32819
  -4.1113
 -3.11371
 -3.01184
 -3.22473
 -3.48731
 -3.80896
 -3.40107
 -3.30049
 -3.38743
 -3.23064
 -3.36018
  -3.5378
 -3.37622
 -3.36607
 -3.45902
 -4.90284
 -3.97492
 -3.14754
 -3.85928
  -3.3456
 -3.39801
 -4.01826
 -3.37192
 -3.63529
 -3.04447
 -3.31567
 -3.05361
 -3.31963
  -3.4101
 -3.22168
 -3.62683
 -5.26051
 -3.53723
 -3.61716
  -3.2196
 -3.91952
 -3.36798
 -3.44587
 -4.07199
 -2.75259
 -3.71012
 -3.29441
 -4.38343
 -3.14607
 -3.24582
 -3.31503
 -3.41677
 -3.40797
 -3.55243
 -3.31217
  -3.5039
 -3.89863
 -3.37251
 -3.65468
 -1.88012
 -3.25424
 -3.51247
 -3.94901
 -3.24925
 -3.34822
 -3.34986
 -3.25722
 -3.41432
 -3.66165
 -3.94506
 -3.22849
 -3.29531
 -3.42495
 -3.65445
  -3.9227
 -3.40567
 -3.67634
 -3.35088
 -3.40136
  -4.2498
 -3.24911
 -3.74023
 -3.81246
  -4.0546
 -3.45113
 -4.00159
  -3.3173
 -3.26857
  -3.7116
 -4.05627
 -3.25186
 -3.88567
 -3.33983
 -3.50508
   -4.337
 -3.52312
  -3.4467
 -3.28269
 -0.65576
 -3.68135
  -3.2944
 -3.43319
 -3.24021
 -3.41624
 -3.77328
 -3.15391
 -3.93673
 -3.27745
 -3.59632
 -3.36875
 -3.52837
 -4.42212
 -3.43952
 -3.30239
 -4.16241
 -3.16288
 -3.20048
 -3.16474
 -3.81262
 -3.60333
 -3.26347
 -1.11864
 -3.79008
 -3.26701
 -3.30079
 -3.44703
 -3.33796
 -3.66517
 -3.40128
 -3.43483
 -3.43719
 -3.40824
 -4.25691
 -3.61467
 -3.52182
 -3.54928
 -3.74711
 -2.63925
 -5.90436
 -3.60332
 -3.29915
 -4.14702
 -3.49148
   -5.373
 -3.28294
 -3.49701
 -3.39211
 -3.33716
  -4.0847
-0.217831
 -3.74813
  -3.6703
 -3.96853
 -3.45987
 -3.38311
 -3.35627
  -4.4706
 -3.13498
 -3.38208
 -3.37638
 -3.37036
 -3.61168
 -3.53469
 -3.41478
 -3.33067
 -4.32552
 -3.18222
  -3.0153
 -3.36319
 -3.38086
 -4.18512
 -3.57811
 -3.46103
 -3.47251
  -4.0336
 -3.32914
 -3.76578
 -3.60007
 -4.67232
 -3.97557
 -3.30104
  -4.7763
 -3.38129
  -3.0402
 -4.44131
 -3.43068
 -3.24806
 -3.48737
 -4.12376
 -3.89883
 -3.43497
 -3.54597
 -3.49182
 -4.64945
   -3.604
 -4.22671
 -3.99679
 -3.36075
 -4.90553
 -3.32535
1
4
300 10
   0.0537271     0.222352     0.483391     0.399266      1.27045     0.456856    -0.413404     -0.20583     0.320114     0.290842     0.103339      1.24181      1.01514    -0.280799    0.0906304    0.0159231      0.41981    -0.438984    0.0506374    0.0448433     -2.29499     0.754208    0.0403174     0.487205     0.316997       0.4444     0.310071   0.00265983     0.197977     -7.62435     0.319063      1.27352     0.182527      0.27001   -0.0178669     -1.19586     0.225917      1.07952      2.33259    -0.131106     0.625758     0.313319     0.840017     0.445328     0.166872    -0.414698     0.551741     0.185117       1.3303    -0.179781     0.177455       0.5557   -0.0907944   -0.0121556    -0.456888     0.293841    -0.207867     0.144875     0.618498     0.435578     0.789326     0.585486     0.063831      1.07403    0.0975796     0.217496     0.253741     0.483176     -0.11716     -7.76252     0.436478    -0.177156    -0.621609     0.436184    0.0207203     -0.35637    0.0058829     -1.90106     0.456575    -0.128545    -0.238221      0.59228      2.60766     -4.06673    -0.239334     0.478278     0.909042    -0.560695    -0.233525       1.0659     0.255276     0.273008    -0.604715     0.455364     0.266023     0.128528    0.0531053    -0.130881     0.114578     0.989567    -0.027579    0.0450016     0.149406     -1.02519   -0.0243152     0.901032      1.04739     0.627949      0.55387    0.0683487     0.363814    -0.100162     0.332317     0.148044     0.281829     0.558644      0.23226   0.00154824     0.154118     0.175158     -6.80549     0.248407     0.191682    -0.670232      0.15122     0.129599      -1.5229     0.510052    -0.185358      1.18759     0.392741       2.3395     0.243218    0.0931545     0.532149     0.281075     -3.00276     -1.31304    0.0904521     0.453151    -0.371681   -0.0983837    -0.030061    -0.163385     0.109405     0.747992     0.151521     -7.16093      1.53685      0.22511     0.425402     0.653382     0.325796    -0.738934   -0.0736251     0.721245      1.46454    0.0332643    0.0859485    -0.942035     0.346941     0.186471      1.41155     0.334837     0.237638     0.176559     0.442701    0.0788185   -0.0698352     0.800168     0.263091     0.162797    -0.191438      1.29448     -1.16886     0.391296    -0.219035     0.546358     0.287179   -0.0326152      1.50455     0.989379      1.16998     -4.81914     0.450316     0.486211    0.0443279     0.167325     0.853252    -0.323762     0.347979    -0.456293      1.48495      1.49516    -0.190365    0.0996045     0.475339    0.0119864      1.64011    -0.956114     0.326033     0.175311     0.292579     0.247846     -2.60572     0.258098     0.392643     0.189709     -0.59517    -0.259957     0.270119     0.265481      2.12208     0.256055    -0.716305     0.338552      0.50524     0.144233      -2.5385   -0.0664257   -0.0558843     0.778188     0.144938     0.571003     0.310278      0.23973     0.307037      1.21914    0.0170734    -0.130888     0.693239    0.0829923     -1.36892      1.18704    -0.408962    -0.485203     0.140651     0.377552     -2.72828       1.0882     0.374387      1.86747     0.018761     -3.29036     0.330718   -0.0695505     0.173966     0.212006     0.334674      1.89101      2.85377      1.16854      1.06182    -0.488681     0.139417     0.581992     -5.44943     0.769752    -0.187309    0.0735804     0.132658      1.99317     0.465508    0.0511724     0.546727      2.58862     0.385667      3.08024     0.131052    0.0497404   -0.0385807    -0.166923     0.228994     0.142678     0.457487      0.33318     0.141264    -0.102536     0.987823     0.483263     0.440824       2.0093     0.245051     0.701487     -9.27231   -0.0448354     0.267306    0.0477714    -0.496856    -0.294365     0.475955     0.162104     0.116195     -2.14439   -0.0460003      1.14592    -0.278209     0.270703      1.01541     0.152953
   -0.211486   -0.0734959     0.113657   -0.0897986      1.01159      2.23769     0.105675   -0.0959092    -0.303509     0.839492   -0.0507512     0.990156      1.26945     0.129718     0.349879   -0.0783434   -0.0461947      -1.2033     0.251378   -0.0906219     0.641325    -0.114914     0.367511    0.0961355     -0.50288    -0.446495     0.273962       1.4858    -0.143849      1.63113    -0.182899       0.6503    0.0798797    0.0407128      0.47617    -0.860609     -0.10968    -0.719935      3.24425     0.704902    -0.108668     0.336366     0.615127    0.0285183    -0.758539    -0.577982    -0.135541     -0.12842    -0.632187    0.0546653      1.77305   0.00767274     0.495333     0.192132     0.597602   -0.0444734      -1.7361     0.964757   -0.0131338   -0.0102725       0.6617      1.29676  -0.00329891       1.2767     0.139007    0.0551953     0.122408    -0.245749     -6.71362      1.54975    0.0611338      1.57952    0.0624029     -4.06749     0.292264     -1.22087    -0.672717     -0.48514    -0.943997     0.994554     0.901725    -0.664111      1.02267      2.23971      2.23361    -0.924302     0.248018     -0.24814      1.20568      1.29265    -0.129496     0.155259     -1.50817    -0.137904   -0.0662173    -0.414221     -0.42554    -0.381115   -0.0202186     -1.29989    -0.945042    -0.223823    -0.135563    -0.483594     0.556345     0.691582    -0.302429     0.180253   0.00178597     0.282374     -1.02991     0.137506    -0.238372    0.0249856    -0.134009    -0.257069     -5.30023     0.131066   -0.0314026     0.271294      2.29942    -0.861435    -0.204111      2.63496   -0.0624119    -0.441018    0.0480914    -0.439684    -0.133872     0.850426     0.279792     0.596343     0.295163   -0.0820926    -0.128792      1.29265     0.877735    -0.630491     0.145786    -0.275266     0.294025     0.017871     -1.97971     -0.17603      1.65999    -0.702202     -1.23701      1.14752    -0.840688    -0.359855    -0.281165    -0.211202     0.188003    -0.312046    -0.646412     0.268899    -0.634872    -0.082314    -0.756982      1.57269   -0.0118274     -0.35404     -9.77996    -0.157409    -0.153783   -0.0684906   -0.0531245    0.0437334     0.101661     -2.28384    -0.263835    -0.149925    -0.332229      1.11275    -0.680519    0.0711792     -0.14724      0.21147    -0.966923    -0.497515    -0.958372      1.10991      1.41857     0.862243    -0.460962     -0.84664     0.333309     0.207202     0.446266     -1.39654   -0.0434146    -0.133428     0.301776     0.205647     -1.35417    -0.162518      1.78505     -0.11039     -2.77364     -2.30209     0.353477     -0.22004     -1.89232    -0.144283       1.7882    -0.243671      1.75355    -0.267673    0.0112324    -0.114747     0.406265     0.849565      3.07603    -0.103186     -5.78663     -0.28166    -0.137588    -0.234857      2.02174       1.0169    -0.111482     0.951699      1.03119    -0.159627     0.485748    -0.396243    0.0553644     0.378416    -0.106712    -0.112302    0.0107486   -0.0409799     -0.99706     -2.91464     0.443625     0.807994     0.217212     -2.19383     0.717536      1.00969   -0.0384615     0.703292   -0.0335816    -0.339518    -0.036638   -0.0203063    -0.240095    0.0395127      1.23525      1.12399  -0.00308339      0.84175     0.401378   -0.0172695     0.532412      1.10589       1.5443   -0.0321057     0.167202    0.0381292   -0.0366096      2.53466      1.00966   -0.0819481      0.16463     -1.55081    0.0112275    -0.884164    -0.282376    -0.282911      1.23205   -0.0574148    -0.435998    0.0305054    -0.756329  -0.00802156     -1.24337      0.30022      1.10098     -1.23186     0.420909    0.0854294     0.259284    -0.120857      1.26434    0.0465831    -0.422935     -0.26551    -0.466762      -0.1501    -0.219167   -0.0358276     0.224691    -0.727002    -0.337062       1.4035     0.255833    0.0287524      3.19114     0.353787
  -0.0869948    0.0856544     0.211693     0.257418     0.437609     0.517132   -0.0381146   -0.0187462    -0.104582    -0.385531    0.0814648     -5.84473     0.502441    0.0872562      1.33953    -0.025746    0.0256117    -0.284734       1.0806    0.0296141    0.0047203     0.380033     0.283331    -0.423439     0.114271     0.731751     0.917339     0.935521    -0.183082      2.57727     0.307821      1.66695     -0.15847      1.53352     0.387571    -0.270265    -0.138254     0.638343     -2.91347      1.14863    -0.173861    -0.525343    -0.453478     -0.30561    0.0447847    -0.368154    -0.289997      0.14894     0.574148     0.855615     0.708227    0.0869986    -0.275984       0.3119     0.278774     0.356174     0.542114      1.34465    0.0291051    -0.214428     0.883613     0.985988     0.229406      1.40788    -0.524326    0.0373756    0.0456669    -0.148901  -0.00265672      1.12025    0.0162408     0.675662      1.79686     0.738093      0.41157    -0.125608     0.332327   -0.0657905     0.483811      1.72961     -1.15644     -1.41017     -1.87802    -0.151953      2.31188     0.637929     0.119817     -1.63992     0.431169     -7.15412    -0.157093      1.83563     -1.35937     0.279682    -0.026541     -0.35353     0.161067    -0.206982   -0.0229583    0.0578523     -3.07093   -0.0700312    -0.229668     -1.29231    0.0460967     -1.09931    -0.125599     0.314444   0.00904582    0.0218244      1.72823  0.000955791     0.291975     0.147708     0.181834    -0.278208     0.141617     0.131831   -0.0208709     0.286445       1.3606     -2.41086     0.278625      1.57056   0.00136587     0.104627     -1.10775     0.242717    -0.355069     -1.38522     -0.01766      0.27939     0.271714     0.205888     0.224167      1.91707    -0.346017    -0.233523     -1.32984     0.192529     0.144111     0.300144   -0.0442966     -1.22524    -0.131775     -2.74761     0.430725     0.293986      1.22232     0.398382     0.303838    -0.365201   -0.0143127     0.148443     0.307315     0.352141   -0.0522382     0.493645     0.268313     -3.35195     0.165893    -0.168264      2.55198      0.04515    -0.113635   -0.0651008     0.363872    0.0895895    -0.272773     0.072891     0.144558    -0.141231     -0.35641     0.166354     0.971205   0.00239285     0.378331    0.0422248    -0.494903      2.88528   -0.0145447      1.48917      1.44789     0.130617     0.538206      0.84789     0.424386    0.0590943     0.568355    -0.516541    -0.151853    -0.400935     0.288648     0.315479    -0.627716    -0.161032      1.02573   -0.0825486      4.51308     0.512636     0.181317    0.0953742     -1.90732    -0.113779     0.530707     0.192451     0.261936     0.186259    -0.309356    -0.134196     0.065219     0.990297      -12.066    0.0104895     0.696953    0.0361524    0.0852021     0.152716   -0.0679099     -0.34358     0.388548      1.27809    -0.574179     0.535013     0.272358    0.0248899    -0.289356    -0.274341   -0.0277184   -0.0930088    -0.399727   -0.0661525      1.51912     0.682521     0.224996    -0.173098    -0.380572     -1.39541     -3.24563     0.963761     0.116247      2.58334    -0.335753     0.225077    0.0484663     0.046326     0.114093   -0.0965801     0.763028     -2.13839       1.2515     0.205953     -2.02503     0.357198    -0.121748     0.538679     0.789703      0.27613    0.0749333     0.130365   -0.0543322    -0.373155    -0.580007    -0.332531     0.490978      2.85318     0.236753     0.120928   -0.0931612     0.102906     -1.65592    -0.339891    0.0190715     0.189569     0.469578   -0.0651276     0.332982     -1.71247      1.68413      1.62933    -0.460221   -0.0527619    0.0745965  -0.00131751      1.34164     0.649518    -0.017215     -0.21931     -5.93686    -0.198549     0.178782    -0.248048     -0.47421    -0.175527    -0.993962      1.45777    -0.487821    -0.323514      2.39249     0.581413
       0.105     0.267606     0.140631   -0.0539134    -0.089357    -0.335086   -0.0221815    0.0137256    0.0674195     -0.45639   -0.0229546     0.273866     0.961959    -0.188216    0.0532849     0.243666    -0.493413      1.38113      1.19156     0.098525     0.385972   -0.0115727     0.134463     0.586198  -0.00485865    0.0919555     -3.41113      2.06266 -0.000399962      1.45673    -0.285994     -1.16841     0.366365    -0.184161    -0.062777      1.63429    -0.155371      1.46568    -0.885242     -3.79791    -0.136742     0.398611     0.612873      1.83731     0.321079     0.350996    -0.324667     0.145779     -1.81276   -0.0495402    -0.473109    -0.278507     0.333763     0.101712     -1.58959     0.122757    -0.535168      2.30139      -0.1534    -0.311712      1.64431     -3.27489   -0.0508691     -5.53026    -0.185366    -0.485635    -0.122479     0.413184     0.117583      1.85649    -0.150813     -1.25539       0.1507    0.0621628    -0.579875      1.00808      0.47598      3.70897     0.252562     -2.41757      1.59622     0.510687    -0.192151     0.508966     -10.2475    -0.782853    -0.829517      2.67653    -0.107115      3.08064     0.315581    -0.473784     -1.66078     0.414001     0.428407     0.397184   -0.0840928     0.398248    0.0115835     0.849881      1.42662   -0.0205413   -0.0728781     0.865156    -0.131244      2.99558     -0.16271    0.0352028    -0.280472   -0.0912455     0.123969    0.0067741     0.206129    0.0378865     0.158404    -0.119871     0.514025   0.00203757    -0.327889    -0.114429      1.22306      1.00523    -0.200081     -1.47761     0.195305      0.51187    -0.097065     -6.67086     0.185609      2.04383    0.0200431     0.461184     -0.59338    -0.014218     0.223808     -1.43407     0.186928     0.672939     0.419705   -0.0366342     -0.72408    -0.939157    -0.275474     0.878154    -0.576566       1.3509  -0.00239798     0.810745     0.354695    -0.159056     0.176974     0.370697   -0.0707932      0.30577    0.0432099     -0.60815      1.69482     0.113695     0.732206     0.912561    -0.190422     0.321141    -0.523774    0.0132978    0.0845927   -0.0735724     0.209647     0.379111     0.125654     0.183301     0.023514   -0.0225888     0.355042      1.78059      1.32006    -0.134951    -0.529543      0.18765    -0.280916     -1.94854      0.96402   -0.0927889    -0.715721     0.519617    -0.337617    -0.790456    -0.082513    -0.441488    0.0261715      2.24744     0.061442    -0.024809      0.59274      2.12244      3.09506     0.467219     0.587503     0.126328    -0.138851   -0.0655142    0.0432736   -0.0585813      1.62473    -0.123429    -0.906277    0.0241113     0.747776    -0.147398    -0.158949     0.131172    -0.110936    -0.937598    -0.313871      0.17672       1.8052   -0.0233912    -0.225181   -0.0603559     0.617865     0.361667    -0.766632     -1.96197      1.61539    -0.606773   -0.0612147     0.212708    0.0827955     -2.61207     0.584021     0.356085      1.26021    0.0461506     0.304209     0.292711    0.0884101  -0.00312609     0.172828    -0.287834      3.54256      0.73921    -0.266142    0.0412424     0.858941       1.2632  -0.00486606     0.498007    0.0638999    0.0485957      2.08832    -0.811913     -1.03602     0.351295      0.83088    -0.243439    -0.414359     0.173086     0.513147    -0.232184   -0.0176358    0.0967127   -0.0125294      1.28858    -0.280359   -0.0331176     0.351155      0.11455    -0.176956    -0.513495     0.051511     0.157735    -0.886399    0.0789262     0.410431  -0.00490483      0.35485    0.0614219     -4.00651     0.516572       1.1916   -0.0141598     0.383332     -0.36907     0.106757     0.896376      0.68845     0.491169     0.375679  -0.00987844     0.436432     0.185676      0.70419     0.353793     0.109798       1.3368   -0.0167103    -0.384733    -0.544254      1.12189     -1.54545     0.718027
    -0.36381    -0.768195    -0.531775    -0.502237     -2.04752    -0.829526    -0.368586    -0.203567   -0.0151601    -0.200596    -0.218088     0.692871     0.742806   -0.0981982     0.415501    -0.166594    -0.345827    -0.375982    -0.274772     -0.37608     0.505222    -0.311724   -0.0706657   -0.0207207    -0.206716    -0.903996     0.586782       2.9773    -0.341875     0.777583    -0.441347    -0.317696    -0.413031    -0.133412   -0.0852211    -0.233289    -0.444059      1.48062     -1.58401    0.0993731    -0.151794    -0.267924   -0.0914743    -0.304933    -0.301997    -0.381369    -0.217891    -0.378293     -2.07747    -0.170018    -0.438801    -0.276025    0.0487731    -0.820369     0.231212    -0.819725     0.551663   -0.0224677    -0.403536    -0.507446      2.05107    0.0324484    -0.452642    -0.318595   -0.0895312    0.0672543    -0.271939    -0.275299     0.348403     0.164542     -0.37545     0.390067    -0.508306     0.460883    -0.497232     -1.60441    -0.301088     -1.56353    -0.182527    -0.310808    -0.816192     0.139794      2.93496      1.18587     0.337224     0.239261    -0.551031    -0.612822    0.0995263     0.808179     -1.06034    -0.652627      8.62164     -0.87565    -0.320421    -0.420661    -0.242274    -0.587513    -0.177987     0.129595     0.337298    -0.303115     -0.14841    -0.684188    -0.464895     -3.54405    -0.169272     -1.01113    -0.697473     -1.66315    -0.473671     -0.44933    -0.214142    -0.250328    -0.376851    -0.109821     0.813156    -0.309353     -0.28348    -0.122883      1.15904     0.632376    -0.403424    -0.355374    -0.461565    -0.409784     -3.07076     0.927777    -0.234069    -0.353362     -0.56871     0.284197     -1.12855    -0.230425    -0.355322     0.280538     -1.41747    -0.148832     0.160766    -0.478209       1.1459    -0.242737     0.377208     -2.16013      1.91639    0.0435819    -0.228879      1.19759    -0.535763    -0.416853     -0.59649  -0.00511719    -0.116536    -0.707488    -0.409943    -0.374584    -0.501103    -0.229858     -1.02402      3.39459    -0.390416    -0.484511      2.38501    -0.310784    -0.425017    -0.324794    -0.588026    -0.108765     0.140735    -0.145177    -0.499727    -0.386088    0.0184147     -1.27238   -0.0607017    -0.304574     0.160876    -0.275232    0.0289363    -0.388041     -3.07745      0.12781     0.137528     0.846263    -0.234346     0.753728    -0.587486    -0.518489     0.224589     -1.16548    -0.377037     -1.86974     0.783336     0.952837      1.40764     -2.54389    -0.203745    -0.150415     -1.95562  0.000887019    -0.503392     -0.31154     0.540821    -0.121847    -0.747456    -0.621088    0.0505502    -0.341703    -0.115279    -0.379501    -0.622152     -3.62798     0.470016    -0.430068    -0.922163    -0.400569    -0.666731    -0.476878    -0.808367   -0.0554791    -0.783855     0.394157     -2.11068    -0.334208    -0.588779    -0.288495    -0.371254     -1.13784    -0.298431    -0.184738    -0.211361   -0.0359369     0.491436   -0.0208917    -0.115121     0.277248   -0.0353197      1.56465      1.96365     0.383739    -0.470148     0.913937    -0.954235     -3.13005    -0.363971     0.187914    -0.381476    -0.257987      -11.815     -2.11056      1.32476     0.428396      1.27537    -0.304351    -0.364953    -0.542991   -0.0704824    -0.799307    -0.384682    -0.285418     -0.20797    -0.354534    0.0307947   -0.0555291    -0.947627    -0.182053     -1.00916     0.381695    -0.116456    -0.434183    -0.628435     0.206153   -0.0854686   -0.0805085      1.11579    -0.252043     0.973665    -0.327036     0.645033    -0.735647     -1.05494     0.613037    -0.290103     -2.61829      1.86025    -0.164656    -0.672971   -0.0476063     0.903384     0.378041    -0.322262     0.236344     -0.17101     -1.57353     0.193693     0.738496    -0.505261   -0.0359474     -1.87003    -0.297735
  -0.0340558    0.0127973    -0.104123    -0.427643    -0.512631     -2.04156     0.124118  -0.00642183  -0.00157698     -0.93433    -0.142458     0.454907     0.348384    0.0592095   -0.0843413   -0.0726493   -0.0107612     0.734933     -2.84315    -0.209729    -0.579556       -0.474     0.425148     0.352653    -0.160408     0.050155     0.422407   0.00661713    -0.133197     0.542765     0.819705    -0.670319     -0.25628     0.221462   -0.0426585     0.963953 -8.73618e-05     -2.00648     -2.82555     0.852941   -0.0435322     0.503732     0.199561     0.730988     0.119496     0.353824    -0.119512   -0.0466704     -1.03959     0.888684    -0.859387    0.0276405    -0.489023     0.269689     0.917851   -0.0700135    -0.153255     -2.58419    -0.210951    -0.222841      1.09822     -2.33804    -0.045191     0.937299    -0.145096    -0.270523   -0.0238433    0.0755959      1.01501     0.746422    -0.187757    0.0157299      1.13059     0.577284     0.107986     0.331706   -0.0865136    -0.336778     0.244446     0.208082      1.05067     0.945916     -1.20775    -0.336361     0.940698      1.67356      -1.6171       1.0524    -0.881011    -0.968127     0.277698     0.128586     -1.21292     0.175286    0.0807956     0.126186    0.0253346      1.14598    -0.149511     0.715415     0.331993     0.090861     0.492782      1.08551     0.790263    -0.693293   -0.0500855    -0.364564     0.107235    -0.138182    -0.439126   -0.0172139   -0.0560916    0.0212113    -0.137453   -0.0950782     0.545914    0.0980471    -0.115211     0.100428      2.12966    -0.316037    -0.356695     -1.32846    -0.119733      0.06507      2.66208      3.24388     0.372719    -0.725583    -0.032135     -0.64513    -0.211229   -0.0580875     -0.28962       2.4915       2.0705     0.911165    -0.660858   -0.0505557     0.702377     0.136666    0.0147498    0.0436575     -1.18761     0.398405    -0.043978      0.38448    -0.246417    -0.199935    -0.212273    0.0547567     0.580533     0.850777   -0.0148712    -0.969127     -3.32306     0.278462    -0.150425      3.26578  -0.00342474     0.111662   -0.0618098    0.0137476   -0.0124483     0.118379    -0.148091    -0.307576    -0.140743     0.998424     0.259053   -0.0292576    -0.691212      1.70207      1.03553   -0.0875359     0.641546     0.123677    -0.587786    -0.211825      1.60147     -1.10979     -1.92353     0.365669     0.101062   0.00290429     -0.41294     -0.13902      1.11919      1.01768    -0.135044    0.0956129      1.25332     -8.05459    -0.354492  -0.00457119    -0.795694     -0.12205    0.0387777     0.192645    -0.407782    -0.194581      1.28341     0.174265      2.71078   0.00605959      1.04668   -0.0267444     0.573318    0.0276603      1.37796      3.36846     0.641544    -0.145298      1.21163    0.0626353    0.0214652   -0.0893733    -0.110281     0.201499     0.267957     -3.50279    -0.210995    -0.697389    -0.847574     0.299414    -0.111659    -0.425974     0.151486     0.490715     -0.31287    0.0978906     -1.10713     -0.79755     0.146464    -0.334882     0.141015    -0.166895      2.21626     0.594217   -0.0770182     -1.84373    -0.149374      2.71874     -0.14964     0.243021    0.0544409    -0.175175      2.01665    -0.828188      1.44166     -1.20819      1.14097   -0.0622461    -0.358535     0.113725      2.38791    0.0161641   -0.0464026   -0.0705299  -0.00612866     0.729675    -0.246719    0.0266724     0.322417   -0.0882768   -0.0440572      1.17319    0.0440803     0.171204    -0.147298    -0.175544     0.807687    0.0563329      1.83917    0.0062521      2.48829     0.812686      -9.2842     -1.96132     0.393845    -0.250818    -0.151566    0.0611269   -0.0653389    -0.481863    0.0190313    0.0249926       1.6948     0.973872    -0.335028    -0.272231    -0.188272      1.89205     0.251393     -5.78246    -0.481427   -0.0136599    -0.772883    -0.712065
    0.516605    0.0314396      0.39536     0.258477     0.400926     -2.24701     0.294576     0.180354   -0.0762658     0.377093     0.063074      2.31896     -5.11037     0.285292    -0.883924     0.155397     0.159249      1.50503     0.138123     0.135327      0.45458     0.173221    -0.195557     0.810377    0.0727366     0.292685     0.861269     -7.53636    0.0851326      1.20493     -1.14771     -1.52484     0.370982    -0.879938    -0.808706     0.826824     0.186906    -0.813728      1.49333    -0.857765    0.0502484     -1.12711     -1.69183     0.736863     -0.28885     0.418016    -0.289672     0.146604      2.31985    -0.956512   -0.0670461   -0.0784825    0.0851903     0.174236    -0.159762     0.178533      1.35863     0.277106    0.0307091     0.327328      1.76744      1.66486    0.0547991     -1.81139   -0.0524177      0.21638     0.180327     -0.61943      2.64197      3.53623    0.0570461     -2.39292     0.490974     0.212818     0.192256       1.6279    -0.123054      1.90481    -0.256991     0.231768    -0.246569     -1.05839    -0.200553    -0.216574      1.97883     -1.53016      1.26921    -0.139689    -0.525385     0.295102     0.242952     0.841199     0.918338     0.770675    -0.061401     0.448728   -0.0487178     0.595124     0.257747     0.250461      1.51724     0.159433    0.0997209    -0.362198    -0.239293     -1.07899      1.29096      0.58739    0.0632833      1.11213    0.0125752    0.0840832    -0.162266   -0.0753455     0.363184     0.100103      1.37371     0.077211     0.122096    -0.843103     -1.40186     0.867833     0.756788     -1.10261   -0.0804506    0.0163163     0.246366     0.868881    -0.985018    -0.779875     0.243097    -0.836999     0.282529     0.354124     0.149631     0.536271     0.778211     0.683154      1.48131     0.326264     -1.71535     0.526268      0.75811    -0.533342     -5.84891    -0.288583    -0.150379      1.03125    -0.320197    0.0784573     0.440627    -0.197767    -0.495701     0.355379     0.547225       1.3223      1.21422     0.319626      1.73183     -2.06369     0.023177     0.150108    -0.124406     0.204869     0.107847    0.0558469     0.172002    0.0453817     0.225651    0.0552317     0.267134     0.307662      1.33544     -4.64356      1.22386     0.225795    -0.269953    0.0525974   -0.0565894      1.27183     0.978304   -0.0595609     0.408239     0.759545    -0.569875    -0.884185     0.164964     0.725493    -0.559024    -0.723181    0.0235544     0.871999     -6.76491     0.413168    -0.048759       1.6075     -3.93125     0.754692   -0.0324897     0.142901    0.0466222     0.217999     0.732779     0.448462     0.967144     0.175205      1.11601   -0.0253414    -0.116975     0.459391     -3.27733     -3.40977      1.89906      0.34003      1.86387     0.121339   -0.0140656     0.275543    0.0500082    -0.896168    -0.492625    -0.997555    -0.139457      0.16577     0.389257    -0.352606     0.169564      1.73784      0.31558     0.435947    -0.507863      0.12357      2.41951     0.639797     0.385074    0.0543432    -0.777302     -1.26128       -2.366     -0.59769    0.0776945      1.48103     0.336654      1.73848     0.207304    -0.256048     0.257456     0.233527      1.29742     0.380721     -2.07122     0.127594     -5.38276     0.314421     0.163831     0.174654   -0.0498309     0.130699    0.0101355    -0.244416     0.163226     -1.24202     0.696087    0.0192894    -0.478057      1.03211     0.395739    -0.755946    -0.117565     0.151985     0.661052     0.376735    -0.800514     0.284901     -5.37127     0.328733      1.19217      0.43797      1.77014      2.68785    -0.332025      1.61758      0.20894     0.387516        0.582     0.415679     0.277605     0.127354      1.57053     -1.59329    -0.857911    -0.435833  -0.00877706      2.29359     0.143469     0.973015     0.679942     0.092771     -1.44365     0.050337
  -0.0444651    0.0705418    -0.364984    0.0719454    -0.492971     0.958062      0.31282   0.00605378      0.22325     0.747621   -0.0527417    -0.536004    -0.157809    0.0571646     -1.02194  -0.00105192    0.0701281     0.404319    0.0220622    -0.113701     0.318776    0.0933979    -0.100864     -3.74109     0.260674   -0.0529281      1.32159     0.148903     0.119816    -0.395527    -0.447038     -1.80461     -0.11466    -0.174356     0.210505    -0.660547      0.13779     -2.08314      1.20802     0.338005    -0.103025    0.0450615     0.110923     -3.63615     0.276615    0.0131208    0.0144993     0.012347     -1.11982    -0.237529   -0.0811856   -0.0177822     0.218868    -0.191773     0.318386   -0.0761386     0.171185     -1.17177   -0.0639403     0.350401     0.439231     0.656988     0.120574      1.10907     0.510887    -0.173527   -0.0513569     0.370684      1.41991     -1.27515    -0.579414     0.698453     0.352395     0.977807    -0.142561    -0.956318     0.145738     0.454168    -0.398438      1.23214    -0.374328    -0.437203     -1.82436      1.43832     0.862483    -0.287213    0.0967932    -0.690504    -0.749635     0.935308   0.00679663     0.194709      -1.1902     -1.99853    -0.180984    -0.114617     0.406943    -0.183106     0.124023     -1.43008    -0.631429     0.124647     0.262639       2.2256    -0.230423     0.934954    -0.739852    -0.517859     0.334525      1.80119      -1.9146     0.394647    0.0792587    -0.259319    -0.250275     0.231386      1.09862    -0.013867   -0.0362181     0.136001     -2.03628     0.717693    -0.383003     0.957702     0.200082     -0.07918     0.132419      0.61195      0.58942    0.0300533     0.110123     -2.82367     0.238941    -0.260441    -0.197037      1.27163      2.32128    -0.933257    -0.149887    -0.108442     0.612118     0.205418      1.08577      1.69088      2.76043      1.10408     0.948075      1.77716     -2.01697     0.393147    -0.123925    -0.193845   -0.0592226     0.534063   -0.0644512     0.389413    -0.354868    -0.190905    -0.553775     0.588496     0.217716     0.284595      3.76931   -0.0153264  -0.00735729     0.134001    -0.147885    -0.192332       1.0565     -1.04757   -0.0705959     0.116931    0.0699177     0.106693     0.828992   -0.0964681     0.762351    -0.380539     0.407531     -0.43499     -2.09625    -0.390689     -1.66545       1.1878      1.04745      1.24244    -0.316098    -0.157969     -2.70686   -0.0694227     0.130959      2.09796     0.395299    0.0700202      1.05624      1.54113      1.86714    -0.185505    -0.657922      1.58538    -0.344063    0.0651148      1.57962    -0.109272      2.04644     0.244904     -6.48217     0.271948     0.743992    0.0481722      1.38765     0.485462      1.95641  -0.00979732    -0.572986    0.0727438     0.139085    -0.013724      2.18356    -0.730145    -0.036418     0.841078     0.867434      -0.2702     0.155184     0.202731     0.394331     0.525198    -0.111577     0.258225    -0.375266    -0.166156    -0.711545      1.30742     0.451916    -0.167345    -0.118048     0.166431       1.6365     -4.31717     0.174094     -5.66028     0.482496      1.92213     0.128436    -0.806001     0.145549 -0.000527248      1.59369    -0.730762     -3.28898    -0.171919      1.24371    -0.102817     0.427936     -3.16902     -0.71961    -0.611854   -0.0976613     0.222242    0.0106083     -5.45449    -0.152466     0.178105    -0.120978     -4.98408     0.115432     0.228282  -0.00961063    -0.197947      1.51017     0.155537    -0.309778     0.114899     0.402726    0.0486755    -0.581181     0.141013     0.802044    -0.297443    0.0956693      2.90004    -0.322247     0.354313      1.55565    -0.453297       0.1908     0.179791      1.22187     0.821337    0.0121564     0.492771     0.333151      1.09767     0.647679      0.87902      1.76576    -0.333682    -0.270031    -0.352559
-0.000557022    0.0135395     -0.29626    0.0201485     0.242909      1.69621    0.0186037    0.0873277    -0.114861    -0.206209       0.1918     0.344002     0.614456   0.00942706    -0.567632     -0.15486     0.495985      -1.5884     0.546144     0.215299     0.283139    -0.556148    -0.838385      1.73577   -0.0746885     -0.30907     -1.13239    -0.310112     0.077712   -0.0390463     0.887496      1.95867     0.165785    -0.595029      0.31752    -0.265934      0.17388     0.847057   0.00883745      1.46906    0.0167964     0.223117     0.301316     0.322627     0.144781     0.490673     0.746344    0.0113584      2.39485    -0.231122    -0.513795     0.138707    -0.320257   -0.0077881    0.0736341     0.111494    -0.354358    -0.920001     0.213601    0.0461257     -9.38013     0.560126   -0.0350709      1.74931    0.0508075     0.208949    -0.221527    -0.153009       1.1893     0.160827     0.645229     0.754021     -2.83707     0.682398    0.0573903      1.28788     0.111193     -1.86461     0.456689     -1.63892    -0.941937      1.04566     -1.20008    -0.352331      1.58454     0.637307     0.303694     0.107622     0.711048     0.880342     0.114105     -2.22037     -1.95277      1.11967   -0.0118916    0.0711891     0.145001    -0.416211    0.0258977    -0.125218      0.78748    0.0175251    -0.105287    -0.219222    -0.169396     0.854859    -0.690842    0.0649708    0.0168213     -1.04106      1.78165    0.0743769    -0.163621     0.264223    -0.116317     0.103224     0.513208    -0.174554     0.376223     0.496339      2.21384    0.0130087     0.097462    -0.135312     0.152935   -0.0364247      2.68769     0.550125      0.51006    -0.441362  -0.00768818     0.288759     0.509774    -0.167417    -0.174473     -6.73445     -1.43607      1.05722    -0.556768    0.0410982   -0.0395482     0.350943     0.245472      1.42601      1.37664     0.565207    -0.149045     0.410798     0.939693   -0.0145686     0.124035     -0.15338    -0.206757    -0.222888     0.354771     -1.11056     0.256185     -0.51522     -0.22848      -3.2501    -0.281862     0.103628     0.679849     0.179785     0.204159    0.0955626   -0.0793463    0.0303948     -1.02013      1.22526    -0.320982    -0.116149   -0.0183731   -0.0801703     -3.36031     0.158585    -0.725672    -0.438597      1.59679    -0.255903      1.21822     -2.16696    -0.221343      0.10787    -0.457865    -0.810066     0.661864     0.165843    0.0762757      1.01795    0.0296403    -0.324251      1.60025      2.47603     -2.87255    -0.523036    -0.743277     0.066036    -0.490081      1.23963     0.343581     0.175657      -2.5014    -0.138206     -3.75803    0.0889704     0.863337   -0.0879903    -0.108167    0.0265236     0.453262       2.1483      2.07244    -0.137574       2.6959   -0.0336051   -0.0170604    0.0270695     -1.49881     0.331534      1.62407      2.26724    -0.180007     0.690861     -0.26278     0.291626    -0.287952     0.580423     -0.83931     -1.01232     -0.39463    -0.107724    -0.276197    -0.393687    -0.919335    -0.045405     0.609797      3.11319     -2.21258    0.0974512    0.0215756    -0.227692    -0.163927     -1.06413    0.0174709    0.0273508    0.0478177     0.110678      2.23951      3.40271    -0.480406     -1.38373      1.48713     0.638978    0.0979527      0.95424       1.1763      0.24724     0.413728   -0.0260998   -0.0268585     0.749596    -0.676846     0.403444    -0.491148   -0.0518096    -0.121502     -2.71695     0.476777    -0.112651    -0.103294    -0.220346       0.2001    -0.235265      1.40072   -0.0844887      0.56497   0.00327433       1.0545    -0.427764  -0.00302601     -6.54722   -0.0694763     0.530038       2.1338    -0.176784     0.159834   0.00515824      1.09445    -0.129754     0.371283    -0.160877    -0.158242     -1.59432    0.0290385    -0.333787    -0.726855     -0.76427    -0.378219    -0.332572
   0.0123504    0.0133925    0.0594352    0.0227703   -0.0846701     0.127885    -0.123224    0.0282632    0.0406943    -0.117597    0.0121143    0.0555247    -0.110694   0.00164174     0.102546    0.0291587    -0.099778    -0.512819  -0.00659086    0.0163608  -0.00956449    0.0616385    0.0781813    -0.102288    0.0580175      0.10319     0.232812    -0.180381   -0.0027653     0.269654     0.341825     0.453781    0.0477274      0.23021    0.0410364   -0.0885504   -0.0333821   -0.0525468   -0.0691875     0.097137   -0.0241735   -0.0795463     0.015296    -0.150542    0.0364489    0.0969807   -0.0858541   0.00213634     -0.34717    -0.238743     0.253589   -0.0573475   -0.0312634    0.0372081   -0.0352988    0.0147345     -0.82732     0.519704   -0.0475672    0.0389012   -0.0979494   -0.0920888    0.0063546    0.0587846   -0.0650747    0.0666692   0.00380093    0.0177498   -0.0700027   -0.0868869   0.00843909     0.178734   0.00428995     0.023944    0.0195322   -0.0727612    -0.029864    -0.245268    0.0017046     0.216602      1.20396   -0.0750611     0.186431    -0.224537    -0.208161    -0.366522    -0.186637    -0.212325      0.18096   -0.0796191   0.00297859     0.172849    -0.513659    -0.119997    0.0562602    0.0378726    0.0144337     0.597298   -0.0248492    0.0510386     0.156097    0.0054594   -0.0194977     -0.14593    -0.041447    -0.177909     0.204044   -0.0987835     0.057181    -0.169886     -0.16241    0.0639644     0.024457    0.0104015    0.0041577   -0.0286715    0.0629245   0.00907244   -0.0419208   -0.0136769   -0.0565937    -0.172308   -0.0286138   -0.0256066    0.0180891    0.0215531    -0.256876   -0.0295877   -0.0207589     0.220816    0.0252146     -0.31384    -0.111237     0.010831    0.0540599    -0.125401    -0.357505     0.544961     0.168139    0.0202056   -0.0699185   -0.0993937    0.0574837    -0.130057    -0.112539     0.257126     0.133002    0.0326506   -0.0346384    0.0330732    0.0540745   0.00163092   -0.0164965    -0.481793   -0.0439664    0.0834656   -0.0429176    0.0320522   0.00722738    -0.087152   0.00429455    0.0351373    0.0263801  -0.00352413    0.0272674     0.043532    0.0346982    0.0584273     0.421552    0.0733243    0.0752299    0.0293035     0.178018    0.0792123    0.0490345    0.0699267     0.341838    0.0266267    -0.722058   -0.0411918   -0.0478873     0.323724     0.455074    0.0246826     0.203794      1.16742   -0.0433011    -0.075842    0.0148268     0.334477   -0.0186579    -0.187955   0.00213343     0.234319    -0.275221    -0.137252     0.216015    0.0150936   -0.0262625    0.0354172   -0.0338029    0.0316388    0.0815303      0.11741    0.0499292   -0.0115063     0.210257    0.0637652     0.127825    0.0267582    -0.254884    -0.125809    -0.237951    0.0867701   -0.0055225   -0.0134774    0.0436776   0.00314289    -0.295251    -0.022841    -0.314443     0.116554   0.00791992    0.0616149  -0.00917896    0.0252308    0.0848582     0.163107     0.116454   -0.0965566      0.12179    0.0284623   -0.0558836     0.170447    -0.154544   0.00301772    0.0837795     0.035951    -0.450077    0.0421118   -0.0328609   -0.0653487  -0.00345859    -0.253978  -0.00936654   0.00279978    0.0397178   -0.0113876   -0.0910099   -0.0869449    0.0959604     0.363643     0.243696    -0.104412   -0.0552948    -0.174978    -0.167706    0.0829916    -0.024487    0.0148323   0.00210791    0.0264404    0.0881688    0.0575068   -0.0311561   -0.0887809    0.0104833    0.0503047    0.0588324    0.0353159     0.937139    0.0797511      0.18883   -0.0243937    -0.133068    0.0287517     0.270695     0.110509   -0.0265216    0.0107101   0.00273724     0.102559     0.055877   -0.0399649     0.280586    0.0105369   0.00743351     0.062395    0.0785203    -0.120627    0.0843268    0.0365209   -0.0438931    -0.307959   -0.0685687    -0.119268    -0.405751     0.102222    -0.299711   -0.0661478
  1.61883
-0.570466
   1.4934
-0.343148
 -4.75182
  0.74064
  1.87151
-0.393445
  1.00535
0.0889579
