2 16 0.1 1600
1
1
9 300
    0.156556     0.337196      0.14896     0.248616   0.00281359     0.432337   -0.0172962     0.244394     0.225618
    0.335401     0.245571     0.384454     0.409167     0.529501     0.657782     0.176752     0.284821     0.481184
    0.210615    0.0500475     0.272524    0.0740907     0.474189     0.272937     0.171268     0.694836     0.610937
    0.443691     0.469726      0.48173     0.657289     0.407494     0.159695     0.744567     0.631859     0.452694
    0.232908    -0.425323      0.10523     0.273684       1.3959   -0.0612417     0.126801      1.03937      1.14829
      1.5599      2.00393        1.336     -1.84774      3.19282    -0.932143      -2.4331      1.03614      1.43124
    0.482224     0.204733    0.0465098     0.122864     0.237906     0.143784   -0.0721779    0.0630059    -0.109678
    0.211304     0.133984   -0.0847272    -0.030008   -0.0593326    -0.130764     -0.04126    0.0465693    0.0761353
     0.29055     0.211848     0.398253     0.332194     0.407296     0.215347     0.730484     0.324394     0.544058
    0.793067     0.262159     0.857954     0.708847     0.052491     0.199551     0.625121    -0.382804    0.0335877
 -0.00020476    0.0158357    -0.105418    0.0791862    -0.107491     -0.23187    0.0770277    0.0737663   -0.0979705
    -0.28747    0.0732777     -4.37394      1.29199  -0.00386925     0.957653    -0.435651   -0.0231476       0.6675
   -0.718065    -0.877087    -0.397109   -0.0986203    -0.192968     0.531786      3.71681    -0.687432    -0.450692
    0.534363     0.302705     0.347874     0.037722     0.183348     0.288644    0.0976029     0.229697     0.489007
     1.16873      0.77574    -0.508019     0.332121     0.374076     0.548515     -1.56242     0.733466      1.02816
    0.321578     0.173811     0.184583    0.0624278     0.171441    0.0783889     0.195293     0.187512      0.47332
    0.124454     0.232003     0.299311     0.828475     -0.04271     0.294167     0.369502      0.20125    0.0505316
    -1.74395      1.17863      1.09242     -2.12052    0.0138759     0.417817     -1.64595     0.586569      1.59965
    0.388611       1.1149     0.111731     0.685661     0.366276     -2.29068      0.47752    0.0188709    -0.383818
    0.354806     0.166448      0.13657     0.184681      0.17642     0.273379     0.042931     0.157826     0.394205
     2.15601    0.0610819     0.262938     0.280683    0.0752745     0.491656     0.258474    -0.434185     0.151011
    0.621999     0.612521      1.01855     0.714761     0.794959     0.141735      1.10571     0.335907     0.185638
    0.322473     0.261725     0.646668  -0.00855795     0.297048     0.340999    0.0295448    -0.274136      1.02439
    0.830346     0.451724     -1.29813     0.536761      0.76884   -0.0788296    -0.729382     -3.13536     0.736891
   0.0376956    -0.396882    0.0911845     0.137375     0.120366   -0.0480579     0.362812    0.0204658       0.1484
   0.0552153    -0.440965     0.400508     0.282122     0.759896     0.496214     0.614973     0.305074     0.566441
    0.041085      1.86014     0.925896     -2.31467      1.15865     0.358646    -0.120963     0.653651     -1.32591
   -0.557478     0.033643     -1.01797     0.903086    -0.161623     0.825259     -5.08462     0.927044     0.857558
    0.275061     0.203832     0.394861     0.368989     0.221161      0.52314     0.166715    0.0722091     0.253332
    -4.40826     -1.01682    -0.235029     -1.36894      1.30617     0.565765      1.02344    0.0520597      1.25418
    0.789331    -0.189545     0.995172     0.687678     0.294331      1.98877     -1.09319    -0.647063      1.23476
     2.34671      1.68364       1.1849    -0.819137       1.4424      1.46438     -1.89826     0.217557      2.47506
   0.0411586     0.148765     0.444851   -0.0367377      0.33422    0.0725119     0.140565      0.52964     0.323642
    0.124849     0.192636     0.885974     0.143283     0.621548     -1.26569      1.12847   -0.0856565     -1.14281
    0.454429     0.520048     0.141392     0.228919      0.28868      0.11117    -0.768503     0.145581     0.268099
     1.36569    0.0530988     -1.35708      1.25024     0.706299    -0.307054     0.715669    -0.328145    -0.585836
    0.501283     0.535349     0.673368     0.821243     0.377428     0.743117     0.307007     0.211614     0.294979
    0.926597      3.22234   -0.0292779    -0.360183    -0.888777     0.322295      -1.4015    -0.895072      1.26383
    -1.57737     -1.68131     -2.04563     -1.48139      1.06662      1.06747      1.75053      2.07992      3.62465
 -0.00587272      0.10544     0.524382      2.90666    -0.357244    -0.771407    -0.816825     0.473407    -0.247806
    0.223771     0.535401     0.548448     0.734808     0.161831     0.565497     0.389517     0.393522    0.0208702
    0.390683     0.565031    0.0567477     0.380976     0.632646     0.940474     0.976522    -0.142406     0.830416
   -0.395112      -0.3872     -0.78687     0.454759    -0.324709     0.250375      1.61431    -0.108197     -0.35219
   0.0243382     0.367807     0.607499     -1.66239     0.219433    -0.606373     -1.02317      2.75572     0.400459
  -0.0300737    -0.538109     0.106713    0.0929539    0.0425659     0.331659    -0.317568    -0.251273    -0.118261
   -0.330382     0.374077     0.451123    0.0274111   -0.0709072     0.529413    0.0643896     0.167541     0.297244
   -0.129227     0.393847      0.50485     0.717485    -0.142697     0.497566     0.752782     0.352093  -0.00535993
    0.243826      0.20487     0.165852     0.195045     0.182695    0.0814257     0.180827     0.277273     0.193009
   -0.949823      1.05682     -0.17354      2.23016     -3.51514      2.64835     -1.08831      1.37398     0.257245
   -0.170386    -0.746294    -0.469416     0.878809    0.0628676      1.71917    -0.529867    -0.244136      1.25681
     2.00696      2.50947      2.48875    -0.131353      0.24597     0.149069    0.0378701     0.168707     0.219304
   0.0475348     0.145647    0.0320189     0.390387    -0.177124    0.0984881   0.00591369    0.0277062    -0.198709
    0.607005    -0.052819     0.464509     0.170623     0.127741    -0.133302     0.388548    -0.345007     0.213059
  -0.0566593    -0.257658    0.0706284      0.31146     0.313003     0.230959     0.217185    -0.231902    0.0331608
    0.668502     0.120258     0.627813      -1.0678     0.110847     0.103205     0.239925   -0.0111901     0.378042
    0.268195   -0.0151079     0.277362     0.226855     0.455402     0.185845     0.318092     0.129915     0.346918
     -1.8412      1.00869    -0.979524     0.100275     -1.31454      1.42497     -1.51595     0.805778     0.354985
     2.78649     0.629871      1.02189      2.33151   -0.0858207     -1.26659      2.29058    -0.939918     -1.63895
    0.169455     0.185782      0.27634     0.515011   -0.0234697     0.168408     0.365188   -0.0348985   -0.0839461
    0.306992      0.29202     0.310352     0.156885     0.427261      0.44563     0.318556     0.587403      0.66483
     1.21982       1.1572     0.012227     -1.03455     -1.50225     -1.43304    -0.786714    -0.759054      7.16411
    -1.62132     0.165136      1.21604       1.9161      1.58701     -1.79451      1.62038      2.40502     0.701311
    0.167346    0.0438126     0.181714     0.330303     0.194322     0.319094     0.259526     0.193961     0.321892
     2.40538      2.06027       1.7632     -3.62939      1.28248      0.33513     0.173113    -0.208115     0.580764
    0.413473     0.138316     0.606611     0.477089     0.203444     0.366593    0.0519923     -0.20988    0.0884801
   -0.197598     0.205644     0.229098   -0.0862153   -0.0880447     0.267196     0.174615     0.160982   -0.0847425
    0.283158     0.471273     0.377771     0.190433     0.193562     0.239273     0.143043     0.361655    0.0996595
    0.383737     0.180267    0.0778358     0.473085     0.508204     0.262478      1.06639     0.222279     0.587573
     1.45758      5.30683     -1.25043      1.52112    -0.276117    -0.413851     -1.21845    -0.928911     -1.00868
     6.64399     0.428096     -1.12159       1.8607      1.81875     0.129364    -0.292474     0.760444     -1.18478
 -0.00707114      0.26716       0.3168      0.38175    -0.193409     0.664001      0.21803    -0.344742 -0.000595341
    0.310576      1.05515      0.17547      1.28696      1.40344    -0.428124     -2.64709    -0.117337     0.580294
   -0.408903      1.25503   -0.0489749      1.10074    -0.682879     0.739343      -1.2562    -0.063893      2.27887
    0.706842     -2.59619     0.375633    0.0140887     0.414948     0.616802    -0.139051     0.108784     0.707563
    0.521757     0.447557     0.386885      0.71377     0.198174     0.659358    -0.013347    0.0556456     0.499533
    -0.55237      1.14116     0.375275   -0.0539867      1.47155     0.982547     -0.79113     -1.65214    -0.896245
    0.405718     0.731973    0.0769732     0.296782     0.158384    -0.384609     0.583457      0.35258     0.155681
    -2.91087      1.12779       1.6911     -3.06289      3.43544      2.82827     -2.95131     0.333728    -0.745436
    0.180467    -0.604005     0.121579     0.339114     0.322874     0.786537    -0.321384     0.515719     0.658498
   -0.370454      1.18457    0.0257534      2.38123    -0.642061     0.905308     -1.44508     -1.04844      1.29379
   -0.713243    -0.308541    -0.815952      2.75635      2.58905      2.59381    -0.552741    -0.500687    -0.795121
   -0.468313    -0.419855      1.34558    -0.446451    -0.829783      1.02654    -0.560515     -0.16626    -0.702809
     2.36926     -1.75228    -0.909414     -2.87447      7.83187     -3.54465      1.32426     -1.99675     -1.40286
     2.94911    -0.707705      1.09674      0.74189    -0.877605     0.450411      1.27375     -1.59673     0.169922
   -0.105907      1.06667     0.190798      7.49689     0.935892    -0.482514     -1.49448     -1.79638     -2.20275
  -0.0297127    -0.975626      -0.8742      1.52406     0.437292      2.26629     -0.99493    0.0665087      1.50658
   -0.225428     -0.25295    0.0607626     -1.32599     0.809836      1.65335    -0.566609     0.124432     0.541097
   -0.209562     0.321199      0.45526     -2.44374    -0.137656     -1.81889     -1.08409      1.27595     0.414214
     1.45922     0.949154     0.608669    -0.691911     0.578385    -0.276856    -0.553686     -0.34296     0.975784
    -0.39495    -0.466937      4.75847     -1.24029     0.239491     -1.78985      0.84585     0.846492    -0.788822
    0.431743     0.232861     0.336338     0.644512     0.633598     0.591777     0.373792     0.243475     0.396178
    0.244798     0.355393      1.89153     0.192976      1.51271    -0.419147      1.47262    -0.081952     -1.65936
    -1.49528      -1.4016     -1.97373     -1.86643      8.16856     -1.73264     -1.51233    -0.906788     -0.25361
    0.327384       1.3209     0.159631     0.223353     0.346964     0.480685   -0.0729283     -1.85899    -0.192829
  0.00366386     -0.12826   -0.0335042     0.384744     0.216657     0.624973   -0.0898032    0.0475385     0.166345
    0.159686     0.329705     0.184857     0.539882     0.183384     0.671092    0.0248233    -0.181117   -0.0747516
    0.184408       0.5834    0.0973782     0.232913      0.11974    -0.100457     0.244678     0.311541   -0.0683419
    -1.03076    -0.105611      1.29948    -0.380511    -0.423184     0.837895     0.424579     0.617836      1.81699
    0.279149     0.188165     0.558675     0.355601     0.247169     0.530018     0.253226   -0.0462808    0.0921605
   0.0282771    -0.881603      0.56817     0.251834    0.0284608     0.527274      -0.5383       1.2059    -0.443081
     1.24095    -0.166548     -2.57404      1.57913      0.73915     -0.42785     0.457178    -0.287276      1.14743
    0.211129       0.1106     0.168684     0.233826     0.125721     0.276551      0.11099     0.102089     0.210093
   -0.016157     0.144459    -0.276261     0.299866   -0.0410564    0.0994569    -0.108538    0.0129111    -0.572344
     1.21224     0.806202      1.00267     0.670769     0.494033     0.341418     -1.40563    -0.773429     -1.90547
   0.0208357    -0.358882    -0.126742      1.25608      0.34146        0.821     0.278646    -0.278058      0.54594
  -0.0991718      1.77154      1.32833      -1.0539      4.18039     0.324395    -0.733536      1.19422     0.941011
   0.0461557     0.331531      1.51122    -0.563983     0.836006     0.386589     0.515201     0.549153      1.14391
    0.775581     0.693473      1.01345     0.422756     0.659132     0.404394     0.536429      0.10772     0.547628
    0.361697     0.409639     0.380106     0.190093     0.616992     0.264397     0.427373     0.656641     0.582337
    0.870262      1.17205      1.33311    -0.195352      1.87192     0.187985      0.23161     0.376592    -0.381704
    0.271229      1.36792      0.44668     0.708199     0.113153     -1.44957     0.802232     -1.95171     -1.09706
    0.094958     0.388144     0.122816     0.299573     0.326518     0.131896      0.17089     0.448404    0.0542242
    0.337462     0.508779     0.386071     0.249406      0.35371   -0.0508007     0.596179     0.389102     0.232837
   0.0338078    0.0679644     0.363585     0.520582      0.14501     0.536885     0.524429   -0.0855613      0.12482
    0.295664     0.247238     0.166708     0.398972     0.203917      0.64707    0.0709414     0.493885     0.547713
    0.151893     0.110471     0.499536     0.620352      0.20706     0.222315      0.71129     0.328336     0.243412
    0.857561      4.45272     -1.30113     -1.55174     -1.08484     0.430271    -0.137786     0.437776    -0.500199
    0.365692     0.328985     0.326606     0.152923     0.129757     0.276501    0.0527577     0.132231     0.343857
    0.160451      0.24149     0.228669     0.462952   -0.0730939     0.269031    0.0839456    -0.078332   -0.0217631
   -0.209884    -0.093202    0.0236341      0.23102    -0.094098     0.203703     0.935315     0.109278  -0.00553568
    -5.07986     -1.98356     0.399617      1.35479     0.847374      1.78319     0.513822    -0.964352     -1.76781
  -0.0165916    -0.640891      2.17672     0.191303    -0.110151    -0.706596     0.357325   -0.0493723     0.336846
     0.39246     0.600747     0.308887     0.658448    -0.101169      0.75884     0.178537     0.759794     0.458405
     1.11408     -1.16579    -0.421608     0.804684     -1.03987       1.6919     -1.22802      -2.8881     0.999827
    0.310741     0.404991     0.283978     0.156869     0.289703     0.377077    -0.112435     0.238107     0.251177
    0.306105     0.376041   -0.0576614     0.243081   -0.0868692    -0.309335     0.343099      0.22482    0.0473294
     2.14312        0.328     -2.21376      1.28247      1.79164     -1.23232    -0.378713     -1.67081     -1.87507
    0.249883     0.750438     -1.02139     -5.09776     0.901897    -0.772262     0.340546      1.08209   -0.0250901
     0.28521    0.0349205     0.363352     0.509173     0.317449     0.382673    -0.911493     -0.33032    -0.210521
    0.382532    -0.141489     -1.64574      2.51753    -0.529265       2.0081      1.56298    -0.111668    -0.470415
     0.18517    0.0756183    0.0809495     0.325315     0.352106     0.338378     0.279008     0.488661      0.38619
   -0.918083      1.51438     -1.41664      0.93801     -2.90914     0.720073    -0.514355      1.03376     -2.06437
    0.601096     0.589909     0.625148    0.0217799     0.608474     0.137834   -0.0464504    0.0110058     0.240365
    0.120174     0.175895     -0.14501     0.171949    -0.171467     0.149985    -0.142087     0.287436    0.0930003
    0.544257     0.370678     0.638113    0.0474115     0.685433     0.154938     0.421758     0.337516     0.781077
    0.875355     -2.55146     -1.04058      4.10431     -1.65605      1.48478      2.89291     -1.28721      3.48079
     0.96335     -1.86094      1.82728     0.605398     -3.67268     0.410725      2.46841      -1.4595      0.90641
    -1.84408    0.0924641      1.59787    0.0538793  -0.00209154      1.67683      1.77248      1.07056      1.56852
    0.845518   -0.0128276     -1.39584     0.886438    -0.574871     0.487928     0.335136     0.328143     0.120593
    0.338046     0.325829     0.459674    0.0309186      0.37067     0.444491      0.12262     0.253713      0.60683
    0.453258   -0.0708315     0.796335    -0.644048     0.197522      0.29628      1.76731    -0.572181     0.809544
    0.346598     0.380898     0.256156      1.13216     0.132818    0.0992732     0.196478    0.0873164    0.0109046
   0.0380182       1.9743    -0.189506    -0.190898    -0.100629      0.22073    -0.224513     0.301232     -0.17762
    0.965856     0.889029     0.672909     0.248802      1.58115    -0.097799     -1.11931    -0.703884    -0.795353
     2.48721      2.35588     0.389443     0.208025     -1.44526     -1.64631     -4.99751    -0.619356      -2.0334
    0.958292    -0.576489      -2.0748       1.1356   -0.0812153    -0.345634      1.95132      1.61646      1.38015
    0.244213      1.66791     0.303372     0.238848     0.406428  -0.00951812     0.516316     0.736357     0.235974
     4.55124    -0.470858   -0.0121131     0.131134     0.486915      1.45498    -0.145566    -0.861548    -0.405098
  -0.0723118      1.67617      1.09172     0.351902    -0.513483     0.853681     0.678796     -1.02876    -0.453336
    0.339827     0.900072     0.430918     0.498742     0.234712     0.242772     0.237237     0.438747     0.121282
    0.137357    -0.172484     0.262729     0.105397     0.353806   -0.0140704     0.382378     0.311754     0.326184
    0.224836    -0.163128    -0.160091     0.612861     0.159281     0.376794      0.40365   -0.0838356    0.0792853
    0.474452     0.629806     0.260131     0.171696     0.484054     0.170135     0.320727     0.595017     0.236409
     1.17676     0.622781    -0.588438     0.574199     0.753363    -0.360925     0.404388     0.277569     -1.18071
    0.394013     0.742927    0.0705431     0.474394  -0.00491672    0.0909717    0.0285192    0.0122883    0.0986066
     0.62451     0.741611      1.82987    0.0965487     0.901787   -0.0319767      1.12828    -0.565956     -1.10031
    0.328136     0.496107      0.45796    -0.350104     0.495676      2.98511    -0.714276   0.00146223     0.200491
    0.199471     0.356517     0.113312   -0.0749048  -0.00969989     0.436981    -0.363406     0.360361      0.56358
   -0.729847    -0.608431     0.994354     -1.50145      1.44515     0.626142    -0.506783    -0.386436     0.318331
    -3.75893      2.09069     -3.31117      2.02365     0.184305      5.78987     -2.88653      1.75112     -3.10546
    0.302736     0.497259     0.475214     0.336768     0.394357     0.298525     0.379791     0.420929     0.224324
   0.0692123    -0.263528   -0.0297612     0.139737     0.131805     0.239934    -0.104881    -0.194662   -0.0626509
    0.857304     -6.95871     0.363864      1.35339      1.56523      1.60025       1.9173       1.1596      2.29816
    0.257938     0.218178     0.285317     0.513951     0.226446     0.358284     0.408179     0.406936      0.33291
    0.261435   -0.0362516     0.090051     0.221845     0.217957     0.248772     0.145255    0.0366499     0.317605
    0.166905      0.12295    0.0959541     0.111577     0.144628     0.067898     0.269463     0.259549     0.229205
    0.228649  -0.00540113     0.323425     0.186074     0.434489     0.791961    0.0672834     0.213953     0.688122
    0.204872     0.227714   -0.0186064   -0.0915377   0.00316989    -0.365533    0.0318658     0.354002     0.229445
    0.149109      1.37815    -0.299918    -0.303971     0.411826     0.270265    -0.387882     0.855934    -0.803262
     1.21357     -1.65652     0.393862      1.48073     0.657158     0.776375    -0.413474      1.11831      1.18626
    0.273388     0.465115     0.585238    0.0677684      0.37392      0.59465    0.0696496     0.380109     0.736838
    0.198033     0.301008     0.212269     0.176144     0.156717     0.300455     0.133411     0.329871     0.322757
    0.870158     0.071963    -0.640604     0.756826    -0.205482     0.435817     0.377823      0.51128     0.512949
    0.316506    -0.053173     -1.70446      1.38866     0.516414     0.780267      3.73589     0.108442     -1.58102
   -0.873791      1.88782     0.111217     0.131328     0.046486    -0.186516    -0.312057     0.975274      3.14422
   0.0988972    -0.118873   -0.0883274    0.0619602     0.125046   -0.0218681      0.18438     0.371055     0.311628
   -0.215015    -0.388951     0.657292  -0.00581627     0.297223     0.695747      0.66136    -0.157272       1.4088
    0.214127     0.441982     0.265135     0.339221     0.296071     0.449312    0.0636547      0.75443    0.0437201
    -1.45275     0.677539     0.513024     0.823638     -1.52941     0.713521     0.683236     0.565241     -1.22098
     2.36696      1.66302      -1.3887      1.33778      -0.9175     0.294728     -2.78223    0.0562183     0.710995
   -0.792738      1.57705     0.430342    -0.742154     -2.74146     0.256157     -1.03892     0.413572     0.362921
     1.34629      1.33298      2.73508     0.987966     0.560854    -0.436362      1.81069    -0.405413     -1.94843
      2.1309     0.699038      3.01203    -0.594331      1.78978    -0.683952      2.09943     -1.63577    -0.429798
     3.33545     0.101187    0.0388597     0.294057     0.100658      1.29083    0.0809293   -0.0751015    0.0752546
   0.0467769    -0.814312   -0.0221185     0.319163     0.782013     0.684778     0.944672   -0.0780092      1.21653
     1.58924     -1.71093     0.715075     -0.55225      2.06208    -0.391032      1.72583    -0.557111      1.92236
    0.579903      0.34014   -0.0311737     0.391886     0.246575    -0.330818    0.0992667     0.098732     0.298635
    0.251909     0.182601    -0.103695     0.824791    -0.163188     0.239149     0.260496     0.293132     0.161022
    0.231438    -0.800925     -1.61144     0.937387     0.574685    -0.598423   -0.0180269      1.66367    -0.187413
   -0.515038    -0.749218    -0.198435      1.84517       1.7346      2.28872     -0.71986    -0.520829    0.0884021
    0.347079     0.130318     0.256796     0.648089     0.268411     0.430068       0.5329     0.195359     0.331566
    0.881612     0.964982     0.972335    -0.113537      1.68085    -0.196502    -0.375966    -0.394715     -0.92766
   -0.245179     0.469056    0.0565057     -1.21486    -0.740546    -0.455558      4.69383    -0.254339    -0.223676
     1.89384     -2.13518    -0.787642      1.92464     0.803511     -5.23407      3.02486      1.69545      2.56506
    0.629815       2.1502     0.794433     -1.06189    -0.893271     -2.07806     0.185579     0.765788      2.81651
    0.672795     0.837659      1.31029   -0.0434553       2.0559     0.413153     0.213035    0.0436928    -0.138988
     1.53581      3.62086    -0.100641    -0.978409      2.44416    -0.407287     -1.49908      2.83558     0.152662
    0.468829     0.287972   -0.0440288     0.485649    0.0118149     0.325687     0.124613      0.29866     0.448514
      2.4597     0.524187      5.09884     0.582495     -0.29565     -1.62546      1.71167      1.92873     -1.02117
    0.715869      2.06419    -0.123635     0.223167     0.957465     -1.46255    -0.111267    -0.271683     -1.64266
    0.571672      0.28702     0.334797    0.0804205     0.380534   -0.0368945     0.096277    0.0595409     0.500092
   0.0945183     0.232949      0.14784     0.112537    -0.114819     0.368346   -0.0460043   -0.0121776    0.0937173
    0.736989     -2.17742     -0.31424      3.15276      1.15549      2.09252      1.15163     -1.74029     -2.05851
  -0.0090967      0.25531     0.184419    -0.488474    0.0110207     0.107045    -0.222133     0.130058     0.175503
      2.0646      1.89417    -0.744152     0.813265      1.03172    -0.874795   -0.0291629      0.89959      -4.1545
    0.474636     0.571037     0.421987      0.50053     0.478892     0.314462     0.483359     0.517666     0.457202
    0.610069     0.853562     0.858641   -0.0113292    -0.873037    -0.762165    -0.464157      5.38785    -0.949061
    0.298644     0.843386     0.405919      0.53022     0.295792     0.470171     0.148438     0.524363     0.174137
   0.0383018    -0.316185     0.712437     0.265364   -0.0896293     0.568747     0.360962    -0.166885     0.805448
    0.018843     0.232639     0.120112     0.155961     0.054964     0.311298   -0.0427663     0.132724     0.115765
    0.722845      1.37109     -1.09075     0.142099     0.602878    -0.841215      2.56618      1.23935    -0.495469
    -1.03064     -1.55738     -3.16881       1.8329      2.65762     -1.52281      4.71064      1.14448     -1.78916
  -0.0746687     -1.84784       8.0116     0.913308     -2.69317     -1.01937      1.44279    -0.880139     0.269001
    0.185705     0.195498     0.440389   -0.0310856     0.397625    0.0631911     0.312997     0.375996     0.449327
    -1.23056      3.28423      1.73365    -0.940925      2.11237       1.8151     -1.20825     -2.37028      0.54614
    0.532381     0.426796     0.584351     0.639958     0.636236     0.701056     0.544569     0.492493     0.806803
    0.385617     0.370219      0.47222     0.297224     0.606783     0.292578     0.562547     0.568506     0.610447
     0.45652     0.519723     0.434252     0.544197     0.314071     0.644226     0.250304     0.428572     0.531003
    -2.72884      1.19309     -1.09512     0.506703     0.374564    -0.371162   -0.0868365       2.1909       1.5137
   -0.317607    -0.698041    -0.562985     0.629083    -0.456165     0.434123     0.615022    -0.992461     0.162214
   -0.734311   -0.0932367     0.538562     0.816557    -0.677974      1.45967      1.18932      0.10602     0.249237
    -1.98918     -3.40586     -1.62126      3.51683     -2.43458      3.45767      2.84958      1.00071      1.51426
   -0.248876     0.404277       0.6194     0.236011      1.73577    0.0560146    -0.381456     0.698333      0.55239
    0.119987      0.70801     0.276708      1.32486    -0.241376    -0.419528     0.761903     0.704652   -0.0559804
    0.742545     0.795822     0.936738     0.296405      0.21229   -0.0866901     0.555163    -0.125254    -0.191823
   0.0736245    -0.174895     0.141884     0.345964     0.158915     0.502777     -0.24489    -0.116353    0.0374043
    0.180602   -0.0246064   -0.0280976      0.29776     0.280869     0.271083     0.466348     0.448253     0.680502
   -0.462927    0.0335661     0.431317     -2.18522      1.17661     0.407436     0.426084      1.54176      1.97377
   0.0469746     0.380042     0.519326    -0.439163     0.252888    0.0170288   -0.0685713     0.319365     0.756561
    0.494824     0.276813    0.0581203     0.631502      0.32907       0.4276     0.209081     0.221806    -0.706387
    0.252691   -0.0850154    -0.269822      1.32065     0.422666      1.41055     0.646681     -0.41391    -0.272528
    0.235308     0.119207   -0.0292181    0.0265566    0.0339675   -0.0667285    0.0664453     0.181617     0.144823
     1.91212     0.418944     -1.93217     0.606948     -1.15329      0.17397     -1.37976     0.942452      1.09273
    0.649846     -1.73192     0.719299      1.08529      1.41281     -0.36675      1.22154    -0.670947    -0.835274
    0.750775     0.390574       0.3376     0.083655     0.321231     0.197769     0.159888    0.0632742    -0.537613
    0.873063    0.0495277     0.510162   -0.0587378     0.153083   -0.0434875    0.0709603    -0.580096     0.299112
   -0.578502     0.329769    -0.405694     0.191609    -0.336717     0.505595     0.994939     0.152913    -0.161137
    -3.81524      1.65022     0.649327      2.53832     -3.27005    -0.447356     0.514202    0.0791879     -2.65046
     2.85428     -1.93925      2.75082     -2.38825     -4.64288     -3.00679      1.88184     -2.09018      3.09055
   -0.967986    -0.405789     -1.19498    -0.218012    -0.230801    -0.382155    -0.774165      3.25396    -0.828063
    0.155531   -0.0177124    0.0926444     0.557852     0.122132     0.261616     0.341356     0.185215     0.207519
      2.9088     0.843672       2.5457      1.39469      1.92951     -2.09233      3.36095     -3.33687     -1.35126
    0.024376     0.338931     0.513286    -0.231659     0.711416     0.314994    -0.236514     0.290643     0.213772
     1.31032     -0.18347    -0.760842      -1.2201     -3.22549     0.445728    -0.129736     0.424805     0.962097
    0.274471     0.225592     0.300291     0.367173     0.228942     0.148842     0.373589     0.282248     0.232575
    0.175105     0.154424    0.0584522     -0.26261   -0.0121564    -0.268761    -0.219934     0.909047    0.0263413
   0.0616258     -0.12144     0.144672   0.00815025     0.149369    0.0452286     0.129069    0.0195963     0.118277
    0.247594     0.235999     0.378939     0.227493       0.1539     0.191211     0.230632    0.0947515     0.152144
    0.938721    0.0499211     0.220961      1.05514      5.57899      0.21342      1.03247     0.148436      0.68143
     4.20627     0.526058     0.659604   -0.0956531     0.622628   -0.0599293     0.722678     0.948996      3.99482
     1.77672      1.19329      2.33581     -2.67612       1.3702     0.211467    -0.777649    0.0469605      2.96719
     1.42562      0.15415      1.25707      1.45989   -0.0113492    0.0665667      1.52075     -1.21688     -1.73577
   -0.230073    -0.531258      1.96788    0.0505909    -0.236247      1.45927     -4.49479     -1.63281    -0.804003
    0.418818     0.215684     -0.25871     0.448551     0.117488    -0.520279   -0.0867878    -0.335448    -0.204978
    0.417824     0.134098     0.429666     0.499915  -0.00809556     0.245246     0.197845     -0.27396     0.085184
    0.227958     0.621178     0.298448   -0.0902582     0.122289     0.188025    -0.446736     -2.77107    -0.134586
     4.25315    -0.171165     0.355014     -1.25339     0.286317     -1.69154     0.980626      1.73162     0.809394
    0.579557     0.315214     0.848451    -0.179472     0.587792     0.965101    -0.130018    0.0700127      1.02636
  -0.0528907   -0.0208159   -0.0373134     0.335225   -0.0680576     0.191704    0.0987365   0.00992911    0.0306075
    0.240853     0.457864     0.213472      0.21556     0.207779     0.217449    -0.102744     0.315774    0.0749698
    0.166512     0.198408     0.142079     0.206339    0.0588128     0.130612     0.151356     0.180996    0.0585843
   -0.196407    -0.210274       1.5706     0.551997     0.532185      1.93768     0.776127     -4.77514      2.43964
   0.0585926     0.330975    -0.602913    -0.267561     0.359207    0.0363529    -0.237234      1.18011      0.28803
  -0.0767536     0.208559   -0.0687532    0.0480038    -0.108725    0.0253347     0.225877     0.297536    0.0529682
   -0.043372    -0.539353    -0.162729     0.989209     0.712612      0.73298     0.822142    0.0385636     0.275465
    -1.36258     -3.60373    -0.695456      1.36516      0.30435     0.432561     0.303613      3.63221     -1.33981
    0.319691     0.223678      0.54255     0.136104     0.689942     0.296384      0.33713      0.39829     0.450212
    -2.60244      2.68225      2.02959     0.200558     -1.86722     0.644996     -1.87205     0.267101     -2.88718
  -0.0491204     0.311396     0.212955     0.110693   -0.0568169    0.0915726     0.364927     0.211294    0.0623605
    0.147462     0.110774     0.022711    0.0332726    -0.045651    0.0942646   -0.0457532       0.2385     0.182184
   -0.221686      2.73165    -0.638643    -0.628295      1.99804    -0.588015    -0.634386      2.14297    -0.305995
    0.187986    -0.315232     0.437103     -0.23254     0.191017    -0.299224     0.216737    -0.316162     0.207658
   0.0578182    -0.243349   -0.0502533      1.18409     0.757759      1.38897    -0.441761     0.032524     0.429984
    0.170397     0.205041     0.283541    0.0293886     0.143471    0.0932923     0.132305     0.126285    -0.106354
    0.462796      1.01877    -0.140822     -2.04467    0.0797758    -0.665496      3.66211     0.505418     0.277714
    0.174963     0.329227     0.390922   -0.0289907     0.185141     0.239261    0.0208341     0.182208     0.182485
    -0.80364      0.26145      2.64796     -4.19284    -0.161298      1.13935      1.30303     0.368022      1.59853
   -0.121291     0.301978    -0.965389     0.839896     0.337391     0.903112   -0.0254856    -0.264251    -0.459653
    0.557814    -0.278379     -0.68289    -0.149161    -0.458138      6.16479    -0.344483    -0.728569    -0.371173
    0.941331      1.26518    -0.870962      1.05967     -1.27176     0.314671    -0.196796      1.11393     0.311628
    0.191431    -0.063146    -0.274291     0.815525      0.55298     0.603794     0.521246     0.204308     0.251287
    0.728043      1.36007      1.23709      1.27785     -1.10561      1.10777     0.820663   -0.0855061     -5.07858
   0.0709961     0.143834     0.120211    0.0575147     0.233477     0.200947    0.0547458     0.690774     0.320835
    0.594242     0.364265     0.717529     0.335964      1.77627     0.984418     0.396757     0.523567      0.96074
    -4.87344     0.906847     0.954195     0.368777    -0.584849    -0.548346      1.18212     0.448438     0.643017
    0.422039     0.613952   -0.0808338    0.0791781    -0.291744    -0.351733    -0.183534     0.100581     0.183065
    0.282552     0.079365     0.477736     0.308424     0.542159       0.5907     0.223774     0.110396     0.396717
   0.0636533    -0.225508     0.284794   -0.0529546    0.0696014    0.0979727    0.0904929     -0.16472     0.173521
     1.36612     0.589594     -4.54033     0.685846     0.359314    -0.712678      1.56031      1.48719      1.02378
    0.429291     0.291452     0.303433    -0.488249     0.148256     0.051562      1.53576    -0.267075     0.825173
    0.360451   -0.0576365   -0.0853041     0.528044   0.00606274    -0.558476       1.0941     0.175729    -0.191765
    0.305842    -0.499846     0.111746     0.136631    0.0646815    -0.107118     0.647811     -0.29202      0.23092
    0.276962    -0.166948     0.318172     0.193489   -0.0458603  0.000517942     0.231831    -0.314484    0.0704738
     1.59052    -0.245423      1.12783     0.933899      1.59316     0.509992    -0.333254    0.0741152     -2.34521
    0.169099    -0.391364     0.985019     0.368316   -0.0760442    0.0844055     0.153091    -0.277725     0.369842
    -1.64432     0.358648    -0.080467     -2.07447      1.08915      4.63732      0.68091      2.41985   -0.0466538
     1.17859     0.440604      0.29383      -0.5056     0.903119     0.188471    -0.362994      -0.8159     -1.47012
    0.560632     0.751326     0.921452    -0.604629     0.680498    -0.585657     0.206241     0.595687     0.780771
    -2.03771     -2.66837     -2.18726     0.271336       1.5801     -1.64324      1.33372     0.720577     0.750825
    0.783361     0.863729     0.539087    0.0597668     0.143752     -0.45827     0.325148    0.0778175     0.354559
-3.42524
-3.32602
-3.39991
-3.20113
-3.39657
-3.55937
-3.66501
-3.60449
-3.49268
-3.58818
-3.63284
-3.35771
-4.35896
-3.54044
-3.79179
-3.53643
-3.38929
-3.96135
-3.60652
-3.45854
-3.96936
-3.22301
 -3.7529
-4.01882
-3.60674
-3.36043
-4.12855
-3.83143
-3.43598
-4.55468
-3.67369
-4.42016
 -3.5595
-3.92948
-3.75679
-4.11204
-3.27753
-3.91674
-4.97756
-4.68026
 -3.4177
-3.80424
-3.88346
-4.03204
-3.73614
-3.54033
-3.47092
-3.47399
-3.81972
-3.70134
-4.03858
-3.60753
-3.69637
-3.56546
-3.90061
-3.39643
-4.20707
-5.16434
-3.44683
-3.28034
-3.79012
-4.59766
-3.45139
-4.39255
-3.57929
-3.62284
-3.46799
-3.53797
-4.11204
-4.80086
 -3.5158
-4.55354
-4.45562
-4.08197
  -3.415
-4.16553
-3.53415
-4.60922
-3.63691
-4.75782
-6.14028
-4.11072
-1.67038
-4.26934
-4.28417
-4.11965
-3.88752
-3.94701
-3.79561
-5.21808
-3.20606
-4.12041
 2.86247
-3.53437
-3.61551
-3.46692
 -3.5394
-4.01831
-3.57302
-4.08669
-4.10294
-3.49067
-3.72594
-4.50396
-3.53158
-4.18018
  -3.346
-3.03968
-3.28278
-3.62243
-3.82521
-3.53941
-3.48327
-3.55566
-3.36655
-3.46088
-3.93552
-3.53925
-3.50868
-3.69942
-5.09252
-4.14299
-3.24151
 -3.1051
-3.48986
-3.59828
-5.06344
-3.73043
-3.84315
-3.49695
 -3.4227
-3.89921
-3.39522
-3.57729
-3.34906
-3.57053
  -5.355
-4.31723
-3.74159
-3.32903
-4.16984
-3.49721
-3.81805
-4.64637
-3.07147
-4.25598
-3.45716
-4.57585
-3.65929
-3.34976
-3.44314
-3.61668
-3.61423
-3.78839
-3.45562
-3.54896
-4.20026
  -3.559
-4.15021
-1.26655
 -3.3805
 -3.6616
-3.28437
-3.37343
-3.49176
-3.51342
-3.37051
-3.60206
 -4.0203
-4.01107
-3.35567
-3.42827
-3.58489
-4.70514
-4.29747
-3.55591
-3.89242
-3.51676
-3.96204
-4.36993
-4.02515
-3.83905
-3.61008
-4.38641
-3.53597
-4.54034
-3.47269
-3.38693
-4.06501
 -4.9069
-3.37639
-4.33688
 -4.0521
-3.94711
-4.29386
 -3.5712
-3.97918
-3.43325
-1.79539
-3.82251
-3.44696
-3.56534
 -3.2287
-3.58966
-3.73724
-3.23693
-4.32369
-3.39631
-3.77114
-3.50785
 -4.0519
-4.83684
-4.18116
-3.43683
-4.92466
-3.21978
-3.26868
-3.26232
-4.08086
-3.84511
-3.58719
-1.51306
-3.94199
-3.29598
-3.39501
-3.63802
-3.45908
-3.69568
-3.58359
-3.59889
 -3.6243
-3.59754
-4.62065
 -4.0117
-3.70843
-3.74067
-3.95068
-3.29183
-6.03873
-3.76363
-3.43554
 -4.2712
-3.63084
-5.40994
-3.41014
-3.73203
-3.55219
-3.47655
-4.32533
-2.04453
-3.96048
-4.17241
-3.84781
-3.60255
-3.52509
 -3.6088
-4.61764
-3.22994
-3.54494
-3.55283
-3.53183
-4.44451
-3.70838
-3.59491
-3.51225
-4.52505
-3.24047
-2.70248
 -3.5567
-3.55274
-5.18968
 -3.7325
-3.70882
-3.62367
-4.66621
-3.47909
-3.97018
-3.76719
-4.99204
-4.29175
 -3.4461
-4.72982
-3.53892
-2.84562
-3.46622
-3.62997
-3.33901
-3.65419
-3.61937
-4.18921
-3.67924
-3.76888
-3.67387
-4.61334
-3.76528
-4.57495
-4.48117
-3.57611
-5.25855
-3.52579
1
4
300 10
   0.0739114     0.310339     0.554013      0.50781      1.43919      1.27838    -0.395666    -0.220772     0.375302     0.324201    0.0732069      0.88134     0.977719    -0.234976     0.240238    0.0481226     0.453028    -0.314564   -0.0218342    0.0818216     -2.42579     0.910773    0.0910203    -0.508784     0.302987     0.499423     0.834742    0.0151242     0.233754     -8.72484     0.163258      1.66655     0.216708     0.302842    0.0131621     -1.30694     0.323192      1.11693      2.21593    0.0818342     0.684373     0.486985     0.783254     0.695213     0.119723    -0.416864     0.554086     0.212635    -0.360907    -0.329042     0.189374     0.538004   -0.0912559   -0.0217866    -0.478899     0.343493    -0.630725     0.360011     0.626256     0.509848      2.08815     0.413229    0.0992043      1.35547     0.111563     0.212364     0.295042     0.545673   -0.0339405     -8.31873     0.429238    -0.341765    -0.566807     0.365531    0.0947048     -0.82511    0.0314032     -1.58525      0.52602    -0.200286    -0.181865     0.731764      1.65866     -4.36638    -0.606907     0.302647      1.21309    -0.719439    -0.260635     0.577273      0.36306     0.446531    -0.457378     0.289139     0.272854     0.140747    0.0669967    -0.210154     0.150001      1.15593   -0.0472987    0.0640397     0.115423    -0.791317  -0.00190499      1.23798      1.05879     0.773925     0.644967     0.371204    0.0470174   -0.0569474     0.378405     0.170915     0.336987     0.597079     0.672359    0.0370122     0.157748     0.151403      -7.8012    0.0935857      0.22126     -1.39335     0.202592     0.124269     -2.19015    -0.135825    -0.226423     0.967056     0.444337      2.04813      0.30721    0.0843003     0.632504      1.49672     -3.70469      -1.5933    0.0476024     0.520767    -0.369777   -0.0206308    0.0508966    -0.284413    -0.900713     0.812875     0.215577      -7.9797      1.75608     0.296893     0.450313      0.65469     0.385024    -0.738642   -0.0436195     0.827829      1.88643    0.0697041   0.00344085     -1.31467     0.415643     0.156143      1.26543     0.386571     0.258183     0.191614     0.505294    0.0746197    0.0354989     0.905565      0.34464     0.196362    -0.180396      1.62526     -0.91541     0.400396    -0.216031     0.602948     0.293813    -0.333563     0.773168      1.46991      1.41684     -5.27646     0.520575     0.661381    0.0951889     0.198809     0.809906    -0.296455     0.404178    -0.342355     0.983159      2.03023    -0.146986     0.285411      1.05942    0.0544654      1.16819     -1.18185      0.37781     0.170856    0.0638303     0.248937     -2.94179     0.364427     0.484115     0.269145    -0.616415     -0.24774    -0.186029      0.67365      1.35398       0.2962    -0.941582     0.472844     0.600474     0.235494      -2.7494    -0.139504    -0.332397      1.51457     0.254806     0.662208     0.357689     0.228569     0.358791       1.1376     0.049864   -0.0927995     0.669041    0.0825787     -1.71416      1.18818    -0.386068    -0.504298     0.132859    -0.296479     -4.30209      1.15529     0.401881       2.7191    0.0915609     -3.60318     0.372966   -0.0558068     0.166283      0.23609     0.282772      1.40665      3.22833       1.4052     0.259056    -0.526187     0.148269     0.111884     -6.10709      0.87853    -0.197576     0.114553     0.143491      1.73258     0.530207    0.0335117     0.595116      2.95393     0.477018      2.54554     0.123965    0.0482572     0.131523    -0.202562     0.283902     0.153373    -0.103597      0.35772    -0.513846    -0.159882      1.25953     0.249762     0.492011      2.63296     0.285817     0.999802     -10.4435   -0.0561344     0.329936    0.0264674    -0.713492    -0.268203     0.466895     0.144805    0.0907165     -1.89451    -0.086491      1.80322    -0.260429     0.305837      0.68257     0.187649
   -0.224069    -0.122208    0.0855852     -0.15675     0.986614      3.22652     0.093731   -0.0930363    -0.357039     0.827875   -0.0445189      1.66944      1.39473     0.127335     0.234621   -0.0892099   -0.0888693     -1.74964     0.206344    -0.105412     0.751588    -0.202783     0.340336     0.783585    -0.505886    -0.526747     0.921261      2.11952     -0.16993       2.3863    -0.278975     0.493162      0.07925    0.0123536     0.466045    -0.859269    -0.151546     -1.24674      3.71257     0.686727    -0.138888     0.110944     0.759592     0.226865    -0.769803    -0.601512    -0.195226    -0.140131   -0.0168301    0.0749192      2.32053   0.00345033     0.496064     0.172523     0.631676   -0.0745197     -1.64264      1.18702   -0.0395449   -0.0489322      0.64733      2.09156   -0.0299015      1.58343     0.125698     0.065452     0.114908    -0.336096      -7.3636       2.1367    0.0370453      2.64809     0.025028     -4.35643     0.257066     -1.15306    -0.708108     -1.28537      -1.0109      1.15009     0.466117    -0.621391      1.60144      2.40967      1.96827    -0.875277     0.368496    -0.152475      1.32273      1.39288    -0.198018     0.319915     -1.49091    -0.258085   -0.0836481    -0.439688    -0.437168    -0.523259   -0.0406218     -1.34464    -0.965214    -0.236791    -0.131623    -0.940448     0.518815     0.269027    -0.218126     0.153148   -0.0297071     0.405686     -1.30295     0.125779    -0.266212   -0.0249598    -0.163061     -0.31621     -5.97663      0.11778   -0.0449498     0.274497      2.86998     -1.00977    -0.191704      2.57095   -0.0793262    -0.446955    -0.534455     0.705294    -0.146469      1.04379     0.249294      1.37814     0.297349   -0.0791271    -0.141121     0.246028      0.86192    -0.729136     0.321078    -0.302543    0.0787463   -0.0349681     -2.09886    -0.526604     0.172744    -0.688899     -1.30638      1.38674    -0.956651    -0.384663    -0.297547     -0.22034     0.180357    -0.512959    -0.667654     0.541981    -0.490406    -0.105852    -0.742432     0.768512   -0.0376856    -0.356349     -10.9857    -0.192579    -0.168365   -0.0782124    -0.111625     0.046162     0.198539      -2.5619    -0.299373    -0.166701    -0.241906      1.31386    -0.985011    0.0678475    -0.289574     0.214336     -0.82093    -0.846985     -1.22945      1.34221      1.79432      1.12611    -0.604875     -1.04916     0.321952     0.195369     0.485385     -1.69285   -0.0908358    -0.344591     0.486402   -0.0258806     -1.82754   -0.0941516      2.08798    -0.114267     -2.68909     -2.61175     0.351398    -0.226635     -2.42817    -0.148994      1.04709    -0.286911       2.4561      -0.2878   -0.0629897    -0.126316     0.460528     0.134629      3.43492    -0.113503     -5.95214    -0.357029    -0.185503     -0.27166      2.12358      1.18239    -0.114943    -0.244912      1.15397    -0.303423     0.516476    -0.410388    0.0166802     0.271378    -0.108303    -0.129301   -0.0147005   -0.0410393    -0.982318     -3.20655     0.450597     0.824532     0.280373     -1.85069       1.5615      1.49677   -0.0668839    -0.668588     -0.05185    -0.398264   -0.0637842  -0.00433434    -0.242917    0.0221135      1.41267      1.78051     0.430548      1.14863   -0.0310823    -0.018102      0.51518      1.20428      2.10696   -0.0752712      0.16438    0.0280247   -0.0450717      2.88462       1.0368    -0.073993    0.0456321     -1.47063   -0.0162146       -1.426    -0.292135    -0.284539      1.63782   -0.0438236     -0.50883    0.0303813     -1.10819   -0.0158299     -1.37412     0.273623      1.60731     -0.96075     0.351066     0.703451     0.252965    -0.284821      1.93888    0.0281267    -0.462764    -0.269147    -0.778043    -0.295368    -0.215751   -0.0292028     0.219963    -0.829503    -0.387329      2.41422     0.141029     0.135167      3.63118      0.34282
  -0.0964812    0.0719688     0.201808     0.232066     0.422367     0.458601   -0.0377699   -0.0206401   -0.0970276    -0.377182    0.0860689     -6.73771     0.749875    0.0886307      1.55988   -0.0298071   0.00949396    -0.254586      1.26611    0.0236007    0.0224414     0.352865      0.30082    -0.951166     0.119839     0.723393     0.307531      1.93544    -0.190663      3.13982     0.398829      2.10661     -0.16408      1.72779     0.423161    -0.387978    -0.170417      1.47518     -3.11384      1.08307     -0.20476    -0.489618    -0.485427    -0.433827    0.0515013    -0.354075    -0.263894     0.139141      0.76779     0.757369       1.0444    0.0793488    -0.263462     0.306236     0.319076     0.345404     0.542666      1.53635    0.0268836    -0.222762     0.934971      1.02646     0.221644      1.05171    -0.536472    0.0440521     0.032579    -0.137471     0.632498      1.60924     0.022933     0.493792      1.58498     0.899701     0.396818    -0.137355     0.338467     0.882979     0.479091      1.71272     -1.46188     -1.60864      -2.4233    0.0481784      1.88226      0.46373     0.137728     -1.68742     0.542059     -7.65437    -0.183225      1.92845     -1.71347     0.259122   -0.0382671    -0.365503     0.159739    -0.322745   -0.0303936     -0.13644     -3.36816   -0.0757913    -0.225252     -1.11517   -0.0196631     -0.77071    -0.132501     0.300117   -0.0148698    -0.109612      1.91402  -0.00648826     0.284336     0.155753     0.162553     -0.27847    -0.236442     0.126953   -0.0271761     0.319354      2.30228     -2.61753     0.224085      1.63966  -0.00594343     0.106613    -0.829151     -0.58182    -0.322919      -1.7811   -0.0299789   -0.0597663     0.258826     0.195145     0.208334      2.53481     0.709297    -0.356444      -1.4158     0.186918     0.423641     0.283849   -0.0479577    -0.949348      1.36704     -2.95184     0.418124     0.757773      1.33338     0.389201     0.298064    -0.382731   -0.0357279      0.18997     0.312991     0.310582     0.124456     0.484512     0.493527     -2.78514     0.148577    -0.165043      3.37883    0.0303202    -0.118513   -0.0689471     0.368105    0.0846118    -0.322305     0.212359     0.140908     -0.14924    -0.399677    -0.346786     0.772957  0.000539186     0.458988   0.00843425    -0.351935      3.50835    0.0305851      1.66954      1.51343     0.379343     0.559382      1.14314     0.427426    0.0371765     0.774311    -0.770048      -0.1625     -0.37518       1.3046   -0.0833844    -0.252504    -0.273137     0.914816   -0.0967357      3.16441     0.776308     0.173831    0.0926472     -1.69493    -0.116353      1.06024     0.169352    0.0256707     0.166621    -0.273671    -0.136772    -0.286182      0.11686      -12.523   0.00134069     0.468079    0.0221425    0.0660608      0.13216    -0.273582    -0.289664     0.470747      2.03691    -0.587014     0.564663     0.307507    0.0163807    -0.293851      -0.4645   -0.0440553    -0.132302    -0.500905   -0.0712682      1.86739      1.01593     0.209686    -0.147564    -0.396779     -1.47388     -2.82767      1.07892       0.1029      3.02551    -0.329117     0.531527    0.0388081    0.0496578     0.114825    -0.099721      0.48903     -2.05615     0.905607     0.178196     -1.69026     0.382408     -0.12538     0.454437        1.273     0.310772    0.0732301     0.121934    -0.059443   -0.0440972    -0.611802    -0.327731     0.425138      2.89024     0.216511    -0.329155   -0.0804888    0.0960162      -1.7397     -0.33345   -0.0737853     0.185348     0.925146   -0.0705103     0.879747     -1.77973      1.77205      1.54459    -0.505929    -0.773107    0.0667657   -0.0114435      0.95833     0.665344   -0.0232247    -0.212993     -6.83069   -0.0251463     0.193772    -0.228162    -0.468167    -0.319338     -1.02564      1.61707    -0.599763    -0.375491      2.01246     0.616697
    0.084608     0.215125    0.0922011    -0.132335    -0.188357    -0.882409   -0.0344225    0.0152794     0.020021    -0.481731  -0.00963467     0.690083      1.00451    -0.229433    -0.218243     0.216544    -0.519136      1.32159      1.20571    0.0679503     0.403975   -0.0699043      0.10291     0.582147  -0.00265292    0.0670456     -3.66701      1.86431   -0.0325833      2.02112    -0.471237     -1.67063     0.340556     -0.15175    -0.102775      1.74125    -0.205077      0.96273    -0.911276      -4.0983    -0.168814     0.407805     0.703395      2.03439     0.342337     0.312226    -0.370927     0.123139      -1.6787   -0.0939626    -0.630255    -0.265876     0.311777    0.0964598     -1.64773    0.0890653    -0.328961      2.47267    -0.166678    -0.365392      2.14376     -3.76395   -0.0772682     -5.97816    -0.207575    -0.494808     -0.15028     0.375702     0.538154       1.6914     -0.17676     -1.66032     0.185637     0.180336    -0.629071      1.00817     0.449318       3.7513     0.235502     -2.68518      2.13484     0.622896      1.04065     0.462102     -10.8747    -0.911453    -0.982566      2.95402    -0.195273      3.89853     0.262709    -0.461793     -2.18508     0.433783     0.422411     0.383158   -0.0944653     0.306988   -0.0145731      1.08477      1.50272   -0.0407512   -0.0320456      1.03239    -0.136618      2.69708    -0.243235   -0.0446361    -0.342194    -0.210879     0.194789   -0.0149879     0.162094    0.0131458      0.11647    -0.159219     0.750092   -0.0286253    -0.340034    -0.121934      1.16647      1.10806    -0.242567     -1.68949     0.162348     0.500835     0.281844     -7.50144     0.187994      2.45408   -0.0127984     0.314958    -0.637077  -0.00764433      0.16545    -0.697849    -0.048785     0.600444     0.439001   -0.0863073    -0.847117    -0.980719    -0.247816     0.640197    -0.303009       1.1675  -0.00639835      1.03116     0.179801    -0.196539     0.155401     0.367975    -0.113863     0.398548    0.0343261    -0.515479      1.47661    0.0886159     0.826591      2.25823    -0.234169     0.322164      0.21069    -0.026633    0.0616871   -0.0921662     0.160834      0.37981     0.130497    -0.119403   -0.0397798   -0.0503992      0.34188      2.04167      1.49136    -0.143411    -0.556806     0.162762     -0.41734     -2.09166      1.04585   -0.0897734    -0.760132      0.60342    -0.343946    -0.664795     -0.10861     -0.45865   0.00950907      2.27499    0.0248918    -0.141515   -0.0666981      2.63356      3.52498     0.425279    0.0353027    0.0977014   -0.0910785    0.0969763   0.00603396   -0.0688486      2.12955    -0.129324    -0.104708   -0.0386879     0.974647    -0.186294    -0.200886     0.117931    0.0323237     -1.48966    -0.593943     0.139655       1.8579    -0.100494    -0.289173     -0.11929     0.600344     0.410421    -0.701267     -2.15304      1.58018    -0.705666    -0.100487     0.210102    0.0491701     -2.76212     0.555807     0.398841      1.36128    0.0385897     0.294013     0.499778     0.109152   -0.0402351     0.206539    -0.411855      3.65888      1.19349    -0.283273    -0.305933     0.820906      1.46467   -0.0372857     0.505512    0.0577386     0.021563       2.0017     -1.57751     -1.17914     0.510486     0.788058    -0.238137    -0.438694 -2.62598e-05    -0.219343     -0.33746    -0.017783    0.0779138   -0.0253829        1.251    -0.295979   -0.0340783     0.381002     0.851165    -0.229409    -0.269642    0.0319543     0.152361     -1.03638    0.0839707     0.392393   -0.0150502    -0.261054    0.0364876     -4.59787     0.696886     0.995398    0.0180621     0.388684     0.775584    0.0840643     0.759459      1.70561     0.502207     0.330234   -0.0157764     0.518763     0.094329     0.692152     0.347785      0.10012      2.02223   -0.0277081    -0.967455    -0.475126      1.08522     -1.83327     0.680668
   -0.460116    -0.916706    -0.661739    -0.638726     -2.33005     -1.11285    -0.447395    -0.253188    -0.121488    -0.286692    -0.265423      1.27881      1.00706    -0.194546     0.355058    -0.247908    -0.467534     -0.66527    -0.201073    -0.474759     0.394399     -0.45023    -0.149517     0.419447    -0.271787     -1.06543     0.606407      2.20627    -0.457572     0.292492    -0.568498     -0.39048    -0.501898    -0.192037    -0.181618      -0.3754    -0.606694      1.72965     -1.15374  -0.00823915    -0.282935    -0.336028    -0.114277    -0.360088    -0.368456     -0.45351    -0.334517    -0.465383     -2.45804    -0.266486    -0.503465    -0.351916    0.0117061    -0.901817     0.242559    -0.924567     0.399555     0.156024    -0.499977    -0.637196       1.7409    -0.132821    -0.559834     0.293102    -0.192309    0.0070463    -0.369446    -0.380407     0.257534    -0.159279    -0.469833     0.152074    -0.331549     0.332851    -0.619719     -1.83592    -0.357117     -2.59665    -0.338868  -0.00443986    -0.942775     0.123492      3.86904      1.40632     0.506098     0.224836     -0.72172    -0.340309     0.148879      1.08198     -1.21486    -0.977896      8.49126    -0.866906    -0.419232    -0.521878    -0.310438    -0.729875    -0.279093     0.127362     0.416441    -0.395132    -0.210863     -1.22449    -0.567653     -4.17162    -0.245408     -1.14616    -0.819889     -1.94416    -0.582992    -0.544255    -0.294189    -0.351308    -0.508312    -0.222128     0.855559    -0.401377    -0.377492    -0.186531     0.069603     0.715362    -0.550916    -0.220753    -0.570474    -0.462806     -3.47978      2.10373     -0.36456    -0.342153      -0.6843     0.164617     -1.22047    -0.303377     -0.46412    -0.254481     -1.65983   -0.0797848    0.0866412    -0.594213      1.18372     -0.35512     0.459974     -2.53087      2.27666    -0.183904    -0.230823     0.607708    -0.709922    -0.533602    -0.684216   -0.0872625    -0.202391    -0.846149    -0.490505    -0.517814    -0.668017    -0.318437     -1.24797      3.99453    -0.504961    -0.547355      2.34979    -0.432192    -0.515383    -0.403079    -0.736247    -0.154318    0.0242941    -0.251069    -0.626855     -0.48327   -0.0870162     -1.46324    0.0836594    -0.381696    0.0105411    -0.387813    -0.114547    -0.394248     -3.37134   -0.0502493     0.715186     0.443061    -0.414418     0.698887    -0.649421    -0.617074     0.120307     -1.27225    -0.502569     -2.17124       1.1913      2.19817      1.48374     -2.90245    -0.318794    -0.249649     -1.07479    -0.157991    -0.579458    -0.389031      0.80858     -0.16712    -0.157901     -0.75406     0.247836    -0.466596    -0.215051    -0.462726    -0.474083     -3.84186     0.468779    -0.518316    -0.582768    -0.573276    -0.796579    -0.624299    -0.965109    -0.122463    -0.882462     0.769595     -2.36846     -0.46342    -0.669625    -0.383882    -0.485841     -1.06655     -0.36553    -0.291911    -0.297273   -0.0972709     0.344128   -0.0761661    -0.206176     0.260732    -0.038454        1.937       1.8783     0.148969    -0.575056      1.95747     -1.06828     -3.43588    -0.465505     0.126018    -0.447651     -0.34892     -13.2314     -1.89942      1.22582     0.425722       1.5021       -0.344    -0.453027    -0.300838   -0.0384262    -0.968904    -0.465788    -0.387317    -0.288592     0.493001   -0.0481241    -0.115018     -1.09659    -0.148725     -1.14123      1.57582     -0.18605    -0.506029     -0.64927     0.187762    -0.204064    -0.148323      1.66137    -0.337479      2.05143    -0.363008     0.355663    -0.941428     -1.17004     0.236826    -0.391609     -2.97524      1.97019    -0.206392     -0.80917     -0.10601       1.3957     0.373785    -0.385872     0.187249     -0.22215     -1.72779     0.142325     0.897409    -0.712395   -0.0230173     -2.37971    -0.327127
  -0.0779954   -0.0206658    -0.155768    -0.531623    -0.442623     -2.34169     0.105182   -0.0365693   -0.0805947    -0.992076     -0.16993     0.544345     0.247745   0.00701554     0.301073    -0.126279   -0.0644865     0.955054     -3.27525    -0.244787    -0.721511    -0.599441     0.407634       0.4232    -0.192995   0.00802608     0.385048     0.482468    -0.170134    0.0811601      1.11916    -0.372691    -0.308204     0.193119  -0.00454072     0.873172   -0.0461845     -1.82993     -3.54104     0.906546    -0.107055     0.470339     0.123206      0.81703     0.148877      0.32695    -0.189952   -0.0925886     -1.41159      1.14631     -1.18593  -0.00247147    -0.543318     0.269067     0.850941    -0.109716    0.0402794     -3.11862    -0.256868    -0.293846      1.23728     -3.29627   -0.0873637      1.06034    -0.156139    -0.299099   -0.0806922   0.00112728     0.900834     0.827566    -0.201867     0.104038      1.33727     0.911281    0.0835412     0.812796    -0.161771    -0.718674     0.307009     0.364131      1.67446     0.892166     -1.17537    -0.687435      1.23639      2.19871     -1.71008      1.13063    -0.848221     -1.27836     0.240963    0.0641338     -1.56946      0.22707    0.0820515     0.109924   -0.0240199      1.26322    -0.179863     0.863792     0.481787    0.0520049     0.483259      1.35314     0.849983     -1.04793    -0.219312    -0.459912    0.0281892    -0.118745     -0.38474   -0.0502784    -0.133034   -0.0021851    -0.177299    -0.163006     0.689472    0.0523825    -0.147459    0.0547539      2.82732    -0.259617     -0.44551    -0.828387    -0.145226  0.000821561      2.38385      3.15848     0.442337     -1.19109   -0.0714647     -1.08254    -0.241734   -0.0875332    -0.374214      1.28774      2.19967      1.01217    -0.812277    -0.107356     0.656028    0.0840118    0.0511561     0.162857     -1.69195     0.309579    -0.118151    0.0710264      -0.2246     -0.27447    -0.260314    0.0184728     0.521725     0.861997   -0.0755507     -1.11063      -3.4842     0.263798    -0.235172       2.3973   -0.0738514     0.110338      1.00727    -0.047996   -0.0454377    0.0690182     -0.17438    -0.345624    -0.126694      1.60298     0.200438   -0.0823468    -0.799953      1.71573      1.13929    -0.122618     0.655123    0.0790389    -0.784382     0.400345       1.5114     -1.53526     -2.26338    0.0597605    0.0724377    -0.292486     -0.46601    -0.211215      1.48473      1.59771    -0.193685     0.263892      1.10525     -8.88733    -0.608731    0.0614232    -0.886893    -0.179857   -0.0147569     0.162801     -0.45379    -0.225109      1.73462     0.146599      2.27658   -0.0765392     0.974995   -0.0880314      0.58679  -0.00258526      1.64779      4.12338     0.351599    -0.214165      1.39528   -0.0101771   -0.0666888     -0.15269    -0.248569     0.109374     0.216644      -3.1783    -0.239424    -0.869326     -0.95492       0.3136    -0.173683     -0.78014     0.096532      0.46013    -0.321094    0.0602941    -0.974517    -0.458861    0.0898152    -0.383451    0.0896695     0.101146      2.75024     0.696273    -0.118639     -1.48833    -0.167148      2.68752     -0.20896     0.242627    0.0253525    -0.221835      2.89658     -1.08531      1.76959     -1.60162      1.67814    -0.122587     -0.39106     0.375334      2.94945  0.000478123   -0.0714106   -0.0989237   -0.0489936     0.994107    -0.203741   -0.0168464     0.401163     0.109838    -0.113244      1.46944  -0.00516507     0.136841    -0.138475    -0.209482     0.967325     0.022552      1.96985    -0.037612      2.38588     0.802122     -10.2575     -2.11569      0.40996    -0.183809     -0.18946    0.0459488    -0.279614    -0.528201   -0.0128644   0.00169304      2.57904      0.89773     -0.39999    -0.327121    -0.219395      1.96986     0.281238     -6.57611    -0.442739    -0.122003    -0.193956    -0.813367
    0.607914     0.136168      0.49142     0.384443     0.525665     -2.75391     0.356097     0.242481    0.0111118     0.443203     0.118447       2.1231     -5.91707     0.363126    -0.929875      0.23186     0.266726       1.7615    0.0527893     0.218174     0.457407     0.302162    -0.123933      1.68879     0.146589     0.444652      1.49065     -8.98517     0.184896      1.93013     -1.11829     -1.60203     0.445525    -0.830745    -0.787061     0.957008     0.315512    -0.682851      1.61265      -1.1368     0.162502     -1.13989     -1.81569     0.580567    -0.219442     0.509997    -0.186593     0.228887      3.26656     -1.00115   -0.0581734  -0.00481429     0.137196     0.271297    -0.153049     0.274823      1.44956     0.148515     0.123722     0.427859      1.83336      1.70669     0.147702     -1.62075    0.0276095     0.280198     0.269855    -0.562078      3.42374      3.77299      0.16108      -2.6488      0.28936     0.229089     0.293776       2.2728   -0.0497737      1.39524    -0.176775     0.101372    -0.279199      -1.1413     -1.92362    -0.608421      2.19842     -1.63505      1.53285    -0.275136    -0.540425    0.0465282     0.357754      1.29287      2.32758      1.19882    0.0161961     0.551639    0.0234626     0.927709     0.346553     0.212105      1.87067     0.245003     0.158455    -0.254125    -0.144956    -0.895687      1.43039     0.727085     0.164469      1.30556     0.477419     0.149814   -0.0780005    0.0197253      0.46551     0.201205      1.57811     0.162891     0.211567    -0.801323     -1.37386     0.905247     0.923251     -1.17334   0.00349855    0.0869996     0.408946      1.14871    -0.979073    -0.715378     0.330911    -0.503001     0.367445     0.426638     0.240598     0.544199     0.696767     0.929226      1.55927     0.427994      -1.7978     0.608265     0.796584    -0.429879     -5.91587    -0.201117    -0.104711     0.757915     -0.28815     0.185628     0.528993    -0.116232    -0.421044     0.320342     0.640508      1.57008      1.39223     0.399319       2.3135     -1.34187     0.123115      0.22485      0.24028     0.311067     0.191392     0.134007     0.274254     0.104078      0.24306     0.175634     0.375437     0.397047      1.44392     -5.25965      1.32694     0.295071    -0.141566     0.144122      -0.1343      1.41528      2.07217     0.249079     0.483427     0.747154    -0.428374    -0.867809      0.22797     0.820027    -0.379166    -0.782448     0.129286      1.07219     -8.09199    -0.594526    0.0353071      1.85418     -4.54656     0.841484        1.065     0.437314     0.119604     0.301387      1.32164     0.524173      1.26098       0.2879      1.33028    0.0755615   -0.0067424     0.537215     -3.68335     -3.36926      1.54179     0.429391      2.96032     0.242912    0.0952268     0.396134   -0.0795065    -0.864338    -0.310637     -2.29098    -0.167248     0.238536     0.477386     -0.27342     0.251187      2.06803     0.405734     0.521461     -0.40011     0.189507      2.75213     0.736112     0.447594    0.0924922    -0.819463     -2.18552     -3.09727    -0.480778     0.172048      1.68373     0.416647      1.52373     0.300513    -0.207729     0.333813     0.321618     0.944518     0.650912     -2.15042    0.0408145     -6.29211     0.360592      0.24713     0.644026    -0.258895     0.252635    0.0886471    -0.167629     0.241501     -1.24185      0.70893    0.0823309     -0.35565      1.29548     0.506415    -0.471425   -0.0401477     0.229289      0.44699     0.430769    -0.768954     0.353021     -6.13723     0.415928      1.72011     0.518393      1.74446      2.90852    -0.245999      1.56607      0.28389     0.539508     0.189988     0.480102     0.386679     0.199821      1.42099     -1.66619    -0.825583    -0.380896    0.0550423      2.29378     0.222784       0.6161      0.95276     0.165071     -0.86858     0.127554
 -0.00903678      0.14223    -0.305903     0.164425    -0.352599     0.844675     0.331346  -0.00210406     0.298031     0.762017   -0.0570627    -0.461532    0.0427624    0.0791932     -1.09383    0.0201986     0.129489     0.603677   -0.0211993   -0.0920463     0.400258     0.199671   -0.0871344     -4.71948     0.267534    0.0526936     0.896271     0.122561     0.164588    -0.247697    -0.424373     -1.82464   -0.0697871    -0.266657     0.201805    -0.604077     0.214403      -2.5114      1.14269      0.72948   -0.0254836     0.119787     0.252359     -3.91245      0.25857    0.0590091     0.088485    0.0411526    -0.623468    -0.141808    -0.200568   -0.0048051     0.207265    -0.170647     0.306149   -0.0305547     0.314473     -1.46402   -0.0278913     0.423011    -0.320599      1.01431     0.161264      1.01916     0.540711    -0.167225  -0.00641236     0.463754     0.788638    -0.965777    -0.556321     0.600113     0.707583     0.653731    -0.106428     -1.44785     0.180831      1.83967    -0.405103      1.61944    -0.611063    -0.441569     -1.48417       1.4277      1.15855    -0.281683    -0.104888    -0.830277    -0.901726      1.37489    0.0871606  -0.00924842     -1.79623      -2.3278    -0.157444   -0.0864681     0.435124    -0.156547     0.159918     -1.68364     -1.04786     0.151539     0.256448      2.16216    -0.210029      1.52285    -0.655506    -0.437392     0.418764      1.94999     -2.16097     0.434167     0.141165    -0.213073     -0.19441     0.299879     0.953406    0.0137105  -0.00908678     0.166747     -1.65137     0.922342    -0.309486      1.03812     0.231145   -0.0660669     0.549497     0.404008     0.593598     0.582939     0.162077     -2.63763      0.26805    -0.253707    -0.136542      1.34675      2.98803     -1.39399   -0.0481407   -0.0542889     0.591923     0.249263     0.969027      1.91454      2.61243       1.4326      1.03355       2.6063      -1.9777     0.458195   -0.0876409     -0.16699  -0.00219246     0.756234   -0.0632584     0.219567    -0.617465    -0.169274    -0.948307     0.354448     0.288546     0.281963      2.66679    0.0462955    0.0146939     0.163232   -0.0806119    -0.199683      1.02246     -1.48791   0.00412846     0.158271    0.0736836     0.808765      1.06372   -0.0814547     0.817257    -0.333434     0.446135    -0.314694     -1.74004    -0.586311     -2.16105      1.60406      1.20569      1.18232    -0.347345    -0.132811     -3.08509    -0.213035      0.18668      2.24591      0.94865      -0.3274      1.04959      1.68007      2.40333    -0.168328    -0.134774      1.48726    -0.339075    0.0821033      1.19514     -0.11153      2.26717     0.324076     -7.49925     0.342808     0.758224    0.0725306      1.80207      1.00816      3.44756    0.0433839     -1.36206     0.175081      0.23423    0.0578755      2.95435    -0.757327    -0.230687      1.22607     0.919437    -0.119484     0.171525     0.212548     0.455172     0.627818   -0.0679852     0.309233    -0.320222    -0.159157    -0.686009      1.13428      0.50822    -0.192135    -0.104378      1.02485      2.19213      -4.9155     0.208448     -6.39391     0.513464       2.2067      0.17469    -0.828155     0.157414    0.0367998       3.2015    -0.627157     -3.32839    -0.289844      1.27502    -0.148755      0.44644     -3.63185     -1.22483    -0.563829   -0.0815489     0.249304    0.0365704      -6.5647     -0.17677     0.199099   -0.0269263     -6.24122     0.198952    -0.689171    0.0279739    -0.186837      1.46656      0.14426    -0.289583     0.134134     0.995982    0.0814958     -1.27225    0.0954575      1.61472    -0.131577     0.150796      2.68349     -0.28875     0.683523      2.49667    -0.479535     0.254362     0.186302      1.45681     0.891911    0.0338842     0.484841     0.335766     0.821323     0.687681     0.591632      1.88503    -0.335546      0.12589    -0.363693
   0.0352289    0.0459878    -0.254023     0.104354     0.160831      1.69544    0.0424052     0.125532   -0.0534869    -0.147624     0.221531   -0.0520366     0.679125    0.0545121    -0.757926    -0.107781     0.555874     -1.52376     0.950993     0.258935      0.43641    -0.510611    -0.836839      2.16535   -0.0485029     -0.30459       -1.625    0.0124663      0.11588    -0.746994      1.00922      1.65772     0.185025    -0.696109     0.346357   -0.0992154     0.203852     0.874366     0.114804      1.58181    0.0562386     0.269504     0.236621     0.207251     0.160933     0.502204     0.833837    0.0499064      2.45252    -0.171683    -0.750515     0.175003    -0.260101  -0.00374694      0.14049      0.13902     -0.50736    -0.943637     0.261054     0.100143     -10.3503      1.11052   0.00609129      1.12977      0.08846     0.224982    -0.194553   -0.0699515     0.754885    -0.497312     0.677178     0.940748     -3.21456     0.864039    0.0918337      1.29754     0.164502      -1.8322     0.496153     -2.15754     -1.02372      1.10706     -1.10096     0.157167      2.29425     0.655361     0.216007    -0.134816     0.683364     0.796512     0.149937     -2.52137     -1.55523      1.24746    0.0128503    0.0968568     0.171593    -0.321787    0.0512261    -0.141612     0.882595    0.0558357    -0.101059     -0.11259    -0.154834      1.12137    -0.677533    0.0504837    0.0588934     -1.29681      1.95133    0.0948338     -0.11938     0.291053   -0.0680918     0.174176     0.646363    -0.136761     0.414248     0.528282      1.73277    0.0385267     0.148829     0.150199     0.178136    0.0173672      3.38758      0.54371     0.579932    -0.591699     0.031523     0.320656     0.508574    -0.134208    -0.146382     -6.60169     -2.01005      1.67615    -0.576718    0.0729661     0.128513     0.423084     0.218782      1.78408      2.46065     0.774963    -0.182151     0.653679     0.981279   0.00418571     0.153972     -0.11526    -0.180879    -0.216267     0.395981     -1.33456     0.143971     -0.49199    -0.358546     -4.20502    -0.249444     0.124078     0.174465     0.233315     0.243738     0.132922   -0.0338749    0.0686973     -1.05866      1.38246    -0.297335   -0.0775738    0.0386185    -0.268812     -3.86825     0.191047    -0.686271    -0.420784       1.8168    -0.955163      1.02763     -2.57269     -0.68246     0.274023    -0.490092     -0.80964     0.728664      0.23636    -0.171682      1.24248    0.0907791    -0.351006      2.07474      3.05273     -3.14698    -0.716216     -0.68181     0.123321     -1.24974       1.3413     0.382716     0.207345     -3.37735    -0.126632     -4.68188     0.135483     0.755895   -0.0743472   -0.0446099    0.0529775     0.636999      2.77632      2.37596    -0.106615      2.43244    0.0201925    0.0323178    0.0706437      -1.5128     0.290921      1.91868      2.36821    -0.102607     0.890357    -0.253077     0.320248    -0.228755     0.959257     -0.83765     -1.03564    -0.413541   -0.0685802    -0.627219    -0.849974     -0.92575    0.0204546     0.619894        3.072     -2.29003    -0.412016    0.0708015    -0.670484    -0.166201    -0.933266    0.0658354     0.022923    0.0707967     0.146343      1.75635      3.58609    -0.909922      -1.4579      2.54454     0.746564     0.153096      1.07299      1.64118     0.267587     0.440155  -0.00329484   0.00798154      0.36683    -0.673875     0.428284    -0.530789     -0.50862    -0.105647     -2.29165     0.504344   -0.0794861    -0.175721    -0.200212     0.236118    -0.217228      1.97044   -0.0616162     0.583216   -0.0141629     0.860406    -0.439263    0.0138205     -7.63596   -0.0424478     0.433662      1.55205    -0.124001     0.183942    0.0324022     0.971941  -0.00999564     0.448492      -0.1071    -0.108574     -1.93071    0.0646815    -0.299328    -0.810668    -0.792208    -0.857821    -0.289614
  0.00749836    0.0224034    0.0499715    0.0120893    -0.212101     0.257611   -0.0973663   0.00725154    0.0314523    -0.180368   -0.0138298    0.0191367   -0.0447414   -0.0221545     0.178316   0.00611362    -0.110081    -0.919055    -0.078687   0.00822042   -0.0357278    0.0261124   0.00054784   -0.0993275    0.0174368    0.0975554     0.117132     0.127755  -0.00748437     0.425692     0.479454     0.777779    0.0728471     0.166301    0.0415831    -0.217665   -0.0266823     0.208118    -0.232062     0.116117   0.00100473    -0.209584   -0.0377946    -0.230647    0.0469574    0.0565784   -0.0363207   -0.0045765    0.0174801    -0.363327     0.575662   -0.0925618   -0.0905709    0.0124563   -0.0967321    0.0143005     -1.43636      1.50072   -0.0901178    0.0473829    -0.103658     0.166094 -0.000112691   -0.0474749    -0.072983    0.0555686   0.00165151   -0.0391191    -0.024738  -0.00748635   -0.0308318    -0.176632     0.325662   -0.0309629  -0.00731602  -0.00513617   -0.0974382     -0.21007   0.00307439     0.319316      1.85441    -0.153573        0.196    -0.238405    -0.370272    -0.465284    -0.306068    -0.237136     0.326627   -0.0650337   0.00800132     0.213713    -0.277114    -0.193939    0.0306984    0.0262649   0.00186083     0.938965   -0.0280874     0.209904     0.335618  -0.00122852   -0.0820482    -0.612965    -0.212943    -0.056886     0.210856    -0.163898     0.063849    -0.130287   -0.0505395     0.065801     0.003659   -0.0236867    0.0089183    -0.037391    -0.029251    -0.011359   -0.0689001   -0.0204622    -0.107675    -0.115631    0.0207718     0.270371    0.0271116   -0.0394382    -0.336148     0.109449   -0.0882981     0.203674    0.0302899    -0.332707   -0.0780975   -0.0115907   0.00479476    -0.249306    -0.420255      1.19479     0.391708    0.0121906     -0.20786    -0.137258     0.254409   -0.0764465    0.0371143      1.37468     0.128009     0.087483     0.190545    0.0287038    0.0595485   -0.0417045  -0.00648604    -0.519116   -0.0512736     0.188599    -0.296339    0.0311996    -0.261312   -0.0249279      0.01326     0.033868    0.0372254 -0.000638259    0.0185203    0.0359026     0.031687    0.0243478     0.472659    -0.113037    0.0433388    0.0268052     0.239888    -0.106555    -0.111532     0.062655     0.353093    0.0445412    -0.928742    -0.456085     0.218238    0.0518295    -0.102525    0.0176376   0.00459171      1.48023    -0.117003   -0.0861611    -0.260745     0.461864   -0.0411017   -0.0790488     0.207663     0.446614     -0.40631    -0.168471   -0.0200683     -0.01523    0.0837679     0.244558     -0.05946    0.0125995    0.0935305     0.115708   -0.0487805   -0.0200672    0.0113279    0.0756272      0.04534    0.0229867    -0.394823    0.0573601   -0.0687186    0.0893684    -0.211527    -0.028069     0.048381  -0.00179616     0.135348    -0.174561    -0.311784     0.241786    -0.147397     0.145417   -0.0481883    0.0270295     0.083949     0.337804      0.09067   -0.0835768    0.0723261    0.0100215     -0.21315      0.26028    -0.129341   -0.0149093     0.253035   -0.0859263    -0.294204    0.0859905   -0.0585705     0.200201   -0.0593584    -0.114351   -0.0222303    -0.052121    0.0380594   -0.0269564    -0.135521     0.152884     0.313423     0.485249     0.122433    -0.159934    -0.100804    -0.167259    -0.205237    0.0507314   -0.0500799    0.0161277   -0.0087877      0.06207   -0.0200559    0.0596033    -0.212995    -0.149704    0.0236683      0.20495    0.0595318    0.0227866      1.71344    0.0591563     0.185845   -0.0224994    0.0105818    0.0240956    0.0937148     0.113516    -0.131468    0.0599987   -0.0648575   -0.0751202    0.0625383   -0.0965759    -0.017601   -0.0716778    0.0228819    0.0505584     -0.14674     -0.26485  -0.00573155   -0.0232917   -0.0886061   -0.0403124    -0.148124     0.133609    -0.302821   0.00863341    -0.795147    -0.196815
  1.14615
-0.485354
  1.44377
 -0.29129
 -7.01198
-0.102939
  4.35053
-0.287702
  1.90968
  0.13072
