2 8 0.5 100
1
1
9 50
  0.0803907   -0.831216     0.70457    0.203148     1.18822    -0.39922    -5.02525   -0.464298  -0.0667496
    5.65191   0.0787173   -0.460933    -0.70306   -0.343171  -0.0806528   -0.281091    0.295636    -0.60358
    0.15252  -0.0570382    -1.64125    0.201407    0.465823   -0.396962    0.131013    0.306036     0.51357
   -1.41715    0.869772     1.03968    0.459024    0.407969   -0.108755    0.258931    0.661363     0.52874
  -0.650819     4.15084   -0.253721   0.0465893   -0.258895   0.0654304   -0.143761   -0.229756   0.0495031
  -0.312992    0.280239   -0.777002   -0.725894    -0.43852     3.00413   -0.373469    -1.09477   -0.109336
   0.797822    0.355244    -6.35939    0.566303    0.532627    0.859029    0.844696      0.5673    0.978929
   -1.08284     1.86321    0.554818    0.636167   -0.136771    0.131779   -0.181644    0.645022     1.02709
    1.01284   0.0178698    0.468221  -0.0727989     1.15024  -0.0860509    0.243937   -0.386587    -3.65823
   0.879824   -0.539486  -0.0909896    0.664837     1.40258     0.66048   -0.859104   -0.321349    0.441176
  -0.114585   -0.211777     3.02243   -0.138006   -0.365556   -0.771222   -0.357513   0.0818189   -0.121062
  -0.273846   -0.616822  -0.0940447   -0.325269   -0.485108   -0.108374   -0.314087     5.69249   -0.341286
   0.109744    0.104906    -0.26713  0.00385933    0.163698   -0.184086  0.00827296  -0.0209208   -0.136762
  -0.201437  0.00940311   -0.672955     -0.8234   -0.892821   -0.626164    -0.94982     3.04269   -0.226782
   0.308039    0.807681   0.0555395     1.50791    -3.11428    0.514946    0.906095    0.748753    0.141437
    1.52217    0.713779     1.11186   0.0249325     0.37246   -0.201705    -1.17856      0.1935   -0.214271
   -1.20693   -0.355189    -0.77063     6.74518   -0.966506   -0.941352   -0.470025   -0.521051   -0.563523
   0.357597     1.03277    0.224882     1.25717    0.459139    0.361026    0.871642     1.05494     -6.9441
   0.362668     2.63996   -0.105528  -0.0944008   0.0830209   -0.304069    -2.30789    -1.00404   0.0547028
   0.138693   -0.263541    -1.11457    0.350914   -0.225339   -0.660083     5.53412   -0.147572   -0.270092
   0.352133     0.63611    0.628796    0.217643    0.806349   -0.485154    0.438958    0.753711   -0.276085
 -0.0987275      5.5491    -1.01791    -0.21249   -0.348528   -0.322455  -0.0115315   -0.673273   -0.446544
   0.161204     0.17005    0.123306   0.0506733    0.332889   -0.127357  0.00215368   0.0322263    0.916537
  -0.979631    0.336212   -0.195755   -0.380153     0.55851    0.101577    0.148796  -0.0414526   -0.135604
   0.876446    0.560888    0.792529   -0.934187    0.770522  0.00931024    0.572086     1.49597    -3.98749
   -3.92153    0.995052    0.808162     2.31422    0.623496  -0.0549557   -0.108275    0.025627     1.38371
   0.873416    -4.09659    0.455744   -0.166188    0.858538   -0.368952    -0.10481   -0.224769       0.125
    1.63101    0.629737    -5.32288    -1.08802     1.06659    0.890153     1.01084    0.410139     1.59085
  -0.406666    -1.01494     1.50432     2.24763   -0.948448    -1.63143    -1.90788      1.3157    0.482963
 -0.0152989    0.452165   0.0984106    0.112737    0.429718    0.122299     0.31899    0.884186    0.511365
  0.0938195    0.233368   -0.188773   -0.904168 -0.00797782     1.03781   -0.159722    0.168186   -0.783245
   0.204405    0.504153    -1.03286   -0.426755    0.108099   -0.126645     3.46084   -0.644925  -0.0920582
 -0.0151174     0.55848    0.330835    0.308714    -1.03973    0.380199    0.453396     0.21881   -0.197059
   -1.90248    0.826604    0.779031    0.128605    0.347288   -0.252389    0.176027     1.02466   -0.281021
   0.309927    0.992044    -0.23692    0.182289    0.250639   -0.293396   -0.316296   -0.155683   -0.366377
   -2.95697   -0.620627   -0.202684    0.402911    0.348362    0.555752    0.413286   -0.227152    0.103147
  -0.678343   -0.124457   -0.296334   -0.570041   -0.933042     5.98668   -0.244838   -0.277119   -0.909505
     4.0308   -0.174469    -1.01363   0.0342407   -0.525902    -0.39862   -0.214911    0.175824   -0.422003
  0.0828871    0.298476    0.376779    -1.68313    0.289346   -0.142992    0.405894     1.53205    0.524962
 -0.0904133    -1.63823   -0.680027    0.753202   -0.294577    -1.30415    -2.22826    0.236001   0.0824586
   -0.34016   -0.757988   -0.613541     -1.9226    0.212526     0.37664    0.229309    0.319668    -1.06985
  -0.349447   -0.345471   -0.336612   -0.397973     6.83224   -0.183939   -0.518424   -0.566148   -0.415885
  -0.413246    -0.46561   0.0605731    0.601983    0.185697   -0.145012  -0.0660221   -0.280763    0.800018
  -0.969981   -0.326759    0.671803     0.88757    0.775942    -5.58091    0.158067   -0.583505    0.923642
   0.547157  0.00810555   -0.214963    -3.55958    0.491142    0.411379    0.733043    0.568454  -0.0146672
  -0.760475   -0.040037   0.0058996    0.688597    0.205025    0.807271    0.237439      0.5016   0.0163773
  -0.875865    0.607968   -0.463832     1.61979    0.452986     1.44587   -0.591288    0.659463   -0.145153
   0.461511     1.13583    0.967393   -0.388164    -4.48769    0.238793    0.786739    0.568967    0.548258
   0.238577    0.974863   0.0174427    0.775653     1.00412  -0.0288713    0.817853    -3.51916 -0.00302306
   0.936016      -2.509    0.423234    -0.34235   0.0724239  -0.0869271   -0.595733     3.48294   -0.852417
 -2.41157
 -4.17029
  -2.4168
  -2.4679
  -3.3499
 -3.58523
  3.16091
 -3.03396
 -2.65376
 -3.04287
 -2.97706
 -4.07403
 -2.50623
 -3.22693
 -2.08765
 -2.70124
 -4.69996
  2.75167
 -2.45567
 -3.51254
  -2.2764
 -4.26493
 -2.41998
 -2.75398
 -1.57241
-0.891355
 -2.05245
 -1.56973
 -2.52112
 -2.34873
 -3.03666
 -4.05944
  -2.6516
 -2.54792
 -2.62646
 -3.20173
 -4.16445
 -3.49546
 -2.84991
 -2.02426
 -1.99474
 -4.28568
 -2.80147
 -2.23872
 -2.14649
 -2.42203
 -1.09677
 -2.12776
 -2.49439
-0.215279
1
4
50 10
   0.499749    -7.49284    0.393578    -1.86319   -0.530324     1.24982   -0.279003    -1.27548   -0.176056   -0.554471    0.664615     1.63267   0.0850105    0.330929     1.35929   -0.483211    0.500258    -1.61301    0.362096    0.201869    -0.29131     1.00507   0.0389047   -0.988491    0.969302    -3.92886    0.893883    0.868284    -0.89363   -0.408329   0.0104796     1.45972   -0.111455    -1.92395    0.379535    -2.45743     1.34664    -4.40986   -0.263735    0.681174    0.862126     1.33335  -0.0657276   -0.184658   -0.154971   -0.151284   -0.195831    0.688843    0.197977     1.78242
   -0.55828     1.32379     0.55197    0.390779    -3.93555    0.487255   -0.974374   -0.475771    0.120084    0.649416    0.330233    0.116742    0.157346     1.17105    0.882237   -0.279642     1.45412    -1.57361   -0.723402     1.16715   0.0198076    -7.34155    0.238527    -0.01875   -0.553262     2.68787    -4.50368     1.14775   -0.488345    0.496167    0.299857   -0.526161     0.12232    0.195976   -0.548419    0.326349     1.15133     1.13355    0.749784    -1.43147    0.651325    0.677932    0.249573       1.478    0.977392     1.28837    0.987469     1.29299    0.404781    -2.87611
    0.14216     2.19048    -2.03286    0.408363     1.28809    -1.45919     6.36815    0.687724   -0.147183     1.07603    -3.40993     1.13694   -0.701356    0.554062  -0.0193319   -0.334837     1.79846    -2.06708  -0.0859604    0.905375   -0.736454     1.26806    -0.37221   -0.265936   -0.405504     0.12943    0.821833    -6.98277    0.052332   -0.160037    0.271123  -0.0264709    0.127071    0.163034    -1.05924  0.00529427     2.38135    0.445501     1.08802    0.720525    0.212997     1.30874   -0.163495    0.787983   -0.363828   -0.323217   -0.954337   -0.103923  -0.0192469    0.819125
    1.06664  -0.0396257   0.0354853    0.217246   -0.509344    -1.40903   -0.690293   -0.257942    0.472905  -0.0790599    0.609566    0.834245   -0.143781    0.119553   -0.144054     1.39438     -10.496   -0.757359   -0.327043     1.03914     0.73325  -0.0150908    0.156119   0.0447749    0.407135     1.14385    0.627039     1.18962     3.01518    0.272952    -1.33792    0.297195     0.50385   -0.167941  -0.0833148     1.54884  -0.0555494   -0.150185    -1.33083    0.226832     -2.6974    0.275348   -0.420006     1.72463    -3.81461   0.0515972    0.743798     1.44513    0.909035   -0.249665
     1.8201     1.43274    0.298593    0.817491    0.744339     1.37878   -0.488892    0.374198    0.696445   -0.426762    0.863691    0.545869    0.318153     0.70157    -3.35663    0.810121     2.08173   -0.704813   -0.727735    0.445963    0.322935     1.58974    0.245209    0.449957     1.49539   0.0964636    0.906884     0.95779   -0.054074    0.140228    0.782572    0.753851    -1.14936     0.23905    0.576295     1.24581    0.484782   -0.207464   -0.291937    0.205708      1.1071    -8.66001    0.377923     1.28117    0.424689   -0.502566    -0.60595    -4.87276     1.63129   -0.264987
   0.705017    0.842775    0.497696   -0.513713    0.892051    -3.52525    -1.12444    0.543171    0.679722   -0.360335    0.344978    0.521263    0.136555    0.101883     1.26825    0.868404     0.91564   0.0182138   -0.661519     0.89191    0.170972     1.52968   0.0428658    0.827735     1.93324    -0.92082     1.26036    0.706802    -1.54226    0.400843     -1.4925    0.915426   -0.244992    -0.59142   0.0503381    0.810691    -8.17193     1.08631  -0.0559662    0.752372    -0.81719     1.40808   -0.346654    -6.46824     0.94395   -0.318122    0.347349  -0.0396591     1.18169    0.471855
   -5.26923    0.468681   -0.170162     0.76849     1.15658    0.203987   -0.292976     1.52281    0.592858   -0.188338    0.417594    0.413695   0.0897019   -0.899925   -0.240894   -0.547081     1.07883  -0.0596125     1.69524    -6.20898    0.391943  0.00990666   0.0765767   -0.114003    0.954972   -0.397426    0.337099     1.56137    -1.27812    0.196914     0.61131    -4.11977   0.0154588     1.43429    0.105805   -0.530561     1.37381    -0.16494     1.62192    -2.50756     1.07657     1.06308   0.0810952    0.137129     0.91928   -0.147211   -0.240603     1.13545    0.463258   -0.566595
    1.57805    0.720996    0.451093    0.876025     0.77758    0.744282   -0.866106    0.459517     1.75849    0.839651  -0.0628667    -7.16261    0.317449    -3.05465  -0.0867434   -0.600603     1.35673   -0.938644   0.0458573     1.05107   -0.334543    0.126272    0.284005   -0.697086   -0.665863   0.0765477  -0.0814428    0.176306    0.742606   -0.177509     1.02498    0.220426    0.391789     1.26502    0.178307   -0.747031     1.18719      1.3495     -1.1568   -0.211427    0.783149     1.08092    0.769884    0.192613     0.61761    0.136116    0.748844    0.472749    -4.24449     3.47309
   0.346227    0.324546  -0.0404997    -1.18243    0.195964     1.47407    -1.74079    -1.23223    -3.98695    -0.50141   -0.299047     1.68866  -0.0789498    0.915969 -0.00363252    0.521261     1.68808     8.02412  0.00624734    0.414866   -0.805239     1.82422   -0.958561    0.580573    -4.02965     1.10984    -0.48293    0.120186    0.425643   -0.506551    -0.55875     1.32451  0.00407305  -0.0873366   0.0844027    0.331286    0.699374    0.488324   -0.579171     1.53512    -1.49312     1.77716   -0.866017     1.02556    0.265686   -0.168802   -0.910369     0.28816   -0.205633    -2.37602
  0.0283981   0.0585365  -0.0364307   0.0879108  -0.0564729  -0.0267585   0.0128635    0.074375   0.0291142  -0.0775379    0.102407   0.0674369  -0.0487257   -0.167338  -0.0282807   -0.056393 -0.00386574  -0.0425473   -0.049712  -0.0014274   -0.124714     0.13965 -0.00820228   -0.066832 -0.00232869  -0.0546522  -0.0390837   0.0489032   0.0257581   0.0413111  -0.0338536   0.0965863   0.0306702   -0.117452   -0.137438    -0.14194  -0.0209263   -0.165053   0.0156009   0.0857088   0.0788945    0.105532   0.0111735  -0.0722249  -0.0699316  0.00881309  -0.0458535   0.0173711  -0.0528839  0.00699903
 0.854171
  1.05418
 -3.25164
 0.642158
-0.867089
  1.57982
  1.36747
 0.578847
 -3.49574
0.0365082
