2 8 0.5 800
1
1
9 50
  0.633098   -1.22477   0.740811    1.49888   0.741882 -0.0670897   -6.53333  -0.871608  -0.750766
   7.39102  -0.821279  -0.804539  -0.177904  -0.487757  -0.582897  -0.533037  -0.472219  -0.592244
  0.783224    -0.9905   -2.59217  -0.205497   0.501179   0.490505    0.67363    1.60848   0.342849
  -2.86292     1.2663   0.316763    -1.0489   0.649615   0.397403    1.40239   0.923072    1.67946
 -0.385055    4.60481   0.734756 0.00654318  -0.794457  -0.603759   0.759092  -0.304843  -0.263997
 -0.443076   -1.28578   -0.74873  -0.383277   0.536741    4.14148  -0.704881  -0.266852  -0.129781
  0.683326    1.29045   -8.67062    1.86764    1.29914    1.75569   0.343747    1.15944    1.49476
  -1.16574    1.99985   0.750647      1.942   0.186972   0.922238    1.64909   0.520391    3.04759
   1.46057   0.316466    1.43298   0.239231   0.902246   0.647581   0.460853    1.03233    -5.7619
   1.08566  -0.898668  -0.527868    1.25344    1.80044   0.208715  -0.478138  -0.637383  0.0067248
 -0.353619  -0.425327    5.15958   0.299128  -0.566728   0.233305  -0.781395   0.267253  -0.392868
 -0.620867  0.0117013  -0.415379  -0.378115  -0.837288  -0.406438  -0.521485    7.92201  -0.429391
  0.312931   0.173483 -0.0118598  0.0125825   0.164935 -0.0584858   0.153416    0.10838  0.0920983
  -1.77378   0.644128   -1.76183    0.19369   0.107467   -1.98689   -1.23202    4.96696   -0.85516
  0.268625   0.563871   0.961303    2.94431   -4.60355    2.49102    1.10868   0.843557  -0.192183
   2.72473     2.5816    3.80455  -0.146578   -0.64477  -0.919875  -0.402348   -1.12499   -1.15259
  -1.82626  -0.254997   -1.50165    8.43348   -1.28627  -0.922589   -1.26399  -0.177961   -2.18978
  0.561356    2.51164     2.3818   0.861106   0.466595   0.208879   0.942542   0.487833   -9.66128
  0.360508    1.93382   -1.82869 -0.0560945  -0.331978   0.382555   -2.57534   0.064915   -0.81714
  0.620651  -0.530874  -0.414649   0.797419  -0.694189    -0.6191     7.5933  -0.826727  -0.661063
   1.81857    1.22624   0.410248   0.650418    2.10589   -1.05552    1.36957    1.98602   0.142718
 -0.715533    7.00728   -1.23673   -1.06352  -0.844268   -0.41435   -1.51894   -2.22221  -0.663016
 0.0113738   0.741328   0.616364 0.00626002   0.200606   0.392058  0.0963011   0.779015    1.98583
  -1.57444    1.17353   0.552564   -1.31938    1.62386   0.657668  -0.407795  -0.271558   0.399358
  0.550946   0.990507   0.930402     2.0112    1.10585    1.87285    3.02167    3.24899   -4.65952
  -4.51958   0.913804   0.137725    1.91394     1.1102  -0.699987   0.604509    -0.4097    4.28103
 -0.669083   -6.05383   0.149172  -0.206036  -0.372563  -0.276601    1.21155  -0.149046  0.0208361
  0.114902 -0.0210085   -6.89268    1.32231    1.01225    1.18511    2.54085    1.50616   0.918521
   1.25891  -0.601231    3.72168    3.54337   -1.14536  -0.473601    -2.3682   0.075124    1.19622
  0.054837   0.642419 -0.0545446   0.455509   0.211047   0.459602   0.662145    1.45052    1.75353
 -0.501778    0.37393  -0.458857   -1.63501  -0.910035    1.82792  -0.764687  -0.158264 -0.0653633
  0.389039   0.484333  -0.706772    1.25554   0.477833    2.00308    5.01699   0.476486   0.279016
 0.0461831   0.555602   0.322428   0.119318  -0.926424   0.651229   0.370053   0.114976  -0.272848
  -3.98036   0.389279   0.489455  -0.762482 -0.0274842   -0.41553   0.562454   0.367903  -0.594967
   1.28188    1.20242   0.516524   0.274905 -0.0263869  -0.886658  -0.550942  0.0130657  -0.807454
  -4.83724    1.40321   -1.41589  -0.615482   0.265282    1.35463    1.82681  -0.342212  -0.859758
 -0.558834   0.298186  -0.171139  -0.479569   -1.07682    6.75834 0.00541417   0.527552     -1.354
   5.21099   -1.07954    -2.0361   -1.75452  -0.564352   -1.38863  0.0086173  -0.820649  -0.389829
  0.938923   0.650743   0.761218   -1.49822   0.290217  -0.191978   0.989261    1.48143   0.403398
 -0.347042  0.0610359   -2.37015   0.740363 -0.0592981   -1.04638    -2.2567   0.533287   -0.59389
 -0.695146     -1.335   0.169024   -3.42576  -0.295626    0.23424  -0.657846  -0.740151   0.348807
 -0.270296  -0.333128  -0.861748   -1.01254    7.86663   -1.33109   -1.21546   -1.10325   -1.23432
  -1.43919  -0.854819  0.0398255   0.349664  -0.458635  -0.519019  -0.250139   0.622948    2.59186
  -1.00778 -0.0621268  -0.114074  -0.155511  -0.522918    -7.7814  -0.292046  -0.684697   0.314455
  0.983461  0.0777538  -0.307641   -5.98013   0.804974    1.00341  -0.440473   -0.35022   0.912312
 -0.506715 -0.0602266  -0.167988      1.198   0.626703     1.0833   0.805142   0.718477  0.0873328
  0.276311   0.139037   0.193501    1.48883   0.635359    1.74099    1.34684    1.24615    1.67044
   0.52322    1.60929    2.14458   -0.72428   -6.26486 -0.0952506    1.37332    1.59413   0.745028
 -0.696206   0.667278   0.293485  -0.122567    1.34592  -0.677934   0.861076   -7.02871    1.32168
   1.72639   -2.01483   0.962722  -0.544034    1.25632   0.101379    1.69306    5.49719   0.590942
 -3.04976
 -5.25795
 -2.99331
 -2.22282
 -4.93528
 -4.94326
  4.20105
 -5.52848
 -3.04677
 -4.28333
 -5.44693
 -5.06098
 -3.28492
 -2.75951
 -3.11928
  -3.6257
 -4.53119
  3.06798
  -3.8895
   -4.351
 -3.59263
 -5.21142
 -2.96611
 -4.13103
 -3.31812
-0.885185
  -5.2591
 -3.76774
 -1.34921
 -2.91399
 -3.58343
 -6.12732
 -3.56093
 -3.73683
 -3.45728
 -3.04701
 -6.00266
 -4.45151
 -4.29273
 -3.93612
 -3.48464
 -4.72367
 -3.43233
 -3.54602
 -3.00959
 -3.25584
 -3.29939
 -3.23703
 -3.37511
   -1.835
1
4
50 10
    1.60585    -12.3683    0.435862     -3.3998   0.0428046     2.28487    -1.26826    -1.49376    0.834185   -0.673313     1.33507     1.01815    0.205339    -1.03502     1.74862   -0.899558    0.799989    -1.94617    0.401505     1.22434   -0.225222     1.85551     0.19917    -1.33227     3.32867    -2.50438     2.73133     1.42027    0.332728   -0.259204   0.0138051     2.82275    0.063113    -4.48822    0.761568    -4.07815     2.02145    -6.41211    0.219703    0.228176     1.06894     1.84157   0.0484457     0.60257     1.90941  -0.0538725    0.454533    0.924798    0.558992     2.31981
  -0.865052     1.21059     1.07193     1.37821    -6.75243    0.114501   -0.953428   -0.165987   -0.502518    0.381763     1.01175   -0.440472    0.172678    0.813527     1.97815   -0.134014     2.67939    -1.85178   -0.626727     3.05003     0.23391    -11.5309    0.660996     1.03838    0.298669     2.59061    -9.01233     2.08578    -1.49825     1.02765   -0.425932 0.000300688   -0.264539     0.27625   -0.628173    0.666432     1.20481    0.830916     1.14022    -1.26311    0.149516     0.84245     1.60656     1.79563    -1.30619     1.44989     1.05494     1.56145     1.52453    -1.80334
   0.904784      2.7975    -3.09953   -0.456778     2.02581    -1.63537     7.38634    0.742345   0.0657224    0.915608    -7.89076     2.18285   -0.770156     2.13831    0.896757    -2.07123     3.35483   -0.949481    0.590465     1.26711   -0.462129     1.18664   -0.731378   -0.141814      1.1281    0.971466     1.71184    -9.87975       2.257   -0.618897    0.348484  -0.0854957    0.121856     1.04565    -1.49026    0.429311     2.64966    0.147417    0.521989     1.66019   -0.287072     1.45021   -0.829989     1.91448   -0.465233   -0.640017    -1.35024    0.118705   -0.361825     1.48306
    1.29582     1.06873   -0.388943    0.658152   0.0660532    -1.36228    0.392756    0.384944  0.00945598  0.00552618    0.772229     1.58873  -0.0828788   -0.391193    -0.72626     2.24638    -14.7568   -0.763449   -0.167239    0.904062     2.45512    0.893977     0.33039  -0.0980702    0.256004     1.88956    0.594443    0.541364     1.45547    0.164761    -1.56006    0.506946    0.632142    0.543444   0.0916297    0.842697     1.97619    -1.23334    -1.44494   -0.430437    -3.32845    0.653994   -0.853966     1.66501    -7.57663 -0.00168284     1.18689     2.06765    0.531707   -0.428938
    1.19313     1.59622   -0.138762    -0.25042     1.30907       1.828    -1.56053     2.31435    0.808028   -0.751307     2.70142     1.72842    0.329807     0.53089    -5.25867    0.453319     1.57199    -1.16472    -1.47594    0.533919    0.448132     2.58885    0.722632    0.691064    0.596338   -0.938344     1.93453   -0.500957   -0.759104    0.663618     1.16579     1.90191    -1.28184    0.319045   0.0379309    0.682693     1.05696    0.202681    0.267137   -0.102596     1.50543    -11.7222   -0.106387   0.0124737     1.08171   -0.381292  0.00936152    -7.94829      1.6861   -0.609241
   0.471648     1.80052     1.31615    0.418981     1.12644    -5.03563    -1.02541     1.00221     1.37424    -0.70824     1.51627     1.41296    0.156526     1.38316   -0.277764    0.764898    0.876774   -0.514521   -0.290616     1.48902   -0.669551    0.981786    0.503176    0.973431     1.22463    -1.51328    0.517993     2.39088   -0.940601    0.796672    -1.91101   -0.478254   -0.154944   -0.905727    0.177832    0.383886    -12.9041     2.04956   -0.208795      0.6309   -0.767817     1.39226   -0.133151    -8.81977     1.41731   -0.438097     0.43893    0.330968   0.0474482     1.38642
   -7.46473     1.89739   -0.102017    0.556025     1.43449     1.00299    0.203419     1.26695     1.77943    0.452067   -0.592842      2.6783   0.0727025   -0.655392   -0.376795   -0.607065     1.99365    -1.03851    0.739132    -10.3927    0.455003     2.10153    -0.15746   -0.585693    0.328413     1.08731    0.121089     1.82849   -0.259466  -0.0610485    0.905987    -6.67085   -0.074064    0.694569    0.266866    0.360503     1.65819    0.690919     1.55552    -1.78035    0.817342     2.21527     0.71586    0.262145      1.6809  0.00558619    -1.31217     1.36033     2.94912   -0.856389
    3.09098    0.763696    0.501982     1.55938    0.274006    0.778924   -0.666763    0.223243     2.64779      0.9013     1.14378    -12.1184    0.277776     -5.1402    0.537182     1.27092     1.22025     -1.0528    0.388483    0.453365    -1.11453   -0.370207  0.00206121    -1.23424   -0.720007    -1.51762     1.38454       1.127    0.119286   -0.163168     1.77216    0.512275    0.645123     1.42136    0.973333   -0.751698     2.18562     2.78447    -1.46166   -0.440247     1.90712     2.01084    0.608423  -0.0448597     2.55042      0.3089    0.623633     1.03452     -8.3326    0.714133
  0.0979928     1.00526     0.38822   -0.544709    0.553132     1.16873    -2.59685    -3.92828      -7.006  -0.0686876   -0.538073     1.67694   -0.181665     2.29638     1.13727    0.325132     2.63775     9.60964   0.0247188     1.37918    -1.64938     2.28917    -1.77815    0.507987    -6.33506  -0.0684241   -0.204368    0.732267   -0.727731    -1.29571   -0.698077     1.78913  -0.0280833     1.62036    -0.50702     1.99757    0.548151    0.510226   -0.807897     1.46874    -1.37946     1.58021    -1.43923      2.5865    0.523502   -0.384524    -1.18549    0.856829      1.7152     -1.9924
-0.00614004  -0.0196122 -0.00371301  -0.0104259   0.0585155   0.0189321  -0.0831643   0.0847266   0.0534158   -0.157939   0.0222766  -0.0716061  -0.0576481  -0.0992462  -0.0511713  -0.0525408  -0.0634694  -0.0406068  -0.0211796 -0.00350782 -0.00792216  -0.0178051   0.0569736  -0.0172512  -0.0733584    0.117084  -0.0327798  -0.0422182  -0.0137304  -0.0875241  -0.0844316   0.0120161  -0.0752732   -0.181962  -0.0715421  -0.0815884  -0.0531558  -0.0762004 -0.00142122   0.0165502    0.012717   -0.130912  -0.0251542  0.00931294  0.00419468   -0.152114   -0.131214  -0.0890764 0.000606675  -0.0364663
    2.47669
    1.43873
   -5.53832
    1.52992
  -0.011816
    1.79095
   0.728199
    1.74862
    -5.7008
-0.00837118
