2 8 0.5 500
1
1
9 50
  -0.645513   -0.864046    0.857724    0.698301     1.31138  -0.0109846    -5.95071   -0.605511    -0.44932
    7.14521    -1.01161   -0.329392   -0.532989   -0.463811   -0.355847   -0.601411   0.0584969   -0.746864
   0.226765   0.0829666    -2.01316     0.54009    0.379673    0.265722    0.253048     0.89938    0.819164
   -1.49033  -0.0785667      1.8369    0.206591     0.70695    0.976894    0.883266     1.43264     1.69916
  -0.564371     4.26494    0.275867   -0.352983   -0.708218   -0.160901  -0.0247614   -0.638504  -0.0298592
  -0.497083   -0.141814    -1.83339   -0.761087   -0.251922     4.75616    -1.03407   -0.120319    0.498687
    1.57393    0.431966    -8.12827     1.63069     1.26317     1.62057   0.0237913     1.20303    0.379581
  -0.859925     2.33371    0.452159     1.36424  -0.0478354   -0.212675     1.60654    0.297441      2.7106
     1.0056    -0.41861    0.882425    0.480281     1.37086     1.55249     1.36636    0.332677    -5.24681
    1.70673    -1.12248    -1.37585    0.177941     2.76695      0.9795   -0.784708   -0.942805  -0.0540548
  -0.429079  -0.0459928     4.55948   -0.360943    0.151517    0.297371    -0.92909    0.869869    0.350182
  -0.756464   -0.221645   -0.332809    0.022294    -1.17815  -0.0785718   -0.855846     7.47586  -0.0769985
   0.292224    0.281982  -0.0945632   0.0929504   0.0970025   -0.137393    0.172314 -0.00692351   0.0313829
  -0.165633    -0.63983   -0.916497     -1.0492   -0.960604    -1.22594    -1.17504     4.41667   -0.615241
   0.878519     1.80391   -0.268625     1.99228    -4.16917     2.05447    0.155553    0.344134      0.1831
     2.6291     2.12599     2.97099   -0.176145    -0.34343  -0.0347835    -0.82054   -0.304402   -0.306983
   -1.57364   -0.517512     -1.8737     7.81439    -1.21706   -0.263196    -1.75929   -0.025275   -0.649704
  -0.480102     1.59856      1.8123     2.34842    -0.22201    0.966276     1.20896    0.828732    -8.98415
   0.411221     1.83565    -1.42345   -0.727029   -0.149272     0.16271    -2.90276  -0.0670893   -0.628925
   0.250775   -0.824718   -0.596078    0.621751   -0.302967   -0.299988     7.29131   -0.447817   -0.876057
    1.62646     1.38251    0.580442    0.450635      2.0815    -1.34825    0.790071     1.57362  -0.0664996
  -0.206469     6.57701   -0.677876   -0.383779    -1.30756   -0.682951  -0.0113311    -1.19557   -0.460606
   0.158031    0.742856     0.50274  -0.0905267    0.403204    0.272896    0.218786    0.260973     1.50933
   -1.23592    0.658798 -0.00834499    -1.28149     1.24001    0.289658   -0.205728    0.262838  -0.0146802
   0.875033     1.69142    0.529502    0.170716     1.51001     1.47158     1.88728     3.08002    -4.20525
   -4.37921     0.23899   -0.248964     1.26627     1.32131    0.170666    0.483737   -0.352486     4.41444
    0.38779    -5.96203   0.0133157   -0.106035   -0.374474   -0.593254    0.129633    0.207926   -0.604765
   -0.25974    0.791697    -6.60783    0.912658    0.791356     0.75771     1.59802     1.32906     2.10686
    1.21932   -0.218332     3.43875     2.07923    0.993058    -0.96377    -2.95609    0.513619   -0.286464
  0.0547308    0.491351    0.221317    0.532506    0.299774    0.286002    0.543167       1.094     1.26959
  -0.289345    0.319065   0.0503975   -0.984047    -0.71764     1.26743   0.0350838    0.231217   -0.609732
    0.62083    0.792398   -0.982958    0.154299   -0.129988    0.777366     4.74947  0.00479923   -0.115863
   0.144793    0.431812    0.459073    0.137016    -1.04753    0.735452    0.358033    0.135061    -0.23419
   -3.44269     1.24517    0.851763   -0.267762    0.259824  -0.0903422    0.374582    0.113661   -0.293229
    1.36693     1.25024  -0.0411573   0.0906557   -0.419068   -0.438182 -0.00619989   -0.247359   -0.342813
   -4.77757    -1.36989    -1.06215   -0.510377   0.0590794   -0.290503     1.38649     2.27269    0.160289
  -0.403489   0.0683782   -0.357762   -0.283968   -0.969997     6.44987  -0.0784859  -0.0705988    -1.42432
    4.77952 -0.00185499    -1.37528   -0.834947    -1.36874    -1.41131   -0.675987     -0.5671    0.113404
    0.48195    0.582378    0.486964    -1.25926 -0.00145638   -0.323982    0.869997     1.49304    0.520263
   0.201074   -0.176316    -1.49854    0.655772   -0.370739   -0.633478    -2.52489   -0.518397    -1.39232
  -0.605889     -0.8174   0.0745913    -2.28646   -0.328046    0.123422    -0.30185   -0.451791   -0.267503
  -0.720159    -0.48295    -1.29247   -0.862362     7.58031   -0.147592    -0.75748   -0.949842   -0.958421
  -0.934625   -0.615618    0.467939    0.600879   -0.183987    0.165359    0.151112    0.718044     1.32095
  -0.906053   -0.212186    0.207692    0.100408   0.0446939    -7.39231  -0.0562008   -0.373578    0.935283
    0.62073    0.588766   -0.694308    -5.47027    0.419631     -0.2248    0.542025    0.134415   -0.081213
  -0.402953  -0.0545426 -0.00130272    0.955266    0.673562     1.03259    0.500363    0.566797   0.0605001
   0.225364   -0.193414    0.150946      1.6837     1.18899     2.22934    0.648412    0.864179     1.67769
   0.331928     1.30355     1.43486   -0.271398    -5.91535   0.0218156     1.24871     1.30801     1.42634
  -0.638219     1.26379     0.61532   -0.346845       1.438   -0.656934      1.2807    -6.53931    0.765419
    2.23454     -1.9286     1.55822   -0.469508     1.49099   0.0742652    0.167738     4.93573     2.00656
-2.54505
-4.93483
-3.31176
-3.54396
-4.72443
-4.20213
 3.77916
-4.76323
-2.41293
-2.94934
-5.30224
-4.55547
-3.06623
 -3.6485
-3.06247
-2.49318
-4.76353
  3.3105
-3.81978
-3.98108
-3.04528
-5.18095
-2.79782
 -3.6661
-2.55335
-2.08774
-3.67185
-2.39997
-1.24543
-2.74656
-3.86504
 -5.2072
 -3.3684
-3.71166
-2.83267
-3.35188
-5.72373
-3.87151
-4.21282
-3.62576
-3.93383
-4.54158
-3.58754
-3.34878
-3.16946
-3.07711
-2.88307
-3.22327
-2.94551
-1.26124
1
4
50 10
    1.50093    -11.2928    0.640036    -2.41888   -0.541871     1.87088     1.13677     -1.3824    0.203121   -0.722926     1.15687     1.26417    0.234143   -0.996388      1.5233   -0.920712    0.874021   0.0483821  0.00810219    0.880504  -0.0689457      0.6417    0.384104    -1.19661     2.54402    -2.52994    0.926202     1.56789   -0.297451  -0.0905602    0.419199     1.80831    0.128163    -3.40188    0.517813    -4.50647      1.7241    -6.11116    0.117551   -0.103095     1.39647     1.35317 -0.00964092    -0.29322     1.90309 -0.00452012     0.21479     0.90435    0.108776     1.72525
  -0.490046     1.11521     1.12555    0.586061    -6.15438    0.933091    0.454699   -0.127969   0.0783384      1.4279    0.732163    0.173279    0.196954     1.41021   -0.128983   -0.166124     2.23942    -1.11087    -0.13394     2.34439    0.031845    -10.5212    0.195781    0.232571   -0.208022     2.62122    -7.74941     3.25625   -0.936946    0.747834   -0.266561   -0.486692   -0.388071   -0.438064   -0.651311    0.483232     1.29402    0.433552    0.911314   -0.402998    0.309632     1.60211    0.490582     1.00329    0.255785     1.36706     1.24049    0.317256     2.07148    -1.51476
    1.44447     2.74468    -2.71756    0.529162     1.63762    -2.11969     7.78712   -0.114595    0.195922     1.48477    -7.00493     1.74552   -0.793643     1.58492    0.305385    -2.31178     1.81505    -2.11993     0.41118     1.25511   -0.826099    0.908972    -0.65342 -0.00436009     1.11853    0.485998     2.49536    -9.03095     1.59094   -0.503033     0.27745   0.0622811   0.0285105     1.04909    -1.59142    -0.17195     2.74631    0.090252    0.815444     1.83605    0.176802     1.98381   -0.685163     1.03537    -0.34906   -0.583234    -1.22177   -0.609958     -1.0251     1.15921
    1.18364     1.07086    -0.25462    0.898858    0.464744    -1.55737    -1.06945     1.13295    0.350431  -0.0856858     1.14475     2.64663   -0.146648    0.879529    -0.27052     1.68633    -13.8143    -1.91932   -0.320906     1.02877     2.15573    0.922202     0.45847   0.0982723    0.330433     1.75401    0.997495    0.767625      1.7795     0.50401    -1.61403    0.312151    0.626466     0.94221  -0.0470659     1.32155     1.18858   -0.208426    -1.47594   -0.200697    -3.23417    0.856267   -0.585017     1.69662    -7.29033 -0.00545141     1.18092      1.8119     1.24549   -0.737978
    1.13119     2.11656    0.364193     1.46544      1.0713     1.17832   -0.541929     1.61257    0.669803   -0.710986     2.06371     1.54657    0.375603    0.737795    -4.74089     0.92689     1.99877    -1.21253    -1.53681    0.682439    0.468443     2.59764    0.423566    0.537186    0.763807    -1.29715     1.24761     0.35893   -0.128403    0.464602    0.737502     1.03354    -1.26254    0.770944    0.640875     1.21872     0.15752    0.890449    0.211057   -0.137197     1.27006     -11.348    0.899447     1.12185    0.832185   -0.337681   -0.158041    -7.05947    0.751651   -0.648749
   0.228624    0.971751    0.788976   -0.682564     1.20715    -4.62182    -1.81274    0.690218    0.633693    -1.50111    0.657038    0.513853    0.168066    0.575516     1.20138     2.02399     1.10709   -0.740749    0.238168      1.3227   -0.101699     2.32503    0.323559     1.31542     2.09989    -1.63082    0.214253     2.01939   -0.870746    0.446949    -1.81795     1.20724   -0.233721    -1.04745    0.528832    0.258959    -11.6069      1.1004  -0.0422742    0.443864   -0.667911     1.36882   -0.327012    -8.42352      1.9045   -0.376017    0.319424    0.703744      1.6467    0.946682
   -6.85486     1.86181   -0.093438  -0.0911137     1.65124  -0.0572823    -1.16235     1.55608     0.87135   -0.126507    0.157295     1.89318   0.0404647   -0.839858   -0.201821  -0.0246157     1.66394   -0.393409    0.501451     -9.2794   0.0429458     0.74092  -0.0269779   -0.434167    0.455699    0.392639    0.604485     1.05446   -0.843822  -0.0742803     1.11305    -6.27244    0.125239    0.782468  -0.0933622    0.271475     2.46814    0.674652     1.43176    -2.62764     1.18764     1.15349    0.378772    0.324267     1.80531  -0.0839845    -1.25912     2.32279     2.29593    -1.25788
    1.50119   -0.167509  -0.0073932     1.19166    0.371615     1.40322    -1.73541    0.293984     3.06195    0.883362    0.741782     -11.452    0.265189    -4.83443    0.979886   -0.549418     1.95172    -1.92377    0.664455     1.00635   -0.640063   0.0168203    0.202761    -1.12447    -1.33745    -1.03434    0.551419  -0.0913246    0.324246   -0.172413     1.17888    0.645858    0.582612     1.48627    0.437085   -0.953598     1.15805     1.75367    -1.45301   -0.290577     0.56606     1.95189    0.668406    0.575795    0.357724    0.290483    0.979397     1.65207    -7.55673     1.88145
   0.685291     1.35102    0.139143    -1.55958    0.371971     2.11538    -3.14543    -3.31483     -6.0543   -0.194101   -0.189842     1.39629   -0.160001     1.42315    0.990754    0.684223     2.54214     9.70041   -0.247922    0.667496    -1.59079     2.36422    -1.55641    0.394939    -5.66114     1.23528    0.491636    -0.15695   -0.637994    -1.06843   -0.416394     1.98847   0.0520948    0.383143  -0.0577404     2.61133     1.26718    0.947363    -0.73462     1.45356    -1.31902     1.34305     -1.2138     2.93373    0.395992   -0.401774    -1.37572    0.264295     0.78045    -1.34011
-0.00445706   0.0438184   -0.102376  -0.0639806  -0.0680214    0.046119  0.00636008   0.0971043  0.00063438  -0.0980912   0.0525917   0.0307578  -0.0527474  -0.0763674  -0.0224268  -0.0212912  -0.0361786   0.0528444   0.0333928 -0.00516571  -0.0257764   0.0555775  -0.0289151   -0.056637   0.0290871    0.054221  -0.0202432   0.0117177   0.0090895  -0.0747218   0.0519103   0.0595351   -0.041559   -0.106243  -0.0722321   0.0369392  -0.0166444  -0.0281698   -0.144958  -0.0143167  -0.0979734   0.0462879   0.0914576 0.000229262    0.035664   -0.245764  -0.0329664 -0.00866222 -0.00282793   0.0521548
   3.55093
   1.78982
  -5.22166
  0.349428
  0.356157
   1.46478
  0.686691
  0.484012
  -4.99797
-0.0189213
