2 8 0.5 300
1
1
9 50
  -0.591708    -1.18562     1.53693   -0.537268     1.08604     0.49036     -5.8784    0.198515    -0.29943
    6.75181   -0.382857   -0.858187   0.0591035   -0.572881   -0.128911   -0.587147   -0.555128   -0.438241
   0.399806   -0.119539    -1.96058    0.133637    0.399201   0.0460276    0.278711    0.812692      0.5056
   -1.53365     1.27546    0.475782    0.543387    0.567334    0.191267     1.13839     1.43088     1.69157
  -0.906089     4.21474   0.0432518   -0.403896   -0.602566    0.398511   -0.146421   -0.132564  0.00498412
  -0.800074   -0.802256    -1.42326   -0.649054   -0.227363     3.95553   -0.448011    0.257931    -0.57993
    2.27348      1.9916    -7.59316     1.64041      1.4082    0.863931    0.132109    0.849702    0.867027
  -0.957164     1.56745    0.782621     1.07714     0.35841     -0.1263    0.323849    0.738124     2.45833
    1.33124   -0.276789    0.500602    0.514322     1.30993    0.559449    0.805939    0.638002    -4.46358
    1.26589   -0.920574   -0.383841    0.926176     1.88526   0.0700941   -0.797315   -0.956894    0.678278
   0.127892   -0.375575     4.37908   -0.110875   -0.270022   -0.468185    -1.02311    0.733579    0.678549
  -0.392577   -0.244083   -0.323642  -0.0159448   -0.263218    0.388253   -0.622492     6.79558    -0.45252
   0.198179     0.15822   -0.177283   0.0102631   0.0807805   -0.112882   0.0721436   0.0533934  -0.0380739
  -0.617678    0.577151   -0.829398   -0.691885   -0.807685   -0.797659    -1.38445     3.61406   -0.269909
   0.220192      1.0942    0.334012     1.57342    -4.21577     1.57165     0.69155    0.842858   -0.281475
     2.0048    0.935538     1.63827    0.122289   -0.332911   -0.357771   -0.432283    0.278048   -0.142417
   -1.54908   -0.703999     -1.0373     7.31541    -1.24863    -1.14124   -0.792652  -0.0467164   -0.654301
  -0.145541     1.52788    0.568399     2.33003    0.144535    0.190423     1.30121    0.520116    -8.40872
    0.56349      2.1425   -0.711786   -0.596216    -0.26774    0.548346    -3.41546    0.154738   -0.863587
 -0.0017105    -0.85827   -0.876486     0.48077   -0.668925   -0.909004      6.7727   -0.288046   -0.628379
   0.951457     1.09781    0.257858    0.593406     1.76659   -0.708794    0.845224     1.14882   -0.205611
  -0.573271     6.28078   -0.840286   -0.139791   -0.699459   -0.410311   -0.148163   -0.780033   -0.475758
   0.184501    0.446211    0.434381    0.227706    0.357921   0.0616107  -0.0413227    0.271887     1.25963
   -1.04056    0.252394 -0.00942046   -0.851679    0.940598    0.249987   -0.311486    0.100061    0.343839
     1.3669     1.71096    0.596729    0.710376     1.11977     1.11881    0.868731     2.27151    -4.51599
   -4.47994     1.19209      1.2536     1.46928     0.76673    0.920998     1.03847      -1.536      3.3552
    1.06734    -5.65221    0.488972   -0.670105    0.255974    -0.71465    -0.35938    0.275599    0.379592
    0.97002     0.35585    -6.42076   -0.477466     1.47216     1.09764     1.29307    0.495993      2.0789
  0.0626429   -0.273463     3.12896     2.44742    -1.05315    -1.90052    -2.36205     0.28758     0.18498
 -0.0337247    0.369045    0.153594    0.390254    0.367907     0.28707    0.582527     1.03846     1.06424
   0.163354     0.13404   -0.469019    -1.14442   -0.336827     1.37314   -0.352001     0.53104    -0.72735
   0.379566   -0.198946    -1.06632    -0.75856   0.0312801    0.154658     4.80613   -0.685664    -0.44943
  -0.132709    0.626585    0.785119    0.330537    -1.09919     0.56325    0.199825    0.212446   -0.436256
   -2.24395    0.798813    0.908404   -0.120772    0.367806  -0.0103303   -0.153928    0.990158    0.316048
   0.601598     1.12154  -0.0958177   0.0489339   -0.161695   -0.490669   -0.310551   -0.041214    -0.24718
   -3.89496   -0.619808   -0.827562    0.947476   0.0983966    0.328785    0.606767  -0.0341596    0.446987
  -0.316236   0.0284505    -0.46209    -1.02237   -0.698346     6.77211   -0.457122   0.0431529    -1.24204
    4.66528   -0.836538    -1.54113   -0.657486   -0.936328    -1.17961    0.136103   -0.206905  0.00678097
   0.440355    0.484225    0.395917    -1.55035   -0.138615    0.147685    0.412776     1.98886    0.817318
    -0.3132   -0.950786    -1.63471    0.449168   -0.776437     -1.1919    -2.37593   -0.098394   -0.353087
  -0.464138   -0.591748   -0.222313    -2.51472    -0.38113   0.0307491   -0.179472   -0.333245  -0.0428074
  -0.562053   -0.538751   -0.537925   -0.640779     7.33752   -0.443065   -0.901185   -0.603277   -0.395952
  -0.671693   -0.271997    0.641347    0.777608     0.16566   -0.323119  -0.0948649    0.071677     1.07961
   -1.90069   -0.248229    0.851781     1.01732  -0.0660503    -6.70492  -0.0784968   -0.336524     1.01917
   0.795556    0.270686   -0.146236    -5.23518    0.259321    0.378661    0.181627    0.657233    0.328416
   -0.61377 -0.00715887   0.0392364    0.857511    0.429906    0.865845    0.496786    0.633197    0.124069
  -0.784276    0.514816   -0.308452     1.63107    0.885227     1.81412    0.948285      1.0664     1.34221
   0.421836     1.52124      1.2816   -0.196523    -5.44008     0.61739     1.04645    0.535273    0.505435
  -0.216004     1.56302   -0.575475    0.442265     1.70334   -0.639189    0.949905    -5.10546    0.395861
    2.45741    -2.20102     0.55819  -0.0935237     1.52703    0.353479    0.184863     4.30158    0.291961
-2.69734
-4.35413
-3.20672
-2.51262
-4.29248
-3.77738
 2.32058
-4.04391
-2.98122
 -3.3119
-4.48252
-4.65318
-2.91441
-4.20786
-2.71239
-3.07171
-5.43942
 1.82071
 -3.3119
 -3.3597
-3.19391
-4.93544
-2.71666
-3.22268
-2.07058
-1.36371
-3.25057
-3.13012
-1.49432
 -2.5079
-3.26893
-4.17359
-3.09953
-3.63567
-3.01123
-3.13657
-4.68275
-3.28399
-3.43663
-3.31741
 -3.2821
-4.76384
-3.10978
-2.30473
-2.59536
-2.94284
-2.73158
-3.02707
-1.76586
-0.19911
1
4
50 10
    1.90738     -9.7253    0.369357    -2.47811   -0.519022     1.23712    -1.62748    -1.59627     1.00249    -1.01421      0.6688     2.12541     0.12189  -0.0677807     1.30921   -0.622951    0.620608    -1.90445     1.19238    0.788221  0.00479892     1.08891   0.0529441    -1.21721     2.06021    -3.56852    0.381801    0.611913    -1.44542   -0.422489    0.367006     1.97454    0.108887    -2.64318    0.558934    -3.89984     1.83452    -5.57845   -0.251916    0.454406     1.46261     1.31532   -0.201921     0.23124     1.19525   -0.158931  -0.0810584    0.738625    0.334874     1.82859
   -1.16787     1.91204    0.773364    0.997207    -5.48099    0.626372    0.245578   -0.200639    0.158078     0.88659    0.520813   0.0847398    0.208883     1.38591    0.347392   -0.351143     2.27615    -1.07118   -0.742179     1.75374    0.281784    -9.50583    0.210958    0.132425   -0.202068     2.56281    -6.84594     2.26789   -0.949216    0.569896    0.294638   -0.544472    -0.18194    0.150379   -0.506567    0.422966      1.1738     1.50204    0.708529   -0.534925    0.451551     1.36406     0.24415     1.28387     0.47048     1.29885      1.3791    0.809878     1.77243    -1.76397
   0.026362     2.67747    -2.58534    0.607987     1.33755     -1.9089     7.98647    0.835218   -0.677363      1.4385    -5.73556     1.47039   -0.708466     1.42618    0.327278   -0.928241     2.24853    -1.70822  -0.0713412     1.27874   -0.744187    0.804136    -0.34053   -0.162051  -0.0087892    0.324974    0.934406     -8.4506     1.35966   -0.156793    0.377628   0.0688177    0.174569    0.714498    -1.21945   -0.451091     2.82555   0.0646401     1.09532     1.01459  -0.0940593     1.62725   -0.298758    0.908656   -0.511866   -0.499193    -1.06701   -0.329862   -0.307076     1.47902
    1.80448   -0.200494   -0.278416    0.653282    0.537095    -1.54835    -1.46894    0.293903    0.644852   -0.237037    0.422939    0.946939   -0.198219  -0.0852835    0.203045     1.31303    -12.6687    -1.83305    0.435504     1.17436     1.40415     1.50306    0.173797   0.0330806    0.652518     2.18469     1.63472    0.290028     2.87708    0.415269    -1.59535    0.258121    0.693591    0.171272   0.0924398     1.85025    0.694482   -0.402135    -1.52832 -0.00766725    -3.20146    0.470025   -0.529312     2.59259    -6.49569    0.154814     1.24263     1.46437    0.594367    -1.27075
    1.35238      1.9734    0.423488     1.31738    0.595693     1.50448    0.177894     1.14805    0.702599   -0.710332     2.53546    0.981876    0.374105     0.46933    -4.48855     1.40161     1.47583   -0.714381    -1.21536    0.236793    0.433855     1.67488     0.55291    0.419589     1.64878   -0.235064    0.126114      1.1995   -0.358219    0.398817    0.896723    0.832073    -1.27881    0.418551    0.508185     1.01835    0.669105  -0.0400992    0.029382   -0.714156     1.37748    -10.3772    0.809641    0.496734     1.10072   -0.473739   -0.799609     -6.3955     1.09909   -0.415115
    0.37289    0.539003    0.679097   -0.390125    0.815494    -4.11618    -0.56341    0.939311    0.742243   -0.762406    0.654938    0.523583    0.161257     0.28658     1.39485    0.807922    0.887647   -0.817291   -0.399902     1.30201   0.0773613     1.09177    0.295591     1.18782     1.86357    -1.83922     1.56328     1.81136   -0.791789    0.547993    -1.79631    0.922342   -0.289129   -0.465388  0.00665657     1.05856    -10.5422    0.635546   0.0974692    0.546795   -0.596963     2.21392   -0.210721    -7.74572     1.56498   -0.298838    0.273064     1.12352    0.467595    0.852032
   -6.45028      1.3161    0.308158    0.293175     1.60469    0.380334   0.0496673     1.55256    0.586111    0.157735    0.138382     1.73227    0.093725   -0.710483    -0.45658   -0.575185     1.56591   -0.087867     1.23662    -8.20893   0.0752059    0.732188   0.0953382   -0.110188    0.474982    0.881642    0.880154     2.14833   -0.399302    0.195522    0.640907    -5.44756  -0.0322552    0.460873   0.0262148    0.227243     2.26776    0.124151      1.6998    -2.77991    0.865276    0.636234    0.293632   -0.627784     1.28754   0.0398358   -0.167673     1.25387     2.09841    -1.06672
    1.65968    0.627868    0.304309    0.551246    0.864124     1.38448    -1.66325   -0.105217     1.90077    0.752549     0.48986    -9.85847    0.247583    -4.34249    0.469414   -0.288273     2.00073    -1.23589   -0.178875    0.988555   -0.547538    0.256447   0.0863149    -1.01546    -1.17601   -0.906759     1.44756    -0.19052   -0.451677   -0.322013     1.06797    0.255211    0.456903      1.7713    0.194894   -0.768556    0.976039     2.52996    -1.36647  0.00969351    0.806602     1.15835    0.653728     0.46303     0.59655    0.144688    0.420178     1.24003    -6.66885     3.02947
   0.825404     0.65147 -0.00913091    -1.63299    0.324749     1.58537    -3.22525    -2.52092    -5.04947  -0.0566666   -0.236806     1.72074    -0.12063     1.57847    0.552421    0.592023     1.97111     9.70054   -0.673068    0.594855    -1.51407     2.35075    -1.37589     0.55077    -5.20743    0.592341   -0.343057    0.057433    0.138219   -0.971524   -0.642072     1.97965  0.00694564  -0.0515956   0.0224052     1.07535    0.497923    0.735101   -0.702516     1.98244    -1.38548     1.85663    -1.14386     2.37155    0.607235   -0.342602    -1.27926    0.402057    0.927828    -2.45944
  0.0235046    0.019024  -0.0569109  0.00274207   0.0425684 -0.00481703   0.0515299   0.0922276 -0.00409369  -0.0555619   0.0359788   0.0475132  -0.0599062  -0.0844328  -0.0379135  -0.0458438 -0.00489931   0.0468144 -0.00800375  -0.0713439   0.0519356  -0.0285207  -0.0146649  -0.0213985  -0.0325758  0.00322494  0.00888623   0.0247237  0.00757379  -0.0714809   0.0683263   0.0745871 -0.00287492   -0.125106   -0.142857  0.00687321  -0.0128753  -0.0314165  -0.0887143  -0.0454296  -0.0193063  0.00193431   0.0519967   0.0162706    -0.01914   -0.104082  0.00206682   0.0366891 -0.00537634 -0.00936106
   1.00367
    1.6219
  -3.97749
  -0.41897
  0.585015
   2.36289
   1.66248
  0.222735
  -4.60005
-0.0709025
