2 8 0.5 600
1
1
9 50
   -0.77497    -1.37546    0.775707    0.471434    0.469083   -0.109416    -6.11507   -0.103926    -0.44469
    7.28707   -0.628121   -0.289259   -0.525147   -0.399788   -0.295549   -0.328593   -0.303302   -0.382765
   0.357409  -0.0522607     -1.8037    0.398205    0.689147    0.431357    0.263457    0.935453    0.429942
   -1.85536    0.407882     1.67726   0.0182299     0.92726    0.300935    0.753078     1.18198     1.53139
  -0.698412     4.08375    0.321006    0.281286   -0.769184   0.0375528    0.157473   -0.413976   -0.128215
  -0.505448    -0.26259    -1.03879   -0.698717    0.758874     4.40434   -0.901194   -0.186046   -0.616122
    1.38505    0.535292    -8.24672     1.74727     2.46641     1.46919  -0.0707577    0.832916     1.53492
  -0.264434     1.77984    0.334252     1.69929    0.150221   -0.205618     1.55706    0.698989     2.96479
     1.6992   -0.624378     1.05895    0.770217    0.640822     1.64867     0.77658    0.933492    -5.29889
    1.15694    -0.87427   -0.836952     1.06404     2.05169    0.461167   -0.592076   -0.688477   0.0164289
  -0.144046   -0.507385      5.1063    0.106767  -0.0104479    -0.20475   -0.827176    0.331378    0.220155
  -0.448669     0.13312    -0.94447   -0.218204    -1.48671  -0.0771492   -0.439313     7.56481   0.0633742
   0.302328    0.218277  -0.0359263    0.101219    0.130483  -0.0852225    0.139689   0.0486732   0.0668807
  -0.653334   -0.317383    -1.22731   -0.810835    -1.12512    -1.42001   -0.816212     4.61599    -0.36253
    1.20255     1.83133    0.834186     2.02283    -4.06129     2.47134     0.44553  -0.0717153   -0.267926
    2.88645     1.80797     2.99861  -0.0855112    0.542536    0.345913    -1.26844    0.225291   -0.181276
   -1.06314    0.301314    -1.70273     7.95036    -1.07859   -0.832827    -1.91748   -0.303441    -1.85156
  -0.155475       1.827     1.23592     2.44896    0.366331    0.811819     1.38638    0.169278    -9.27921
   0.227883     1.92447    -1.11352  -0.0747901   -0.210973    0.252581    -2.82153    0.159031   -0.490307
   0.487254   -0.701061   -0.529278    0.886499   -0.937934   -0.472067     7.37082   -0.783113    -0.81793
    1.53401     1.77655 -0.00563949    0.467681     2.63855   -0.888493      1.5107     1.43843   0.0316092
   -0.13344     6.41312     -1.6574    -1.17022   -0.929598    -1.14239   -0.372587    -1.06479   -0.678621
   0.145867    0.611365    0.448606   0.0312894    0.343717    0.482181    0.157691    0.243919     1.61092
   -1.36707    0.567192    0.246388    -1.26069     1.25179    0.495011   -0.268963   -0.112354    0.117605
   0.502663     1.21233 -0.00611633     0.76663     1.79699     2.27655     2.06684      2.9178    -3.62744
   -4.01654    0.737997    0.133819     1.81979    0.870115    0.399673    0.799106     -1.2235     4.51362
 -0.0499807     -6.1731   -0.336147   -0.261049   -0.242053   -0.439554    0.306178    -0.15507   -0.277053
   0.371697    0.200012    -6.59382    0.732951     1.63545     1.52313     1.51288    0.789568     1.33613
    1.36836    0.124267     3.52505     2.80215   -0.517154    -2.42857     -3.1001    0.540574    0.215106
  0.0466665    0.557963    0.270359    0.532556    0.270655    0.332993    0.617995     1.10443     1.40943
  -0.647831    0.614451   -0.111711    -1.18808   -0.609999     1.34008   -0.256823   0.0805643   -0.580737
   0.243004    0.689917   -0.947303   0.0950186    0.327439    0.495146     4.91838   -0.996639     0.53117
   0.108044    0.605469    0.344246    0.200502   -0.978194    0.611689     0.30079   0.0955435   -0.209999
   -3.10499     1.32329    0.879324    -0.08375    0.225295   -0.211385    0.815555    0.292651   -0.870551
    1.32797     1.17659    0.111183    0.324002   -0.247018   -0.897461   -0.374494  -0.0148674   -0.340497
   -5.43093   0.0877975   -0.558248     1.19948    0.606116  -0.0301676     1.16863     1.02619    0.770309
  -0.264423    0.557171   -0.689926   -0.138616   -0.812195     6.81947    -0.18475    -0.12338    -1.27367
    4.96046   0.0908907    -1.14998   -0.873402    -1.06057    -1.36824   -0.929767   -0.358632    0.419338
   0.894425    0.497713    0.623209    -1.48273 -0.00947408   -0.151209    0.932373     1.59618    0.429392
  -0.234639   -0.151855    -1.83495    0.213652   -0.422217   -0.712296     -2.3622   -0.941478    -1.39626
  -0.931059   -0.702148   0.0512418    -2.42752   -0.320974  -0.0545446   -0.527038   -0.297494   -0.501008
  -0.925194   -0.513077    -1.24358   -0.532362     7.57198    -1.02447   -0.786888   -0.689944   -0.737798
   -1.13832   -0.313195    0.329159    0.449767   -0.101085   -0.111876    0.128473    0.588863     1.66845
  -0.703936    0.127268  -0.0870613    0.297567    0.235361    -7.50185    -0.60664   -0.490937    0.546687
   0.269883   -0.285166   -0.558473    -5.69587    0.581982    0.619904    0.625364     1.06905   -0.221853
  -0.378291   0.0068841    0.011361    0.998538     0.68736      1.0629    0.507493    0.601496    0.159394
   0.513849   -0.165963    0.534359     1.65603    0.988981     2.37172     0.35142    0.751249     1.47071
   0.317973     2.17371     1.75661    -1.29101    -5.59964    0.398752    0.661443     1.76457     1.22724
   0.442238    0.832372   -0.164331  -0.0930328    0.807896   -0.116603     1.59077    -6.76641     1.25891
    1.86369    -2.16557     2.50388   -0.869371     1.14023    0.297992    0.475859     5.11774     1.08028
 -2.44188
 -5.33494
 -3.56536
 -3.10158
 -4.96925
 -4.89751
  3.91431
 -5.22371
 -1.75636
 -4.00129
 -5.01951
 -4.46509
 -3.15803
 -3.25761
 -2.96504
 -3.06912
 -5.15751
  3.07773
 -4.10184
   -3.852
 -3.56707
  -5.2376
 -2.83342
 -3.69412
 -3.98915
 -1.76302
 -3.97147
  -3.0838
 0.283827
 -2.62306
 -3.89624
 -5.27544
 -3.52102
 -3.88843
  -3.0736
 -3.73101
 -5.57798
 -4.56959
 -4.08106
  -3.6039
 -3.94101
 -4.96156
 -3.65373
 -3.72188
  -3.2378
 -3.11835
 -2.86865
  -3.5085
  -2.8625
-0.827147
1
4
50 10
     2.17617     -11.7953      0.50132      -2.5959    -0.358668      2.17684    -0.115038      -1.5342      1.31182    -0.709943     0.684245      1.72642      0.14672   -0.0256784        1.231    -0.957613     0.570551     -1.66604     0.116231      1.08245    -0.408494     0.537909     0.119727    -0.916723      3.37983     -3.02247      2.26273      1.09311   -0.0707344    -0.389551     0.302587      1.78839    0.0312198     -3.63641     0.471767     -4.39324       1.5599     -6.26932   -0.0398345     0.226912        1.395     0.692404   -0.0973694    -0.027324       2.0843   -0.0639507    0.0834947     0.645061     0.323869      1.64491
   -0.167408      2.14238     0.837547      1.26812     -6.33912      1.01499    0.0224627     0.153555   -0.0212985     0.868658     0.874468     0.378376     0.184949       1.3058     0.870414    0.0603107      2.66238     -1.29057    -0.472844      2.76047    0.0875361     -10.8253      0.37088     0.622271    0.0420631       2.9938     -8.25839      1.34443    -0.563898     0.968887    -0.231674    0.0276711    -0.286028     -0.21105    -0.592252      1.65128      1.90266      0.70876      1.04793    -0.694785     0.138186      1.95574     0.995989      1.48066    -0.300403      1.40299      1.20619     0.611164      1.44061     -1.00403
    0.467366       3.1617     -2.78868     0.236896      1.88569     -1.89473      7.36863     0.178239     0.804203     0.845644     -7.20131      1.05746    -0.781512      0.81121     0.977384     -2.59766      2.14837     -1.77876     0.487381      1.21834    -0.615589       1.1992    -0.696324   -0.0781248      1.58293     0.770852      2.30946     -9.42544      1.28815    -0.476974     0.291273    0.0487214    0.0852852       1.3095     -1.63655     0.426074      2.41537      1.01876     0.855345      1.70424     0.124898      2.26214    -0.738134      1.37886    -0.296398    -0.585307     -1.22085    -0.122929    -0.643915      0.88394
     1.50953     0.783089    -0.122771     0.608542     0.707261    -0.962503    -0.196147     0.678616    -0.137834     0.104256      1.00292      2.41863    -0.105547     0.427708    -0.175977      1.55785     -14.1985      -1.3101   -0.0504344     0.908358      2.58015       1.4818     0.388513    -0.124097    0.0124364      1.60946     0.576134      1.71752      2.91805         0.48     -1.61588     0.294644     0.589684     0.707822  -0.00100148      0.87205      1.98835    -0.846433     -1.48676    -0.229753     -3.27972      1.01609    -0.680547      1.87362     -7.72036   -0.0199089      1.31054       2.2635     0.730131     0.283234
     1.16824      1.76776     0.362611     0.140404     0.609754      1.57661    -0.822457      1.88487      1.29148    -0.797889      2.68962      1.54714     0.384402     0.747999     -4.84697     0.819223      1.98564     0.257171     -1.55541      0.56814     0.297099      1.66305     0.536926     0.670357     0.842928    -0.900106      1.67939    0.0932689     -0.52042     0.385164       1.2006      1.19359     -1.24522     0.168365     0.462668     0.307686     0.817977     0.567631     0.267851    -0.330113      1.42454     -11.4766     0.298055    -0.141919      1.50294    -0.272306    -0.120704     -7.41464      2.24256    -0.891958
   -0.339883      0.88577     0.638682    -0.159543      1.00821     -4.72605    -0.972044     0.577255    -0.214927    -0.849704     0.715777     0.734099     0.189566     0.849308     0.244192       1.0529     0.808427    -0.723525     0.178177      1.12282    -0.648696      1.37617     0.433395      1.15314      1.44127     -1.72804    -0.370219      2.64732     -1.15681     0.462617     -1.80566     0.870604    -0.196104    -0.820251     0.305024    -0.323963      -11.915      1.02333    -0.100112     0.624601    -0.623881     0.937065    -0.203128     -8.54291      1.70392    -0.384857     0.406708     0.405912      1.61994     0.485271
    -7.12408      2.04924     0.507147    0.0946399      1.58086     0.916558     -1.38988      1.64371     0.427953     0.216447     0.024471       1.9859    0.0531769     -1.01861  -0.00185674     0.167722      2.10532     -1.10319     0.850154     -9.65846     0.824559      1.55241    0.0168824     -0.63463     0.249215     0.474418     0.244769      2.35368    -0.863742     0.199507     0.974963     -6.50644    0.0283386     0.691713    0.0462843     0.312066      2.79513     0.893328      1.46423     -2.48511      1.02299      2.08921     0.562974   0.00439486      1.67273   -0.0370279     -1.05413      2.18438      1.18516    -0.835588
     1.90009     0.119311   -0.0562081      1.55589     0.538878     0.138783    -0.663124     0.405539      2.89047      0.79818     0.970486     -11.5936     0.272604     -4.88916     0.847035     0.252914      2.38598      -1.7575     0.130606      1.05662     -1.00284     0.242956     0.192454     -1.28506     -1.59643     -1.07275     0.994391    -0.350318    -0.302452    -0.199338      1.16669     0.483641     0.642696      1.81337     0.703808    -0.675077     0.753722      2.13673      -1.4908    -0.450975     0.832523      1.07894     0.712807     0.830889     0.762017       0.2745     0.808796      1.20778     -7.67964       1.4551
    0.740386     0.657631     0.105242        -1.23     0.446512     0.904235     -3.32112     -3.64158     -6.34154   -0.0209314     -0.30184       1.4731    -0.164231      1.73187     0.513277     0.993139      1.90966      9.70072    -0.100082     0.849625     -1.64237      2.76816     -1.61102     0.411631     -5.84848      0.87174     0.340786     0.271764    -0.748817     -1.17564    -0.671742      2.09791   0.00889091     0.503671   -0.0760409      2.35637    0.0788778      0.33794     -0.73657      1.60625     -1.34898      1.70964     -1.23407      3.11792     0.406472    -0.449238     -1.49967     0.526735      1.09995     -1.80776
  -0.0329566    0.0285623    -0.130679   0.00398522    0.0603258   -0.0116356    0.0490278    0.0209352 -0.000321756   -0.0406647    0.0591052  -0.00955585   -0.0612223     0.016636   -0.0206597   -0.0244427    0.0196197    0.0322659   -0.0181406    0.0102934   -0.0890257   0.00505582      0.11238    0.0323828  -0.00695889    0.0838022   -0.0516596    0.0379662    0.0376589    -0.125394   -0.0875072   0.00690135  -0.00955728   -0.0666065    -0.156083   -0.0394225    0.0381795   -0.0335193   -0.0654015   -0.0188988    -0.103295    0.0264195    0.0233937    -0.038511    0.0259043    -0.223694    -0.227625  6.06474e-05   -0.0556931    0.0666992
   2.14722
   1.45623
  -5.32367
  0.947026
   1.33223
   2.20033
 0.0985463
  0.918538
  -5.31428
-0.0640786
