2 8 0.5 400
1
1
9 50
   -0.77569    -1.01438     1.15463    0.679376     1.27539   0.0198603    -5.86285    0.229897   -0.477467
    6.85335    -0.63686   -0.345256   0.0413471   -0.441952   -0.474186   -0.683054   -0.640783   -0.874456
   0.277564   0.0043448    -1.94087   0.0274751    0.549347    0.505861    0.235638    0.792839    0.608203
   -1.43234    0.566303     1.29943    0.317219    0.831688    0.998355     1.18588     1.65875     1.78037
  -0.714511     4.27473   0.0123145  -0.0484353   -0.594711  -0.0778264   0.0966386   -0.500594   -0.123154
  -0.523475   -0.422104    -1.88744   -0.701669   -0.861054     3.67649   -0.571876    0.397423    0.490369
    1.57391    0.645951    -7.77205     1.86053     1.42888    0.881767    0.282088    0.646781     1.05417
   -0.75907     2.16827    0.906734     1.51543    0.258625   -0.368555    0.803953       1.193     2.24848
    1.01203    0.681074      0.5479    0.520375     1.52681    0.803547     1.42737    0.652958    -4.81964
    1.23136    -1.02067    -0.28607     0.71543     2.12678    0.306581   -0.570322    -1.09265    0.526262
  -0.183697   -0.353514     4.81234    0.103763   -0.206864  -0.0621342    -1.64135    0.556376     1.16782
  -0.736347   -0.292104   -0.706162    0.192967   -0.156871    0.831212   -0.819818     7.03964   -0.792591
   0.286567    0.208376   -0.112941   0.0208757    0.115342  -0.0844199    0.111107  -0.0429593  -0.0273893
  -0.521874    0.438491    -1.25383    -0.95776   -0.523764    -1.15306     -1.0824     3.88666   -0.335197
   0.221093     1.59826    0.266892      2.4517    -4.16864     2.02025    0.402996    0.518101  -0.0646596
    2.24439     1.34722     2.44843   -0.368015  -0.0524659   -0.321093   -0.614175   -0.639168     0.49104
   -1.78687   -0.897659    -1.51262     7.47909    -1.16211   -0.407423    -1.38607   -0.932431    -1.27283
  -0.197608      1.3879     0.76109     2.06486     1.16548   -0.149703    0.987494     1.02036    -8.81824
    0.42289      1.9562    -1.14186   -0.496787    0.243201    0.440726    -2.92112 -0.00267308   -0.819332
  -0.284715   -0.697821    -0.17877    0.260999   -0.526421   -0.507408     6.99425    -0.16691   -0.268744
      1.145     1.55743    0.306048    0.757171     2.24323    -1.33237    0.758616     1.00185    0.115963
  -0.321005     6.40804   -0.726752   -0.206703   -0.424983   -0.888576    0.064837    -1.26628   -0.504294
   0.284648    0.695656    0.629195    0.293252    0.368116   0.0852961   0.0217221     0.14774      1.4054
   -1.17573    0.317108    0.242201   -0.963157     1.07246    0.265194   -0.468209    0.100612    0.163119
   0.791982     1.92959   -0.144008     0.52245    0.990503     1.67548     1.51274     3.22144    -3.17349
   -4.70786    0.526574    0.801545    0.660898     1.11095   -0.154509    0.207417  -0.0355105     3.79401
   0.573289    -5.82833    0.584413  -0.0391791    0.333518    -1.25564   0.0394086   -0.304885   0.0617226
   0.443247    0.854815    -6.39125    0.276914     1.24309     1.28304     1.35548    0.680154     1.23372
    1.67954    0.465669     3.65672     1.69975     1.41701    -1.26133    -2.86302    0.804865    0.341418
  0.0777982    0.419347     0.24468    0.488062    0.421731    0.370611    0.571935     1.09406     1.13471
  -0.172253    0.237479  -0.0230102   -0.973396   -0.818716     1.28997  -0.0474829    0.157089   -0.587852
   0.332632    0.724257   -0.771583  -0.0128234    0.131359    0.438764     4.53329  -0.0906874   -0.586817
 -0.0640809    0.624241    0.754057    0.244749    -1.11307     0.61606    0.253748    0.256022   -0.297681
   -2.89996     1.32619     1.18605   -0.209022    0.506878   -0.400577   -0.282421     1.08647    -0.32035
    1.08421     1.16756   -0.092097  -0.0118804   -0.137349   -0.496559  -0.0620366   -0.430395   -0.106537
   -4.06944     -1.2998   -0.922525    0.574657    0.741103    0.219885    0.681353  -0.0693707    0.226137
  -0.288396    0.159226   -0.347102   -0.507145    -1.20664      6.5812   -0.521339    0.157837    -1.25753
    4.61048   -0.203465    -1.58981    0.304531    -1.52287     -1.1897  -0.0863472   -0.995606   -0.798509
    0.56387    0.458354    0.672082    -1.25041   -0.155771   -0.523232    0.727715     2.04734    0.531233
  -0.705561    -0.77795    -1.40744    0.542822   -0.309409   -0.791313    -2.47643  0.00509791    -1.22256
  -0.457137    -1.06149   -0.403415    -2.36887   -0.339055    0.160647   -0.296065   -0.658656   -0.295074
  -0.752107   -0.385998   -0.742509   -0.748566     7.43075   -0.522989    -1.01574   -0.357063   -0.436097
  -0.773982  -0.0692093    0.720689    0.829209    0.231898   0.0499838   -0.229631    0.201881     1.07952
   -1.45243    0.240696    0.723654     1.04843    0.844425     -6.9342   -0.551742   0.0469866    0.153472
   0.428383    0.514995   -0.234327    -5.21303    0.232407  -0.0212803    0.478181    0.625796   -0.315455
  -0.527377  0.00313331    0.192617    0.875079    0.577619    0.885564    0.515608    0.720936     0.19183
   0.115663    0.267431     -0.2048     1.15891    0.980624     2.21804     1.09782     1.54595     1.93035
   0.258471     1.49268     1.48664   -0.104151    -5.58645  -0.0831842     1.35014    0.932111    0.237219
  -0.963649     1.54897    0.417801  -0.0354931     1.55649   -0.499517    0.929226    -5.84623    0.725982
    2.50124    -2.14657   0.0529414   -0.726724     1.58619  0.00782379    0.338517      4.5551    0.907433
  -2.84209
  -4.62925
   -3.4838
  -3.00533
  -4.58199
  -4.54194
    3.9441
  -4.31139
   -2.2971
  -3.80297
  -4.53069
  -4.52284
  -3.00659
  -4.27253
  -2.36992
  -2.56106
  -4.37498
   3.08987
   -3.8331
  -4.06674
  -2.73527
  -5.05578
  -2.70188
  -3.37472
  -3.07266
 -0.965346
  -3.11061
  -3.59731
  -1.37242
  -2.64266
  -3.68972
   -4.8189
  -3.15345
   -3.2114
  -2.91811
  -3.19727
  -5.16463
  -3.77467
  -3.81331
  -3.51032
  -3.46989
  -4.86879
  -3.42029
  -2.63778
  -3.65797
  -3.03176
  -2.57204
  -2.98496
  -2.50415
-0.0685115
1
4
50 10
    1.29338    -10.2978    0.611243    -2.54924   -0.291612      1.4694   -0.502998    -1.46956  -0.0424969    -1.05757     1.18636     2.09095    0.182705   -0.704715     1.34852   -0.726219    0.225637    -1.89589    0.918006    0.405718   -0.107691     1.43631     0.29276    -1.20398     2.29866    -2.82139     1.53252     1.10964   -0.885096   -0.216126    0.237938     1.62353   0.0536081    -3.12425     0.54665    -4.53043     1.18011    -5.76983  -0.0531385   -0.457471     1.27484    0.926947   0.0896001   -0.111732     1.88268  -0.0591374    0.126229    0.558777    0.225562     2.12107
  -0.381244     1.91529     1.04184     1.03537    -5.93763   0.0929882   -0.439519   0.0799152    0.318202    0.913579    0.728294    0.432021    0.150491     1.53218    0.374608   -0.245835     1.85329    -0.97931   -0.875764     1.78717    0.133304    -10.2043    0.144434    0.212478    0.177111      1.7609    -7.31325     1.58844   -0.787954    0.611615  -0.0984334   -0.180455   -0.227709   0.0906614   -0.654224    0.947517    0.789344     1.11079    0.880904   -0.420704    0.366712     1.45093     0.37249    0.533652    0.403104     1.35396      1.3529    0.605519     2.01718    -1.60512
   0.406509     2.28902     -2.6248    0.765799     1.53283    -1.85789      7.6551    0.273974  -0.0864882     1.06488    -6.51235     1.64568   -0.764315     1.59023     1.04545    -1.52883     2.80929    -2.36243    0.724815      1.2695   -0.597472    0.792597   -0.501268  0.00714711    0.855541      1.0772     1.18692    -8.62425     1.67106   -0.245809    0.222285    0.055846    0.148862    0.930258    -1.42095    0.233702     3.10279   -0.126321     1.06631     1.47498   0.0595936     1.63298   -0.477417     1.93441   -0.597185    -0.46773   -0.895659    0.134734    -1.25061     1.30463
    1.22112   -0.179663   -0.138412    0.765407    0.402508    -1.40478    -1.01979    0.593654    0.077947    -0.29385    0.931181     1.46225   -0.117921    0.407777    0.186608     1.36471    -13.3256   -0.893905    0.194915     1.69379     1.88577     1.19396     0.39159  -0.0805099  -0.0825083     1.74098    0.867752    0.973255     2.75046    0.591151    -1.57819    0.389126     0.71371  -0.0907675    0.117611    0.837686     1.27993   -0.725189    -1.57645   -0.175664     -3.2695    0.584253   -0.578541     1.68901    -6.84825    0.110679     1.53827       1.792    0.272484   -0.618208
    1.34276     2.05658    0.338879    0.943031    0.516765     1.97175    0.372204     1.08084     0.82741   -0.737634     2.08733      1.4504    0.381407    0.454111    -4.85992     1.19539     1.74788   -0.756243    -1.26353    0.394816    0.342023     1.87386     0.51792    0.341342     1.23604   -0.547254      1.1446     1.03197   -0.466722    0.359971    0.913231     1.21815    -1.31752    0.272948    0.548221    0.755186     1.04437    0.398798    0.167769    -0.47735      1.4539    -10.7964    0.924334    0.455294     1.19824   -0.437412   -0.664076    -6.82552     1.37866   -0.395331
   0.469664    0.998101    0.689971   -0.449271     1.05812    -4.34473   -0.953412     1.15416    0.593157   -0.824751    0.616554    0.322064    0.158882    0.621028    0.987094     1.72052     0.98715   -0.849077   0.0232353     1.24853  -0.0825293     1.26367    0.417804     1.24589     1.78541      -1.164    0.639101     1.30877   -0.802159    0.521411    -1.76862    0.798844   -0.275286   -0.534304    0.153218    0.713774    -11.0283    0.667604   0.0259125     0.58647    -0.71333     1.92924   -0.241909    -8.10634     1.55066   -0.322378    0.338785    0.600951     1.92961     1.16217
   -6.69493     1.98575    0.105706    0.241375     1.18553   -0.121854   -0.914018     1.52335     1.24324    0.371356    0.191842     1.53676   0.0835428   -0.899659   -0.495853     -0.3331     2.29734    0.427449    0.242175    -8.58399    0.346377    0.512789   -0.117878   -0.241814    0.379467    0.728462    0.942668     2.31787   -0.857132  -0.0143297     1.01344    -5.74773   0.0802861    0.808706   0.0831362    0.739984     2.20721    0.980054     1.47289    -2.51964     1.23029     1.57906     0.26424  -0.0613145     1.47821 -0.00776134   -0.966461     1.36758     1.79527    -1.62148
    1.91852    0.233648  -0.0457565    0.936162     1.05131     1.67268    -1.79982    0.316986      2.8111    0.935545    0.753464    -10.7791    0.262515    -4.62779    0.729865   -0.440576     1.87481    -1.63592   0.0644782     1.13269   -0.468923    0.697893    0.129257    -1.06216   -0.797814   -0.831747    0.447636    0.016176    0.459438   -0.247662     1.24556    0.475099    0.573181     1.95642    0.427887    -1.03466     1.23969     2.34943    -1.46744  -0.0641328    0.579065     1.32296    0.489182     1.23934    0.167429    0.152801    0.727419     1.62552    -6.96722     1.99464
   0.754652    0.770629  0.00621802    -1.76957    0.561569     1.66719    -2.48647    -3.20731    -5.73175   0.0831615   -0.523841      1.5664   -0.157178     1.56729    0.342111    0.342721     1.90803     9.27354   -0.444554    0.560137    -1.97949     2.42947    -1.52318    0.600393    -5.74614   0.0537451     0.33109   0.0234569    -1.10257    -1.10554   -0.576066     1.66632  -0.0903719    0.217048   -0.117834     1.87048    0.581889     0.68542   -0.735478     2.02477    -1.29601     1.63465     -1.2254     2.40185    0.580316   -0.458134    -1.63705    0.447404    0.917725    -2.12926
 -0.0391432   0.0382072   0.0257153  -0.0688838    0.073539    0.148595    0.125548    0.113624 -0.00520417   -0.208707    0.157941   0.0160329  -0.0600475  -0.0851398 -0.00594905  -0.0857268 0.000369627   0.0823582  -0.0762624  -0.0583642   -0.233065    0.132724  -0.0113759   -0.101661   0.0502233   0.0432897  -0.0978627   0.0356163   0.0434869   -0.130218   0.0261546    0.176945  -0.0887587  -0.0434028   -0.140949  -0.0685079  -0.0423451   0.0317878  -0.0757928  -0.0299826   -0.173099   0.0232126    0.156075    0.142175  -0.0624918   -0.158893  -0.0739823  -0.0741406  -0.0252594  -0.0431512
  2.28963
   1.1278
 -4.78616
 0.502794
  0.73324
   2.1229
  1.05661
  0.32474
 -4.90938
-0.153265
