3 8 0.5 2300
1
1
9 50
   -2.42602   -0.114747     -4.6686    -1.19327   -0.590744     4.05062    0.911482    0.896254     -1.0755
  -0.597234   -0.551003   -0.690634   -0.294746    -1.07963     6.85844    -1.60904   -0.985794   -0.967804
   -1.29735   -0.759943   -0.675379    0.080584     4.34275    0.970878    -2.97312    -1.38214    0.677838
   0.104252      2.5223     1.00911     2.04849    0.948406    0.417096     2.16221   -0.148967    -7.60849
   0.363001    -2.89313    0.869257     1.67715     4.59425    -1.82191      1.6026  -0.0776315   -0.244871
    1.24174     3.08254    -2.00413    -3.63075   -0.683302    -3.62347     -2.6841     1.92269     1.49017
    1.84319   -0.780247    0.978724     3.40281     1.61863  -0.0651555    -2.00245     -1.4649   -0.651202
   -1.26657    -2.03019    -2.65414   -0.825347     2.96246    -2.45086     2.00978     1.20367     2.76532
    1.96452    0.542945    0.987967    -1.19358    0.338827    -1.34661    0.653474    -4.38886   -0.613058
    3.75676    -1.99108     2.26007    0.897124   -0.485871   -0.194443   -0.546221     -2.0355    -2.06738
   -8.04261    0.258647     1.18083    0.787195     1.12021    0.522631     1.22198     3.02257    -2.26086
   -1.00402   -0.522494     1.81466     1.04735    0.244514    -1.15674     3.55665     2.61757     0.87123
   -3.32874    -1.07393    -1.49681    -2.27422   -0.885773    -2.03265    0.749558     -1.6844     2.94442
   -1.45587      1.2849     1.98368    -7.56363    0.515292   -0.763958    0.412776     1.76501     3.05045
    1.77687    -1.75319     1.68105    0.436512    0.382214     1.89324    -3.13319    -2.80558     -1.1872
   0.100033     4.72138   -0.587775    0.911093     0.36271    0.237503   -0.333016    -1.35992    0.673855
   0.406517    -3.86622     1.76924   -0.870589    -2.36488   -0.682276     4.26626     -4.4972     2.70384
   -1.88906    0.907735    0.371226    -1.63439   -0.816726    -0.93898   -0.734936     6.38845    0.305886
 -0.0825934    -1.48449    0.374414    -3.25248    0.319795    -1.74834    -2.43409  -0.0894369      2.5358
    2.20319    -1.30192    0.234319     1.99242   -0.840078   -0.877812   -0.831632       3.379     2.46141
  -0.814377    -3.18042    -1.76354    -1.73586      0.2199     2.99761    -3.98607     -1.0006     2.31244
  -0.544417     5.36538    0.402347     1.30514    0.569899    0.619472     1.10343    -3.39226    0.517862
   0.786692     1.63626     2.77641   -0.857791    -5.51834   -0.258312    -2.07031     2.29706     1.69773
    1.57032    0.899168     6.34478    0.277614   -0.455482    -2.36077    -1.25286   0.0748629    -2.23202
   -1.94896   -0.208742     1.09891     3.68884   -0.569654    0.756729    -1.79227   -0.524109   -0.812045
  -0.172345     1.86319    0.415129   0.0590514     1.16519    -1.63237     1.70857     2.13669    -4.54426
   -1.21121      6.8363    -0.21592    -1.10363   -0.937216    -1.36453    -2.05551    0.171906    -1.36136
    1.67063    0.371182    -3.45996  -0.0098452    -1.54216   -0.846096     1.51016      4.9344    -1.17016
   -2.57915   -0.270333   -0.560771     3.78741   -0.656825    -1.21429    0.161241   -0.018901     1.02011
    1.75495    -1.57501   -0.915872    -1.33271     4.70472   -0.140648   -0.840571    -1.37188    0.871236
    2.95572     1.70786   -0.950349    -2.00189    0.296057    -4.18725     3.14259    0.660919    0.436732
   -5.37491     2.59525     1.59643    -1.64535    0.852682    -0.40394   -0.151461     2.07752     2.23599
    3.35804  -0.0582472    0.338428    -1.64863    0.950112   0.0933804   -0.806845    0.964204    -4.76592
   -1.10729     2.80877     2.47059    -3.29528     4.86392     1.51539   -0.688494     1.29412    0.372331
   -0.99728    0.193935     6.28096   -0.540287   -0.169558   -0.605125   -0.548632   -0.418443   -0.943228
    4.51363   -0.953315     0.40359  -0.0709171   -0.186758     0.18106   -0.669284  -0.0175514    -3.88405
    2.01012    -1.07628   -0.408358    -1.39315   -0.760458     6.06464     1.06097    0.317117     1.35508
    1.48575     1.77595     2.65428    -1.53572    -2.18091     -2.3294   -0.930694    -3.80948      -1.429
 -0.0810444    -5.02654    0.825921   0.0633597     1.05174   -0.551661     1.43892     2.69531   -0.336287
    1.89775    -1.54648    -2.27297     1.92366    -2.23497   -0.638269    -1.67624   -0.032989     3.18194
    1.74159     1.22836    -0.50129    -6.52294   -0.706438   -0.298338 -0.00344815  -0.0175406   -0.172444
   0.792512     1.88666    -1.88249     1.03744   -0.644775    0.342128   -0.776348     4.77461     -2.9146
   -2.81839     1.57927    0.131602   -0.624436    -2.76331   -0.917364     1.17618     1.63742    -3.90701
   -1.72945   -0.683785      4.8388    -3.16548   -0.358343   -0.318053    -1.48424     2.57858    0.566268
   -3.17478    0.801052    0.414065     1.28769    -3.43255     2.86625     1.80752     2.84717     2.25241
  -0.948643      1.9948    0.836144    0.880877     1.17869    -2.44116   -0.474709     1.51005    0.528464
    1.50279     1.80871    -3.71621    0.932545  0.00521506   -0.958524    -6.42746    -1.86519   0.0314413
   0.742366    -1.17362      1.6805    0.534899    0.785083   -0.278053    -6.45967   0.0148553   -0.153901
 -0.0442925    0.820931    -1.33846     2.47213     3.67103     1.45563   -0.347571    0.422297     1.31837
    1.80187    -1.52283    0.346507    0.306922    -2.63929    0.412626    0.362336    -2.59056     2.13978
  0.483586
  -4.04699
  0.949701
-0.0447058
  -1.89944
 -0.738046
  -2.16902
  -3.27558
  -1.14513
  -2.12536
 -0.905705
  -1.97406
  -1.36269
 -0.844479
  -1.00659
  -4.18615
  -1.84052
  -2.69983
  -3.45413
  -2.90055
  -0.99896
  -1.99457
  -1.29729
   1.31188
  -1.90982
  -2.56285
  -2.35223
  -1.44703
  -1.44672
  -2.07522
  -2.96905
  -2.49925
  -0.45552
  -1.58514
  -2.78323
   -2.8141
  0.895224
  -2.20202
  -3.24557
  -2.98124
  -2.73287
 -0.443603
  -2.97884
  -1.40051
  0.479478
  -2.12161
    -1.124
 -0.572628
  -1.79239
  -1.40238
1
1
50 50
     3.57594     -3.57007     0.871391      1.21626    -0.750719     0.549374      -0.6352       1.1985      0.84485     -2.17746     0.700325     -1.37109     -1.18607     -2.66744     -1.15954       1.0152     -2.94588     -1.07784    -0.828909     0.259689     0.966299    -0.388015    -0.799681     -3.47761    -0.262203     -1.15655     -1.46514     0.824791    -0.682278     -0.50919      1.80543     -1.44519     0.203074     -2.29838    -0.945519    -0.155422      2.23568     -0.67743     -1.45603      1.94086      1.41569    -0.283408     -2.45183     -2.97536     -0.12255     -1.36238      3.09399     -2.59699     0.820075    -0.554924
     2.00762      7.85619    0.0889345      1.39048     -2.66407     -2.04457    -0.633889     -1.92419    -0.282133    0.0770038     -1.07874    -0.912808     -1.85951      1.12462    -0.329628    -0.144033     -1.86642    -0.718114     -1.48164    -0.472238      1.80682     -1.05369     -0.22758     -1.55781    -0.671896     -1.48842    -0.676462     -2.72167     -1.50317     0.252067     -3.31667      -1.6842     0.407344   -0.0463045    -0.290549     0.218989     0.670082     -1.35941     0.724136     -1.66673     0.561809     0.369977      -1.4918    -0.287522      2.06707     -2.02231      -0.8744     -1.34751    -0.646992     -1.08218
  -0.0121953    -0.526577    -0.548051    0.0279194    -0.262149    -0.115425   -0.0584009   -0.0994541     -0.47562  0.000286112    -0.865174    -0.269346   -0.0627508    -0.306001    -0.113246    -0.358219     0.114896    -0.603381    -0.394672   -0.0100369    0.0402926    -0.231631    -0.152622    -0.458322    -0.431953    -0.209402    -0.169884     0.150831    -0.421708    -0.296532     0.038636    -0.422019    -0.270204     -0.16409   -0.0497044     0.240217    -0.400836    -0.216089     0.228019    -0.167742   -0.0818582   -0.0844868    -0.168224   0.00908472    -0.367908    -0.313069    -0.218403    -0.480047   -0.0347216   -0.0921159
    -1.68854     -1.39481    -0.520957     0.683804     0.514714     -1.85264      2.90752     -1.87839     0.174612    -0.432941     0.921585     0.847282   -0.0259279     -5.35286     0.230348     0.404283     -1.40809    -0.720236     -1.74031      1.23175     -3.46451     0.629978     -1.23109      1.08707      3.50046    -0.920042     -1.36176     0.751461      1.92156     -2.04296     -1.42379    -0.215474      -1.6395     -2.88006    -0.756899   -0.0991188     -1.96939     -1.46385      -1.0606      1.34881     -2.45548    -0.412142    -0.628609     -2.13307     0.719755      1.38243     0.540834     0.748435      1.70558     0.513772
    -1.06679     -1.08335     -1.10192     -1.13663    -0.633085    -0.591929    -0.983136    -0.849641     -1.29723    -0.768252     0.417029       1.0066    -0.607634   -0.0216345     -1.46202     -1.50139     0.434421    -0.759255    -0.514878    -0.217232    -0.555514      -1.4871     0.451033      2.28764    -0.356428    -0.110437    -0.640231    0.0847433    -0.488263     -1.36487    -0.598644     -1.55402    -0.703676     -1.20026     -0.27832    -0.950586      1.53056    -0.136985      1.38024    -0.491585     0.146401     0.120771    -0.174553      1.08172      1.20128     -0.64236    -0.444905    -0.940816     -1.06705    -0.121833
    -2.20237    -0.575914    -0.275529     0.269752    -0.406244     0.559281     0.314207     -1.26074     -2.20224     0.926304     -1.66411    -0.213776     -1.22548    -0.291123      1.41957    -0.222936     -1.86332      1.98759     0.144761     0.451624    -0.368984     -1.01589     0.471041    -0.110672    -0.164446     0.326182     -1.08009     0.612354     -1.03979    -0.297901     -1.07825    -0.756476     0.159682     0.347209     0.718699    -0.153187     -0.25517     -1.29718     0.539809     -1.13095     -1.08314     0.621443     -1.12998      1.08071   -0.0550906    -0.185471     -1.37663      1.11141    -0.934652     -0.49548
   -0.207441    -0.899343     -2.19831    -0.404287    -0.883414     -2.02396     -2.00692    -0.344677    -0.594415     -1.39446    -0.507584     0.295967      0.39942   -0.0276518     -2.06127    0.0749304     0.906615    -0.762816    -0.634001     -1.68537     -1.42929    -0.243928    -0.398004     -2.84219      -1.1253    -0.338792    -0.662258     -1.36916     -1.77235     0.801824     0.549879    -0.628631     -1.11887    -0.706138    -0.940017    -0.828856     0.223864     -1.32865     -0.49347     -1.74582      1.66369      -1.7612    -0.392235    -0.984905    -0.658484     -1.71063     -1.92004     -1.23707      -1.9219     -1.30792
   -0.997186     -1.61077    -0.992941     0.661692    -0.410671      -2.5129     0.704821     -2.07525    -0.793441   -0.0892921      3.11229    -0.460455     -3.38417    -0.229954     0.301642    -0.491328     -1.15787    0.0815341     -2.44679    -0.476203    -0.913072   -0.0583954     0.133805     0.160885    -0.832158      3.03512     0.241951     0.576037     -1.64763     -1.41896    -0.997349     -2.07513      3.34867    -0.043989    -0.528004      1.53652      1.65653     -1.95372    -0.699116      -1.9756   -0.0580614      1.66245     0.468261    -0.445872    -0.645091    -0.886153     -2.00497     0.462592    -0.655778     -1.23057
    0.222889      4.59265    -0.761034     0.366904     -2.33652     -2.04486     -0.96537    -0.851849    -0.583359     -1.68276    -0.109522    -0.632713     -1.23427     0.572446    -0.797131     -1.04606    -0.944805     -1.27663    -0.836902     -1.21682      2.14261    -0.134218      1.69373     -2.99898    0.0774467     -1.72076    -0.927513     -2.05893    -0.868982    -0.289242     -2.02399     -2.14751     -1.14012     0.522567     0.120709    -0.544388     0.349688    -0.235239    -0.812758     0.299314      2.24278     -1.61508    -0.971281    -0.591751      2.06192     -2.16126    -0.765166    -0.833651     -1.19993    -0.784384
    -3.18681    -0.923032     -1.38816    -0.716511       2.3006     0.833418    0.0235553       1.7548     0.835122    -0.791003     -1.26441      1.19786      1.56156     0.491719     0.117556     0.285537    -0.165009     0.520374       1.1511     0.265949     -2.20179     0.289506    -0.667141      1.99906    -0.626035   -0.0462815      0.10801     0.864136      1.50484    -0.051675       2.7809   -0.0289147     -1.73793    -0.670565    -0.348273    -0.595265     -5.42077      2.19474    -0.482702     0.376679     -3.27406    -0.622668    0.0046037     -1.08261     -1.84305       2.1333     0.819808      1.19176       -0.313     0.108109
   -0.152509    -0.791836    -0.814943    -0.514827     0.149991    -0.201957    -0.210768    -0.576052     0.785003     -0.36827    -0.664854    -0.715536    -0.214758    -0.660799    -0.407997     0.242111    0.0891855    -0.446744     0.312414    -0.407515      0.33384   -0.0658976     -1.34543    -0.535282    -0.499862    -0.533184     0.201505    -0.700612     -0.65554    0.0920067    -0.156353    -0.495385    -0.267679   -0.0199128    -0.477862     0.166929     0.149286  -0.00635573    -0.235379    -0.551662     0.333172    -0.985638    0.0564676    -0.479476    -0.877955    -0.714867     0.199999    -0.914274    -0.334491   -0.0283019
   -0.213208   -0.0600907     -0.48771    -0.425511    -0.159207    -0.342145   -0.0780981   -0.0124978    -0.090445    -0.308077   -0.0672583    0.0129549    -0.184744     -0.20928   -0.0507509    -0.292382    -0.409987    -0.142725    -0.346119     -0.50747    0.0587251   -0.0805435    -0.206521    -0.198544   0.00695362    -0.347244    -0.103456    -0.135208    -0.381479     -0.13965     -0.29196    -0.163435    -0.226454    -0.122348   -0.0928964   -0.0290759   -0.0472322    -0.246657    -0.338681   -0.0208009    -0.220042 -0.000573011   0.00186736    -0.239677    0.0902743    -0.246624    -0.156837   -0.0744427     0.289911    -0.124318
    0.423779    -0.669229    -0.604791    -0.269886      2.29416     -2.74517     0.468577      1.11822    -0.239473     0.435305      1.21204      1.54034     -2.02646     0.818504      1.94616     -2.04768     0.651395     0.720652     0.676965      3.05484     0.723651     -3.73198    -0.751363    -0.369276     -0.77715      -1.3359     -1.84319     -1.41993    -0.800793     0.406544     -2.10943     -2.40054     0.273087     -0.69776     -1.21929     -0.36607      1.59358     -1.72366      5.50145    -0.211586    0.0154375     -1.45866     -2.43141     0.950226     0.466388    -0.892759     -1.84978     0.694436    -0.161765    -0.190781
   -0.671121     -0.41589      1.14721     0.349495    -0.310728      -1.7317    -0.393419    -0.131948    -0.942762     -1.59783     0.759814      -1.9525      1.37248    -0.529869    -0.966321      1.19939     -1.77039    -0.984443    -0.771019     -1.15446     -1.31752    -0.466506     -2.81812    -0.545283     0.747908     -1.02372     0.775479     -1.31471    -0.189297     -1.27249     0.208824      1.96028     -2.57609     -1.38701    -0.385456     -2.10566     -3.02532    0.0680431      -1.8444    -0.724885    -0.174811     -2.01482    -0.735706    -0.379092     -1.76759      0.25738   -0.0954865    -0.569616     0.202106    -0.915162
    0.181777    -0.200102      -1.0428    -0.145639    -0.997131    -0.506995    -0.274825     0.352096     0.256994    -0.799959    -0.747034     -0.69105     0.180535     -0.21362     -1.54414    -0.584916     0.145927    -0.125842    -0.682878      -1.4125    -0.137685      1.07312      -1.2132     -1.32371    -0.932218    -0.684183     -1.28523    -0.499828    -0.229968     -1.00022     0.489986    -0.347409     -1.11082    -0.161633    -0.392135     -1.09844    -0.671499    0.0778838     -1.31726     0.320296     0.196364    -0.664622     -1.10971    -0.205657      -1.1804    -0.231648     0.515367     -0.96226     -0.75148    -0.687428
    -1.02295       1.8404     -1.58653     0.477253     -2.06142    -0.771825    -0.605827    -0.519266      -1.4576     0.154502     -4.17822    -0.622891     -1.48222    -0.354583     -1.06781    -0.930671    -0.112053     -1.00588     0.343692      0.23898     0.178209    -0.678617     0.124665     -1.95674     -1.22917    -0.130554     0.447085     0.634881     -1.75877      0.39211     0.140239     -1.76747      0.42854    -0.797519    -0.662722     0.620542     -1.23831    0.0968998 -0.000382371     -0.21834      1.66948     0.416818    0.0242339     -2.49447    -0.471066     -1.27585    -0.574886     -1.69023       -1.214     -1.60166
     1.21473      -1.2337      -0.5049      -1.3203   -0.0611916    -0.290306     -1.42525    0.0302181    -0.629529    -0.502569      0.89021     -1.50561     0.413688    -0.894858    -0.912594      2.24754     -1.32334    -0.985211     -1.22939      -1.2072     -1.06926    -0.793156    0.0583627     -2.08215     -0.81644    -0.249158      2.31114     -0.59775     -0.29159    -0.279344      0.23283        1.067     -0.90311   -0.0872687     0.119115     -1.27213    -0.933471     -1.25797    -0.636938    -0.453979    -0.398655    -0.196961     0.592562    -0.353769     -1.73298    -0.896403   -0.0598817     -1.06975    0.0843047    -0.445394
   -0.308615     -2.18262      2.88228     0.485397      2.84302      1.02084    -0.263607     0.188062     0.700235    -0.811327     0.915455     0.265384     -1.78285      0.16097     0.341679    0.0413173     -2.29751    -0.551511     0.153815     0.472753     0.437742     0.454596     -3.58298     0.194709      -0.7855     0.155878      -1.6074    -0.069789     -1.08221      3.30823     0.282768     0.164517    -0.749096      3.65718     -1.44435     -1.01698    -0.573336     -3.32657    0.0783649     -2.41307    -0.144614     -1.22742     -2.15145    -0.600753     -3.08034     0.447711      1.33207     -1.67484      3.18283     -2.20648
    0.671536       2.2336    -0.136677     0.047823     -1.28468       -1.612     -1.07436     -1.51296     -2.36203     0.715056     -2.25937    -0.385173    -0.646651   -0.0183196    -0.443862    -0.818301    -0.875512      0.33124    -0.522539     0.341831      1.24946    -0.965305     0.588682     0.478239    -0.769705    -0.803176    -0.364277     0.722532     -1.08117    -0.465132     -1.28008     -1.29825     -0.69553      1.10924     -1.83812     0.174843    -0.921326     -1.11207     0.948493    -0.799128      1.01225      1.08988    -0.859746     -1.38579     0.267702      -1.4499     -0.23461     -1.22011    -0.741995    -0.449182
   -0.611669    -0.495686     -3.36691     -1.53557       -2.914     0.884925    -0.776041     -2.73117      -2.1275     0.119053    -0.562756    -0.293979    -0.541103     0.306766     -1.95292     -1.67863      1.71583     0.700915    -0.296687     0.610739    -0.356657     0.494274      4.13133     0.785336      1.25116     0.506098    -0.243842     0.502973     0.265929     -3.45161    -0.256022     -1.07866     0.247849     -1.86276    -0.403214     0.191218      1.51131      1.45361     -1.08392     0.696904    -0.176366     0.891644      1.88883     0.237637      2.64777     -1.17729    -0.668681     -1.40851     -1.90627      2.96056
   -0.792652    -0.503203      1.43413    -0.370545      -1.3604      1.71426      1.80311     -1.45308    -0.436415    -0.709378    0.0812314     -2.31768     -2.13299     -0.27473      1.05359     0.018128     -3.42164    -0.592032      2.06407      1.57873     0.865283     -1.73268     -1.07986       1.5553      0.61069     -1.67373     0.850581     -1.05237    -0.197175    -0.674652     -2.18477     -2.47652    -0.784005    -0.204585    -0.411891     -2.16883    -0.249885    -0.457329     0.100243     0.142808      -1.4773     0.474752      -1.9529      1.04249      1.16536   -0.0461336      1.33617      5.44141    0.0328879    -0.859402
   -0.261135    0.0997367   -0.0937476   -0.0313176     -0.33735     0.196916    -0.384154     -0.21146    -0.289097    -0.498522  -0.00484978    -0.489373     0.302939    -0.466783    -0.537262    -0.235614    -0.558782    -0.699985     0.202562    -0.357244     0.153404    -0.142627  -0.00747168     -1.06508   -0.0954201    -0.126987    -0.214339     0.445923    -0.378703    0.0163102     0.172838     -0.41139    -0.126163    -0.323117    -0.356742     0.193604    -0.207954    0.0200065   -0.0722684   -0.0750901     0.110469    -0.229321    -0.222908    -0.229163    -0.611875    -0.378876     0.529847    -0.608422    -0.118452    -0.362417
   -0.153326    -0.510712    -0.309508    -0.215965    -0.285341    0.0402083    -0.220383    -0.244142    -0.243889     -0.24918    -0.205613    -0.279389    -0.257806   -0.0206505     0.151128    -0.162577    -0.399232   -0.0166786    -0.280108     0.118502    -0.124053    -0.519768    0.0355465     0.203819    -0.321914    -0.372144    -0.187552    0.0390578    -0.116525    -0.306806    -0.441533    -0.385302    -0.314653     -0.25874    -0.187939     -0.23781    -0.194838    -0.353027     0.037092    -0.310671    0.0212803    0.0792422    -0.222287     0.160976    -0.106499    -0.275483    -0.127921    0.0741116    -0.556886    -0.215496
   -0.741526   -0.0682454    -0.905291     0.334293    -0.678564    -0.931143    -0.628339    -0.578572    -0.634679    -0.570291    -0.613818     0.177278     0.512496     -1.14642     -1.30156    -0.733835     0.143929    -0.490912     -1.15633    -0.605139    -0.638115       0.4296      1.39609    -0.530588    -0.129698    -0.348625     -1.22164    0.0657548    -0.343615     -1.10843     0.571045    -0.610757      -1.1918     -1.37462    -0.499203     0.113318    -0.163557     0.418607    -0.808479     0.778944    0.0727628     -0.36206    -0.194884     -1.06034     0.171776    -0.536538    -0.594612     -1.10546    -0.590983     0.356741
    -2.12689     0.272076    -0.184875     -4.88453    -0.270683     0.779483     -1.32851     0.035987     0.389238     -1.69835    -0.631013    -0.410233     0.700121     0.115197    -0.347202    -0.369069   -0.0915718     -1.34781      0.98606     0.776278     0.667469     -0.11093     0.986799    -0.237433    -0.965825     -1.93655    -0.954929     -1.61565     -1.14527     0.300493     0.989295      0.43452     -1.45004    -0.353027     -2.26117     -2.83679     0.623364    -0.199843    -0.945565      1.62647    -0.492908     -1.16621     -1.62117    -0.761281     0.355707     0.341331     -1.14489     0.855328    -0.321774     0.943794
  0.00274498     -1.63617     -2.44384     0.161715    -0.334621     0.689434     0.666841    -0.684896    -0.611604      1.72113     -7.27567     -1.17868     -1.71264     0.923372    -0.114135    -0.298047    -0.691371     -1.45483     0.324611     0.886232   0.00987935      -1.1738      1.77859    -0.338065     -2.65315     0.178558     -1.64794    0.0188091     -2.04816    -0.489079       1.7943     -2.60716      1.17031     -1.50372     -1.54751      3.10934    0.0516886    -0.023501      1.26498    -0.833043     0.638683     0.871279     -1.06704     -1.48352     -1.18961     -1.35378     0.376572  -0.00996675     -1.61309    -0.649589
   -0.139946    -0.483379   -0.0219309      -0.6544    -0.304346    0.0735396    -0.408042    -0.142063     0.288134    -0.232521     -0.56398    -0.442935    -0.215847    -0.392299    -0.133316    -0.277548    -0.207883    -0.391359    -0.141328    -0.470518     0.496757     0.143037    -0.580958     -0.12596     -0.01583    -0.498505    -0.498218    -0.271542    -0.456618   -0.0283679     -0.29989   -0.0255133    -0.306674     -0.29409    -0.175138     0.320402   -0.0104016      -0.2539    -0.414472   -0.0611367     0.113514    -0.222654   -0.0145001     0.275213    -0.609159    -0.332625     0.346341      -0.7095    -0.204247     -0.16384
    0.579712    -0.604788     -1.75577     0.341806     -0.79262     0.952616    -0.746491     -2.04399   -0.0601323     -1.71404     0.314261      -1.1915    -0.409863     -1.24841     -1.74911      5.13503    -0.689574     -1.09953    -0.770914     -2.58857     -2.34121     0.972943    -0.282102    -0.801209    -0.694322    -0.129518      5.25109     -1.10756    -0.833062    -0.114196    -0.047814     0.523013     -1.69616     0.207275    -0.788514     -1.38956    -0.918585    -0.162519     -1.50572     -1.40833     -0.12295    -0.751591      1.45267   -0.0884603    -0.729211     0.189816   -0.0130913    -0.763701    -0.271052    -0.925808
   -0.391735  -0.00936729     -0.20771      -1.6799   -0.0633675     -1.51203    -0.186376    -0.450144      0.24729    -0.613825    -0.293368    -0.600815    -0.356169    -0.238733   -0.0336872     -1.24181     0.641708    0.0691814    -0.646011    -0.786828   -0.0246092      1.36568    -0.392881    -0.827599    -0.442377    -0.973243     -2.15137    -0.418739      0.10166    -0.294626     -1.12419    -0.246585    -0.507547    -0.224346    -0.824199    -0.242784    -0.250522     -1.48854     -1.62433     0.433797    -0.801001     -0.82854     -1.09886     -1.75332    -0.403536   -0.0870254     -1.29409   -0.0940826     0.762807   -0.0794023
     1.85566     -1.74385     0.965122      1.87604    -0.253183    -0.296379       -1.005        1.162      1.42541      -0.3054    0.0197397     -1.41663     0.603444     0.694894    -0.608373     0.770544     0.283627   -0.0325939      0.43407     0.339283     0.425756      2.57954     -1.07969     -2.33729      1.06796     -1.85474    -0.582892    -0.655093     0.658849      0.69816     0.149828       0.5616    -0.958376     0.323088     -0.31225     -1.25582     0.430604    -0.983943    -0.472791   -0.0126295     0.110052     -1.50085     -1.66591      -1.4162     0.406262    -0.356895      1.93873     -2.49725      1.66551      1.12825
    0.299845    -0.555275     0.452384     -1.39162     0.045138      1.32115     -2.39715     0.453114     -1.39997      -1.8382    -0.826229    -0.810235      -1.0727     0.299363     -0.35854     -0.93333    -0.642585    -0.751502       1.2305    -0.130285      1.28257     0.418299    -0.107234    -0.630728     -1.20851     -1.70759     -1.63729     0.690177    -0.385601     0.475692    -0.155043     0.214179    -0.784882      1.16407     -1.48201    -0.567844        1.305    -0.838476     -2.06403   -0.0905236    0.0311631     0.827208     -1.22451    -0.924688    -0.351363    -0.287376      1.01042     0.204974     0.407753     0.106777
    0.517026     0.130582     -2.69222     0.759311     0.307483     -3.22538     -2.33781      1.22855     0.251754    -0.538085    0.0710893      2.70945    -0.158942      1.66732     -2.45765    0.0184759      3.19154     -1.53526     -3.58095     -2.49435       -3.209     0.933753    0.0291111     -3.25062     -1.24488     0.304762    -0.951245    -0.174391     -1.66313     0.196557      2.97969    -0.502147    -0.210488     -1.07413    -0.610886    -0.338841    0.0499282     -2.82589     -2.19159    0.0914011      0.95539    -0.619665    0.0849814     -1.39649     0.867826     -1.57116     -5.13366     -1.40376    -0.233412    -0.304397
   -0.977243     0.284075     0.666693     0.814717  -0.00474945      -1.7346      0.10438     -2.16066       3.5836     -1.16797    -0.663735      -1.9199   -0.0384642     -1.19793     0.700702     0.359323      2.45607     -2.87504     -0.43729     -2.47375     -1.63175       3.0404     -3.96794        1.305    -0.480011     -1.13426     -1.30301     -2.85665     0.418731     0.524477    -0.699366     -1.11071     -3.26772     -1.62832   0.00935834     -0.83629     0.532714      0.85394     -4.32091    0.0319223    -0.919959     -2.73113     -1.19031     -1.96213     -2.01787    -0.675883      1.02704     -1.32743     -1.72525    0.0571436
    0.268364    -0.466976    -0.416352      1.48981     0.462025    -0.378994     -2.14548     0.123277      0.45282     -1.21366      1.11871     0.285006      1.21072      2.24301    -0.241616    -0.641677    -0.139949     0.935943     -1.61578    -0.798668     -1.42049     0.822424   -0.0807708     -1.12786    -0.763853     0.426234    -0.975893    0.0997699     0.694995    -0.304501     -1.05341       2.0653     -1.62725       0.7559     0.844635     -2.83965     -1.83058     -1.20083     -1.41984     -1.63708     -1.16939     -1.67608      1.27565    -0.174846    -0.437711    -0.431013     -1.94208     -1.01985    -0.131407     -1.81591
    -1.59418     -1.55442     0.132215     -1.73205     0.118661     -1.51602    -0.539778     -1.11974     0.167358    -0.516084      0.17535     -1.34867     0.905149     -4.05461     -1.42414       3.0147    -0.459157    -0.827149     -1.28013     -2.08439     -1.23872    -0.217431     -1.49535     0.926031      1.82496    -0.181114      1.90904    -0.219466    -0.659984      -1.5133     -1.38336      1.27273     -1.17496     -1.04174    -0.473737    -0.919954     -1.24414     0.653527    -0.992761     0.295565     -1.41959    -0.699634     0.841998      -1.7637     -1.25372     0.636193   -0.0607141    -0.335126      1.15209    -0.099416
   -0.593914    -0.899999    -0.334203     -6.60783     -0.87189     0.936437     -1.02363      1.86411     0.623639    -0.727899    0.0588377    -0.767793     0.786755   -0.0173598    -0.329025     0.350353      2.06808      1.26329      2.47623     0.653992      0.88483      1.81978    -0.336942     -0.85577    -0.925444     -4.32117     -0.17248    -0.926383     0.133751     -1.55267    -0.133038      1.37992     -1.07944    -0.421425    0.0123902     -1.47589     -1.41803      1.03986    -0.694893      2.42711     -1.30334     -1.51279     -2.30158     0.897686     -0.43765     0.404765    -0.152908     0.176231   -0.0577717      1.49663
     1.68867     -1.77246     -1.05221    -0.914372     0.117997     0.758573     -2.48168     0.259201     0.517972     -1.15302     0.209002    -0.952591     -1.84057      1.49072     -1.19699    -0.540402    -0.271761     0.735306      1.87962     -1.47613      1.38529    -0.180513      1.41537     -1.01846      -1.7533   -0.0478569      0.41271     -1.27733     -3.62897     0.888684   -0.0304976     -1.22745     0.905095      1.73908     0.317024     0.950655      1.16612    -0.252692     0.373749     -3.37554      6.36614     -1.33315    -0.431682      1.37709     0.108509     -1.02916     -1.37691     -1.99642     -2.33024     -1.21224
   -0.277744    -0.055214    -0.127044    -0.373223    -0.430251     0.145787   -0.0385937    -0.331052    -0.136796    -0.141417    -0.568886    -0.337023     0.118759    -0.462064    -0.149544     0.421672   -0.0673474    -0.240913  -0.00788836    -0.263029     0.148242   -0.0126365    -0.364575    -0.355887    -0.103859    -0.176205     0.402948    -0.273522    -0.131302    -0.279154    -0.207488     -0.47394     -0.17242    -0.297028    -0.315591    0.0184008    -0.238752     0.170812    -0.404977    -0.248071    0.0102565    -0.217828   -0.0307151    -0.202969    -0.525709    -0.242679    0.0673734    -0.378381    -0.196006    -0.315483
   0.0626059    -0.484353     0.457691      1.08413      1.24968    0.0193231    -0.524196     -0.41542      1.11322    -0.244062    -0.499335    -0.986891      1.56035     -1.31372     0.562674      0.12248      1.72478     -0.99992    -0.277979     -1.59332     0.179443      0.87361     -1.95064      1.05672    -0.599789    -0.907931     0.237902   -0.0875999     0.191706     0.614459    -0.159005   -0.0697993    -0.943474    -0.546605    -0.474753    -0.502754     0.226943      1.61079    -0.809374    -0.313189      -1.0357     -1.49822    -0.371202    -0.753848     -2.14857    -0.871953   -0.0508666    -0.584897    -0.703255     0.547942
    -3.09406     -1.06843    -0.141485      0.34106     0.144601    -0.269196   -0.0256681     -2.45852     -0.77894    -0.274909      1.42791     0.931983     -1.99562     0.286287      1.27126     -1.57186    -0.972928  -0.00847295     0.620089      1.29875     -2.18269    0.0741678      1.39036      2.08382     0.178479    -0.170898     -1.24989      -1.7614     -0.40307     -1.89911     -2.08149    -0.497616    -0.521229    -0.121754       6.4677    -0.326656    -0.843801     0.976049    -0.452168     -2.58436     -2.06499     -2.29248     -1.80629      3.87777      0.51944      1.74987     -3.25928     0.435695     -1.00852    -0.205472
    -1.21723      1.30141     0.211212     0.176898    -0.021161       1.2615     0.648846    -0.591801    -0.571385      2.04001     -0.10346     -1.29477     0.203005    -0.108114       1.9626      -0.9717     -1.24134    -0.103722      0.39962     0.707898     0.345927     -2.51816     0.755849      2.95294    -0.718121     0.593247    -0.160121    -0.417995     -0.63608     0.639154     0.296119     -3.44229      1.66501     -2.76242     -1.14819      1.27195    -0.704546    -0.546794      1.60845     -1.41151    -0.228774    -0.161219    -0.544037    -0.327777     -1.27598    -0.585615     0.665594      2.44901     -1.41949    -0.575196
    -3.21563     -0.27808    -0.406795     -2.42257      1.67403    -0.721876      1.56107     -1.15586  -0.00146161     -1.30428     0.949915       0.2935    -0.541453     -3.66661    -0.443974     0.167699     -1.60958     0.353609     -0.89575      1.14471    -0.641638    -0.260228    -0.860688      1.50449      2.22376    -0.786617    -0.351834    0.0418372   -0.0134406     -2.39387     -1.73317     0.529427    0.0533827     -2.95679    -0.897509     -1.12094     -3.14425     0.181844    -0.626807     0.799167     -1.23963    -0.594987     -1.49627     -1.68554    -0.329806      1.30806     -0.21191     0.953349     0.939709    -0.912631
  -0.0352725     0.359155     0.862632     -1.62879     0.148371     -0.19098    -0.303766    -0.155099    -0.176934    -0.270479    -0.289588     -1.14733     0.444359    -0.193745     0.920336    -0.895804      1.15051    -0.416402     0.943226     -1.31566      1.88799     0.605415     -1.05771    0.0844002     0.505639     -1.47832     -1.31664     -1.02355     0.433338    -0.137209    -0.504339    -0.170587    -0.844469    0.0650061    -0.443611     0.264969    -0.655474    -0.218985     -1.23176    -0.736336    -0.176037     -1.32483    -0.904434    -0.372299     0.580472     -1.19041      1.00072    -0.503943   -0.0921379     0.720502
    0.360284    -0.540417     0.117501    -0.396046    -0.371874    -0.230044    -0.298957    -0.302101     -0.14482   -0.0418189   -0.0599837    -0.311117   -0.0295314    -0.517593    -0.368377    -0.120022    -0.163442    -0.239909      -0.1582    0.0683258     0.256769     0.144294    -0.390503    -0.338785   -0.0434009    -0.689423    -0.267085    -0.199372  0.000805776     0.282498     0.142997     0.197516    0.0116983    -0.526879   -0.0782479    -0.167594      0.59183    0.0625372    -0.426669      0.14658    0.0100706    -0.314477    -0.138075    -0.269105    -0.293292    -0.502995     0.419609    -0.155418    0.0779816    -0.187375
  -0.0813745      1.09644    -0.145476    -0.516095     -0.17678      -1.6128     -1.48437    -0.317108     -1.17094    -0.274938     0.402811    -0.678777     0.222627    -0.401391    -0.820465      1.81563     0.569671    -0.446668    -0.944559     -1.05606    -0.545212     -0.43865     -0.36027     -1.91422       -1.004    -0.860575      1.44283      -1.5922     -1.00694      0.22926    -0.204094     0.673251     -1.85022    -0.449645     -0.89273     -1.13733    -0.714407     -1.06394     -1.05262     -1.70819     0.956177     -1.66416      0.18017    -0.487275    -0.900218     -1.00165     -2.00508    -0.523907     0.688299    -0.683256
   -0.795411     -1.52282       0.4164      0.61861      1.59745    -0.587611     0.147933     0.909697    0.0489453     0.713396     -1.32176     -1.01448    -0.376426     0.170908      0.20791    -0.745156    0.0763606     -1.26225    0.0973639    -0.220937     0.555296    -0.801318      -1.5173     0.120236    -0.439842    -0.785924     -1.00782    -0.734841    -0.690349     0.495001     -0.35227    -0.761059     0.773904      1.42586     0.228747    0.0219768     -0.20062     -1.24045      1.85531    -0.790622     0.804924     -1.02027    -0.607013     0.985594     -1.82273    -0.167812    -0.774087     0.298859     0.128311    -0.641266
     1.26042      -2.2524      1.78697     0.948982      1.39727     -1.65254    -0.532732     0.331151   -0.0200057     -3.01895      3.05748     0.644121     0.909207     0.561828     -1.03552    -0.897697     -1.83368      1.54613    -0.107852    0.0491299    -0.839479      2.52698    -0.171627    -0.850325     0.746916    -0.558384     -1.44444    -0.897195      1.90237     -1.74011     -2.13773      4.39372     -2.64161     0.107329     0.841186     -4.20106   -0.0817551     -1.16495      -2.2514      -1.0327     -2.18535     -1.02463     -0.29959      1.20883      2.53428     0.069505     -3.87637   0.00735175      0.34466    -0.277979
   -0.226007    -0.871937     0.099855     0.224565     0.303104    -0.780137     0.507742    -0.105394    -0.836562    -0.403373    -0.553318    0.0681608     -0.98905     -1.06671     0.706198     -1.02037     -1.69514    -0.519416    -0.722858     0.977126    -0.769922     -1.48743     -1.61618    -0.324186    -0.107251     -1.35084     -1.40659     -1.10993    -0.594874    -0.411348     -1.85355    -0.925735    -0.982554    -0.352889    -0.622162     -0.56979     -0.26628     -1.15845    -0.406247    -0.257452    -0.423133     -1.09582     -1.13307     -1.08423    -0.650772     -1.07709    -0.721882     0.361902     0.596801     -1.10577
    0.787996    -0.130614     0.769842    -0.639398     0.772983     -1.74722     0.733408    -0.947286      3.66422      1.21895    -0.203914      -0.8342      2.51794    -0.506173     0.453366      0.68727      4.19816      -6.4031    -0.680104     -2.49288    0.0466414      2.55113    -0.751242   -0.0405711      1.06751     -1.30798      1.37747     -3.75959     0.362634     0.649443     0.924371      1.07516    -0.174838    -0.331518      0.96993      1.66142     0.685374      2.20022      -1.0718     0.195938      1.32179     -3.04004      2.29183    -0.138807    -0.599016     -0.97899      1.37204    0.0377235     0.288783      1.38821
  -0.0638413     0.251072   -0.0975452    -0.192859    -0.382441    -0.239834    0.0677627     0.169396    -0.307092    -0.123871    -0.266838    -0.190108    -0.112439   -0.0724679    0.0413572    -0.487625    -0.174329    -0.133616    -0.316408    -0.290921     0.054665     0.037998    -0.671838    -0.157083    0.0799098    -0.254963    -0.297097   -0.0690528     -0.19761     -0.26392    -0.185652    -0.431361    -0.118202   -0.0918601    -0.265458    -0.212871    -0.279785   -0.0848692    -0.157489   0.00834972     0.306847    -0.133354    0.0647614    -0.203608    0.0217251    -0.142077    -0.182541     -0.23681    -0.171587    -0.411306
   2.09169
  0.569109
 -0.785975
 0.0950043
 -0.765065
  -2.96163
  0.178402
  0.286666
 0.0170972
 -0.829888
  -1.11049
  -1.52019
 -0.782992
  0.194964
 -0.216598
 -0.327524
  -1.56133
  -1.75476
  -1.30964
 -0.332161
 -0.581049
 -0.679622
  -1.22729
  -1.39922
  -1.19054
-0.0293108
   0.30142
 -0.170418
  -1.04333
  -1.15935
  -2.09113
   2.02518
  0.905359
 -0.944127
  -1.15872
   -2.3822
  -3.00787
  -1.03082
  -1.33665
  -2.10453
 -0.543879
 -0.952093
 -0.125591
  -1.10969
 -0.472557
 -0.568852
 -0.630176
 -0.247236
   3.59974
   -1.1787
1
4
50 10
   -0.317966      1.77933    -0.355332      1.42786     0.590537    0.0888676      2.19424      2.07336    -0.415816     -1.50878      1.05527   -0.0214114      2.31985      -2.7918     0.848826     -2.25184    -0.396007      1.55476     0.684746      1.88722      0.11616     0.877923   0.00729511     0.386688      1.25075      -12.444     0.270451      1.23756    -0.255618   -0.0386783    0.0103514      2.39829     -1.20589     -1.03618     -2.79734     0.600683       1.7978     0.433399     0.446081     0.810168      1.98666     -1.11845    0.0552072     0.373504    -0.682613     0.855014     -5.23176     0.107901     -1.96537     0.406282
     1.18009     0.492754     0.397049      3.24714    -0.656371     -1.23197     0.299659    -0.839964      2.41806    -0.877859    -0.191483      0.43345     -7.28363    -0.212815      1.01001      2.10305     -3.63052       1.3257     -1.33917     0.552684     -1.82398     0.648263   -0.0229628      1.25698    -0.256092        1.372     0.623578     -11.6252      1.35352      1.69943      1.39617      2.79479      2.32593      2.74371     -1.85551      2.36407  -0.00460701    -0.286241     0.972089      1.59699    -0.204127      1.10497       1.8458     0.846368     -1.48599     -1.81083    -0.488014   -0.0122451    -0.245944     0.508458
    -4.45405     0.930715    -0.203462      1.63728     0.762435      1.40725    0.0562863      1.69205     -1.71647     0.973286    -0.911148   -0.0731461      2.53893     0.348151     -1.31212      -1.5243     -1.62294      1.65646      1.59732     0.655383      1.97396     -1.08567     0.282272    -0.326017     0.965496      1.37136    -0.523025     0.588614     0.419623     -1.01737     -0.61089    -0.572787    -0.783582   -0.0613613       2.5918       1.1769    -0.809999    -0.553059       0.5065     -13.8986     0.744662      1.77836   -0.0559604    -0.518033    -0.946413    -0.996785       2.2586    -0.482352     -2.93171    0.0105499
    -2.23024     0.757491    -0.457904     -9.71045    -0.162068      0.87903    -0.813217     -1.29951   -0.0957117      3.96617    -0.865126    -0.178397     0.136857     0.361981    -0.793984     -1.28424     0.849276      2.02226     0.161957     0.896755     0.105223    -0.201353     0.103706     -1.56202      1.39182      1.54672    -0.611027      1.92875     0.129102    -0.513186     0.201784      2.05763      1.35331    -0.316031     -2.33937       2.3679     -8.44967   -0.0388769    -0.121641      3.52873     0.272188     -4.08542     -1.53282   -0.0897667     0.681454    -0.487606     0.858229     -1.49596     -2.36479    -0.279998
   0.0932714     0.988855     0.328776      1.26429     -1.52403      1.90295     0.194966    -0.512216      1.41046     0.952781    -0.115572     0.146966     0.950385   -0.0692546      1.96478      1.92445      1.91859     -9.07886     0.399713     -10.2601     0.677525     0.178764     0.621942     -1.40828     -1.56858      2.55556     0.379523      2.98911     0.485663     -1.01117     0.580923      2.53541       1.7631      -1.3521      1.05491      2.13367     0.658624     0.284794     0.122962      2.94612     0.422409      3.01229   -0.0879796     0.300133     0.437836     -1.01282     0.179549    -0.715149     -1.53322     0.293131
     3.20067     -8.14896     0.130282    -0.735987     0.796492      2.31787   -0.0595847     0.215039     -6.29112     -7.05079      1.01766    -0.145596     0.238258    -0.638526    -0.859772     -1.50207      1.57177      1.26453     -2.23223      1.45129    -0.226591   -0.0512204     0.373413    0.0275887     0.168325      2.23084     0.387862      2.44234    -0.750353    -0.756261    -0.861786       2.6094      2.32199    -0.919922      2.06366     0.872868      3.24744     0.319046   -0.0235638     0.785309     -2.00592     -2.52999    -0.648235      0.31557     0.871624     0.459875     -1.00811     0.163914    -0.640023    -0.158944
      1.2154      3.33209    0.0974162    0.0181473     0.019176    -0.986645      -2.9844      0.14672      1.51898    -0.340004     0.708246     -0.25557    -0.474425      1.44559    -0.729077        1.707      1.86379      1.84245      1.63077      1.53527      -6.0618     0.235548    -0.418046     0.604277     0.899859      1.01456    0.0773754      1.53458    -0.897519     0.498609      1.18667      -13.732     -1.18761    -0.200887      2.05313      2.62501      3.27606    -0.173611    -0.758688      1.34891    0.0745298     0.333169      1.73225  -0.00883904     -1.57453      1.00397      1.02388     -1.24268    -0.877486    0.0805366
     1.32236     0.163834     0.257238      1.21606     0.201891     -3.72832     -1.16962      2.90421      1.20223      1.64552     -1.10502     -0.21732      1.03898     -2.83829    -0.918822      2.62096    -0.857143   -0.0807691      1.06279     0.956901      2.76144    -0.103144   -0.0417906     -1.17226    -0.537916      2.05931    -0.718796     -1.44859    -0.818377    -0.262854     -1.35144       0.1927     -4.30556    -0.878688     0.397928      0.55653      0.58009    -0.433761     -2.46387      2.09004      1.24657     0.484078     -1.06189    -0.899906     -1.66522      1.07917 -0.000328104      1.19248      11.7314   -0.0436181
    0.405556    -0.684438     0.109876      1.23183     0.135919     -1.13371      1.77497      -4.1436      1.40517      2.47501     0.490774   0.00224748    -0.242665      4.20527      0.70177     -1.90557     0.588757     0.164569     -1.20155      2.85509      2.97107    -0.137607    -0.211902      2.07456     -2.76324     0.113534    -0.377004      2.52765     0.287078      1.31909     -0.49237      1.78116    -0.110699      2.23219    -0.645847     -13.2696     0.709143     0.152228      1.19304     0.921553     -1.76625      1.02059     0.867264    0.0557826      3.79569     0.121597      2.65527      1.69736    -0.675956    -0.433744
  -0.0107089   -0.0144879    -0.161514   -0.0032589  -0.00774787   -0.0101481   -0.0052866   0.00586413    0.0269282    0.0013401    0.0537622     0.145297  -0.00111619   0.00764986    0.0897459    0.0449236   0.00452511   0.00583261    0.0167262  -0.00485725  -0.00593037   0.00183815     0.335764     0.018056    -0.014401   0.00224066    0.0848902    0.0107908    0.0242068   0.00599534     -0.01237   0.00551683  -0.00700454 -0.000613335   0.00452755   0.00965344  -0.00342719   -0.0586695 -0.000574771   0.00973432   0.00542946   0.00698012  -0.00887769    0.0142214  -0.00899639    0.0026741  -0.00225274   -0.0618598  -0.00635201    0.0192053
     1.615
    1.8928
   2.12998
   2.63492
   1.65584
   2.03451
  0.786341
  -9.32006
  -1.58361
-0.0156006
