3 8 0.5 2500
1
1
9 50
   -2.41669   -0.159779    -4.68532    -1.16292    -0.58265     4.04103    0.902502    0.955344    -1.10325
  -0.609146   -0.544981   -0.695631   -0.304052    -1.08204     6.86925    -1.59672    -0.98681   -0.969037
   -1.36009   -0.795518   -0.606005  0.00949186     4.36724      1.0302    -2.95213    -1.24045    0.595579
   0.163037     2.44671     1.05271     2.08043    0.944928    0.371443     2.17196  -0.0418485    -7.60929
   0.301111    -2.87828    0.878187     1.66069      4.6373    -1.80804       1.611  -0.0367279   -0.284164
    1.25839     3.04577    -1.93349    -3.54165   -0.655212     -3.6721    -2.78585     1.91949     1.54846
    1.91649    -0.78615    0.978058     3.40597     1.57286  -0.0666149    -2.00498    -1.50322   -0.645256
   -1.40057    -1.99519    -2.64628   -0.827094     2.98204    -2.48565     2.01337     1.22226     2.79253
    1.97626    0.497364     1.04358    -1.18689    0.350879     -1.3671    0.642284    -4.34425   -0.615279
    3.79533    -2.03639     2.26711    0.912837    -0.61684   -0.210847   -0.537827     -1.9934    -1.98871
   -8.04579    0.271928     1.14991    0.759425     1.18747    0.543151     1.24117     3.01004    -2.30022
   -1.03741   -0.531396     1.83545     1.06301    0.255601    -1.17142     3.54111     2.61453    0.884731
   -3.35583    -1.03487    -1.57002     -2.3818   -0.822119    -1.92555    0.880668    -1.80475     2.81784
   -1.51964     1.31968     1.94753    -7.56546    0.562034   -0.762957     0.40988     1.75642     3.06904
    1.77485    -1.69185     1.64837     0.32281    0.333586     1.97983    -3.00247    -2.83901    -1.17759
   0.115756      4.7658   -0.644053    0.867973    0.325381    0.286734   -0.269261     -1.4242    0.644582
   0.366734    -3.76495     1.67822   -0.983985     -2.4357   -0.539651     4.40901    -4.58813     2.54394
   -1.91119    0.908998    0.367911    -1.63113   -0.805114   -0.948843   -0.735047     6.39024    0.311783
 -0.0877332    -1.47512     0.37223    -3.22257    0.324954    -1.75286    -2.45854  -0.0765602     2.53528
    2.24273    -1.30278     0.22707     1.98799    -0.84146   -0.874277    -0.83114     3.37993     2.44784
  -0.865767    -3.22186    -1.73835     -1.7318    0.167205      3.0181    -3.98742   -0.859596     2.29317
  -0.696709      5.3631    0.470599     1.32272    0.581468    0.649964     1.10532    -3.36537    0.518189
   0.866664     1.68041     2.74722   -0.872902    -5.55917   -0.231929    -2.03567     2.17811     1.67965
    1.58654    0.876269     6.35176    0.265947   -0.453807    -2.35946    -1.24637   0.0873258    -2.21512
   -1.88871   -0.209576     1.07387     3.69691   -0.547639    0.765559    -1.79578   -0.604698   -0.827276
  -0.206154      1.8812    0.424305   0.0548888     1.12819    -1.64122     1.72065      2.1828    -4.51345
   -1.16025      6.8479   -0.222477    -1.10996   -0.950956    -1.35776    -2.03948     0.17884    -1.36602
    1.66648    0.273295    -3.36864   0.0820466    -1.55449   -0.950392     1.42732     5.02428     -1.0741
   -2.61823   -0.263222    -0.55057     3.79407   -0.604072    -1.22921    0.148467  -0.0792455     1.04934
    1.74011    -1.51292   -0.954993    -1.40473     4.70583  -0.0631088   -0.805684    -1.37844    0.815889
    2.95125     1.68925   -0.932888    -1.94228    0.316179    -4.23646     3.10529    0.646781    0.479495
    -5.3898     2.59384     1.59135    -1.69643    0.979014   -0.420573   -0.114099     2.06886     2.14339
      3.385    0.118294    0.158415    -1.77501    0.901173    0.228573   -0.654988    0.833257    -4.76115
    -1.1687     2.83436     2.44306    -3.30612     4.88748      1.5313   -0.711142     1.30138    0.345799
  -0.961298    0.183751     6.27649   -0.569868   -0.143931   -0.584183   -0.538909   -0.458091   -0.953713
     4.5606   -0.892815    0.316338    -0.13864   -0.230851    0.247707   -0.592244   -0.131365     -3.8364
    2.09087    -1.02373   -0.541836    -1.38406   -0.827194     6.06568     1.05137    0.325359     1.30049
    1.47422     1.77822     2.65979    -1.50282    -2.15782    -2.36392   -0.887621    -3.84241    -1.44737
  -0.138393    -5.02805    0.840493   0.0916625     1.03143   -0.580922     1.43064     2.77529   -0.328001
    1.90935    -1.56082    -2.23233     1.99333    -2.24251   -0.700943    -1.73491   -0.036011     3.17827
    1.78455     1.31343   -0.642101    -6.52095   -0.722256   -0.281265 -0.00165211   -0.116192   -0.188951
   0.819427     1.75785    -1.77517     1.18436    -0.68838     0.21898   -0.914064     4.88748    -2.76768
   -2.79173     1.62376   0.0822232   -0.645056     -2.7889   -0.878489     1.21661     1.57301    -3.91294
   -1.67475   -0.698229     4.83957    -3.18989   -0.351343   -0.304635    -1.47692     2.58309    0.561625
   -3.14277    0.591129    0.621999     1.51089    -3.43811     2.67686     1.54823     3.07786     2.31837
   -1.00463     2.02429    0.845121     0.87177     1.21636    -2.45138   -0.467795     1.46607    0.558778
    1.48493     1.71501    -3.62944     1.03633  -0.0740718    -1.03685    -6.52048    -1.81999    0.162061
   0.850966    -1.22037     1.66558    0.498498    0.773818   -0.288386    -6.45961    0.108509   -0.167822
  -0.129029    0.835738    -1.31429     2.46236     3.67332     1.49014    -0.36534    0.470048     1.30823
    1.77951    -1.52332     0.35193    0.372442    -2.63599    0.368721    0.332713    -2.61219     2.12965
  0.520672
  -4.04217
  0.879152
-0.0644009
  -2.00432
 -0.916733
  -2.09822
  -3.17696
  -1.24056
  -2.07047
 -0.872751
  -2.03974
  -1.58364
 -0.888916
  -1.10317
  -4.13635
  -1.78797
  -2.72235
  -3.47816
  -2.87224
 -0.976395
  -2.13854
  -1.30912
   1.27473
  -2.00233
  -2.57062
  -2.41297
  -1.52922
   -1.6039
  -2.10994
  -3.01084
  -2.62389
 -0.266168
  -1.57867
  -2.85773
  -2.87319
   1.13535
  -2.25955
  -3.15624
   -2.9295
  -2.59373
 -0.416805
    -3.026
  -1.55217
  0.580264
  -2.14319
 -0.976845
    -0.462
  -1.81803
  -1.42264
1
1
50 50
     3.58254     -3.66851     0.985331      1.22291     -0.75937     0.604435    -0.608666      1.17864     0.799869     -2.14824     0.706292     -1.38761     -1.18875      -2.6906     -1.09641     0.930605     -2.95219     -1.11198    -0.821647     0.227973     0.993622    -0.474055    -0.768298     -3.30733    -0.242428     -1.21558     -1.55756     0.790048    -0.659573     -0.49574      1.77904     -1.43831     0.191548     -2.33546     -0.93347    -0.177236      2.28122    -0.722988      -1.4975      1.95026      1.33125    -0.269693     -2.53234      -2.9715   -0.0507892     -1.34868      3.14752     -2.52796     0.836896     -0.52155
     2.09786      7.85627     0.197124      1.44384     -2.63008     -2.01249    -0.618133     -1.90242    -0.265013    0.0870674     -1.02792    -0.891221     -1.82844      1.16937    -0.293918    -0.158927     -1.84945    -0.704236     -1.47491    -0.459953      1.86394     -1.05135    -0.198108     -1.44607    -0.652222     -1.48042    -0.682423     -2.68649     -1.47168      0.27418     -3.31788     -1.66863     0.463121   -0.0164852    -0.283066     0.219509     0.775942     -1.36658     0.737455     -1.65995      0.56092      0.43319     -1.48746    -0.254841      2.16663     -2.00631    -0.843194     -1.28877    -0.621192     -1.06491
  -0.0123633       -0.527    -0.544817    0.0304884     -0.26239    -0.116302   -0.0570065   -0.0997669    -0.474389   0.00166075    -0.864866     -0.26937   -0.0615535    -0.306529    -0.109919    -0.359495     0.116155    -0.603114    -0.395137  -0.00938061    0.0417675    -0.231101    -0.151062    -0.453426    -0.430839    -0.209587    -0.171049     0.151546    -0.421453    -0.296781    0.0368743      -0.4223    -0.269488    -0.164271   -0.0477753     0.240321    -0.398248    -0.214295     0.227819     -0.16849   -0.0832595    -0.082837    -0.168211    0.0102648    -0.365877    -0.313522    -0.216753    -0.477861   -0.0346223   -0.0903898
    -1.65126     -1.39146    -0.439449     0.736339     0.536152     -1.83355      2.94917     -1.87327     0.250452    -0.382863     0.937539     0.867046    0.0278909     -5.34363     0.305242     0.414955     -1.33252    -0.697244     -1.72557      1.25477     -3.41564      0.69445     -1.21029      1.17101      3.53352    -0.910832     -1.34861     0.763923      1.95585     -2.01533     -1.42038    -0.202247     -1.61408      -2.8688    -0.729789   -0.0866396     -1.91087     -1.39665     -1.03763      1.36584     -2.44865    -0.393672    -0.621701     -2.10798     0.748831       1.4006       0.6031     0.800164      1.71815     0.583154
    -1.04265     -1.08284     -1.09544     -1.10953    -0.624542    -0.578771    -0.961035    -0.840924     -1.29872    -0.742383      0.42601      1.04519    -0.602814    -0.030676     -1.43648     -1.50096     0.440606    -0.707556    -0.506433    -0.167145    -0.524713      -1.4876     0.483316       2.3269    -0.331068    -0.090706    -0.638146     0.137647    -0.465235     -1.36189    -0.602252     -1.54896    -0.678461      -1.2028    -0.261428    -0.924211      1.57359    -0.128236      1.43283    -0.465311     0.150149     0.173983    -0.153776      1.12828      1.24978    -0.632069    -0.436843    -0.900328     -1.06397   -0.0915509
    -2.20356    -0.576255    -0.346585     0.289911    -0.430225     0.569041     0.228064     -1.23466     -2.20282     0.891127      -1.6866    -0.227365     -1.21557    -0.221889      1.35508    -0.222948     -1.84197      1.96736     0.141153      0.42015    -0.401098     -1.01619     0.434909    -0.141496    -0.252957     0.368595     -1.07807     0.636092     -1.11069    -0.291908     -1.05156    -0.751901     0.180164     0.356473     0.695002    -0.149102     -0.26464     -1.29298     0.512371     -1.19839     -1.07963     0.582239     -1.12159      1.05816   -0.0744046    -0.219764     -1.41914      1.07862    -0.942913    -0.505968
   -0.204877    -0.896858     -2.19803     -0.40217    -0.883413     -2.02327     -2.00692    -0.344669    -0.591958     -1.39444     -0.50739     0.295967     0.401259   -0.0254108     -2.06115    0.0769146     0.908555    -0.762817       -0.634     -1.68537     -1.42898    -0.241364    -0.397413     -2.84219      -1.1253    -0.338045    -0.659781     -1.36859     -1.77234     0.801958     0.550841    -0.628569      -1.1176    -0.705378    -0.940016    -0.828455      0.22642     -1.32659     -0.49347     -1.74581      1.66629      -1.7608    -0.390341    -0.984906    -0.656708     -1.71063     -1.91985     -1.23706     -1.92186     -1.30611
   -0.818527      -1.6279    -0.906874     0.775562     -0.43019     -2.40881     0.640565     -2.03995    -0.761658    -0.119749      3.19155    -0.419529     -3.31118   -0.0891126       0.2903    -0.498304     -1.10088     0.122369     -2.45674    -0.487096    -0.843135   -0.0413634      0.17434     0.327999    -0.857668      3.07067     0.285737     0.696345     -1.63355      -1.3838    -0.978383     -1.99479      3.41464   -0.0010408    -0.577781      1.54465      1.84828     -1.94623    -0.708765       -2.007   -0.0451105      1.75356     0.534864    -0.392208    -0.469802     -0.89128     -2.00543     0.507228    -0.631379     -1.17527
    0.261385      4.62615    -0.732236     0.378479     -2.33509     -2.00316    -0.963655    -0.850565    -0.552895     -1.68139    -0.110832    -0.631601     -1.18955     0.610559     -0.77704      -1.0151    -0.919592     -1.27566    -0.835715     -1.21649       2.1848    -0.101029      1.70597     -2.99278    0.0803288     -1.74377    -0.895876     -2.05542    -0.866701     -0.27672     -2.02385     -2.14271     -1.13907     0.528804     0.121411     -0.55192     0.388534    -0.215848    -0.812169     0.300254       2.2721     -1.61774    -0.976003    -0.589519      2.09917     -2.16023    -0.727194    -0.829784     -1.18938    -0.746817
    -3.17296    -0.925911      -1.3243    -0.750992      2.32641     0.841362    0.0216484      1.80097     0.851558    -0.796585     -1.15463      1.21551      1.61179     0.580424     0.110147     0.319971    -0.141632     0.535756       1.1639     0.275553     -2.16512     0.323518    -0.638678      2.02942    -0.605533   -0.0622817     0.147165     0.863199      1.57232   -0.0433973       2.7633    0.0926206     -1.76268    -0.567997    -0.327241    -0.618224     -5.43905      2.17912    -0.472159      0.38505     -3.29276    -0.627989   0.00176447     -1.06585     -1.76778      2.18265     0.834701      1.20363    -0.278205    0.0874126
  -0.0970004    -0.771242    -0.781415    -0.472325     0.147654    -0.160026    -0.204478    -0.577174     0.838587     -0.35498    -0.662877    -0.715653    -0.193168    -0.642823    -0.394331     0.285766      0.10602     -0.44692     0.314701      -0.4074     0.343639   -0.0182887     -1.34394    -0.539806    -0.500482    -0.516942     0.250897    -0.690213    -0.651923     0.110439    -0.127548    -0.495985    -0.228312  -0.00617786    -0.478705     0.192317     0.195622     0.031531    -0.234309     -0.53709     0.373786    -0.971704    0.0760044    -0.479478    -0.872037    -0.713349     0.238397     -0.91286    -0.320188  -0.00467307
   -0.212017   -0.0602523    -0.484884    -0.424279    -0.158024    -0.344216   -0.0773177   -0.0114075   -0.0884723    -0.307869   -0.0664216    0.0126575    -0.181056    -0.209597   -0.0491735    -0.292992    -0.407604    -0.142828    -0.346128    -0.507671    0.0605656   -0.0780971    -0.207471    -0.197574   0.00814919    -0.347165    -0.103824    -0.135774    -0.379828    -0.138952    -0.292926    -0.162312    -0.227704    -0.121694   -0.0926506   -0.0303372   -0.0471178    -0.245059    -0.338784   -0.0216052    -0.220863  -0.00146435    0.0024094    -0.239419    0.0901591    -0.246725    -0.155817   -0.0738018     0.290604    -0.123561
    0.439271    -0.687875     -0.59266    -0.248077      2.29123     -2.69631     0.470783      1.11474    -0.259013      0.44945      1.24282      1.56739      -2.0526     0.832121      1.93556     -2.04926     0.635172     0.746851     0.680575      3.07149     0.710365     -3.76411    -0.722974    -0.316641     -0.76626     -1.31861     -1.83536     -1.38079    -0.785641     0.398185     -2.08834     -2.38725     0.303875    -0.705464     -1.21653    -0.340769      1.62568     -1.73424      5.51577    -0.190244    0.0162384     -1.40643     -2.41563     0.972667     0.519099    -0.870802     -1.84825     0.718404    -0.164108    -0.187855
   -0.693973    -0.418863      1.13531     0.347527    -0.305729     -1.75404    -0.396919    -0.100723    -0.937119     -1.59862     0.806929     -1.96255      1.37657    -0.519603    -0.974322      1.22094      -1.7597    -0.998013    -0.771056      -1.1547     -1.32409    -0.449178     -2.82683    -0.546518     0.747433     -1.01862     0.790332     -1.31971    -0.171163     -1.25046     0.195611      2.00979     -2.58865     -1.33512    -0.384136     -2.10673     -3.06306    0.0495978     -1.84649    -0.729551    -0.192051     -2.03527     -0.73603    -0.403706     -1.77118     0.276824   -0.0945288    -0.578725     0.223901    -0.936526
    0.181724    -0.199341      -1.0425    -0.144977     -0.99522    -0.511251    -0.273514     0.353536     0.258028    -0.798572    -0.746248    -0.690964     0.180714    -0.213182     -1.54196    -0.588174     0.149474    -0.125781    -0.682794     -1.41248    -0.136531      1.07332     -1.21319     -1.32148    -0.931773    -0.682687     -1.28849     -0.49911    -0.229885    -0.998596     0.489529    -0.347327     -1.10892     -0.16049    -0.391869     -1.09785    -0.669413    0.0778674     -1.31722     0.320102     0.196288    -0.664288     -1.10806    -0.205528     -1.18028    -0.231824     0.513784    -0.960999    -0.751561    -0.686618
    -1.05384      1.81027     -1.59655     0.446938     -2.06146    -0.776916    -0.605866    -0.519304     -1.48798     0.153801     -4.18301    -0.622952     -1.49297    -0.377598     -1.07127    -0.953002    -0.123335     -1.00589     0.343672     0.238932     0.176491    -0.709532     0.123574     -1.95683      -1.2291    -0.153003     0.417063     0.625736     -1.75876     0.388076      0.12849     -1.76776     0.400086    -0.819337    -0.662727     0.609381     -1.26925    0.0772035 -0.000433117    -0.218436      1.63832     0.404221  -0.00186724     -2.49447    -0.479215     -1.27588    -0.577705     -1.69025      -1.2154     -1.60699
     1.21208      -1.2281    -0.510072     -1.32506   -0.0640943     -0.28408     -1.42579    0.0243986    -0.623364    -0.502402     0.869073      -1.5077       0.4059    -0.897163    -0.910439      2.25042     -1.32406    -0.988272     -1.22907     -1.20727     -1.07101    -0.791362    0.0561471     -2.08837    -0.824554    -0.250131      2.31264     -0.59843    -0.304126    -0.283326     0.236949      1.04881    -0.899034   -0.0971687     0.117225     -1.27073    -0.924438     -1.25125    -0.637224    -0.452282    -0.391155    -0.197714     0.586549    -0.357665     -1.74276    -0.903936   -0.0594967     -1.07156    0.0797792    -0.439847
   -0.316221     -2.13778      2.88911     0.478621      2.85076      1.01334    -0.281015      0.20372     0.675039    -0.838159     0.948291     0.273897     -1.76051     0.220146     0.334786    0.0687301     -2.32101    -0.539136     0.157137     0.484615     0.462879     0.466021     -3.57874     0.214301    -0.769546     0.168209     -1.57095   -0.0728749     -1.05961       3.2837     0.245985     0.203358    -0.759962      3.71175     -1.43496      -1.0428    -0.579894     -3.34979     0.093464     -2.44729    -0.134745     -1.21622     -2.14445    -0.588754     -3.04219     0.461323      1.32292     -1.67051      3.18679     -2.23877
     0.68319      2.23341     -0.12816    0.0544329     -1.27273     -1.60468     -1.07042     -1.50831     -2.36062     0.723504      -2.2539    -0.377418     -0.64517   -0.0125354    -0.438486    -0.815872    -0.876018     0.342842    -0.518236     0.356573      1.25886    -0.963636     0.594013     0.492987    -0.769109    -0.798166    -0.361369     0.737284     -1.07958    -0.459338     -1.27654     -1.29742     -0.68117      1.11157     -1.83989     0.184884    -0.904647     -1.11291     0.963018    -0.796825      1.01562      1.10513    -0.860088     -1.37716     0.274641     -1.44894    -0.231232      -1.2078     -0.74014    -0.448136
   -0.686401    -0.521888     -3.31946     -1.57383     -2.86495     0.869639    -0.679101     -2.78087      -2.1438     0.174815    -0.560837    -0.296778    -0.591082     0.179546     -1.87544     -1.69017      1.68244     0.673677    -0.282687     0.646032    -0.389018     0.477224      4.14979     0.857408      1.34942     0.443308    -0.280102     0.412881     0.331795     -3.46882    -0.285844     -1.14813     0.222702     -1.93368    -0.361632     0.162886      1.45642      1.43308     -1.07097     0.768602    -0.206628     0.892701      1.81529      0.21409      2.64383     -1.11321    -0.618068     -1.35227     -1.90344       2.9657
   -0.850762    -0.552678      1.35876    -0.383497     -1.38614       1.6347       1.8261     -1.46681    -0.491256    -0.682947    0.0350923     -2.35398     -2.24857    -0.355968      1.07544   -0.0804809     -3.44691     -0.60069      2.04135      1.59928     0.839261     -1.82426      -1.1058      1.62095     0.586611     -1.67235     0.747354    -0.994246    -0.257164    -0.674836     -2.20253     -2.54395    -0.749296    -0.249575     -0.48959     -2.11266     -0.21227     -0.48632    0.0848473     0.150915     -1.50667       0.5188     -1.97493      1.02213      1.13906   -0.0928626      1.25373      5.44957  -0.00899904    -0.865619
   -0.222753    0.0984914   -0.0548138   0.00648445    -0.333924      0.22105    -0.383118    -0.207239    -0.257017    -0.505859  -0.00201733    -0.490457     0.330431    -0.468277    -0.536115    -0.204366    -0.563293    -0.702204     0.202683    -0.359455     0.154493    -0.105567  -0.00995151       -1.058   -0.0913874    -0.117472    -0.178522     0.446829    -0.366223    0.0189374     0.177815     -0.40988     -0.12014    -0.314607    -0.355831     0.186844     -0.18887    0.0406262    -0.073905   -0.0787078     0.116607    -0.218784    -0.216815     -0.22886    -0.609235    -0.375339     0.560895    -0.604758   -0.0983941    -0.362272
   -0.151246    -0.511361    -0.312545    -0.214757    -0.286534    0.0410751    -0.224057    -0.242199    -0.242855    -0.250199    -0.205338    -0.278116    -0.255709   -0.0181972      0.14834    -0.161116    -0.398731   -0.0137748    -0.281219     0.118515    -0.124349    -0.518202    0.0352583      0.19852    -0.325216    -0.369626    -0.185449    0.0433096    -0.118543    -0.306287    -0.439644    -0.383127    -0.314259    -0.258664     -0.18907    -0.235911    -0.195243    -0.350495    0.0381691    -0.312665    0.0219886    0.0793189    -0.219326     0.162968    -0.108042    -0.277539    -0.129018    0.0716774    -0.557101    -0.215807
   -0.736505   -0.0611798    -0.905941     0.337525    -0.678469    -0.928243    -0.628577    -0.578526    -0.628705     -0.56995    -0.615804     0.177222     0.518079     -1.13941     -1.30116    -0.730446     0.151161    -0.490942      -1.1563    -0.605081    -0.636061      0.43506      1.39694    -0.531674    -0.131523    -0.348571      -1.2172    0.0682465    -0.345539      -1.1085     0.573621     -0.61183     -1.19038     -1.37438    -0.499395     0.113271    -0.156412     0.422697    -0.808395     0.778616    0.0798536    -0.362005    -0.191712     -1.06037     0.176879    -0.537207    -0.596015     -1.10541    -0.591539     0.362498
      -2.123     0.271095     -0.17879     -4.88543    -0.269494     0.784986     -1.32794    0.0391119     0.391669     -1.69792    -0.627346    -0.409138     0.704907     0.118819    -0.346619    -0.364734   -0.0896669     -1.34699     0.987785     0.777271     0.672349    -0.107041     0.987607    -0.236182    -0.964188     -1.93652    -0.950453     -1.61567     -1.14106     0.301894     0.990202     0.439218     -1.45009    -0.350451      -2.2603     -2.83682     0.624619     -0.19941    -0.943762      1.62846    -0.492533     -1.16584     -1.62191    -0.759941     0.359783     0.344049     -1.13984     0.856884    -0.318168     0.945471
   0.0555154     -1.63705     -2.38545     0.189033    -0.317731     0.724619     0.730043    -0.673762    -0.546034      1.80745     -7.27685     -1.17539     -1.70366      0.91496   -0.0283926    -0.301722    -0.628741     -1.44051     0.326847     0.905497    0.0699196     -1.14951       1.7964    -0.318031      -2.6387     0.180084     -1.66146    0.0476584     -2.04518    -0.420819      1.82858     -2.60762      1.24804     -1.51387     -1.52801      3.19202     0.128368    0.0152809      1.28468    -0.765233     0.659241      0.89033     -1.06844     -1.46703     -1.17967     -1.35361     0.458067    0.0257774     -1.58748    -0.568359
  -0.0546315    -0.470532    0.0789722     -0.56745    -0.294552     0.117476    -0.389103    -0.142521     0.392869    -0.220325    -0.571617    -0.444501     -0.14096    -0.400392   -0.0881699    -0.212893    -0.174287    -0.392062    -0.141889    -0.473863     0.522803     0.245518    -0.588488    -0.106661 -0.000877305    -0.483266    -0.423804    -0.274368     -0.43487  -0.00723259    -0.287853   -0.0312224     -0.28645    -0.282147    -0.170711     0.316685    0.0473332    -0.171098     -0.41169   -0.0611227     0.137655    -0.211684 -0.000137601     0.278746    -0.620826    -0.331926     0.433712    -0.692764    -0.172048    -0.124632
    0.565068    -0.583624     -1.78111     0.338997    -0.796243     0.953449     -0.74777     -2.04919   -0.0434286      -1.7146     0.279243     -1.20304    -0.425986     -1.25406     -1.74908      5.14925    -0.680711     -1.11317    -0.772264     -2.58908     -2.35022     0.983567    -0.285354    -0.819824    -0.711635    -0.130201      5.25873     -1.10759    -0.861368    -0.113157   -0.0412809     0.489228     -1.68624     0.203477    -0.793386     -1.38662    -0.908121    -0.150681     -1.50685     -1.40924    -0.101298    -0.759624      1.44679    -0.109521    -0.751937     0.178184   -0.0140158     -0.77141    -0.276532    -0.916257
   -0.387701  -0.00878029    -0.200832     -1.67636   -0.0604496      -1.5119    -0.183705    -0.448048     0.254452    -0.611579     -0.29322     -0.60078    -0.350853    -0.238178   -0.0278934     -1.24127     0.647208    0.0691991    -0.645747     -0.78689   -0.0199983      1.37194    -0.392941    -0.823883     -0.44117    -0.973192     -2.15095     -0.41896     0.103144    -0.290756     -1.12429    -0.246332      -0.5062    -0.222875     -0.82373    -0.243006     -0.24621     -1.48402     -1.62426     0.433601    -0.800569    -0.828834     -1.09879     -1.75319     -0.40337   -0.0868289      -1.2886   -0.0918826     0.765505    -0.075295
     1.86908     -1.74276     0.970905      1.88832    -0.247225    -0.331783     -1.00295      1.16152      1.39929     -0.33735    0.0289123      -1.4201      0.61046     0.658944     -0.62998     0.770909     0.260473   -0.0398475      0.41723     0.339152     0.415587      2.58034     -1.08674     -2.34653      1.07729     -1.85866    -0.582284    -0.662352     0.668321     0.664873     0.115832     0.565565    -0.991127     0.311045    -0.310275      -1.2943     0.413986     -1.01342     -0.47242   -0.0150382    0.0687692     -1.50108     -1.66908     -1.41702     0.425093    -0.357724      1.91925     -2.49986      1.66929       1.1038
    0.400993    -0.497509     0.547543     -1.36472    0.0663126       1.3946     -2.39162     0.495835     -1.32641     -1.85486    -0.805322    -0.813181    -0.978064     0.371298     -0.33107    -0.850259    -0.639748    -0.752011      1.23509    -0.131323      1.37889     0.520641    -0.108955    -0.649414      -1.2019     -1.70779     -1.54907      0.69034    -0.352869     0.520265    -0.162407     0.252382     -0.76222      1.23394     -1.48292    -0.582654      1.36393    -0.822907      -2.0647   -0.0893766    0.0815694     0.829726     -1.22192    -0.926675    -0.315339    -0.277638      1.11298     0.202142     0.471528     0.122825
     0.55455     0.164892      -2.6748     0.791907     0.307745     -3.22081     -2.33784      1.22971     0.285466    -0.536933    0.0805163      2.71026    -0.144558      1.69534     -2.45118    0.0422825      3.20441     -1.53429     -3.58055      -2.4944     -3.20288     0.968397    0.0293635     -3.24946      -1.2433     0.329997    -0.918852    -0.165833     -1.66083       0.2029      2.99118    -0.497538    -0.177893     -1.04511    -0.610185    -0.326155    0.0853614     -2.80506     -2.19147     0.091486       0.9904    -0.605513     0.113235     -1.39421     0.877594     -1.57051     -5.12972     -1.40287    -0.230629    -0.299179
   -0.996972     0.292369     0.652176     0.805046  -0.00930025     -1.76993    0.0978656     -2.17297      3.58522     -1.16692    -0.676229     -1.92266   -0.0849778     -1.19139     0.690041     0.341881      2.44396     -2.87607    -0.435421     -2.47458     -1.66203      3.02758      -3.9902      1.28614    -0.494017      -1.0792     -1.31291     -2.85814     0.403177     0.518859      -0.6923     -1.12897     -3.22537     -1.58276   0.00877082    -0.811021     0.530027     0.855812     -4.31947    0.0279164     -0.89892     -2.72467     -1.17401     -1.96187     -2.07727    -0.681193       0.9813     -1.33108     -1.74695    0.0185188
    0.280889    -0.460676    -0.405016      1.48735     0.438695    -0.367856     -2.14305     0.124592     0.479702     -1.21595      1.09746     0.233981      1.23291      2.22926    -0.242279    -0.612471    -0.134906     0.883146     -1.61925    -0.819588     -1.41452      0.85816    -0.125116     -1.17302    -0.788645     0.405296    -0.952649    0.0694838     0.680888    -0.289805     -1.05276      2.05397     -1.63336     0.758853     0.819195     -2.84125      -1.8375     -1.19521     -1.45746     -1.63703     -1.16017      -1.7173       1.2421    -0.217956    -0.463758    -0.443418     -1.91618     -1.04616    -0.111571     -1.81165
    -1.59291     -1.55084     0.107318     -1.72426     0.114212     -1.51007    -0.537788     -1.13483     0.160857     -0.51844     0.137751     -1.34934     0.886737     -4.08759      -1.4255      3.01244    -0.472702    -0.827452     -1.28209     -2.08426     -1.24998    -0.224768     -1.48267     0.917385      1.82454    -0.183937      1.90555     -0.21689    -0.676356     -1.52386     -1.37521      1.22835     -1.17151      -1.0887    -0.477792    -0.919182     -1.23639     0.663193     -0.99272     0.300221     -1.41249    -0.690949     0.847698     -1.76613     -1.26853     0.620276   -0.0560639    -0.338715      1.13927   -0.0877901
   -0.564596    -0.905682    -0.294625     -6.58085    -0.868125     0.950311      -1.0372      1.86585     0.656156    -0.725751     0.068748    -0.767435     0.820385 -0.000510265    -0.318724     0.366523      2.08409      1.26175      2.47321     0.646688     0.891992      1.85546    -0.336816    -0.835518    -0.933511     -4.31599    -0.153152    -0.924677     0.135325     -1.55034    -0.131239      1.38576     -1.07281    -0.419161     0.011248     -1.48315     -1.39968      1.06763    -0.699855      2.41214     -1.30756     -1.51396     -2.29972     0.898655    -0.436092     0.399042    -0.126216     0.180908   -0.0529333      1.50393
     1.70854      -1.7665      -1.0363    -0.901801     0.116199     0.771664     -2.47997     0.259086      0.53627      -1.1486     0.206698    -0.955039     -1.83316      1.49353     -1.18719    -0.528565    -0.266668     0.732692      1.87803     -1.47737      1.39641    -0.165337      1.41168     -1.01549     -1.75466   -0.0471015     0.425378     -1.27373     -3.62957     0.898379   -0.0247062     -1.23119     0.918717      1.74275     0.311043      0.95896      1.18812    -0.239786      0.37259      -3.3716      6.37899     -1.32862    -0.430812      1.37473     0.110507     -1.03292     -1.35935     -1.99515     -2.32485     -1.20198
   -0.250133   -0.0523128    -0.113379    -0.348237    -0.431178     0.167018   -0.0338013     -0.33343    -0.107323    -0.134573    -0.572739    -0.337911     0.127652    -0.461782    -0.147442     0.442954   -0.0586423     -0.24194  -0.00745049    -0.263265     0.144338    0.0113706    -0.365263    -0.361998     -0.10667    -0.166026     0.426767    -0.268293    -0.131135    -0.270163    -0.188451    -0.479258    -0.154432    -0.295596    -0.316216    0.0316213    -0.218493     0.192509    -0.404564    -0.238358    0.0287327    -0.212708   -0.0205756     -0.20358    -0.529587    -0.242542     0.082933    -0.377885    -0.188902    -0.303803
    0.122322    -0.382196     0.379969      1.16646      1.25361   -0.0557615    -0.546747    -0.409749       1.1748    -0.272615    -0.498809    -0.992571      1.58457     -1.26335     0.504588     0.170941      1.79873     -1.00371    -0.285203     -1.60781     0.110359      0.94752     -1.96265     0.981277    -0.615491    -0.807586     0.314708   -0.0630317     0.176046     0.585206     -0.11515   -0.0837254    -0.903002    -0.499134    -0.482649     -0.49268     0.264734        1.663    -0.799645    -0.334654     -0.93825     -1.49602    -0.238011    -0.760228     -2.15329     -0.88125    -0.166213    -0.614589    -0.735234     0.535071
    -3.12334     -1.06137      -0.1564     0.329762     0.115099    -0.301175   -0.0328433     -2.48886    -0.771109    -0.266929      1.36609     0.873686      -2.0151     0.264008       1.2839     -1.57556    -0.968486   -0.0794729     0.618671      1.25317     -2.19164    0.0700289      1.35543      2.06046     0.143008    -0.196888     -1.27718     -1.82667     -0.45458     -1.89828     -2.07769    -0.548024    -0.513448    -0.129624      6.47036    -0.316478    -0.847266     0.979971    -0.484237     -2.59774      -2.0583     -2.35182     -1.84455      3.83102     0.466012       1.7059     -3.26194     0.419999     -1.02296    -0.199598
    -1.17455      1.28392     0.246527     0.209778   -0.0269497      1.29252     0.636151    -0.603166    -0.564133      2.04568   -0.0932415     -1.29469     0.231773   -0.0728537      1.96507    -0.985335     -1.22495    -0.110032     0.400104     0.699779     0.358572     -2.52016      0.78939      3.02598    -0.722446     0.587129    -0.165917    -0.398738    -0.629423     0.634233     0.295331     -3.45389      1.67801      -2.7642     -1.15234      1.25711     -0.65134    -0.547692      1.59641     -1.41121    -0.234469    -0.144324    -0.541967    -0.321203      -1.2154    -0.590652     0.671084      2.47425     -1.42688    -0.555321
    -3.21452    -0.278058     -0.40402     -2.42723      1.67352    -0.716583      1.56655     -1.15013  -0.00168057     -1.30948     0.952074     0.299957      -0.5381     -3.66906    -0.445339     0.167873     -1.60979     0.360136    -0.888853      1.15041    -0.633558    -0.259969    -0.856146      1.50982      2.23277    -0.791339    -0.349588    0.0422718  -0.00348174     -2.39527     -1.73414     0.540229    0.0443292     -2.95378    -0.894253     -1.12766      -3.1441     0.181862    -0.623955     0.807476     -1.23966    -0.592192     -1.49547     -1.68082     -0.31866      1.31434    -0.209295     0.958234     0.944116    -0.907691
  -0.0441725     0.430611     0.837816     -1.63948     0.146616    -0.252694    -0.365998     -0.12811     -0.26938    -0.384816    -0.249551     -1.13982     0.509018     -0.13126     0.844274    -0.884651      1.05586    -0.401406     0.937087     -1.31892      1.90246     0.598325     -1.07131    0.0649237     0.523029     -1.47564     -1.28124     -1.03837      0.45881    -0.214616    -0.596722    -0.116084    -0.941585      0.13046    -0.444449     0.144594    -0.722237    -0.299611     -1.23138    -0.824875    -0.186784     -1.32679    -0.876417    -0.355758     0.625545     -1.18731     0.925075    -0.531581    -0.103836     0.610925
    0.380585    -0.536866      0.15606    -0.356176    -0.362835    -0.239053    -0.296197    -0.300089    -0.106148   -0.0506487   -0.0672538    -0.315303    0.0159665    -0.528915    -0.356356   -0.0985283    -0.147501     -0.24419     -0.15931    0.0616195     0.256198     0.189875     -0.40013     -0.32813   -0.0320013    -0.680214    -0.237862    -0.211301    0.0151016     0.275261     0.131821     0.196376  -0.00684972    -0.520961    -0.073899    -0.194104     0.594571    0.0973188    -0.426152     0.125394   0.00529498    -0.319366    -0.127254    -0.269138    -0.307902    -0.503226      0.43936    -0.148761     0.088342    -0.184074
   0.0408857      1.21675    -0.150467    -0.414108    -0.175316     -1.56002     -1.48499    -0.312122     -1.04875    -0.274444     0.415518    -0.678839     0.336522    -0.284365     -0.81997      1.91774     0.698261    -0.448945    -0.946564     -1.05609    -0.523957    -0.310403    -0.319265     -1.91617     -1.00632    -0.847612      1.56597     -1.54983     -1.00251     0.233239     -0.15476     0.684494     -1.81488    -0.433163    -0.892989     -1.13097    -0.597212    -0.972123     -1.05301     -1.70859      1.07758      -1.6551     0.272682     -0.49133     -0.78444    -0.998746     -2.00332    -0.525861     0.689622    -0.578796
   -0.804279     -1.53616     0.408803     0.605827      1.56905    -0.542852     0.152838     0.891409    0.0277405     0.725843     -1.31194     -1.01574    -0.418769     0.171395     0.199533    -0.746363    0.0537157     -1.27789    0.0999888    -0.237708     0.537302    -0.845565     -1.53064     0.113183     -0.43161    -0.785984     -1.00737    -0.751186    -0.684986     0.507886    -0.316844     -0.75058     0.800477      1.42964     0.228819    0.0649672    -0.198101     -1.25187      1.83863    -0.763369     0.832364     -1.01811    -0.604823     0.976825     -1.81416    -0.154634     -0.76799     0.290329     0.131232     -0.63706
     1.17651      -2.2531      1.81728     0.866211      1.56615     -1.73358    -0.481977     0.370803   -0.0700614     -2.98534       3.1492     0.662807     0.850334     0.537356     -1.01265     -0.91315     -1.93939      1.59451    -0.122779     0.103531    -0.901223      2.49445    -0.168342    -0.928401     0.757199    -0.541996     -1.47071    -0.915892      1.90994     -1.74752     -2.13556      4.38487     -2.62327    0.0991225     0.864387      -4.1875    -0.221369     -1.19519     -2.19466     -1.05897     -2.19368    -0.998083    -0.334902      1.24032      2.42184     0.124366     -3.92353   0.00165438     0.332983    -0.441183
   -0.224458    -0.871905     0.102269     0.226018     0.303951    -0.779284     0.508638    -0.105017    -0.835794    -0.402815    -0.552066    0.0689509    -0.988592     -1.06593     0.707251     -1.02038     -1.69482    -0.518736    -0.722581     0.977817    -0.769061     -1.48726     -1.61548    -0.321407    -0.106405     -1.35061     -1.40652     -1.10945    -0.593922    -0.410853     -1.85349    -0.925224    -0.981306    -0.352167    -0.621451     -0.56952    -0.264281     -1.15827     -0.40567    -0.257165    -0.422958      -1.0943     -1.13301     -1.08325    -0.648827     -1.07651    -0.721014     0.363503     0.597501     -1.10518
    0.803615    -0.130229     0.782104    -0.626681     0.769419     -1.74337     0.730432    -0.949282      3.67242      1.21898    -0.201215    -0.838312      2.51936      -0.5009     0.457182     0.687604      4.20174     -6.41058    -0.681509     -2.49875    0.0472513      2.55459    -0.750047   -0.0225911      1.06235     -1.30765      1.37975     -3.75926     0.359336     0.649027     0.925444      1.07241    -0.165432     -0.33044     0.962651       1.6614     0.704164      2.20402     -1.08006     0.193457      1.32373     -3.03629      2.29327    -0.142664    -0.586195    -0.982169       1.3716    0.0405465     0.288748       1.3928
  -0.0498504     0.249715   -0.0788002    -0.181088    -0.380566    -0.238331    0.0687497     0.171663    -0.297285    -0.123978    -0.260914    -0.189354    -0.100129   -0.0715261    0.0467138     -0.48361    -0.172346    -0.132633    -0.316472    -0.292052    0.0610488     0.049582    -0.673915    -0.150103    0.0842301    -0.250539    -0.290874   -0.0694358    -0.189807    -0.260713    -0.187014    -0.425732    -0.115578   -0.0854045    -0.265285    -0.214579    -0.272768   -0.0784548    -0.157744   0.00684746     0.305606    -0.130433    0.0682966    -0.200551    0.0234103     -0.14126    -0.172829    -0.233434    -0.166245    -0.410914
  2.18543
 0.712999
-0.782475
 0.201153
-0.715716
 -2.99153
 0.180964
 0.500116
0.0583425
-0.784667
  -1.0558
 -1.51804
-0.737095
 0.173541
  -0.2149
-0.358462
  -1.5657
 -1.75431
 -1.29125
-0.330746
  -0.6375
-0.637495
 -1.22912
 -1.39418
 -1.18509
0.0521121
 0.405236
-0.188084
 -1.03623
 -1.16322
 -2.00261
  2.06261
 0.882322
 -0.95834
 -1.16724
 -2.34278
 -2.98847
 -1.00478
 -1.32432
 -2.14545
-0.470988
-0.946046
 -0.17927
 -1.07823
-0.350476
-0.579018
-0.740489
-0.243979
   3.6194
 -1.16156
1
4
50 10
   -0.212782      1.71302    -0.347812      1.49733     0.546307    0.0996766      2.19407      2.16448    -0.556107     -1.51027      1.07603   -0.0177862      2.34378      -2.7869     0.854432     -2.24612    -0.364555      1.55123     0.682317      1.88579     0.158888     0.908002    0.0109154     0.385911      1.25232     -12.4516     0.322957       1.3685    -0.254924     0.084652   -0.0222224       2.4963     -1.09368     -1.03546     -2.77605     0.711921      1.76682     0.466262     0.568854     0.830354      2.04137     -1.13303     0.061929     0.425224    -0.682759     0.923566     -5.41519     0.108402     -1.76099     0.413809
    0.919429     0.414788     0.396211      3.25782    -0.676354     -1.23436     0.299213    -0.897522      2.35678    -0.853788    -0.203425     0.439271     -7.30229    -0.199146      1.01202      2.10268     -3.62934      1.36695     -1.33831     0.403303     -1.84701     0.643892   -0.0194197      1.25658     -0.25617      1.05372     0.608899     -11.7192      1.35753      1.88566      1.42498      2.70865      2.40142      2.86093     -1.85385      2.37449    -0.150761     -0.28253     0.982591      1.58573    -0.320946      1.09984      2.01177     0.816933     -1.49683     -1.79996    -0.405324   -0.0121215    -0.127964      0.52099
    -4.59702     0.839041     -0.20645      1.59985     0.923228      1.40299    0.0562598      1.81207     -1.72196     0.923233    -0.913984   -0.0762449      2.59725     0.349428     -1.31237     -1.52433     -1.62272      1.61922      1.60227     0.860875       1.8715     -1.09075      0.28555    -0.325731     0.964821      1.42227    -0.562669     0.659234     0.418952     -1.05218    -0.620016    -0.579362    -0.766076    0.0789432      2.64502      1.16357    -0.791459    -0.558872     0.490196     -14.0453     0.681984      1.68801    -0.124134    -0.538562    -0.947447     -1.00263      2.51062    -0.483381     -3.17317   0.00347801
    -2.30675     0.744347    -0.465098     -9.80472    -0.162801     0.802521    -0.813242     -1.45688    -0.100485      4.16086    -0.875722     -0.18088    0.0775563     0.363089    -0.796149     -1.28428     0.845365      1.98644     0.160426     0.903321   -0.0680158    -0.214353    0.0968978     -1.56238      1.39402       1.4073    -0.647719      1.92556     0.128632    -0.564357      0.20702      2.04107      1.24577    -0.129299     -2.34446      2.40173     -8.45715   -0.0552384    -0.213313      3.61801     0.133491     -4.13833     -1.51586    -0.116324     0.679613    -0.531032        1.164     -1.49615     -2.43969     -0.28579
    0.295586      1.03863     0.333543      1.09302     -1.55227      1.85059      0.19497    -0.437026      1.41864     0.760634   -0.0905297     0.147184     0.792482   -0.0819313       1.9668      1.92767      1.92575     -9.11666     0.398515     -10.3388     0.524457     0.203981     0.616573     -1.40861     -1.56945      2.73124     0.464766      3.04927     0.485492    -0.849002     0.581618      2.61431      1.90383     -1.38333      1.04475      2.08926     0.750129      0.30392     0.282405       2.8211     0.420827      2.87593   0.00586941     0.372922     0.434501    -0.995306  -0.00108407    -0.715429     -1.34529     0.297474
     3.32811     -8.21836     0.135544    -0.722765     0.804338      2.39975    -0.059741      0.22508     -6.32033     -7.06752      1.04973    -0.149111     0.276602     -0.66493    -0.853387     -1.50244      1.55378      1.23175     -2.23591      1.48509    -0.323833   -0.0186814     0.369073    0.0270996     0.165529      2.47155     0.463952      2.50077    -0.752061    -0.663549    -0.935296      2.56685      2.56881    -0.997367      2.07882     0.767349      3.24105     0.362363     0.202043     0.884131     -1.87852     -2.53031    -0.685668     0.375645     0.861571     0.428398     -1.26305     0.163129    -0.598098    -0.162677
     1.49227      3.59645    0.0928023   0.00202317     0.002234      -1.0083     -2.98441     0.203794      1.67579    -0.397117     0.708133    -0.256563    -0.544896      1.43311    -0.730734      1.70726      1.87172       1.9533      1.63201      1.48689      -6.0747     0.249716    -0.422058      0.60375     0.900888     0.992847    0.0654096      1.76364     -0.89935     0.512047       1.2752     -13.7358     -1.36439    -0.273818      2.04165       2.6612      3.46581    -0.163779    -0.875041      1.30588   -0.0889309     0.327025      1.68609   -0.0154415     -1.57185     0.954301     0.983397     -1.24259    -0.850666    0.0799883
     1.44342   -0.0169358     0.263493      1.10798     0.255149     -3.78329     -1.16995      2.84151      1.08513      1.54583       -1.117    -0.208821     0.988197      -2.8388    -0.919424      2.61187    -0.858885    -0.125108      1.06501      0.99575      2.95381     -0.11116   -0.0226449       -1.172    -0.538294      2.07851    -0.693495     -1.75783    -0.817828    -0.447968     -1.33739   -0.0993996     -4.34079    -0.889558     0.397631     0.532115      0.27707    -0.445028      -2.5547      1.99966       1.4346     0.414839     -1.06094    -0.879577      -1.6775      1.06483     0.135233      1.19394      11.7831   -0.0386816
   0.0528018    -0.499401     0.101697      1.56573    0.0241607     -1.01431      1.77615     -4.21936      1.59827      2.67341     0.450372  -0.00582482  -0.00610665       4.2363     0.690575     -1.90456     0.564466     0.203941     -1.20163      2.84826      3.29799    -0.209164    -0.220964      2.07712     -2.76315     0.114228    -0.513164      2.38419      0.28669      1.01233    -0.514458      2.05417    -0.383957      1.97973    -0.710248     -13.2729     0.903327    0.0768169     0.989864      1.12954     -1.65317      1.39566     0.734614    -0.066017      3.83246     0.169421      2.53874       1.6976    -0.989823    -0.445936
  -0.0125034  -0.00704244    -0.161912   0.00178295   -0.0134254  -0.00881376  -0.00516464   0.00257035    0.0181557  0.000796369    0.0504182     0.145125   0.00159229   0.00876945    0.0895708    0.0450807   0.00178564    0.0024729    0.0183318 -0.000335244  -0.00582109  -0.00112404     0.334283     0.018322   -0.0104543   0.00312373    0.0771168    0.0105927    0.0243519   0.00664039   -0.0123718   0.00718409   -0.0095031   0.00102386   0.00646213   0.00419126  -0.00362638   -0.0615453  -0.00661529   0.00834887   0.00615552  -0.00130251  -0.00925363    0.0105239  -0.00820257   0.00538661   0.00542745   -0.0618569   -0.0065707    0.0185841
   1.77887
   1.92784
   2.23943
   2.62634
    1.6737
   2.10452
  0.744871
  -9.38819
  -1.86175
-0.0194808
