3 8 0.5 1400
1
1
9 50
   -1.5785    1.13089   -4.39686   -1.10365   -1.49278    3.66912   0.500253   0.238556   -1.04424
 -0.965804  -0.454137   -0.46361  -0.416314  -0.694172    6.65297  -0.988802   -1.07405  -0.401467
   -1.7319  -0.778419   0.894803   0.233313    3.89567    2.18391   -2.64879  -0.766749  -0.727913
 -0.603337    1.26628   0.444047    2.54496    1.22209    1.35483    2.09181   -0.42155   -6.97034
  0.274961   -2.90646   0.850895   0.659659    3.48834   -1.64882     2.5675   0.130514  -0.197194
   1.26546    3.16138   -1.60582   -2.78403  -0.449915   -3.58263   -2.67779    2.38184   0.915552
   1.70743   -0.83953   0.979981    3.52926   0.516998   -0.26007   -1.85098   -1.01432   -1.00599
-0.0490147   -2.35234   -3.16495   -1.55968    2.40084   -1.18504    2.78412   0.685323    2.82691
  0.664634   0.716944    1.47529 -0.0511316   0.971878   -1.90775   0.263124   -4.11413   0.468361
   3.59912   -1.53176    2.17458    1.06913  -0.445424   0.194923  -0.935492   -1.53483   -2.31312
  -7.33285    1.02004    1.94763    1.27044   0.700714   0.873474   0.610057    2.28276  -0.951723
 -0.343327  -0.764096    1.54276   0.475222  -0.153711  -0.297706    3.76183    2.02962   0.310254
  -3.13545   0.065637   -1.15983   -1.68677   -1.53233   -2.56186  -0.355244  -0.607624    3.02767
 -0.588799    1.24531     2.1518    -6.4126   -0.77666   0.537618   0.386382     1.7514      2.638
   2.20631  -0.832002    1.77134   0.596556    1.37094   0.956915   -2.26443   -2.67891  -0.612318
 0.0545748    4.28204   -0.57836  0.0261237   0.418207   0.606723  -0.677978   -1.03866      0.391
  0.879551   -2.62612     1.9542   -1.04142   -2.24619   0.196814    4.22021   -4.32586    2.46062
  -1.81494   0.141284   0.571077  -0.984769  -0.223031  -0.816957  -0.562889    5.84392    0.08852
  0.473922   -1.23967   0.663018   -3.00071  0.0686425   -2.31221   -2.80345 -0.0172061    2.50624
   2.43645   -1.11177  -0.232561    1.68099   -1.38593 -0.0145588   -1.02538    2.54273    2.59507
-0.0613527   -1.93468   -1.22955  -0.880024   0.577772    2.73811    -3.4479    -1.0193    2.09781
 -0.662228    4.99971  -0.457355   0.811478   0.411266    0.28062    1.17942   -2.59291    1.81053
  0.729009    1.62025      1.751  -0.656889   -4.80055  -0.484078   -1.77869    2.28031    2.05964
   1.57911   0.424701    5.57321  0.0676889   -1.52585   -1.09808   -1.30064   0.657236   -1.61456
    -1.913   0.313668   0.413344    3.03063  -0.812937   0.907949   -2.17652   0.406862  -0.400304
 -0.688899    1.57803    1.24128    0.79244   0.747711   -2.35883    1.11973    1.40317   -3.80202
 -0.621644    5.96414   -1.75172   -1.28394  -0.687754  -0.732694   -1.96138   0.270992   -1.41105
   0.86144  0.0718672   -2.20438   0.657957   -1.42094   -1.46593    1.23953    4.66154  -0.125655
  -2.35945  -0.319445  -0.488254     3.7156   -1.28351  -0.629608  -0.379854  -0.240692    1.57204
   1.64094   -1.23926  -0.744381   -1.78252    3.86221   0.456348  -0.144979   -1.24683   0.910297
   2.13591   0.452198   -1.37545   -1.43089  0.0175933   -4.58606    1.93504    1.11958    1.00628
  -4.52767    1.29236    2.00656   -1.11141   0.579627   0.199453  -0.733793    1.62537     1.3131
    2.6533   0.508334   0.875534  -0.112366    1.05009    0.27959  -0.941095    0.60745   -4.04985
  -1.44807    1.57613    3.01988   -2.47396    5.19527    1.61807   -1.22457    1.64807   0.014941
 -0.920663   0.024599    5.42272   -0.83532  -0.119301  -0.577691  -0.309999   -1.30427  -0.401801
   3.81798    -0.2612   0.144361  -0.528623 -0.0431265   0.683157 -0.0250371  -0.199829   -3.35947
   2.12254   0.585583  -0.622325  -0.799056  -0.306009    5.59275    1.30806    -1.0407    1.03657
   2.04177   0.711739    2.51688   -1.46599   -2.84272   -2.44848   -1.28607   -3.26403  -0.121972
  0.699871   -5.11568   0.722664    0.42526   0.788053   0.355763   0.500914     1.6981   0.349611
   1.43156   -1.54618   -4.51287    1.81727  -0.933984   -1.21357  -0.180255  -0.680728    2.46728
   1.67989   0.873688  -0.301895   -6.13489  -0.506256  -0.478384   0.241005    -0.1144    0.59913
  0.484417    2.30366   -1.41412    1.47987   -0.14303    0.36242  -0.865222    3.65847    -2.5754
  -2.22192    2.84524   -1.07183  -0.878552   -1.99774  -0.706936   0.429854    1.53992   -3.21579
  -1.71962   0.335671    4.24976   -3.11693   -1.38012   0.705999   -1.32593   0.638846    1.01566
  -2.90871   0.435819  -0.734817    1.43758   -2.54573    3.50437    2.60212    2.61248    2.04737
  -1.41532    1.50184   0.259534   0.717397    1.25474   -1.72473  -0.857633    1.97872   0.170135
   1.43897    1.43485   -3.20609   0.742506   0.520806   0.392183   -5.65619   -2.24371   0.233929
  0.158957  -0.512801    1.51126   0.405511  0.0293957  -0.542701    -5.9825  -0.128824  -0.986725
 -0.352322  -0.542635   -1.50479    2.08835    2.67253    1.04942  -0.503376    1.69363   0.798762
  0.841512  -0.858667   0.942981   0.503151   -2.79621    1.19477   0.501975   -1.94444     1.5291
-0.679668
 -3.87997
-0.243952
-0.665373
-0.924907
 -1.23482
 -1.66957
 -3.39136
 -1.32872
 -2.49424
  1.23436
 -1.54269
 -1.58627
 -0.77782
-0.758503
  -3.7777
 -1.40523
 -2.76512
 -1.86558
 -1.97651
 -2.14934
 -1.50205
-0.825693
  1.25034
 -1.96243
 -1.58763
 -1.78748
 -1.95551
 -1.09776
 -2.24089
 -2.72377
 -2.40375
 -2.12418
 -0.53225
 -2.14851
 -2.47378
 0.617623
 -2.36015
 -3.04956
-0.657904
 -2.60782
  -1.0134
 -2.51085
 -1.94447
  1.29029
 -1.95375
 -2.54077
 -1.53432
 -1.59865
-0.807677
1
1
50 50
    2.99007    -3.47195    0.237938     1.15938     0.32639     0.99039    -1.01848     1.95499    0.558486    -2.43847    0.272616   -0.740887   -0.468077    -2.42014    -1.51444     0.92314    -1.99167   -0.517759   -0.566643  -0.0432772    0.210353   -0.242919    -0.52609     -3.6625   -0.519003 -0.00152379   -0.880051   0.0332427    -1.35969    0.268128     1.95772   -0.969717    0.487885    -1.36195   -0.744959  -0.0185157      1.2982    -1.45106    -1.21777    0.623547     1.53067   -0.642004    -1.46185    -2.37876   -0.289495   -0.996029       1.966    -2.91017    0.781277   -0.886379
    1.78467     7.04924   -0.152203    0.694017     -2.2688    -1.38379   -0.224611    -2.06209  -0.0313577   0.0856773    -1.03331    -1.01022     -1.5832     1.66435   -0.241364   -0.272715    -1.38247    -1.23167   -0.690255   -0.467433     2.09257    -0.66086    0.695052    -1.31161   -0.573025     -1.6683   -0.455389    -2.57072    -1.37638    0.293205    -3.02033    -1.37676   -0.153013     0.60542   -0.514021   -0.216677    0.970578   -0.497331   -0.133342    -1.60989    0.878826    0.484012    -1.41573  -0.0450377     2.56891     -1.9628    -0.68117    -1.29227   -0.294163   -0.382815
 -0.0166625   -0.455102   -0.504083  0.00998052   -0.284425  -0.0546149  -0.0665199  -0.0816429   -0.459666 -0.00121953   -0.893818   -0.267258 -0.00474858   -0.233314    -0.11651   -0.333968    0.140566   -0.605906   -0.358338  -0.0247249   0.0545115   -0.214532   -0.146997   -0.415265   -0.429651   -0.252311   -0.137312    0.109576   -0.425612   -0.257876   0.0221301   -0.426937   -0.265553   -0.114107  -0.0396604    0.229126   -0.389703   -0.213487     0.23578   -0.149177  -0.0489188   -0.127204   -0.176726    0.025454   -0.357011   -0.312015   -0.233758   -0.463256  -0.0635838  -0.0843807
   -1.32851    -1.10647    0.428558     0.68066    0.727191    -1.34094     2.67433    -1.73852   0.0175257   0.0582864     0.20715    0.530264   -0.223434    -4.78653    0.761716    0.188262    -1.02351   -0.458386    -1.62963    0.904567    -2.56217    0.878442   -0.932847     1.36472     2.94668   -0.644836   -0.710474    0.593744     1.59579    -2.20647    -1.18227   -0.505807     -1.3223    -2.42768   -0.877356   -0.189895    -1.12484   -0.437594    -1.32174     1.59748    -2.19985  0.00488008    -1.04404     -2.3134    0.559885     1.61848    0.556223     1.12787     1.85553    0.915761
  -0.840396   -0.557043   -0.844432    -1.12893    -1.04638    -1.34521    -0.23149   -0.929698   -0.774483    0.480777    -0.72128    0.501341   -0.529302    -0.25406    -0.15672   -0.959505    0.686236    -0.94525    -1.01646    0.174233    -0.31658    -0.81497    0.952088     1.03378    0.166147   -0.486155   -0.724688  -0.0916285   -0.441845    -1.57762   -0.564661   -0.821184   0.0115368    -1.05866    0.499899   -0.479283     1.34381    0.707208       1.148    -1.17704    0.082054   -0.847627   -0.206624     1.12862     1.33169    -1.07034   -0.463088   -0.491336   -0.824383    0.364075
   -1.58804    0.172655     -0.2181    0.705274   -0.229659    0.459593    0.358918    -0.81223    -1.87934     0.88141    -1.37565   -0.530775    -1.23891   -0.354189     1.35801   -0.218564    -1.85177     1.74768    0.203947  0.00826902   0.0721147    -1.06215   -0.157565  -0.0527232   -0.158637    0.502705    -1.21789    0.311792    -1.18623   0.0986546    -1.08286   -0.496464    0.392116     0.31326    0.608486    0.154804    0.208643    -1.26416    0.948826    -1.62776    -1.24425     1.05911    -1.26118    0.779303    0.407917   -0.315185    -1.88208     1.06492   -0.477536   -0.769533
  -0.191204    -1.02563    -2.19009   -0.380075   -0.914441    -2.04821    -2.00932   -0.378096   -0.431118     -1.3905   -0.658242    0.169816    0.549161  -0.0816665    -2.06968     0.20141    0.925669   -0.833498   -0.527317    -1.68325    -1.46476   -0.118354    -0.38802     -2.8421    -1.12551   -0.367243   -0.574614    -1.39068    -1.78689    0.908666    0.711949   -0.691494    -1.13902   -0.837805   -0.963591   -0.819273    0.273804    -1.32738   -0.432789    -1.67673     1.65247    -1.75296   -0.398744    -1.06711   -0.842079    -1.70499    -1.89516    -1.23646    -1.87369     -1.2764
  -0.544614     -1.6386   -0.559229       1.179   -0.548846    -2.18636      1.3588    -2.36187   -0.357015   -0.871104     2.97416   -0.567276    -2.93551   -0.140468   -0.136137   -0.395415    -1.44337   -0.387151    -2.43262   -0.558236    -1.04001    0.224938    0.460827     0.97292   -0.688947     2.93671    0.137739     0.43987    -1.38514      -1.525   -0.782053    -1.79669     2.32322    0.470313    -0.70552    0.761634     1.56417    -1.73422    -1.56074    -1.36332  -0.0138792     1.34288    0.162432   -0.040064   -0.261565   -0.472018    -1.41126    0.382468   -0.195229    -1.11369
   0.498043     4.46212   -0.819681      0.6844    -2.17721    -2.08834   -0.854525    -1.09943    -1.30214    -1.64411      0.6707    -0.67505      -1.584    0.591702    -1.04674   -0.876357    -1.78567     -1.5576   -0.889224    -1.51071     1.59553   -0.854907     1.20904    -2.51902    0.178821    -1.04728   -0.606935    -1.88535    -0.80053    0.201639    -2.19458    -2.15973   -0.250954    0.693786    -0.20178    0.307114    0.405078   -0.680534   -0.663118    0.228273     2.07698   -0.106328   -0.594644   -0.453822     1.84633    -2.01685   -0.672326   -0.915083   -0.836088    -1.23491
   -3.15788   -0.963394   -0.730929    -1.34383     2.20929     1.37191   -0.435966     1.35104    0.653745   -0.805827   -0.749703    0.903085      1.8736     0.80559    0.117297    -0.13039   -0.499744     0.67047     1.78751    0.638346     -1.3629    0.380018   -0.243413     1.75288   -0.571545  -0.0807685   -0.213175     0.77668     1.08824    0.377241     2.22779    0.121316    -1.36423  -0.0816735    0.148674    -0.80217    -4.56617     2.07748   -0.497589   -0.291169    -2.76116   -0.627528   -0.274162   -0.542358    -1.73491     1.87238    0.980531     1.75721   -0.495636    0.217572
   0.222615   -0.159876   -0.837428   -0.753177   -0.319862  -0.0334451   -0.307101   -0.439754    0.528258   -0.350306   -0.523854   -0.541369   -0.124111   -0.133355   -0.666492    0.404435   0.0976686   -0.243575    0.188539    -0.50436    0.127521  -0.0722059    -0.63817   -0.379486   -0.166158   -0.392506     0.47276   -0.678382    -0.45682    -0.54258 0.000489586   -0.124583   -0.284376    0.118686   -0.297395    0.157475  -0.0160408    0.536214   -0.286154   -0.486548    0.784337   -0.700323   0.0236781   -0.155713   -0.469885    -0.61792   -0.114565    -0.83333   -0.395725      0.1479
  -0.208055  -0.0448969   -0.530488    -0.40165  -0.0884795   -0.362745  -0.0643157  -0.0166706  -0.0676174   -0.311216  -0.0801223   0.0518399     -0.1426   -0.187377  -0.0227307   -0.264713   -0.319416   -0.120371   -0.336025   -0.493446   0.0540086  -0.0483493   -0.137056   -0.189662     0.03964   -0.310767   -0.071948   -0.135625   -0.340186   -0.139582   -0.323175   -0.144535   -0.187787   -0.108896  -0.0826147  0.00228814  -0.0334656   -0.233982   -0.278438  -0.0345935   -0.206467  -0.0119339   0.0565671   -0.215727    0.074213   -0.246613   -0.172649  -0.0530609    0.254727  -0.0511697
  -0.203309    -1.78165   -0.569794   -0.468324     2.28562    -2.17613    0.243822     1.30722    -0.55812    0.818474      1.9938     1.79803    -2.56533    0.615582     1.53802    -2.05064   -0.310948    0.758608    0.759978     3.00661     0.20035    -3.79376   -0.485504    0.354275   -0.662999    -1.06284    -1.72528   -0.805067   0.0265251    -0.32007    -1.73192    -1.37978      1.0879    -1.23897   -0.919976    0.224437     1.39141     -2.0249     4.69448   -0.365601    -1.08215   -0.904402    -2.25373    0.532785     1.58417   -0.111381    -2.23647    0.878038    0.109142   -0.194247
  -0.735561   -0.162293     1.34295    0.499157     0.50525    -1.14181   -0.424584 -0.00700454    -1.27153    -1.51235    0.376159    -1.38641     1.15662   -0.978431   -0.867903     0.62429     -1.4872   -0.859521    -0.59807     -1.2166   -0.602144   -0.106125    -2.76671    -1.25795     0.79725    -1.00993    -0.30341    -1.11874    0.296713   -0.826326    0.490343     1.54501    -2.48685    -1.29912   -0.602465    -2.06116    -2.56545   -0.413792    -1.72093   -0.139329   -0.608057    -1.42187    -0.81878   -0.537313    -1.95793    0.118845   -0.160417   -0.373421    0.789406   -0.939812
 -0.0972816   -0.174855   -0.807771   -0.485345    -1.02924   -0.099131   -0.306179    0.199008    0.476577   -0.776495   -0.784104   -0.810006    0.314817   -0.194552    -1.24222   -0.404089   0.0162559   -0.150644   -0.310725    -1.40322    0.259586     1.27666    -1.23093     -1.2875   -0.955818   -0.715478    -1.12238   -0.667753  -0.0122773   -0.886752    0.331081   -0.291896    -1.10942   -0.179045    -0.37756    -1.10235   -0.881522     0.20737    -1.35459    0.538275    0.010927   -0.759794    -1.20848   -0.121728    -1.25547  -0.0682457     1.09809   -0.924203   -0.681196   -0.513349
  -0.712345     1.86971    -1.74063    0.172147    -2.30211   -0.958328   -0.333061   -0.551699     -1.4594    0.694211    -3.96617   -0.615217    -1.61688   -0.265972   -0.654916   -0.857118   0.0152378   -0.853597    0.381681    0.627624    0.704899    -0.90692    0.388262    -1.47358    -1.07759   -0.372634     0.12871     0.56279    -1.66056    0.612337   -0.538048    -1.76503    0.658734   -0.562504   -0.611452    0.816738     -1.0272  0.00696972    0.327897   -0.179846     1.56819     0.38054   -0.249862    -2.00664   -0.594241    -1.24836  -0.0396906    -1.43971    -1.41829    -1.06911
    1.26079   -0.993214   -0.237939   -0.749257   -0.451814    0.636119    -1.13178   -0.285053   -0.520069   -0.573439    0.898944    -1.56981    0.554623   0.0273681   -0.880658     2.56185    -1.16546   -0.721806    -1.02634    -1.12544    -1.02702   0.0294635     0.35403    -1.22877   -0.390663   -0.167502     2.93183   -0.680386   -0.294344   -0.219789     0.30548    0.972174   -0.884599   0.0637571    0.313582    -1.14642       -0.83   -0.698115   -0.562253   -0.896939    0.201903    0.109954     1.15592    0.016943    -1.48846   -0.671359    0.442328   -0.664422   0.0219094   -0.480615
  -0.473397    -2.91668     2.49735    0.436627     2.76198    0.659003   -0.138557    0.345791    0.548119   -0.152473     1.51727    0.711108    -1.48269    0.533917   -0.121554    0.212992    -2.25526   -0.623428  0.00687261    0.858802    0.532284    0.163439    -3.04825    0.532504   -0.974539    0.840945    -1.03182    0.302843   -0.257691     2.45769    0.136192    0.490674   -0.332293     4.13638    -1.03366   -0.703236   -0.414438    -3.31472    0.476061    -2.37963   -0.681143   -0.727154   -0.942358    -0.62777    -2.55611    0.419983    0.954131    -1.77745     2.02763     -1.8508
   0.758582     1.69831    0.219085    0.644943   -0.452362    -2.12449   -0.132469    -1.09776      -1.715     0.93464    -1.11122   0.0942534   -0.389142   -0.354847    0.046381   -0.509069   -0.730286   0.0678717   -0.254287    0.121129    0.674861   -0.603047    -0.49017     0.31242   -0.647589    -0.17054   -0.322557    0.497654   -0.962502   -0.273333   -0.924767   -0.660896   -0.372372      1.3537   -0.999681   -0.275845   -0.446474   -0.967627     1.49103   -0.503404    0.379508     1.17869   -0.767631     -0.5289    0.274839    -1.25675   -0.381856    -1.34597   -0.334378   -0.439224
  -0.582757   -0.580277    -3.02498    -1.22055    -3.02414    0.824075   -0.670822    -2.86071    -1.41823     0.36232    -1.34065   -0.487317  -0.0895117   -0.175684    -2.02771    -1.13181     1.24701   0.0639026    -0.52662    0.631384   -0.302122    0.768837     4.10944    0.218732    0.931375     0.11085  -0.0741924    0.210445    0.666119    -2.94286   0.0881625   -0.866995    -0.83675    -2.26168   -0.396924   -0.216613     1.92305     1.49658   -0.970797    0.740758    0.295215    0.946473     0.79498    0.422381     2.92184   -0.766231   -0.925959    -1.77792     -1.7055     2.39688
    -1.5242   -0.799312    0.863961   -0.851315    -1.00867     2.43873     1.05352    -1.73646   -0.703924   -0.698507    0.669906    -2.07737    -1.48409    0.229035    0.658484   0.0106732    -3.61549   -0.193111     2.03375    0.944559     0.52499    -1.40978   -0.618643    0.799243    0.203831    -1.02823     1.18387    -1.42183   -0.121998   -0.710752    -1.54407      -1.559   0.0780715    0.142715   -0.661542    -1.64953   -0.897386    0.283593   0.0867329   -0.515675    -1.19967    0.282435   -0.681167   0.0829331    0.249289    0.424242    0.981676     4.39983  0.00767501     -1.2087
  -0.165822     0.10097   -0.087534  -0.0505472   -0.145837  -0.0586742   -0.228263   -0.336929   -0.163814   -0.366501   0.0685797    -0.43529    0.294753   -0.350585   -0.429843   -0.151833   -0.453441   -0.598965    0.143262   -0.330027    0.141608   -0.174204    0.126875   -0.843084  -0.0682343 3.33173e-05  -0.0714144 0.000521775   -0.356732  -0.0487028   0.0221647   -0.219387   0.0276585   -0.248953   -0.237845    0.219834   -0.364817   -0.103635   -0.072304   -0.148435    0.120157   -0.128858   -0.203271  -0.0186429   -0.500808   -0.466923     0.21144   -0.544325   -0.196574   -0.232193
  -0.107611   -0.423445   -0.347442  -0.0584397   -0.241223   0.0757175   -0.196767   -0.146687   -0.192431   -0.226931   -0.181132   -0.212431   -0.205509 0.000609092    0.213474   -0.122568   -0.248701   0.0348781   -0.305051    0.112705   -0.112137   -0.474573   0.0235611    0.183193   -0.253213   -0.321651   -0.140291   0.0682568  -0.0805104   -0.281732   -0.453153     -0.2823   -0.300946   -0.252604   -0.131935   -0.169835   -0.194776   -0.303698     0.10972   -0.301687   0.0342184   0.0923393   -0.166579     0.17459  -0.0824313   -0.202319  -0.0379339    0.138195   -0.476671   -0.160656
  -0.594091    0.108097   -0.812316    0.123494   -0.696649   -0.487501   -0.635849   -0.772641   -0.461171   -0.412407   -0.655481   -0.125267    0.700413   -0.759895    -1.16168   -0.564606     0.38289   -0.406676   -0.918112   -0.416568   -0.396407    0.586622     1.56455   -0.164612  -0.0862534    -0.33487   -0.909335  -0.0108046   -0.180087   -0.970524     0.62329   -0.630471    -1.03338    -1.26029   -0.448695    0.168904   0.0810368    0.654375   -0.767429    0.898746    0.192598    -0.23006    -0.15579   -0.773797    0.258597   -0.430963   -0.486131     -1.0651   -0.633798    0.603392
   -2.75258    0.274986   0.0291565    -5.13685     0.31111     0.84757   -0.971988   0.0802346    0.733163    -1.09718    0.352267   -0.668055    0.490525  -0.0214913   0.0604169    -0.52423   -0.971308   -0.870566     1.32817     0.55828    0.388196    0.106776     0.59845    0.320124      -1.059    -1.56934    -0.89377    -1.22854   -0.670616    0.274543     1.49824    0.955787   -0.959206    -0.29692    -1.53247    -2.48149   -0.517599    0.120488    -1.41194     1.17154    -0.74502   -0.907705    -1.46278   -0.423756   -0.143988     1.08181   -0.891743     1.32345   -0.153526   0.0452982
   0.184429   -0.928547    -2.17033    0.183819   -0.388002    0.911151     1.19294   -0.347537   -0.399739     2.38153     -6.8732    -1.08147   -0.588607    0.860477  -0.0379025  -0.0960031      0.2153    -1.58844    0.422021     1.10015    0.125582    -0.77965     1.29878   -0.356155    -2.11711  -0.0743438    -1.00238   -0.311467    -1.95141   -0.361235     1.29718    -2.45396    0.720296    -1.56816   -0.991823     2.94168    0.222927    0.245715     1.48012   -0.645829    0.356769    0.792827   -0.464871    -1.55778      -0.743    -1.16864    0.553725    0.704315     -1.7688    -0.36796
  -0.313606   -0.352447    -0.23608   -0.537058    -0.26078  -0.0269004   -0.339169   -0.158528    0.155625   -0.258067   -0.680219    -0.40329   -0.388459   -0.479795   -0.161847   -0.327102   -0.188358   -0.355363   -0.186641   -0.419882    0.245444   0.0485337   -0.464523  -0.0280637   0.0421639   -0.386611   -0.541006   -0.204119   -0.422087    -0.30948    -0.42967   -0.110482   -0.320245   -0.341144  -0.0897668    0.279848   -0.170478   -0.305491   -0.404395   -0.196461  -0.0350331   -0.142345   0.0142303    0.334894   -0.544888   -0.320798    0.122117   -0.612798   -0.230944   -0.220917
  -0.197188   -0.464932    -1.54275     -0.8685    -1.44412      1.2178   -0.659233    -1.22482    0.031617    -1.37249    0.402795    -1.91416    0.942491   -0.137924    -1.63298     3.83853    0.027794    -1.25095     0.11076    -2.66341    -1.45141    0.459406    -0.47553    -0.71097   -0.640566    0.248472     4.96746    -0.79343   -0.793149   -0.376732     0.57746    0.343275    -1.59002   -0.255358   -0.687875    -1.32047    -1.56656    0.878792    -1.34853   -0.812972    0.705854   -0.413155     1.25296   -0.335194    -1.40682    0.070224     0.66102   -0.465146   -0.545088    -0.23795
  -0.391126 -0.00590192     0.16409    -1.30532  -0.0333204    -1.50202  -0.0879034   -0.754187    0.835955   -0.577099  -0.0899484   -0.642161  -0.0755578   0.0743203     0.47643    -1.17212     1.25616   0.0471897    -0.38603   -0.774466    0.215806     1.82093   -0.307776   -0.409544   -0.252831   -0.944606    -2.00535   -0.408086    0.405654   -0.153289    -1.14743   -0.132654   -0.498138  -0.0931104   -0.636181    -0.26016    0.213155    -1.09026    -1.67454     0.53144   -0.798835   -0.788064    -1.01243    -1.55303   -0.394058  -0.0675956    -1.06607   0.0277724    0.514973    0.497938
    1.11381   -0.464687     1.30843     1.04154    0.181339    -1.09752    -1.39878     1.52842   0.0603525   -0.537405    0.150434   -0.366169   -0.194947    0.962967   -0.702522    -0.14718   -0.406117    0.350064 -0.00960873    0.446383    0.594694     1.22267    -1.57178    -2.45433    0.625644    -1.59015     -1.5574   -0.704623    0.610013    0.614022   -0.626857     0.94769   -0.985313    0.841137   -0.080273    -1.47985    0.157487    -1.75206  -0.0963923   -0.894466   -0.455079    -1.75206    -2.01053     -1.0628     1.07209   -0.480036    0.188497    -2.48527    0.987686    0.695158
  -0.512555   -0.334993     1.46079    -1.57944    0.586713    0.702823     -1.3564    0.846816   -0.084796    -1.34332   -0.522715   -0.656821   -0.628997    0.596173    0.972711   -0.430542    0.346643   -0.463974     1.82195    0.329047     1.56291     1.07791   -0.257182    0.254534   -0.550264     -1.6504    -1.67506  -0.0124096    -0.10473    0.659105  -0.0441495    0.663623   -0.610834     1.35489   -0.871339    -0.77501    0.979506   -0.494237    -1.13484     0.21355   -0.144547   -0.153127    -1.32719   -0.408718    -0.25677    0.154224      0.7973     1.21269    0.547581    0.726577
   0.117493   -0.288127    -2.60343     1.37119    0.648468    -3.27483    -2.25754      1.3917  -0.0735533   -0.322248   -0.242796     2.86888    0.406752     1.74908    -2.35168    0.160712     3.00487     -1.1958     -3.3828    -2.30193     -3.1161     1.15469   -0.362571    -2.72397    -1.29431    0.506835   -0.312915   -0.355073    -2.04317   0.0530571     2.84089   -0.608249   -0.422277    -1.09246   -0.419845   -0.470531   -0.174331     -2.4382    -1.29018   -0.244593     1.06207   -0.347263    0.608734     -1.2147    0.120658    -1.60656    -4.17485    -1.17605   -0.620764   -0.790579
  -0.171336    0.894441   -0.468308     1.11568   0.0587154    -1.30013    0.235549    -1.53456      3.1621    -1.21754    -1.03851    -1.45528   0.0669001    0.251892    0.358766    0.109911     3.39962    -2.49147   -0.271614    -1.70946   -0.952616     2.74174    -3.13493     1.01212   -0.453715   -0.692092    -1.50721    -2.14416    0.382482    0.007873   -0.363501   -0.298516    -2.87735    -0.81108   -0.340368   -0.664292   -0.238128   0.0041238    -4.30437    0.539016   -0.174883    -2.00623    -1.02958    -1.42644    -1.59959   -0.455325    0.552443    -1.15436    -1.02619   0.0349071
   0.177661   -0.604046    0.038012     1.21793     0.60673   -0.682514    -1.71987    0.508314  -0.0958772   -0.958333    0.949741    0.527919      1.0086     2.15519   -0.230351   -0.559069    0.482074    0.768718    -1.22285   -0.632046    -1.06612    0.620357  -0.0820169   -0.914027   -0.469522    0.694076   -0.865191    0.275074    0.319833   -0.377991   -0.523592     1.68276    -1.30921     1.32494    0.675627    -2.58479   -0.893335    -1.37448    -1.15621     -1.1142   -0.603174    -1.17178     1.20735    0.190235    0.117918   -0.307843    -2.22968   -0.521034   0.0944973    -1.38788
   -1.30064    -1.65477    0.538591    -1.12388   -0.421092    -1.16324    -0.56793    -2.03797   -0.693155   -0.379485   -0.127817    -1.24807     0.62104      -3.379   -0.914453     2.21369   -0.945073   -0.657351    -1.03547    -1.86106    -1.08159    -1.17199    -1.40408     1.18283     1.86937   -0.214861     1.65524   -0.114162   -0.376068    -1.81752    -1.23592     1.10181    -1.13892    -1.22783    -0.34957   -0.930102    -1.35769     0.54806   -0.973236    0.315155    -1.36767    -0.28749     1.21551     -1.3656   -0.988497     0.49627   -0.396254   -0.120541    0.927983   -0.548155
 -0.0610304    -1.09532    -0.17722    -5.90555   -0.871035    0.532644    -1.19518     2.58129    0.274536    -1.15071    0.314059   -0.944589     1.27436   -0.297231   -0.424941     0.90723     1.87183      1.0502      1.8588     0.16037     0.81847     2.27378   -0.619011    -1.15013   -0.517314    -4.05265    0.216496   -0.630933    0.774092    -1.44486   -0.250316     1.69463    -1.15358   -0.854353  -0.0393327    -1.33718   -0.412683    0.262104    -0.47386     2.66826    -1.66885    -1.23502    -1.55274    0.805464    0.665121     0.26735    0.549541   0.0259411     0.53157     1.16211
    1.92861    -1.79991   -0.702158   -0.678917   -0.219155     1.18795    -2.15973    0.125746    0.643147    -1.36621    0.146077      -1.457    -1.34275      1.6757     -1.1403   -0.403019   -0.739462    0.576063     1.54874    -1.08533     1.24614   -0.219733     1.14879   -0.392689    -1.91924  -0.0445106     0.62328    -1.01609    -3.40461    0.744452    0.146158    -1.58132    0.882861     1.85103   -0.174704    0.826511     1.49572     -0.1073   0.0495636    -3.27668     6.21004    -0.96027   -0.932847    0.951394    0.125755   -0.969434    -1.18836    -1.86015    -2.41259    -1.33217
  -0.264929  -0.0223608  -0.0828613   -0.303824   -0.412714    0.111668  -0.0169738   -0.323511   -0.224666   -0.115527   -0.503363   -0.259527    0.107281   -0.423235  -0.0717286    0.327111   0.0252341   -0.166614  -0.0180151   -0.304934    0.159517  -0.0331606   -0.251064   -0.151531  -0.0530465   -0.144361    0.390364   -0.320686  -0.0949662   -0.349479    -0.26207   -0.360381   -0.118692   -0.238078   -0.266311    0.021526     -0.1937    0.221393   -0.367762   -0.377061  -0.0128521   -0.161424   0.0362453   -0.145589   -0.411202   -0.271629   0.0357446   -0.341723   -0.238541    -0.27806
  -0.368262   -0.370098      0.5761   -0.071149    0.151278   -0.737633   -0.471333   -0.862189    0.279309  -0.0507233   0.0892257   -0.593691    0.847934   -0.244375    0.547371   0.0270682    0.799127   -0.883992    0.317267   -0.925657    0.238925    0.546869    -1.70669    0.925403    0.484853   -0.869973   -0.293344   -0.638719    0.235337   0.0562634   -0.850955    0.684937   -0.821869   -0.222097    0.108406    -0.35562  -0.0283476    0.996155   -0.602403   -0.485431   -0.453584    -1.52218   -0.634253     -0.1935    -1.60652     -0.9281   -0.359651   -0.102062   -0.628429    0.610302
    -2.5699     -1.1703   0.0399845    0.379141    0.628087   -0.574515    0.397915    -2.16987   0.0886701    0.262146     1.57316    0.567124    -1.57133    0.320393     1.84348     -1.7564   -0.129013   -0.586926    0.364654    0.823702    -1.68268    0.557734       1.362     2.11294   0.0321267   -0.397047    -1.59685     -2.0968   -0.289622     -1.0284    -2.03208   -0.816212   -0.600468    0.520512     5.78154   -0.337621   -0.074773     1.82964   -0.774054    -2.21779    -1.70979    -2.48547     -2.4739     3.73829    0.176788    0.934831    -3.33537    0.195552    -1.00155    0.515613
   -1.62594     1.40939   -0.303888    -0.60409   -0.421849    0.495706    0.907341    -1.11072    -1.12303     1.22783     0.11735     -1.2861    -1.08431    0.674944    0.833115   -0.671641    -1.48929    0.085235   -0.183532     1.09189   -0.377923    -2.10193     1.05732     1.33825   -0.431167    0.826624   -0.442195   -0.381331   -0.442334     0.32245   -0.309717    -2.40063      1.4469    -1.47575   -0.325214     0.72509    -2.02809   -0.757323    0.406517    -1.40707    0.238904  -0.0540488   -0.251698   0.0993725    -1.24238   0.0652981   -0.548395     1.88566    -1.12503    -1.06535
   -2.19387   -0.153403    0.168794    -1.14472     1.69696   -0.875917     1.48327   -0.614242   -0.404646   -0.741468     1.42795    0.631554  -0.0309949    -3.36481   -0.702514    0.107255   -0.888357    0.794943    -1.10677    0.690976   -0.721405   -0.157755   -0.854136     1.56446     2.06543   -0.281968   -0.403536    0.858428    0.189469    -2.19508    -1.30529    0.865987    0.508536    -2.74997    -1.57606    -0.27353    -2.73576   -0.561683   -0.427955     1.17213    -1.10657   -0.402419    -1.17347    -2.28976      0.5099     1.57309    0.211206    0.639905     1.70434   -0.225467
  -0.545104     0.57492   -0.464784   -0.841512    0.307053   -0.312429   -0.729774   -0.274103   0.0775813   -0.799575   -0.908726   -0.675059    0.077032    0.193521  -0.0881647   -0.848198    0.842064   -0.195665    0.413235    -1.22064    0.790102    0.249962   -0.900075  -0.0422871     -0.1936   -0.773766    -1.29666    -1.23821   -0.703708   0.0340884   -0.116442   -0.430539   -0.780409    0.251111   -0.243593    0.471753    -1.18173   0.0999795    -1.07776    -1.26058    0.532807    -1.44683   -0.742845    0.289606   -0.697601    -0.91083   -0.486861   -0.930598   -0.758685    0.264087
   0.142443   -0.415515   -0.216343    -0.47045   -0.209884   -0.338088   -0.366632   -0.322786   -0.249661   -0.175643    -0.20129    -0.25191   0.0286872    -0.37437   -0.473725   -0.169291   0.0574328   -0.169495   -0.214495   0.0847369    0.037655    0.090131   -0.179588   -0.322146  -0.0850635   -0.603379   -0.319325   -0.268358   0.0333491   0.0928144  -0.0196466    0.232961   0.0202713   -0.425365  -0.0562401   -0.219285    0.468943  -0.0311562   -0.347617  -0.0494057   0.0629388   -0.331462   -0.135789   -0.204095   -0.223201   -0.462123   0.0182911    -0.20087   -0.163602   -0.134126
   0.125553     1.35078   -0.472054   -0.761302   -0.316687    -1.12738    -1.51297   -0.264872    -1.43597   -0.255296   -0.367509   -0.546875    0.715812    0.667979   -0.857994      1.2908    0.708082   -0.398144   -0.839062    -1.05453   -0.217729   -0.352353  -0.0411255    -1.73326   -0.846956   -0.737652      1.3508    -1.03752       -1.02   0.0924249   -0.210896    0.135363    -1.62882   -0.131534   -0.742109    -1.00531   -0.455975   -0.375217    -1.07385    -1.88546     1.61706     -1.2319    0.628865   -0.314646   -0.573804    -1.01082    -1.80699   -0.517886   -0.236534   -0.350533
  -0.775048      -1.161    0.375944    0.284474     0.21076   -0.180553    0.196089     0.10376   -0.285679    0.921204    -1.43503    -1.47337   -0.418395   -0.220431   0.0468215   -0.705416   -0.870745     -1.0686    0.319299   -0.676404    0.470862   -0.956502    -1.13743   -0.337444   -0.519967   -0.457631   -0.461371    -1.00888    -1.17209  -0.0395188    -0.45458   -0.677448    0.896914     1.08884     0.58013  -0.0371582    -1.11656   -0.494459    0.719769     -1.1646    0.619725   -0.798026   -0.484967    0.948034    -1.96275   -0.061084   -0.275531    0.429383   -0.299408   -0.905293
    1.34184   -0.897959     1.25774     2.13767    -0.13182    -1.96875   -0.631567   -0.693202  -0.0312917    -2.87311      2.5181    0.153679    0.410641    0.755262   -0.418031    -1.40658    -1.46848      1.1216    -0.16414   -0.660156   -0.631964     1.75215    0.129006   -0.963423    0.708126   -0.708806    -1.50021    -1.61363     1.37841    -1.75774    -2.40543     3.75772    -3.08779     1.15966    0.964527    -3.60767   -0.602437    -1.24193    -2.31841   -0.948442    -1.34614    -1.54602   -0.141474     1.02658     2.49286  -0.0390148    -3.47338   -0.140768  -0.0329613   -0.773647
  -0.129686   -0.908064    0.450189    0.116354    0.703139   -0.786345    0.726344    -0.06661   -0.766904   -0.191313    -0.34364   0.0890593   -0.866418    -1.06699    0.977256    -1.03782    -1.58727   -0.475332   -0.493381     1.18569   -0.416917    -1.51245    -1.60733  -0.0562198   0.0153873    -1.29391    -1.45087    -1.12011   -0.415566   -0.135552    -1.80475   -0.821012   -0.954569    -0.39527   -0.559545   -0.570728   -0.205491    -1.19844   0.0249321    0.157083   -0.389123    -1.05546    -1.12539    -1.01423   -0.571666    -1.02911   -0.385789    0.675727    0.702703    -0.98186
   0.146966    0.465304    0.881848   -0.671204    0.806307    -1.48092     1.04804    -0.43059     3.63163    0.958099 -0.00907611    -0.85626     2.59757  -0.0619634    0.188492    0.367998     4.18021    -5.78956   -0.929168    -2.12749   -0.245537     1.97885    -1.45725   -0.413178     1.03097   -0.681121     1.26296    -3.30539    0.700231    0.551524      1.2637    0.525017  -0.0787515    0.346384     1.02869     1.39359   -0.142461      1.8732   -0.751936    0.503637     1.31237    -2.96055     2.28479   -0.019166   -0.831267   -0.588313     1.18193   0.0916982    0.345229    0.852864
  -0.178317    0.243192   -0.146371   -0.227252   -0.299566   -0.236476    0.129758    0.125085   -0.278006  -0.0988006   -0.278284   -0.166534   -0.167022  -0.0881031   0.0746975   -0.458402   -0.141145    -0.10621   -0.278093   -0.255205   0.0352403   0.0092352   -0.598139   -0.126549   0.0995298   -0.211898   -0.277854   -0.119824   -0.188297   -0.286643   -0.233434   -0.411794  -0.0813836  -0.0797523   -0.227938   -0.195342   -0.332676  -0.0872659     -0.1205  -0.0179263    0.265747   -0.132984   0.0625823   -0.131277  -0.0682868   -0.124647    -0.14867   -0.201821   -0.160952   -0.352934
   1.22247
   1.30428
 -0.771937
  0.833555
   -1.2173
  -2.83937
  0.208632
   1.03423
  0.277014
 -0.929952
  -1.22586
  -1.48496
 -0.463359
   0.52193
  -0.17585
-0.0910192
   -1.3679
  -1.30144
 -0.693386
 -0.140645
 -0.939985
 -0.684705
  -1.15581
  -1.07229
  -1.13213
  0.754644
  0.121455
0.00906618
 -0.447187
  -1.92676
  -1.78845
   1.95414
  0.818298
 -0.328137
 -0.977403
  -1.91089
  -2.48098
 -0.991852
  -2.00446
  -1.37991
  -1.61539
-0.0618184
 -0.775159
  -1.25733
 -0.196334
  -1.24465
  -0.97712
  0.120926
   3.40321
  -1.21861
1
4
50 10
     2.15852      1.90088    -0.373255      1.68167      0.87231     0.278213      1.85738     0.846661      1.27679    -0.749984      0.70069  -0.00455241     0.997661     -2.72401     0.694224     -2.20641    -0.525775     0.672769     0.824656      1.12528      1.26706     0.576923     0.185049     0.603489      0.85106     -11.5178    0.0116788     0.799077    -0.260917    -0.863505     -0.70071      1.64928    -0.294745      -1.2053     -2.94162     -0.70472      1.97947      0.30173    -0.722133      2.22362       3.2233    -0.318928     0.497631     0.122929      -1.1107    -0.850445     -4.79493     0.126567     -1.30804     0.282445
    0.356488     0.235021     0.384648      2.00688     0.435158     -1.16603     0.457897     -1.10618      2.22375    -0.539547    -0.303314      0.36824     -6.70463     -1.00193      1.14018      2.46417     -4.01011     0.866673    -0.668078      1.17478     -1.53224     0.284615   -0.0951488     0.790409     0.376241     0.551788     0.540082     -10.4929      1.63644     -1.41423      1.40117      2.41857      1.99693       1.9579     -1.74053      3.26632      1.50458    -0.329354      1.52365      2.08654    -0.559543      1.85031     0.353194      0.68145    -0.859002    -0.498802    -0.860188     -0.13595    0.0959172     0.426844
    -3.82971      0.65627     -0.15557      2.10853      1.41665      1.07029    0.0557063    -0.428682     -1.58625      1.90337    -0.387517    -0.022201      1.59978     0.556177     -1.35293     -1.26728     -1.47344      2.51502      1.59856     0.597894     0.675195    -0.652504     0.223793    -0.408689      1.64176      1.01909    -0.260967     0.932518     0.630715    -0.863819    -0.682945    0.0962757    -0.947193      1.04591      1.72887     0.607582     0.316164    -0.301661      1.52448     -12.8705    -0.134898      2.55816     0.904287    -0.281872    -0.696759    -0.683683     0.947645    -0.392479     -2.22221    0.0931056
    -1.59976   0.00549368    -0.449755     -9.19092    -0.122731      2.90527    -0.800333    -0.389969     -1.51541      2.44758    -0.699119     -0.14664      0.54066     0.763659    -0.707363     -1.40141     0.783405      2.08506    -0.517646     0.383772     0.423542    -0.289285    0.0388295     -1.27132       1.7064     0.950448    -0.525375      2.29081     0.217396    -0.732009     0.454245      1.57795     0.604226  -0.00424939     -1.91788      1.32052       -8.205    -0.291024    -0.664788       2.6382     0.694381     -4.22765    -0.209127    -0.067834     0.136358     -0.51323     0.865993     -1.61039     -2.29528    -0.275169
   -0.434437     0.112482     0.138682     0.325781     -1.64878       0.8808   -0.0537449      0.93029      1.03693   0.00282474     0.323015    0.0546933      2.05566    0.0627109      1.86224      1.11512      1.18701      -7.1807     0.425182     -9.50287     0.384225    -0.146717     0.601019     -1.62134     -2.08204      1.57361    0.0678076      1.75466     0.146267    -0.251071  -0.00738217      2.01794     0.203264    -0.741411     0.935653      2.89492      1.44503     0.299833    0.0876013      1.41975      0.97306      1.78725    -0.580804    0.0696073     0.629868      -1.0873     0.965306    -0.763723     -1.58881     0.181659
     1.99223     -6.83351       0.2267    -0.114898     0.702038      2.35299   -0.0569402      1.62286     -5.25075     -5.79165     0.789416    -0.202328      1.36855    -0.132685    -0.429086      -1.3876     0.742059     0.496004     -2.10144      1.01733     0.493282    -0.116554     0.269337     0.225491      0.24614      3.51487     0.129314      1.20219    -0.708607    -0.427115   -0.0691091      2.86117     0.454458   -0.0742827      2.11913       1.1537      3.01509    0.0473678     0.850227    -0.460309     -0.45797     -2.81795    -0.262536     0.420982      1.09331     0.856742     0.396567     0.355711     -1.80785    -0.135446
     1.66281      2.80926     0.154656     -0.71914     0.157409     -1.75575     -2.97475     0.605351     0.274095    -0.227388     0.259447    -0.257322     -2.34766      1.37194     -1.17033       1.3803      3.14316     0.577033      1.79268      2.10555     -6.74438     0.374609    -0.266827     0.566215    -0.397623      2.88349     0.251018      3.57763     -1.37021      2.33736     0.192497     -12.3449      1.65587     -1.16853      2.52331       2.9622     0.859761    0.0334412     -1.28454      0.90503     -1.16065     0.924124       1.5384   -0.0579733     -1.59749     0.383691     0.974881     -1.34015    -0.772282      0.10581
   -0.525251    0.0728866        0.233     0.755576    -0.450154     -3.78595     -1.26156      2.06851      1.70666     0.978554     -1.22395    -0.175423       1.6323     -2.95315      -0.8935      2.95255    -0.841446      1.05173     0.759211      0.42343        2.902     0.161673    -0.103976      -1.0189     0.325692     0.407555    -0.469953     -1.85429     -0.72832     0.424281     -0.84137      0.21233     -4.43298    -0.379656    -0.487351    -0.402287     0.470283    -0.325842     -2.34343      2.26527      1.07469    0.0866279     -2.19302    -0.644067     -1.71825      1.87591     0.222999      1.02751      11.6262    0.0229817
    0.634189     0.652909     0.144835      2.74272     -1.19791      -1.2645      2.26965     -3.91276      1.26997      2.21159     0.624943    0.0767577    0.0802118      3.86761     0.768199       -1.762       1.2807    -0.412493     -1.34878       3.2053       2.6243     0.168739    -0.158149      2.01616     -3.11723     0.436789    -0.234665       1.9651     0.390351      1.70769     0.313008      1.57597     0.931134     0.780328     0.303816     -11.6702    -0.380494     0.269426     0.901837      1.92169     -2.88164     0.157657       1.0656      0.13159       3.5545    -0.271299      1.52907      1.94617     -1.23069    -0.319573
 -0.00241915   -0.0171376    -0.101142   0.00207203   -0.0194888  -0.00922366    0.0298206  -0.00125089   0.00889187   0.00120145    0.0366219     0.194177  -0.00833808   0.00666275    0.0564704    0.0290855    -0.012699   0.00476591    0.0137298  -0.00590056     0.011155    0.0761902     0.288223  -0.00670828    0.0037324   0.00601248    0.0646659    0.0265415    0.0117926    0.0001268   -0.0058293  -0.00202478   -0.0013841   0.00677301   -0.0282825 -0.000800452  -0.00619422    -0.106608 -0.000374027   0.00645947    0.0106505   0.00158851    0.0189098     0.154299   0.00936618  -0.00751242   0.00489106  -0.00934102  -0.00373961    0.0221804
   2.97167
  0.652367
   2.49969
   2.72986
   1.44937
  0.164117
  0.284372
   -7.4132
  -1.49253
-0.0321923
