3 16 0.5 17
1
1
9 50
   0.566699   -0.622056   -0.319193    0.495436   -0.301039   -0.201083   -0.398088    0.586772   0.0163409
  -0.149544   -0.140921    0.915674    0.195883   -0.188277   -0.061408   -0.325777    0.448199   -0.164223
 -0.0695722    0.307357   -0.712565    0.228762  0.00780516    0.452374    0.389025   -0.203449    -0.49464
   0.518325    0.164853   0.0309802   -0.605612    0.108004    0.329611    0.394634    0.111582    0.418108
   0.535095    0.533026   -0.114229   -0.171766   -0.270022     0.13304    0.277387    -0.47224   0.0243634
  0.0459343   -0.465086    0.272216   0.0717215   -0.119381   -0.239099   -0.141804   -0.212247   -0.626434
   0.145795  -0.0902718   -0.217211   -0.301584   -0.571111    0.476859   0.0120433    0.394094  -0.0374498
   0.938319   0.0642119    0.199249    0.395035    -0.40578   -0.315227   -0.218013   -0.318001      0.3834
 -0.0476796   -0.430291   -0.116516     0.38828    0.370638    0.347489    0.549943    0.388457   -0.677402
   0.299591   -0.266122   0.0580163    0.215522    0.287695  -0.0203282   -0.264907   -0.651624    0.542033
  -0.314901   0.0933657  -0.0432191   -0.891223   -0.386829    0.163456  -0.0617726   -0.526973   -0.482939
   0.196015    0.473474   -0.592869   -0.183234   0.0359036  0.00894896  -0.0278896    -0.69831    0.378664
  0.0214817   -0.133851   0.0169103    0.464155     0.51027     0.43374 -0.00582176  -0.0437379  -0.0207393
 -0.0124225   -0.115853    0.186759    0.289489    0.373924    0.250092   -0.716644     0.62515   -0.596496
 -0.0916639    0.262831    -0.77159   -0.273694   0.0244274    0.091708     0.90431   0.0600192    0.473702
  -0.408875   0.0729481   -0.150375   0.0545901    0.130303  -0.0192816  -0.0717005    -0.20685    0.332936
  -0.347474    0.354695 0.000767019   -0.200696    0.515814    0.491956   -0.965694    0.327474    0.691173
   0.419572   0.0968864    0.309358     -0.4356   -0.435057   -0.617481   -0.131766    0.233809     0.46957
   0.947672  -0.0465881   -0.559345   -0.208814    0.415574    0.642712   -0.219802     0.35108    -0.22773
  -0.131257    0.381824  -0.0961906   -0.144814   0.0941465   -0.778651    0.711036     -0.3037  0.00187239
  0.0786058  -0.0558732   -0.268464   -0.452127   -0.532105   -0.159046   -0.115448   -0.154404    0.476589
 -0.0758476    0.728415  -0.0916604    -0.19573   -0.289489    0.332647    0.768537    -0.13067  -0.0963639
  0.0434135   -0.245032   -0.136573    -0.60289   -0.121628    0.393918    0.146001   -0.716791    0.402589
   0.258332   0.0320402    0.191681   -0.695609    0.353442    0.887372  -0.0488131    0.235358   -0.385661
 -0.0883093   -0.152181   0.0228618   -0.356629   0.0114395   -0.411277   -0.617289    0.198112   0.0682442
   0.361893   -0.488401     0.73548    0.411347    0.056258   -0.199271   -0.473457    0.489946    -0.28895
  -0.579372    -0.31542    0.521195   -0.394356    0.542039  -0.0540155   -0.360391   0.0151102   -0.491768
   0.102518   -0.155234  -0.0139074   0.0490751    0.065692    0.265282    0.446903   -0.307806   -0.235421
   -0.42415  -0.0383747    0.555849   -0.022407    0.598868   -0.598568   -0.514289    0.452138    0.580449
   -0.37196   -0.441078    0.717014     0.60362   -0.290193   0.0378873    0.234256   -0.530699   -0.119723
   0.738291  -0.0213875   -0.178869  -0.0603451   -0.233391    0.306532    0.412567     0.37808    0.172511
 -0.0255466    0.190706    0.214604    0.399044   -0.423663   -0.797243    0.336142  -0.0459098    0.341895
  -0.699636     0.30229   -0.336931    0.379717    0.183567  0.00321232   -0.614133   0.0569792     0.41842
  -0.416864     0.20005   -0.872478   0.0956082   -0.632854   -0.438552    0.064493   -0.389996   -0.095634
   0.131159   -0.483407    0.969505   -0.277443    0.337039   -0.423896   -0.781855    0.403248  -0.0754775
  0.0152882   -0.240626   -0.360384  -0.0156911    0.519239   0.0708903   -0.237665    0.112816    0.115725
  -0.633276    0.555245   -0.136276    0.595103    0.275761    -0.14938    0.776514   -0.457457    0.473113
 -0.0119508    0.311747    0.132997    0.282765    0.138146   -0.236686    0.253458   -0.514093    0.334657
 0.00817065    0.685108    0.101564   -0.409284    -0.11975    0.304558    0.398182   -0.929436   -0.788582
   0.163316    0.233089    0.200848    0.452426   0.0684359   -0.334616 -0.00789203    0.397835    0.208435
     0.1161   -0.187946    0.204987   -0.291219    0.647566    0.394696   -0.533769  -0.0501573    0.344599
  0.0200811   -0.171765 -0.00397224  -0.0476461    0.535132   -0.106537   -0.203171    0.387294  -0.0230437
   0.462542    0.118109   -0.262713  0.00341481 0.000662885    0.167769   -0.277747    0.284999   -0.673175
  -0.193719    0.354491   -0.645571   -0.441696    0.254886   0.0474394    0.264744    0.140807     0.62538
   0.982553    0.355209   -0.453317     0.40115    0.199521   0.0417137     0.42793    0.262629   -0.193045
   0.709339   -0.190536  0.00987804   -0.730205    0.146321    0.125782    0.138601    0.192723   -0.827531
  0.0825421   -0.200669  -0.0990154   -0.374611   -0.129974   0.0838108   0.0705623    0.829733   -0.291268
  -0.767926    0.302107   0.0846078    0.236349     0.17693   -0.345844    0.206162    0.760998  -0.0929101
  -0.151343   -0.133352   -0.136781 -0.00583598   0.0114804    0.362675    0.458572  -0.0739488  -0.0100121
  -0.231563    0.427573  -0.0118689   -0.118773   -0.120464   0.0316094   -0.241348    -1.11299    0.221218
 -0.571314
   1.22865
  0.363961
  -2.21113
   2.08792
  0.854886
  0.665692
  -1.87849
 -0.866664
  -1.43808
-0.0589575
   1.06815
  -1.49362
  0.329536
  0.749684
  0.382048
  0.481589
  0.294522
  0.498717
  0.541827
 -0.960731
   1.03207
   -1.2091
 -0.153628
  0.366811
   1.02683
  0.474099
  -1.41411
  0.765567
  0.763571
    1.1611
 -0.841525
  0.570469
 -0.623997
  0.597402
   -1.0688
 -0.561795
-0.0021414
  -1.35125
 0.0381575
  -0.43369
-0.0352521
  -1.26798
 -0.401902
   1.21914
 0.0175768
 -0.854527
  0.143945
 -0.706846
 -0.802199
1
1
50 50
   -0.133217   -0.0847531    -0.109344   0.00732636    0.0283869     0.101467    -0.307751   -0.0293736   -0.0579405    0.0934163    0.0704336    -0.262313    0.0894341    0.0484119    -0.213551    0.0788893    0.0133221     0.224906    -0.432711     0.069129     0.054994    -0.263549    -0.177266    -0.293989   0.00267108     0.153957    0.0773997    0.0527407     0.226909     0.230912    -0.265358     0.254801    0.0411409    -0.221581     0.040953    -0.363214   -0.0899185    -0.051093  -0.00679143     0.169721     0.207252     -0.33549    -0.117885    -0.334521    -0.209741     -0.29046    -0.309677   0.00299068     -0.15639    -0.213829
   -0.336892    -0.266144    -0.275561      0.10076   -0.0867899      0.26472   -0.0931609   -0.0324088     0.103378    0.0538884    -0.019055    -0.248337    -0.147605     0.114027    -0.151914    0.0669598    0.0183732     0.156786    -0.134449    -0.108429    0.0138291    -0.171012   -0.0298565   -0.0469068  -0.00830001     0.178277   -0.0916766     0.213068    -0.345371   -0.0450516    0.0614781    -0.100627    -0.221415    0.0103949    -0.166383      0.09718    0.0804781   -0.0770999   -0.0177329    0.0144648    -0.140056   -0.0274498    0.0540721  -0.00177465    -0.274134    0.0656866    0.0478913    -0.286848    0.0192561    -0.157172
   -0.249604    -0.494259     0.106851     0.183272    -0.303803       -0.129    0.0370571  -0.00568532    -0.304649    0.0321017     0.144867    0.0285572    -0.257428    -0.260213     0.015189    -0.172962   -0.0232635    -0.131027    -0.109121    0.0244564   0.00467048     0.270795     0.185653     0.222832    -0.105109    -0.322265    -0.140567     -0.15053    -0.144276    -0.137698    0.0714154    -0.186015   -0.0376523     0.164931    -0.464036   -0.0871577     0.196816     0.320262     0.101983   -0.0194263     -0.13194   -0.0723651     0.205754     0.260496    0.0167366    -0.152585    -0.359784    -0.257692   -0.0772731    0.0222435
    0.191416     0.231479    -0.199095    -0.394639   -0.0866472     0.114442    -0.348357     0.266799   -0.0753844    0.0350393    -0.370327     0.195921     0.288078    -0.195031    -0.499154     -0.13529     0.257563    -0.117579      0.10971     0.122121    -0.168267     -0.28227     -0.17265    -0.463482    -0.149853    0.0288989    0.0250393    -0.209428    0.0320977     0.184306    -0.195264    -0.185098   -0.0360149   -0.0501773     0.190392    0.0680653    -0.187908     0.124212   -0.0481956   0.00308017    0.0602516   -0.0301762   -0.0629695    -0.223323    0.0346044  -0.00693007    -0.156698     0.206677    0.0699458   -0.0670289
   -0.121447    -0.323263     0.172922   -0.0713589    -0.240387   -0.0140066    0.0974702    -0.146358    0.0953359   -0.0599313     0.147074   -0.0625684   -0.0287597    0.0546167    -0.219232    -0.161197    -0.229365    -0.170967    0.0443301      -0.1222    -0.469249   -0.0718889    -0.132653     0.370721    -0.425063   -0.0854601     0.302224    -0.192502    -0.226676    -0.162755    -0.099519    -0.376834    -0.295471     -0.19691     0.182846    0.0935631    -0.469538    -0.364777     0.080095    -0.154025     -0.20801    0.0987704     0.114041    -0.162586    -0.364259     0.117624    0.0597122   -0.0902729    -0.177086   -0.0349516
   -0.312687   -0.0800572    0.0761096    0.0225698   -0.0377551    -0.200138    0.0269904    -0.165748   -0.0962453   -0.0558947     0.169714   -0.0284721     -0.10837    -0.187911    -0.177013     0.183354     0.207773    -0.197891     0.231654    0.0806573    0.0291302   -0.0372474   -0.0342503     0.351586   -0.0150556   -0.0489984    -0.240513    0.0846301     0.175182    -0.188787   -0.0664101   0.00453514     0.238034     0.123617    -0.195858     0.192334    -0.220008     -0.26002     0.136099   -0.0355007    0.0555654    -0.168323    -0.149332     0.215618   -0.0601801     0.324582     0.107763    -0.233355   -0.0238407    0.0983796
    0.140544     0.108061    -0.173623    -0.186242    -0.416951     -0.15549   -0.0618305     -0.23116    -0.231956    0.0121696    -0.258166   -0.0431653    -0.139235   -0.0730735    -0.344085    -0.132551     0.329207   -0.0604213    -0.239394    -0.100708    -0.213421    -0.456151    -0.195454   -0.0604964   -0.0395617   -0.0148351    0.0464164    -0.276182    0.0816659     0.199951    -0.162376     0.477616    0.0736191    -0.100047     0.283952     0.047803   -0.0019891    0.0230924    -0.319381     0.132472     -0.24509   -0.0766534     0.160119  -0.00912522    -0.302584    -0.169388     0.119728    0.0521817    -0.301917    0.0604685
  -0.0709908    -0.167488   -0.0808527    -0.109317    -0.184003    -0.155747    -0.164074     0.222761     0.134394     0.029576     -0.21942    -0.210824    -0.103794   -0.0744157    -0.404917    -0.276447   -0.0243015     0.189294    0.0867363     -0.15624   0.00733984     -0.31531   -0.0549795    0.0712544   -0.0361743   -0.0608451   -0.0121049    -0.192101    0.0401832    -0.189953    -0.105471    -0.377461    -0.116465    -0.317602     0.221494    -0.141894    -0.138212    -0.222632     0.177695     0.208087    0.0368234     -0.02997    -0.105359     0.268831    -0.240255    -0.237098   -0.0186557    0.0347782     0.013062    -0.236946
    0.150762    -0.199353    -0.141247    0.0860052   -0.0818308     0.190479    -0.169505     0.261826  -0.00875808   -0.0414761   -0.0430905    -0.346072    -0.207916    0.0997765     0.119686    -0.101141     -0.21546   -0.0924537     0.109466     -0.11764   -0.0420303    -0.529754    0.0227997     0.100231     0.078985   -0.0738615     0.223094   -0.0982604   -0.0190584     -0.18462     -0.17629   -0.0750474    -0.267982     0.228933     0.360324    0.0430309    -0.150689    -0.171574    -0.193032    -0.218828    -0.120377    -0.196724     0.235651    -0.273162      0.21776     0.231777     0.240646    -0.109464     0.062208    -0.196906
   0.0359938    -0.138317     0.220123    0.0257081    0.0668869     0.151939   -0.0881966    -0.366008    -0.100416   -0.0533205     0.209867    0.0734814   -0.0741581   -0.0111538     0.255838    -0.390698   -0.0146931  -0.00405584    0.0991797    0.0919164    0.0898151    -0.202061    -0.055976     0.115816   -0.0387066    0.0262995   -0.0739526    -0.085979    0.0898629   -0.0726209    -0.119741    -0.278017    -0.297916    -0.322797   -0.0946501    -0.291293    -0.391134    -0.236889     0.049763    -0.145129      0.16419     0.101866    0.0621917   -0.0140326    0.0600518     0.242185     0.325171     -0.12163   -0.0621089     0.120471
   -0.105807    -0.106101    -0.436767    -0.175021     -0.26149    -0.545898   -0.0123692    0.0560228    -0.114638   -0.0500427   -0.0347395    -0.167855    -0.194123    -0.130402   -0.0598925    0.0127454    -0.127024    0.0998411    -0.120515    -0.310881     0.100845    -0.263755    -0.165789    -0.028897   -0.0684149    -0.385122     0.110902    -0.206799   -0.0587765  -0.00210929    -0.401436     0.144448    0.0899312    0.0343003    -0.163245   -0.0794323    -0.178174    0.0102741    -0.106583    -0.163166    -0.341942    -0.215831    0.0332898    -0.144224    -0.379116    -0.188147   0.00323793     0.116294    -0.155205    0.0696435
   -0.404696   -0.0153326    0.0984427    0.0012219     0.139647   -0.0346905   -0.0614148    0.0853254   -0.0856949   -0.0117985     0.207755     0.266725    -0.166914    -0.153729     0.127599    -0.106175     0.141096   -0.0277606    0.0783472     0.368763   -0.0583678    -0.137465    0.0162566    0.0684252    -0.129989    -0.340617    -0.460477   -0.0236132   -0.0482734    -0.514754    -0.372187     0.084819   -0.0557337   -0.0246581    -0.285363     0.131195     0.180083     0.199848    -0.111018  -0.00764168    -0.109928     0.120134    -0.113639     0.288475    -0.223566    -0.175997    -0.384451   0.00925093    -0.107943     0.263616
  -0.0536357    0.0681638    -0.112984   -0.0787576    -0.125758     0.108607    -0.120164    -0.139177   -0.0807086    -0.126284    -0.244976    -0.138534     0.110701    -0.261526    0.0756666    0.0133082     -0.23389     0.109147    -0.102214    0.0363916    -0.257589    -0.317141    -0.267927    -0.215921     0.134422    -0.118246    0.0542858   -0.0891685   -0.0120666    -0.258814    -0.289457    -0.051483    -0.119374     0.101203     0.186754   -0.0860947    0.0364332    -0.134225   -0.0172128     0.155648    0.0437104    -0.191276     0.213645     0.077504   -0.0302077    -0.227432   -0.0482215     0.346408     -0.05291    -0.023464
  -0.0768875    -0.166929    -0.207313   -0.0431964   -0.0565121    -0.140024   -0.0859589    -0.242576     0.205781    -0.162328    -0.134795    -0.500351     -0.27094     0.069894   -0.0550291   -0.0307766   -0.0811045   -0.0701003   -0.0059536    -0.122202    -0.121517    -0.275453    -0.105571     0.398946    -0.248858    -0.140625   -0.0752934    -0.096081   -0.0780142    -0.226913    0.0966441    -0.318417    -0.268808    -0.160609    0.0471729     0.070273     -0.46899    -0.353302 -0.000348375   -0.0161909    0.0412341    -0.124366    -0.126408     0.225876   -0.0741665     0.416607     0.124357    0.0930328     0.182934    -0.305156
-0.000349671    -0.330721    0.0890385   -0.0186709   -0.0741805    -0.244806    -0.148623   -0.0554973     0.308622    -0.287236    -0.143104    -0.187327    0.0731044    -0.203271   0.00796313    -0.129782   0.00795972   -0.0909034    -0.302342   -0.0405191    -0.369703    -0.194008    -0.202878      0.14929    -0.291615    -0.109924    -0.116402   -0.0102564    -0.206548    0.0654242    0.0335772   -0.0567343    -0.300427    0.0436969    -0.114046   -0.0385243    -0.163258    -0.247021    -0.159603   -0.0463123     -0.16474    -0.119921   -0.0803739   -0.0360876     0.185295    -0.148858     0.125894    -0.132188    0.0170153   -0.0392009
  -0.0464908    -0.123751    -0.272191  -0.00825948     0.157536    -0.405053    0.0110279    0.0838408    0.0177022     0.292752     -0.10746     0.129285    0.0295212   -0.0489257    -0.113121    -0.286893   -0.0469173    -0.176028    0.0046091    -0.258692    0.0773703   -0.0968328     0.321592    0.0436935    -0.240731    0.0675438   -0.0774162    0.0677987    -0.325805    -0.192817 -0.000719693   -0.0870905   -0.0840596     -0.31808     0.017816    0.0606236   -0.0976217   -0.0174169   -0.0906381    -0.157689   -0.0153959      -0.1132   -0.0135434    -0.297516     0.211241   -0.0488046     -0.02398    -0.362136    0.0576661    -0.155041
   -0.296498   -0.0569055    -0.262696    -0.136887    -0.201959    -0.120859     -0.24536   0.00867524    -0.306853     0.256686   -0.0240977    0.0595854    -0.117841   0.00650109    -0.111931    0.0138673    0.0320146   -0.0652248      -0.1781    0.0610182     0.158236    -0.118202     0.143794    -0.260539   -0.0642525     -0.32882    -0.191558    -0.110005   -0.0562162   -0.0504334   -0.0542154   -0.0424082     0.101519     0.207528  -0.00980422   -0.0832119     0.527884   -0.0348071   -0.0220869    -0.148705  -0.00748026    0.0767494    -0.339255     0.199505    -0.401575    -0.404745    -0.184403    0.0650425     0.183481     0.419201
    0.301922     0.169077    -0.347227    0.0802112    -0.193753    -0.139971     0.102116   -0.0119002  -0.00185654   -0.0314182    0.0461536    -0.169356   -0.0865249     0.482894    -0.652409    -0.208003    -0.166739     0.149434     0.128072   -0.0335405    0.0131163    -0.432787    -0.442182    0.0565734     0.213131    0.0337384    0.0803706     0.165718    0.0944871    -0.118116     0.112061    -0.111895    -0.250602    -0.419853      0.11334    -0.349565    -0.267125    -0.108476    -0.193074     0.193565     0.438417     0.272824   0.00922633    -0.252141   -0.0133438  -0.00454245   -0.0259918    -0.200341   0.00951966    -0.364087
    0.054527   0.00505644    0.0908822     -0.21059    -0.141171     0.161419    0.0171375    -0.203274   -0.0203167   -0.0209163    -0.133217    -0.300057     0.113339  -0.00407721   -0.0793356    0.0690231    -0.142392   -0.0369484    -0.271381    -0.278926   -0.0970307   -0.0562395   -0.0699248     -0.21365    0.0168549   -0.0216055   -0.0755661    0.0462262   -0.0857732   -0.0166358    -0.261101   -0.0549491    0.0722029    0.0569784    -0.373357    0.0177678   -0.0870374    0.0363923   -0.0237416   -0.0607879   -0.0745753    -0.216796   -0.0836201    -0.114438    -0.133808     0.135032   -0.0363949   -0.0512442    0.0959945   -0.0330917
   -0.186195     -0.22634   -0.0770405   -0.0169882   -0.0386129   -0.0280115   -0.0713714     0.060103    0.0689158     0.012632    -0.300808   -0.0243598    0.0369683    -0.255768    -0.100723    -0.150323     0.118386    -0.168929    -0.276709    0.0125298    -0.407282    -0.182238   -0.0246145    -0.278505    -0.176493     0.193606    -0.065648     0.126326   -0.0886742     0.125978    -0.376931   -0.0169562   -0.0807761    -0.138044      0.18348   -0.0959355     0.173219    0.0288761   -0.0327775    -0.132757    -0.210817    -0.205493   -0.0145893    -0.349217    -0.079303    0.0645604    -0.222439   -0.0892794    -0.497921   -0.0400114
    0.147245   -0.0783324    -0.152047     0.239354    -0.416748    -0.164306    -0.337108     0.280568    -0.025235    -0.272582    0.0741182    -0.135223   -0.0513402    -0.151597    -0.126724    0.0855949    -0.218718     0.140272    -0.118282    -0.306996   -0.0752052    0.0840025    0.0561298   -0.0272928     0.188885   -0.0217722    0.0299791   -0.0563619  -0.00490709   -0.0521444    -0.236831    0.0916259  -0.00402424   -0.0658564      0.14434    -0.178407   -0.0126705    -0.292053   -0.0484018     0.143026     0.054281    0.0636124   -0.0942762   0.00315656    -0.154942    -0.165108   -0.0472489     0.188402   -0.0917814     -0.23497
   -0.299507     -0.38765    0.0236995     0.149861     0.337277   -0.0295124   0.00786129    -0.258564     0.021745    -0.193857    0.0323798    0.0755151   -0.0129973    -0.144216     0.312531   -0.0550841    0.0115877    -0.190418     0.310854    0.0262303     0.128328     0.343523    0.0426745     0.329894    0.0159389    -0.558103   -0.0360599     0.132629    -0.203242     -0.36688   -0.0400463    -0.271377    -0.285965   0.00255705    -0.381695   -0.0868935     0.011853    -0.277448     0.463765    -0.221504     0.235213   -0.0564125    -0.017571     0.190859     0.335731   -0.0104965   -0.0682733    -0.280166    0.0261473    0.0679287
   -0.100545     -0.11225     0.139062   -0.0275313    -0.404381    -0.107044      0.11558     0.225513    -0.151539   -0.0651889    0.0996663    -0.236476   -0.0536969    -0.143624    -0.281547    -0.107184     0.147332   -0.0124352     0.225047    -0.179263   -0.0655449    -0.119624     0.129459    0.0156399    -0.309337   -0.0650892    0.0223798     0.172428    0.0955895    -0.224256    -0.158554   -0.0501642     -0.15582    0.0787965   -0.0320742   -0.0927744     0.029249     0.117636     -0.11808     0.089362    -0.166783    -0.105624    -0.114178   -0.0681381   -0.0651352   -0.0842675   -0.0210516    0.0751557   -0.0190549    0.0836391
   -0.122214    -0.331181    0.0484143    -0.188933    -0.351301    -0.100881  -0.00476097   -0.0417189    -0.082464    -0.177955   -0.0834188    -0.199355    -0.178849    0.0255923   -0.0257026     -0.12701    -0.121491    -0.196461    -0.152767    -0.281669     0.307183      -0.1444      0.17772    -0.324039    -0.211626    -0.142191    -0.168472    0.0835449    -0.316291    -0.444661   -0.0278789     0.121362    -0.279348    -0.148542     -0.40026    -0.258639      0.23952    -0.298299    -0.158809    -0.176822    -0.044897    -0.120987    0.0727819     0.263339    -0.172596    -0.058647    0.0011086    -0.127044     0.086636     0.242426
   -0.158186     0.105698    -0.378724    -0.137401    -0.298953     0.015065    0.0221414   -0.0981814    -0.116151    -0.199096     0.195709    -0.280124   -0.0417343    -0.109957     -0.58643     0.128068     0.121395     0.226476    -0.351204     -0.32469      0.02133   -0.0345145   -0.0242004     0.124184    0.0197688     0.139022     0.180323   -0.0983644     0.318222   -0.0104395    -0.164251     0.121426   -0.0261563    -0.245101     0.081775     0.282963     -0.31283     0.142264    -0.095932   -0.0249877     0.151449    0.0622701  0.000639013    -0.209024    -0.227046     0.121568    -0.117682     0.149032    -0.231474     0.112269
  0.00911926    0.0799136    -0.108031    0.0917685    -0.104446     0.118764   0.00349666     0.326142    -0.137687    0.0483861     -0.10412    0.0823895    0.0100441     0.263319    -0.345447    -0.299554   -0.0921206    -0.327475   0.00746973   -0.0858914   0.00945959    -0.125259    -0.132192     0.192833   -0.0973853    0.0704403   -0.0595756    -0.269657    -0.284417    0.0466592   -0.0194152     -0.20986    -0.346681    -0.127027     -0.10481    -0.225675    0.0336422   -0.0843034   -0.0362635    0.0153889   -0.0507041    0.0821379    0.0257506    -0.132092   -0.0927329    0.0735799  -0.00148783      -0.2407    -0.227615    -0.262069
    0.123194    -0.199643    0.0127775   -0.0365652    0.0180861     0.025785  -0.00917367    0.0252576    0.0292208     0.161867    0.0345007     -0.14876     0.326765     0.109451     0.117529   -0.0814023    0.0582282     0.138978     0.115506   -0.0210522    0.0420593     0.225773     0.128149   -0.0865304    0.0772369    -0.035623   -0.0324591     0.245093   -0.0236702    0.0556297   -0.0160963    -0.377713     0.135955    0.0494171    0.0204671   0.00170086   -0.0998365    -0.132667    -0.115161   -0.0833778    0.0163842     0.153752   -0.0841905    -0.280307    -0.153639   -0.0839691   -0.0946948     0.102154    0.0909856    0.0593907
    0.297986   -0.0475866    -0.207384     0.138327   -0.0894776    0.0181093     0.159413   -0.0390118   0.00165388    -0.363545    -0.215883   -0.0539053    0.0224123    0.0436934    -0.206144    -0.236096   -0.0204642   -0.0983099    -0.219868    -0.214326    -0.126707    -0.180104   -0.0683964    -0.167719    -0.152519    0.0923141    -0.247129    -0.221466    0.0971915     0.084829   -0.0420504     0.067138    -0.129781    -0.226799    0.0701158    0.0706961    -0.162113   -0.0243563    -0.129564     0.100379    -0.103677  -0.00330114   -0.0482684    -0.114574    0.0423218    -0.062768    -0.028563   -0.0345898    -0.191851     0.109344
   0.0449871     0.176997    0.0988407    0.0511958      0.12337    -0.279439    -0.208616     0.150208    -0.102339    -0.149075    -0.270461    -0.233602   -0.0846847     0.151461     0.131442    -0.085631    -0.321542    -0.101518    -0.266222     -0.21497    -0.169295  -0.00884146   -0.0188477    0.0191158    0.0165775     -0.15449    -0.159439     0.140894     0.203376    -0.152651    0.0265842    0.0418486    0.0963311    0.0988245    -0.308897     0.145139   -0.0607593    -0.289644     0.295208    -0.245436     0.116714     0.119795    -0.178489    -0.179805    0.0922717    -0.101896      0.10308     0.158787   -0.0486801   -0.0198292
   0.0649732    -0.294886     0.205352    0.0599169    0.0327874    -0.271537    0.0385884    -0.176462  -0.00183252    -0.227504     0.363064   -0.0247203   -0.0315134    0.0157797    -0.337193    -0.257487    -0.178814    -0.210058      0.36639   -0.0397096    -0.127016     0.170513    -0.140585     0.223741     -0.28527    -0.150242    0.0785337     0.318863     -0.60281   -0.0753202    0.0697228   -0.0282464    -0.264802    -0.346074    -0.207064    0.0222851    -0.267623    -0.173938     0.122511    -0.612573     0.181162    -0.252594     0.392267    0.0694173    -0.166283      0.30657  0.000711709    -0.324802   -0.0116422    -0.205385
   -0.119142    -0.240271    -0.586473    -0.103093   -0.0288059     -0.21522     -0.13946    0.0605368    -0.164762      0.05674    -0.162715     -0.12839     0.323581    -0.173405    -0.231081    -0.166045     0.143673   -0.0378434    -0.180246    0.0479693   -0.0575364      -0.2488   0.00848599   -0.0586652    -0.152737    -0.196017    -0.160926    0.0327976      0.22106  -0.00337131   -0.0834306     0.391712   -0.0642006    -0.255081    -0.451254    -0.195336    0.0854749     0.279365    -0.142676    -0.139703    -0.136918    -0.214355   -0.0243608   -0.0778241    0.0466022   0.00710515    -0.243939    -0.234322    -0.116745    0.0146107
   -0.388456   -0.0441343    -0.314484    -0.143611    -0.213078    -0.191373    -0.116131    -0.107836   0.00634237     0.133136     0.154069    0.0128267    -0.137539      0.41949    0.0417553    0.0809505     0.164714     0.074241    0.0522487   -0.0137241  -0.00636887     -0.05331    -0.147602  -0.00685633    -0.148302   -0.0649014   -0.0297231     0.034526    -0.149551   -0.0219363    -0.164808   -0.0494705     0.216627    -0.216147    -0.151276    -0.100644    0.0251404    -0.294339    0.0587015    -0.121681     0.191595    -0.152899    0.0274741    -0.056283    -0.246687    -0.389166     -0.17931      0.11878  -0.00537813     0.121337
    0.177993     0.232531    -0.473328    -0.210813    -0.265847     0.116939    -0.144688    0.0848561     0.137297     0.208276     -0.29729    -0.212869    -0.024044     0.316348    -0.422327    -0.169705    -0.197342    0.0518222      0.18552    -0.319647    -0.343252    -0.240723   0.00935455    -0.126824    0.0224325     0.163609     0.253483    -0.215588     0.287622    0.0637267    -0.289164    0.0801461     -0.38963    -0.388395     0.201592    -0.191797    -0.419178   -0.0972564    -0.375578    0.0151181     0.222648   -0.0599391     0.104853    -0.443637     0.116155   -0.0752938    -0.013239    -0.340061     -0.18674    -0.124153
   -0.148554  -0.00482198         0.15     0.321171    -0.175886    -0.266888      0.05835    0.0607237       0.1277    0.0256043    0.0451942    0.0437233    -0.108767    -0.192275    -0.106481   -0.0783717     -0.18261    0.0933503    -0.125092    -0.161275   -0.0597916    0.0951359     -0.16793    -0.240985   -0.0630531    -0.183536    -0.102577   -0.0601415    0.0473138    0.0788475   -0.0553204     0.132846   -0.0276662    -0.093982   -0.0501503    -0.157475   -0.0531926   -0.0953459   -0.0839967    -0.233809    0.0342744   -0.0910162    -0.195879    -0.299429    -0.066633    -0.248646   0.00499639   -0.0644595     0.155118     0.176933
   -0.405073    -0.307599    0.0626836    -0.201632   -0.0681284      -0.1531     -0.06182    0.0527386   -0.0749774    0.0500025     0.227689     0.394694    -0.148767    -0.388394     0.277981     0.327454   -0.0346202    -0.028028    -0.147933    0.0106121     0.150933      0.28655     0.360746    0.0677989   -0.0709228    -0.345857    -0.041686    0.0323814     -0.12382     0.255299     -0.18066    0.0124847   -0.0143984   -0.0343623    -0.309834   -0.0594827     0.183297     0.231975    -0.195979    -0.181345   -0.0805798   -0.0654632    -0.163811     0.390304    -0.318581    -0.381208    -0.175629    -0.160981     0.118958    0.0845742
  -0.0945295   -0.0110698   -0.0513132    0.0695376     0.115264    0.0186441    -0.255284     -0.13388     -0.11176    -0.081896      -0.1792    0.0470632     0.119962    -0.250861    -0.113038   -0.0808958     0.152347   -0.0586617    -0.138394    0.0123623    0.0678259    0.0536914    0.0578718   -0.0272485    0.0539204   -0.0368713    -0.306946   -0.0603801     0.177921    -0.144696    -0.117566     0.203102   -0.0195084   -0.0156845   -0.0126401    -0.091753    -0.100335   -0.0570964    -0.283888      0.21694    0.0570217   -0.0480666     -0.17954     0.159597    0.0115947   -0.0322542    0.0439252    -0.121048   -0.0103886   -0.0323114
    0.143769    -0.127794    0.0437113   -0.0381375    -0.230117      -0.1389    -0.053269    -0.112472     0.123487    -0.101175    0.0601458    -0.171261    0.0936293    -0.212194     0.140443    -0.068129    -0.224793    -0.354555    0.0654547   0.00972984     0.255712    -0.128163     0.143321      0.20062    -0.315199    -0.193294   -0.0414591    0.0360267    -0.248148    -0.285196    -0.257617    -0.275789   -0.0516483   -0.0494631     -0.28332    -0.119986   -0.0893433    -0.418942      0.10943      0.18953   -0.0691734   -0.0314503   -0.0258147     0.120116     -0.26713     0.225015    -0.339617    0.0363007    0.0558027     -0.13852
    -0.23057    -0.206616     0.155326    -0.200101     0.125335    -0.347228   -0.0299554   -0.0100776       0.1817    -0.179049     0.107132    -0.238826      0.11994    -0.172968    -0.045623     -0.33515    -0.267704    -0.258368     0.143929   -0.0479394    -0.149859    -0.402978   -0.0386684    -0.133476    -0.191182     0.130579    -0.249417     0.126143    -0.525627    -0.187722    0.0931267   -0.0188786    -0.130395   -0.0488624     -0.21538     0.248741    0.0761941    0.0426179    -0.227925    -0.100778   0.00212436    0.0397578    -0.235649    -0.119343    -0.128885   -0.0651034    -0.101252   -0.0995235     0.168645    -0.233922
   -0.277241   -0.0903519    -0.208032     -0.16543   -0.0455143    -0.282206    -0.266513    0.0255435    -0.103622     -0.21503    -0.334564    0.0557981     0.173714    0.0252532    -0.270231   -0.0226003    -0.184918    -0.046444    -0.349691    0.0437724    -0.190025    -0.134431    -0.195822    -0.222772   -0.0442628   -0.0391427   -0.0361496   -0.0464487    -0.142137    -0.171063     -0.14129   -0.0100808    0.0703749   -0.0806974   -0.0276206    -0.176272      0.11486    0.0224585     -0.22977    0.0954579   0.00334845    -0.145834    -0.271323    0.0440018    -0.145151   -0.0524087   0.00217991   -0.0398465   -0.0144674   -0.0186932
    -0.21348   -0.0882485    -0.226027    -0.198652    -0.123298    -0.110352    -0.162456    -0.166269   -0.0193331   -0.0488016    -0.112822    -0.328412    -0.147473       0.2132    -0.408408     -0.40495    -0.177124   -0.0331241    -0.115004    -0.229965   -0.0750258    -0.146314    -0.272744     0.237972     0.202114    0.0103425     -0.15631     0.152653   -0.0413263    0.0271985   -0.0673083    -0.103335   -0.0863839    -0.141631     0.201677   0.00740405      -0.4996    -0.259852    -0.152419    -0.182772  -0.00136242   -0.0128906   -0.0216277   -0.0901171    -0.140922     0.234092     0.292987   -0.0894435   -0.0179264    -0.214977
   -0.345754     -0.11812    0.0286724    -0.147051     0.278989   -0.0797805      0.12602    -0.104405     0.146872    0.0250178     0.183261    -0.212283    -0.101017    -0.167964    -0.100701    -0.163864    -0.147982   -0.0638241     -0.36688    -0.209842    -0.467415    -0.151415     0.317704     0.314325    -0.158008    -0.180093    -0.248019   -0.0140439    -0.141866    -0.206254    0.0647423   -0.0497821    -0.341277    0.0954913    0.0112919     0.100229    -0.206992    -0.119184    0.0605164    -0.256381    0.0054789    -0.158216   -0.0962869    -0.139382    -0.065623    0.0756095  -0.00297787     -0.27382    0.0334586    0.0684501
   -0.048238      0.11824    -0.446877     0.199848    -0.028959    -0.140669    -0.130814     0.231428   -0.0572846    -0.272306    -0.279298    -0.133004   -0.0181141    0.0397552    -0.202803   -0.0276345    -0.148343    -0.218819    -0.111417    0.0136252    0.0565433     0.052257    -0.169917     -0.14604   -0.0909468   -0.0425134     -0.34224    -0.111932    0.0138488    0.0111594   0.00372902    0.0102243    -0.269421    0.0268741    -0.138365   -0.0906214   -0.0191752    -0.116984    0.0309939     0.027271   -0.0387883    0.0359917    -0.169964    0.0394683   -0.0976812    0.0191885    0.0516328   -0.0831603    -0.203906    -0.142199
   0.0673602   0.00596913    -0.161144     0.105277    0.0127405    0.0445608    -0.190198    -0.102923     -0.39505   -0.0487008    0.0260508    0.0798671    0.0333745     0.189776    -0.145125     0.020555    -0.358491    -0.228949     0.108889     0.157854   -0.0827606    -0.132421   -0.0497983     0.168261    -0.201977    0.0957777  -0.00585845     0.242584    0.0107742     0.110233   -0.0146785   -0.0823636    -0.266303    -0.290914  -0.00562998    -0.294173   -0.0926429    -0.020938    0.0255849   0.00635062   -0.0581426     0.012159     0.079602    -0.103946    -0.221529   -0.0897395    -0.384481    -0.279976     0.149954     0.124591
  -0.0230521    0.0766044    0.0965962    0.0995638    -0.238844    -0.314162    -0.166655   -0.0681847    -0.238268     0.335991     -0.12427    -0.162248   -0.0605767    0.0734071   -0.0500211    0.0237959    0.0218361   -0.0303801    -0.535335     0.107876   -0.0486463   -0.0303365     0.157187    0.0561332    -0.135303   -0.0506444   -0.0279381     0.118322     0.392031    0.0708018    -0.237574    -0.020126    -0.384059  -0.00395795    0.0232494    -0.250493    0.0357534   -0.0680236    -0.219972    0.0131788     0.216385    0.0624286   -0.0283988    0.0111575    -0.132613     -0.26914     -0.59148    -0.116166   -0.0230301     0.032817
   -0.392849    -0.239286   -0.0500672    -0.163543    -0.046701    -0.286562    -0.392672   -0.0698397    -0.515779    0.0194631    0.0200761    0.0453324    -0.152611    -0.244947     0.182243    -0.124421   -0.0669487    -0.163949    -0.283111    -0.168973     0.063425      0.27516   -0.0136483    -0.174663    -0.409143    -0.522363    -0.269202     0.294085    -0.238279   -0.0150572    -0.415988     0.103637      0.14872     0.148046    -0.504971  -0.00362743     0.329254     0.155652    0.0559507    0.0992898    0.0400726    -0.342497    -0.116011    0.0357216    -0.264814    -0.464991    -0.282128   -0.0322649     0.146516     0.303941
    0.114534     0.114386      0.07496   -0.0249556    -0.455119    -0.134899   -0.0669556     0.302943   -0.0965993    0.0421475    -0.240199   -0.0712623    0.0562476    0.0275687    0.0278017    -0.380163    0.0809007     0.232996    -0.177438    -0.209729   -0.0717177    -0.142312   -0.0984385     0.177295    0.0616637   -0.0672588   -0.0885547      0.25516    -0.143613   -0.0724535    -0.240084   -0.0830138    -0.279849    -0.146191   0.00390636    -0.105129   -0.0328775    -0.266947     0.130974    -0.202475   -0.0376548    -0.237263    -0.115236    -0.224635    0.0909363     0.169676    -0.168079    -0.156196   -0.0211158    -0.121923
   -0.449015    -0.359171    -0.198686   0.00798043    -0.127171   -0.0729963    -0.117833     0.317758    -0.249952    -0.157692    -0.200336    -0.107065     0.121153    -0.205221    -0.142694    -0.209569    0.0742908    -0.120082    -0.133204    0.0497665    -0.124556    0.0282653    -0.142628    -0.130721    -0.140617    -0.313665    -0.239111   0.00168611    -0.135201    -0.144554   -0.0659939    -0.221078     -0.22488    -0.102116     0.215488    -0.193618    -0.170065   0.00157843   -0.0737644    -0.185033    -0.158171    -0.162992     0.160402    0.0280611    -0.279743    -0.306238    -0.165752    -0.493386   -0.0747149    -0.135085
    0.126089  -0.00671085   -0.0987831   -0.0192683    -0.107795    0.0251396     -0.22269     0.080531    -0.313833    0.0221441     -0.19551    -0.270334     0.131664    -0.177525     -0.31584    -0.211291    -0.346046   -0.0506364    -0.356056   -0.0155016   -0.0291993    -0.253555    -0.325077    -0.194532    0.0530447   -0.0475785     0.263882   -0.0398169    0.0934517     0.123177   -0.0504399     0.128874    -0.203579    -0.161299    -0.157876  -0.00401681     0.126728    -0.234822  -0.00877301    -0.186333   -0.0007868   -0.0539674      0.07285    0.0368963     -0.21936    -0.253454     -0.13092     0.050737   -0.0392435    0.0513386
   -0.208721    0.0161535     0.078999    -0.134259    -0.283009    -0.442328    -0.144497    -0.115113    -0.172876    -0.115475    -0.116855 -0.000907658     0.049881    -0.231286    0.0224212   -0.0618786   -0.0229358    -0.129888     0.028669    0.0150327   -0.0823666    0.0391046     0.104956     -0.14904    -0.160235   -0.0746277    -0.158986     0.141992    -0.234974     -0.21562   -0.0199859    -0.131398    0.0176598    0.0273698    -0.205746    -0.234532   -0.0633394     0.184088   -0.0337216    -0.267659     0.120666     0.100636    0.0159726     0.167935    -0.353864    -0.132851    -0.165116     0.229337    -0.210972     0.163392
    0.194036    -0.212293    0.0854094    -0.150927    0.0634159   -0.0474317  -0.00416376   -0.0163176      0.34614    -0.191362     0.094837    -0.101849   -0.0213751     0.176103    -0.187176    -0.152066    -0.314794     0.113273   0.00156962     -0.18215   -0.0578385    0.0137579    -0.211911     0.349539    -0.035527   -0.0307463    0.0347085     0.167515   -0.0686441    -0.222398    0.0652967     0.289939    -0.152577    -0.198026   -0.0666439    0.0718619   -0.0594638    -0.349349   -0.0628559     0.155138   -0.0186969    -0.103275     0.205081     -0.33341    0.0254503  -0.00583076     0.308316    -0.189239    0.0104283     -0.16451
 -0.116199
 -0.509576
 0.0234037
 -0.567868
  0.874016
  -1.41613
  0.017463
  0.375566
 -0.773909
 -0.896189
   1.60735
 -0.507708
 -0.300592
  0.665402
  0.346234
   0.40642
 0.0580119
 -0.590612
 -0.555806
  0.404515
 -0.639559
  -0.51019
   -1.0276
   1.10977
 -0.596699
 -0.350038
  -2.26754
  -0.40663
  -1.51006
  0.744524
   0.77653
 -0.396534
  0.181056
 -0.595761
 -0.794721
  -1.11209
  0.430328
  0.571323
  0.645378
  0.629299
  0.482763
-0.0238506
 -0.638975
 -0.167929
   1.21253
 -0.137975
   2.20734
  0.456742
  0.156739
  -1.26558
1
4
50 10
  -0.142648    -0.03914  -0.0602655   -0.020698    0.555972   0.0646122     0.20137     0.17961  -0.0210446  0.00708913 -0.00329983   -0.161583    0.109415    0.512479    0.407267  -0.0764796   -0.391564     0.17257  -0.0172183   -0.287172   -0.064192    0.133187    0.186987  0.00823247    0.389479   0.0913337    0.244714   0.0495732    0.195647     0.43643   -0.292651  0.00306845    0.198718   -0.200544   -0.251216   -0.106073    0.283716   0.0384953  -0.0641767    0.605403    0.355625   0.0156507  -0.0798576   -0.578425   -0.346074    0.121603  -0.0152484   -0.130426  -0.0124298    0.442552
 -0.0787364  -0.0984889    0.116364   -0.146204   -0.342883   -0.152683   -0.102884   -0.213244  -0.0172418   -0.353942  -0.0840678    0.110267   -0.111743      -0.277    0.266813  -0.0232374     0.34495    -0.61777  -0.0963518    0.170528    -0.14456    0.206454   0.0715981    0.120257   -0.188039   -0.061671   0.0597836  -0.0359765   0.0807207    0.173223    0.212426   -0.134392   -0.629833    0.146546    0.590047    0.276058   0.0737747    0.228492   0.0987421    -0.64682    0.148835   0.0200459   -0.022108    0.158963    0.354597  -0.0968511  -0.0389452    0.070604    0.148293    0.156076
  -0.287035   -0.237722   -0.489075    0.422076   -0.238976   -0.265787   0.0804675   0.0716691    0.208307    -0.20927   -0.117474   -0.522808     0.19493    -0.12496    0.103659   -0.255236   -0.295683     0.25329    0.121699  -0.0452421   0.0436681   -0.776793   0.0371073   -0.159032   -0.103038    0.175143    0.029053    0.306918   0.0401007   -0.512795    -0.21784   -0.218032    0.114202  -0.0989884   -0.604256    0.178551   -0.150983   -0.137358   0.0241589  -0.0148136   -0.408284     0.10948   -0.182548   0.0344962   -0.349049    0.215227   -0.240834   0.0770883   -0.294496    0.100096
   0.298431    0.070276    0.121467    0.128017   -0.191192   -0.213104    0.413644    0.379641  -0.0453219   -0.115455      0.5003    0.471454    0.380963   -0.138293   -0.185847   -0.135281    0.595259    0.408692  -0.0585573    -0.21096    0.220606   -0.504797  -0.0656869  0.00627127    0.695526  -0.0776305    0.220702    0.229365   0.0611751   -0.409361    0.486961    0.213911    0.370113    0.155528    0.502711    0.255239   -0.340128   -0.248783    0.494003    0.299091  -0.0815314    0.205651   0.0372821    0.241887    0.379715  -0.0200498    0.446812    0.248753    0.101675    0.178517
 -0.0961902  -0.0604595   -0.194132   0.0345912  -0.0803174  -0.0587136   0.0191716    0.039282    0.045897   -0.116563    -0.20426   0.0510616   -0.105066   -0.264863  -0.0441527   -0.264813   -0.151927    0.252764 -0.00993644  -0.0678871   0.0321631  -0.0704738   0.0482957   0.0230175    0.176255   -0.119733   0.0353941   -0.198856   -0.180682    0.133621   -0.114764  0.00444303  0.00199257   -0.202034   -0.103101   -0.101467   -0.216615  -0.0119761  -0.0762794   -0.113314   -0.121186    -0.19749    -0.06125   0.0802224  -0.0290765   -0.244282  -0.0177415    0.105097  -0.0246065  -0.0467327
  -0.706396   0.0834598    0.151821   -0.419703    0.067469  -0.0636396   -0.602226   0.0298514    0.146327    0.337512   -0.216574    0.125492   -0.130957   0.0124188    0.204427   -0.106191   -0.330243   0.0558431   -0.102416   -0.270223   0.0221279    0.359169  -0.0863237  -0.0202228   -0.320289   -0.013777    0.082609   0.0336952    0.050077    0.244663   -0.020799   -0.372697   -0.148998  -0.0680487  -0.0198349   -0.155631     0.11825 -0.00632236   -0.212656   0.0881494    0.123304   0.0698631 -0.00927549   -0.229489     -0.1916    0.232353 -0.00474179   -0.204533 -0.00526558    0.363049
  -0.402965  -0.0529673    0.345846   -0.145385    0.235082    0.390705   -0.257991   -0.169581   -0.119405    0.219889  -0.0964393    0.388766   -0.283151  -0.0319825  -0.0733366   0.0590045   0.0910756   -0.254547   0.0946401   -0.328677   -0.485371    0.565063   0.0742549    0.118733   -0.157755   0.0774572    0.175877   -0.296958  -0.0951431    0.294096   -0.111896    0.151418    -0.59969  -0.0378816    0.170174    0.061602    0.120604    -0.16657   0.0532416  -0.0267475    0.227284   -0.186653  -0.0524227   0.0782527    0.165061   0.0903722    0.283316   -0.353759    0.346619    0.145149
   0.284753    0.169026   -0.353404    0.487974    0.346463 -3.2309e-05    0.124934   0.0271623    0.144198    0.111667  -0.0192999   -0.199363   -0.365111   -0.182059    0.127202    0.318219    -0.31391    0.371793    0.109259    0.245265   -0.117534    -0.30308   0.0497439    -0.11498    0.271518    0.389005    0.107212   0.0876746   0.0590433    0.466802    0.150156   0.0637176    0.540237  -0.0860425   -0.313082   0.0818124   -0.176687    0.134693   0.0226539    0.270657    0.112866   0.0634879    0.335526    0.299215    -0.36325    0.311402    0.392079   0.0898295   -0.249197    0.110198
   0.252819   -0.135215    0.193183    0.194161   -0.340646   0.0338874   0.0906451   -0.222521    -0.30663   -0.409446  -0.0300171    0.216938   0.0683796   -0.629839    0.262492   -0.459816   0.0123042   -0.231168    0.290252    0.335588   0.0804913  -0.0100113      0.0355   -0.136683   -0.092498   -0.230512   -0.077935  -0.0648014    0.276581   -0.516769    0.176337    0.198672   -0.179539  -0.0777002     0.16727   -0.195018  -0.0403341   -0.121819    0.379435   -0.230536   -0.139204   0.0226598    0.126122  -0.0335612    0.529643   0.0877642   -0.115953    0.242575    0.206115   -0.191544
  0.0707365   0.0852075    0.317022   0.0741988   0.0901631   0.0373957    0.396264   0.0534578    0.277179 -0.00254355     0.13465    0.136618   0.0336811     0.17431   -0.055681   -0.118239    0.274751    0.441908   0.0386338  0.00339076    0.132578    0.250423   -0.160857    0.286886    0.100098    0.170382   -0.113998   0.0933878    0.265948    0.309594    0.123505  -0.0738549    0.304597  -0.0890488    0.282007  -0.0436325   0.0552038 -0.00836583  -0.0738334    0.130254  -0.0260694 -0.00887033   -0.173306  -0.0503569    0.558467   0.0367807   -0.108022    0.114605  -0.0231949     0.29642
 -0.529848
  0.262872
  0.981236
  -1.13323
  0.575217
  0.388107
-0.0306534
 -0.916857
  0.197106
  -1.09813
