3 8 0.5 2200
1
1
9 50
   -2.4447   0.544462    -4.4768    -1.4057  -0.244335    4.12362   0.785837   0.572964   -1.18159
  -0.68259  -0.368395  -0.701202  -0.231345   -1.15124    6.87814   -1.60914  -0.877719  -0.903856
  -1.76363  -0.366849  -0.479614   0.170206    4.29569    1.39996   -2.94508    -1.2773   0.532925
 -0.226723    2.65523   0.940063    1.78121   0.753131   0.674985    2.37329  -0.488337   -7.58497
-0.0676163   -2.91464    1.01813    1.74885    4.40736   -2.15946    1.90827 -0.0490958 -0.0948672
   1.05047    2.56027   -1.65753    -3.5218  0.0251371    -3.6733   -2.86477    2.03439    1.79926
   1.93193  -0.783097   0.778535     3.4558    1.26214   0.116429   -1.86359   -1.55032  -0.634608
  -1.06523   -2.52125   -2.40946  -0.659073    3.10346   -2.51012    2.01942     1.6138    2.57548
   1.86611   0.709289    1.00372   -1.09102   0.247753   -1.07486   0.711899   -4.58603  -0.483866
   3.87002   -1.59284    1.96362   0.680212  -0.722169  -0.152845  -0.488944   -2.21364   -1.81737
  -7.95985   0.233696   0.769554   0.709146    1.24612   0.454067    1.39187    3.13263   -2.37201
  -0.89226  -0.708736    2.04495    1.04173   0.428031  -0.991589    3.59032    2.72904   0.540974
  -3.61153  -0.745442   -1.30783   -1.79795    -1.0296   -2.35268   0.734327   -1.46038    2.99354
 -0.986121    1.23108    2.04842   -7.54507   0.728389  -0.456654   0.389819    1.70476    2.91809
   1.52489   -2.04115    1.74575   0.631238   0.669414    1.66681   -3.14639   -2.66515   -1.18779
-0.0744217    4.90236   -0.68924   0.691322   0.329383   0.452195  -0.465721    -1.3701   0.754228
  0.191598   -2.92335    1.69215   -1.04656     -2.386   -0.57911    4.27473   -4.69677    2.99099
  -1.58139   0.742606   0.506814   -1.77532  -0.510447   -1.06767  -0.639076    6.32127   0.168264
 -0.214004   -1.58752   0.352944   -3.35718   0.255031   -1.70066   -2.52254 0.00683604    2.76206
   2.50848   -1.56574  0.0959964    1.93523  -0.718259  -0.613001   -1.05971    3.28339    2.32799
 -0.961411   -2.52036   -2.03439   -1.86825   0.466037    3.01497    -3.6144   -1.43261    2.53429
 -0.359823    5.44145   0.301858    1.01919   0.710193   0.773484    1.12052     -3.406   0.669689
    1.1937     1.8688    2.48231   -1.54568   -5.50918   0.263472   -1.85153    1.99928    1.59409
   1.40802    1.09177    6.37657   0.419038  -0.441376    -2.9714   -1.22795  -0.277823   -1.74288
  -1.98928  -0.538104    1.10539    3.91453  -0.602665   0.801172    -1.9053  -0.393401  -0.709969
 -0.403564    1.83342   0.634263   0.236649    1.05498   -1.76376    1.63378    2.05423   -4.48746
  -1.70506    6.72361  -0.889242   -1.43659   -1.33321   -1.25647   -2.17372   0.178511  -0.856089
   1.76947   0.282222   -3.46572  -0.244425   -1.23148  -0.914456    1.73965    4.72584   -1.39877
  -2.40166  -0.602569  -0.673054    3.87081  -0.692833   -1.24895   0.131341 -0.0962117    1.11705
   1.76049   -1.47559  -0.605893   -1.33074    4.83574   0.141333  -0.495765   -1.41233   0.466004
   3.18276    0.96009  -0.487754   -1.87467   0.469494   -4.44014    3.06236   0.939063   0.313545
  -5.45197    2.02827    2.03718   -1.26429   0.826956  -0.434245  -0.305166    2.56513    2.10632
   3.44735  -0.542847   0.734259   -1.58531    0.87972   0.352702   -1.17581    1.19711   -4.72135
 -0.970243    2.87438     2.1725   -3.32668    4.74768    1.66805  -0.292647    1.45303   0.345635
 -0.983169   0.151106    6.27917  -0.538822  -0.142596  -0.419489  -0.400673   -0.35757  -0.975762
   4.58922  -0.935305   0.305696  -0.214365 -0.0752427   0.124565  -0.379764 -0.0593928   -4.03845
   1.68703  -0.635621  -0.163203   -1.26558  -0.798237    6.07168    1.02865   0.138756    1.10203
   1.74097    1.49395    2.60133   -1.49472   -2.21888   -2.48506   -1.02216   -3.88281  -0.870102
 -0.161192   -5.29184   0.939404  0.0116994   0.861276  -0.478252    1.52499    2.47105  -0.156606
   2.13083   -1.94584   -2.53736    2.19604   -1.96381  -0.956261   -1.52603 0.00891755    3.20436
   1.67735    1.23591  -0.343826   -6.49623  -0.795667  -0.159885  0.0477296  -0.125258  -0.315385
   1.12591    1.85865   -1.77978    1.05463  -0.521493   0.299908   -1.08977     4.5506   -2.96069
  -3.03156    1.48891  0.0741473  -0.524922   -2.72208  -0.838529    1.05329    1.44881   -3.70654
   -1.7479  -0.591035    4.83732   -3.02654  -0.467655   -0.27446   -1.40105    2.38004   0.722459
  -3.23349    1.11928 -0.0167289    1.55654   -3.33122    2.92254    1.36581    2.97513    1.89926
 -0.878358    1.47275    1.06983   0.946591    1.02507   -2.26999  -0.509258    1.84271   0.417751
   1.39897    1.64571   -3.63987    1.12249   0.481333   -1.05111   -6.44893     -1.648  -0.155507
  0.708454   -1.65429    1.47574   0.418792   0.490465  -0.361409   -6.46352  -0.318502   0.254034
-0.0173396   0.720101   -1.38203    2.08188    3.71781    1.73681   0.068897    0.40339    1.06163
   1.96143   -1.32996   0.141174   0.360307   -2.52264    0.30651   0.493763   -2.65316    2.18052
-0.226205
 -3.91099
 0.183043
 0.799638
-0.871069
 -1.62314
 -2.56455
  -2.9642
 -0.91886
 -2.41667
-0.487827
 -1.58687
-0.852555
 -1.12491
-0.596055
 -3.88805
 -2.24445
 -2.81913
 -3.21286
 -2.77793
 -1.26418
 -1.47933
 -1.51923
  1.22471
 -1.83445
 -2.66841
 -1.49282
  -1.4661
 -1.00824
  -2.0233
 -2.86152
 -2.14996
-0.473594
-0.889602
 -3.01581
 -2.42746
  0.32615
 -1.79117
 -3.02194
 -2.65295
 -2.82557
-0.614059
 -2.97922
 -1.86051
0.0817093
 -2.38126
 -1.31932
 -1.25593
 -2.05278
 -1.19427
1
1
50 50
     3.35043     -3.41911     0.332147      1.31523    -0.261744     0.470813    -0.539281      1.25923      1.09959     -1.98796     0.594611     -1.23544     -1.36702     -2.75484     -1.18744      1.13872     -3.01172    -0.827716    -0.765133     0.560052     0.737334    -0.187464     -0.90243      -3.7057    -0.569695    -0.697287     -1.50862      1.08648    -0.959145    -0.236818      1.95854     -1.64436     0.395989     -2.13708    -0.952022     0.112603      1.95699    -0.472221     -1.07327      1.86437      1.53355    -0.251309     -2.28589     -2.96952    -0.629896     -1.30223      2.97221     -2.69101     0.754906    -0.637922
     2.00342      7.75627     0.177614      1.63315     -2.84654     -1.63968    -0.666831     -2.05729    -0.293392    -0.131814     -1.05628    -0.947778     -1.72875      1.19886    -0.499896     0.429268     -1.95587    -0.699622     -1.56008    -0.544362      1.57932    -0.444769   -0.0691103     -1.58064    -0.577149     -1.59929    -0.105275     -2.53716     -1.33064     0.101008     -3.22742     -1.41403  -0.00400884     0.169509    -0.354704   -0.0997017      0.46323      -1.2923     0.480982     -1.71015     0.542593     0.517344      -1.4714    -0.430836      2.48427     -1.92038    -0.329679     -1.52964    -0.404828      -1.0573
  -0.0206896    -0.518182    -0.548725    0.0133649    -0.251236    -0.115075   -0.0594286   -0.0899457    -0.490409  -0.00128812    -0.867727    -0.264321   -0.0633514    -0.303677    -0.115344    -0.361276       0.1078    -0.602862    -0.383987   -0.0107542     0.035483    -0.248375    -0.154331    -0.460713    -0.431879    -0.211061    -0.172617     0.121648    -0.418912    -0.297689     0.034447    -0.425651    -0.279486    -0.162194   -0.0458702     0.231301    -0.424131    -0.226486     0.241683    -0.170875   -0.0888405     -0.10441    -0.171407    0.0209484    -0.378673    -0.307484    -0.244796    -0.473817   -0.0368507    -0.105369
    -1.74066     -1.26864    -0.419695     0.651944     0.586725     -1.72366      2.97463     -1.84576     0.167814    -0.384038       0.8792     0.748521    0.0969694     -5.33313     0.327501     0.370926     -1.48742    -0.689266     -1.72134      1.30841     -3.28463     0.599274     -1.14927       1.1869      3.65097     -1.00968     -1.38139     0.787754      1.97628      -2.0431     -1.36114    -0.249781     -1.54955     -2.82736    -0.736569   -0.0376803     -1.98973     -1.39367    -0.977688      1.49301     -2.44905    -0.385176    -0.703272     -2.05773     0.795244      1.40214     0.624468     0.845904      1.76321     0.580259
    -1.10013     -1.10055     -1.18133     -1.14693    -0.797305    -0.579676     -0.98788    -0.916228     -1.29294    -0.831121     0.262791     0.829292    -0.618255    -0.162039       -1.535     -1.49945     0.378423    -0.905937    -0.601705    -0.306255    -0.657443     -1.48944     0.415304        2.212    -0.335077    -0.148566    -0.570557  -0.00612424    -0.468536     -1.39879    -0.607934     -1.57814     -0.83592     -1.30256    -0.402953     -1.01208      1.39449    -0.107064      1.14846     -0.45716     0.107594    0.0566282    -0.160283     0.921997      1.12137    -0.634083    -0.419624     -1.07123     -1.07623    -0.118386
     -2.2154    -0.601707    -0.431861     0.168873    -0.526845     0.447261    0.0431998     -1.27771     -2.19636     0.702449     -1.68204     -0.26937     -1.21785    -0.238761      1.28035    -0.222832     -1.81542      1.81799     0.135281     0.197361    -0.376699     -1.01465     0.214588    -0.284531    -0.381641     0.269668     -1.09661       0.4865     -1.29867    -0.328444     -1.13008    -0.696206    0.0766097      0.38128      0.60788    -0.254672    -0.203515     -1.30862     0.374554     -1.39575     -1.17308     0.402228     -1.08485     0.910922    0.0154752    -0.394133     -1.58967     0.919837    -0.953643    -0.495232
   -0.182637    -0.897324     -2.19828    -0.400139    -0.868586     -2.01099     -2.00691    -0.311778    -0.586159     -1.39392    -0.499274     0.312502     0.423618  -0.00181249     -2.06202    0.0705522     0.929722    -0.759778    -0.630252     -1.68505     -1.41913    -0.254318    -0.397389     -2.84216     -1.12556    -0.333885    -0.666378     -1.33893     -1.77305     0.812045     0.570983    -0.630662      -1.1046    -0.703576    -0.940337    -0.827347     0.250191     -1.34104    -0.476914      -1.7452      1.68881     -1.75152    -0.386244    -0.976608    -0.643456     -1.71064     -1.92061     -1.23711     -1.92236     -1.30337
   -0.957466     -1.61051     -1.14017     0.790518    -0.499309     -2.28229     0.719116     -2.09864    -0.686165    -0.175267       2.8377     -0.61597     -3.28549    -0.310694     0.256364    -0.505683     -1.10593    -0.127825     -2.63562    -0.595161     -1.03217   -0.0377605     0.256616    0.0401127     -1.04729      3.05706     0.354742     0.565018     -1.65888      -1.4521    -0.934066      -2.0991      3.35905    -0.123196    -0.683904      1.52422      1.64991     -1.81767     -1.00434     -1.91399   -0.0791246      1.54437     0.554174    -0.465318    -0.623277    -0.953936     -1.90781     0.316776    -0.659671     -1.14889
    0.482331      4.77264    -0.807272     0.503155     -2.32556     -1.97372    -0.990432    -0.751976    -0.625983     -1.55773    0.0539453    -0.532822     -1.21493     0.768548    -0.752532     -1.08551    -0.854855     -1.13859    -0.833034     -1.16755      2.25022    -0.244462      1.77597     -2.93874    0.0644882     -1.57718    -0.965465     -1.72906    -0.833277     -0.25169     -1.94962     -2.07149    -0.907401     0.629695     0.118395    -0.292051     0.613092    -0.315525    -0.633188     0.331738        2.449     -1.32874    -0.842661    -0.450724       2.2847     -2.16324    -0.849218    -0.817563     -1.23714    -0.719192
    -3.14379     -0.94958     -1.45503    -0.901614      2.52761     0.973555   -0.0450925      1.76636     0.627232    -0.870158     -1.37081      1.35967      1.67806     0.363239   -0.0453161    0.0804864     0.116697     0.534011      1.15998     0.244474      -2.2439     0.253561    -0.866189      1.68781    -0.673115    0.0139688   -0.0794898     0.941053      1.50695    -0.109167      3.07918    -0.234911     -1.63221    -0.857776    -0.356398    -0.495277     -5.00148      2.01561     -0.23541     0.763637     -3.17197    -0.635046   -0.0602646     -1.09473     -1.69974      1.99295     0.513699      1.07865    -0.504344     0.436621
   -0.140373    -0.808217    -0.774879    -0.414123      0.19033    -0.186435    -0.176177    -0.579064     0.884873    -0.289535    -0.681276    -0.716868    -0.181113    -0.634529     -0.32862     0.239204     0.154398    -0.450831      0.31262    -0.385501     0.348976  -0.00631331     -1.34698    -0.418567    -0.484452    -0.523854      0.20936      -0.6742    -0.665272     0.155832    -0.107717    -0.501156    -0.222986    0.0126201    -0.466195     0.213689     0.184303     0.104166    -0.225977    -0.551843     0.372571    -0.970001    0.0451315    -0.480998    -0.926178    -0.700713     0.260134    -0.880037    -0.336812    0.0367516
   -0.222732   -0.0612415    -0.491177    -0.419733    -0.145249    -0.339443   -0.0749058  -0.00758078    -0.090805    -0.308199    -0.060917    0.0216903     -0.19093    -0.197906   -0.0472024    -0.294923    -0.417042     -0.13846    -0.340553     -0.50693    0.0502292   -0.0844889    -0.195748    -0.177342    0.0113833    -0.344737    -0.103725    -0.140543     -0.37928    -0.134995    -0.286374    -0.158363    -0.221476    -0.108223   -0.0895476   -0.0267405   -0.0463905    -0.247063    -0.339722   -0.0214304    -0.222517 -0.000119972  0.000585139     -0.23295    0.0956091    -0.240071     -0.16369   -0.0659341     0.294744    -0.129595
   0.0235254     -1.02281    -0.872712     -0.41475      2.22756     -2.74022     0.485469      1.05336    -0.364699     0.425301      1.08602      1.47712     -2.34102     0.505547      1.69365     -2.06431     0.529812     0.642481     0.641688      3.13118      0.28256     -3.81167    -0.925852    -0.379927    -0.780051      -1.3969     -1.86824      -1.4032    -0.694019     0.126148     -2.07484     -2.56249     0.187198     -1.19507     -1.25148    -0.353878       1.2278     -1.75478       5.4532    -0.132051    -0.208139     -1.60642     -2.45413     0.654141     0.213124    -0.871268      -1.8421     0.669842    -0.357912    -0.276087
   -0.839864     -0.41268      1.29977     0.475422    -0.143076     -1.52157    -0.223748    -0.191122     -1.26542     -1.56642     0.672579     -1.73848      1.18316    -0.672378    -0.748256     0.858902     -1.96041    -0.880798    -0.766761     -1.13239     -1.25708    -0.541861      -2.6975    -0.142738       1.0264    -0.907736     0.543905     -1.29501     -0.12902     -1.30799     0.246248      1.83306     -2.51491     -1.48974     -0.32197     -2.09813     -3.00929    0.0756076     -1.79995    -0.747531    -0.151199      -1.6511    -0.696408    -0.210185     -1.67229     0.383474     0.108503    -0.267951     0.134055    -0.899524
    0.144249    -0.208129     -1.06573    -0.198722    -0.991769    -0.510712     -0.27512     0.390671     0.231673     -0.81219    -0.741291    -0.681808     0.152725    -0.229854     -1.55805    -0.582976     0.119407     -0.12212    -0.684599     -1.41204    -0.147215      1.03938     -1.21421     -1.33779    -0.932866     -0.68235     -1.28595    -0.497014    -0.222244     -1.01611     0.488454     -0.34705     -1.11488    -0.187099    -0.395471     -1.10415    -0.692909    0.0288385     -1.31533     0.328262     0.172078    -0.675931     -1.10646     -0.20842     -1.16252     -0.22698     0.492392    -0.965184    -0.750296    -0.714723
    -1.11583      1.74389     -1.59281     0.398841     -2.06022    -0.780257    -0.606434    -0.512192     -1.47858     0.146003       -4.203    -0.627882     -1.54927     -0.43687     -1.06127    -0.929006    -0.185323     -1.01862     0.357596     0.244793     0.111754    -0.690797    0.0734361     -1.97266     -1.22872    -0.168317     0.443221     0.527849     -1.75955      0.40264     0.121511     -1.76897      0.37858    -0.819254    -0.663182     0.596171     -1.33841    0.0851674  -0.00164283    -0.209436      1.57048     0.335933   -0.0586519     -2.49383    -0.572668     -1.27605    -0.569408     -1.68657     -1.21641      -1.6599
      1.4166     -1.22204    -0.369884     -1.01868    -0.115395     -0.19089     -1.42489   -0.0539192    -0.679718    -0.503026        1.038     -1.48553     0.585537    -0.784425    -0.908283       2.3401     -1.31853    -0.859065     -1.22764      -1.2016     -1.15877    -0.627972     0.124262     -1.91495    -0.741463    -0.143608      2.50061    -0.494153    -0.203389    -0.390946     0.293435      1.18045    -0.890562   -0.0146876     0.150585     -1.26945    -0.862988     -1.24524    -0.637046    -0.436089    -0.361285    0.0126862     0.826264    -0.286197     -1.47106    -0.812042   -0.0291217     -1.06176    0.0492802    -0.469017
   -0.367775     -2.25912      2.83097     0.717429      2.83495     0.686436    -0.366041     0.150257     0.706815    -0.757854      1.04517     0.228612     -1.83276   -0.0219375     0.291716     0.100748     -2.38289    -0.364808     0.133721     0.466463     0.150127     0.679835     -3.52545     0.231631     -0.87325     0.348212     -1.56644 -0.000838592     -1.22042      3.28521     0.286746     0.308823    -0.696166      3.47872     -1.34873    -0.923967    -0.622913     -3.37323     0.244213     -2.56716    -0.331143     -1.22366     -2.12151    -0.519601     -3.15625     0.494865      1.09827     -1.59554      3.13405     -2.35188
    0.711202      2.25706    -0.218008     0.193814     -1.29153     -1.66897     -1.07017     -1.51862     -2.34825     0.635396     -2.10607    -0.415215     -0.60522     0.110611    -0.537301    -0.823474    -0.756705     0.337255    -0.514746     0.319163      1.22966    -0.944067     0.598633     0.437358    -0.786938    -0.717378    -0.347273     0.820579     -1.08623    -0.489557     -1.26481      -1.3086    -0.678435       1.1095     -1.86799     0.154725    -0.904863      -1.1387      0.88614    -0.834132      1.13545      1.11471    -0.658345     -1.39012     0.335037     -1.45066    -0.380735     -1.26943    -0.745962    -0.470376
    -0.71577    -0.566003      -3.2141       -1.721      -3.1066     0.819774    -0.495301     -2.85151     -2.06121    0.0849598      -1.1184    -0.654068    -0.636602    -0.312639     -1.91304     -1.57067      1.63352     0.440123    -0.481788      0.59246    -0.320162     0.514295      4.05807     0.357921      1.37768     0.230877    -0.232374     0.256211     0.200377      -3.5148     -0.36555     -1.37551     -0.13971     -2.00672    -0.650007   0.00901034      1.36385      1.55027     -1.28634     0.856002    -0.301319     0.741815      1.46692   -0.0389675        2.265     -1.28607    -0.419445     -1.57548     -1.81162       2.8946
    -1.09072    -0.440941      1.35621      -1.0363     -1.36202      1.94921      1.86451     -1.36636    -0.593159    -0.759418    -0.179655      -2.5775     -1.80418    -0.148722      1.02204   -0.0457718     -3.18124    -0.686754      2.17268      1.31651      1.06351     -1.83966     -1.15444      1.05334      0.71064     -1.68568     0.791549     -1.16595   -0.0975406    -0.585925     -2.22012     -2.39612    -0.856886    -0.230736    -0.636459     -2.23026    -0.465054    -0.475985     0.134357     0.251016     -1.07717    0.0788648     -1.91827      0.85454     0.827765   -0.0933267      1.39992      5.31508    -0.102664    -0.830715
   -0.216122     0.134292   -0.0185517     0.130934     -0.22995     0.266868    -0.364815    -0.217601    -0.167071    -0.529785   -0.0135824    -0.464965     0.314985    -0.424724    -0.520361    -0.124265    -0.581574    -0.666852     0.220472    -0.354114    0.0769348   -0.0472475   -0.0347055      -1.0609   -0.0963435   -0.0960072    -0.140925     0.440489    -0.425499    0.0435526     0.258951    -0.471093   -0.0728556    -0.237733    -0.354893     0.195732    -0.222601      0.04199   -0.0546373     -0.13248     0.223093     -0.20893    -0.201006    -0.219708    -0.658252    -0.373623     0.551044    -0.609108    -0.045516    -0.394654
   -0.131742    -0.516287    -0.295567    -0.196566    -0.288795    0.0499908    -0.228297    -0.237747    -0.240962    -0.237707    -0.202065    -0.272221    -0.241096    0.0159195     0.164466     -0.18034    -0.379121    -0.015686    -0.264534     0.106807    -0.104649    -0.534624    0.0212229     0.251455     -0.32231    -0.366557    -0.190807    0.0504977    -0.111664    -0.292422     -0.43409    -0.376706    -0.297848    -0.246343    -0.182116    -0.223896    -0.168209    -0.350204    0.0357206     -0.31539    0.0262733    0.0945971    -0.210042     0.157756   -0.0913814    -0.279242     -0.13206    0.0929008    -0.547632    -0.204349
   -0.631684    0.0040704    -0.913346      0.42294    -0.679192    -0.889408    -0.612341    -0.563535     -0.50542    -0.543081    -0.664751     0.205319     0.602393     -1.10766     -1.25574    -0.665826     0.278981    -0.495398     -1.14323    -0.573238    -0.579898     0.544909      1.56722     -0.44857    -0.109802    -0.343038     -1.14654    0.0956379    -0.294687     -1.11654      0.68386    -0.657811     -1.18785     -1.38269    -0.495415     0.124144   -0.0323537     0.536626    -0.794733     0.856262    0.0900556      -0.3421    -0.145708     -1.04453     0.336711    -0.526092    -0.584114     -1.08922    -0.604145     0.556009
    -2.16554     0.283854    -0.160184     -4.89117    -0.300087      0.72654     -1.32565    0.0294837     0.316919      -1.7249    -0.560699    -0.469827     0.618969   -0.0639385    -0.365391    -0.439976    -0.224483     -1.34402     0.971777     0.716879     0.642775    -0.171606     0.898048    -0.246255    -0.920669     -1.93856    -0.972199     -1.64241     -1.18128     0.300044     0.872322     0.441376     -1.45959    -0.411281     -2.27773     -2.83877      0.56869     -0.31299     -1.00365      1.63882    -0.534137      -1.1818     -1.62482     -0.77636     0.322039     0.362274      -1.0998     0.849288    -0.285485     0.835681
   0.0248045     -1.78663     -2.08304   -0.0478881     -0.18448     0.874832     0.760642    -0.718978    -0.298779      1.84662     -7.38738     -1.14733     -1.52424      1.16593    0.0477157    -0.352123    -0.498518      -1.7154     0.527064     0.756284     0.193659     -1.20972      1.69376    0.0435362       -2.654    0.0945948     -1.49107    -0.523552     -1.96129    -0.268894      1.84122     -2.56723      1.13553     -1.38662      -1.5738      2.91875   -0.0545386     0.240858      1.18955     -0.96539     0.796683     0.511915     -1.12355     -1.29491      -1.4146     -1.25018     0.316798      0.20077     -1.66243    -0.595977
   -0.251742    -0.468869    -0.134985    -0.639084     -0.21446   0.00736988    -0.353354    -0.113714     0.222086     -0.17084     -0.57395    -0.435053    -0.399771    -0.409624   -0.0984269    -0.350212    -0.347539    -0.388603    -0.140752    -0.405258     0.422718    0.0283033    -0.596183   -0.0593861  -0.00155625    -0.461504    -0.593911    -0.225447     -0.49025    0.0108487    -0.261893    -0.042092    -0.227753    -0.262241    -0.174417      0.41336   -0.0572112    -0.340238    -0.431697   -0.0448887    0.0586277    -0.135054   -0.0450941     0.250624    -0.651712    -0.292863     0.321292    -0.632727    -0.165247    -0.255686
    0.937351    -0.603614     -1.58449     0.202756     -1.18154      1.14719    -0.950607     -1.95067    0.0678999     -1.78538     0.240822     -1.53853    0.0602902    -0.965449     -1.80543      4.93375    -0.674702     -1.05386    -0.660376     -2.61148     -2.00322     0.947131    -0.338236    -0.715288    -0.883115    -0.273505      5.20528     -1.00363    -0.870297   -0.0345893    0.0470687     0.528743     -1.70447    0.0913782     -0.91253     -1.55508    -0.436928   -0.0745011     -1.56095     -1.44953   -0.0379684    -0.801896      1.28378    -0.168763     -0.83204    0.0644677     0.321847    -0.817662     -0.36501    -0.721445
   -0.410825   -0.0671895    -0.227743     -1.66078   -0.0364174     -1.51679    -0.188424    -0.416822     0.284658    -0.616806    -0.300236    -0.594649    -0.335074    -0.204077   -0.0596054     -1.25001     0.656016    0.0698122     -0.63588     -0.78491   -0.0340371      1.38735    -0.378149    -0.812198    -0.442511    -0.972271     -2.15194    -0.407728       0.1188    -0.290896     -1.08928    -0.250425    -0.505087    -0.217577    -0.823309    -0.242689    -0.231692     -1.46501     -1.62501     0.423122    -0.799249    -0.825046     -1.09738     -1.75078     -0.41512   -0.0850612     -1.34936   -0.0911435     0.730855   -0.0665247
     2.07527     -1.36888     0.995299      2.06524    -0.125397    -0.211527      -1.0428      1.15071      1.38077      -0.4248    0.0195456     -1.20611     0.627509     0.988462    -0.598568     0.742761     0.360089    0.0471668     0.390743     0.308544     0.520731      2.55863    -0.851025     -2.31237     0.966108     -1.81994    -0.741274    -0.556023     0.734732     0.719797     0.198161     0.432802    -0.858578     0.675307    -0.360816     -1.39246     0.731439     -1.00726    -0.356616    -0.109795      0.28598     -1.37272      -1.6587     -1.30669     0.693015    -0.358646      1.74416     -2.52615      1.71767      1.16855
    0.233839    -0.458949     0.504668      -1.2178     0.207089      1.00644     -2.33479     0.462434     -1.36018      -1.8895    -0.891896    -0.806872     -1.20569    0.0644702    -0.257619    -0.792118    -0.539435    -0.694523      1.08355   -0.0837936      1.12649     0.781434    -0.253365      -0.6753     -1.08592     -1.67483     -1.60895     0.618773    -0.350629     0.442696   -0.0799064     0.146485     -1.00693      1.08242     -1.48987    -0.690878      1.14507    -0.957211     -2.02683   -0.0979006    -0.280911     0.871248     -1.21215     -1.15551    -0.281516    -0.199699      1.12641     0.334742     0.571231     0.148366
    0.455433    0.0947883     -2.84315      1.07889      0.42626     -3.22109     -2.32654      1.17866     0.376019    -0.444469   -0.0772854      2.71977    -0.244699      1.80074     -2.34739   -0.0244286      3.25374     -1.51431     -3.59721     -2.55822     -3.31424     0.904089    0.0881862      -3.0851     -1.32893     0.423007    -0.889022     -0.13232     -1.78824     0.201315      2.98322    -0.649585   -0.0638038     -1.04398     -0.50117    -0.205096    0.0752014      -2.5161     -2.25393   -0.0674901      1.06026    -0.521589         0.24     -1.31483     0.732065     -1.55605     -5.05418     -1.36327     -0.33239      -0.2721
   -0.714897     0.316529      1.08898     0.843583   -0.0457396     -1.52106     0.270676     -2.01541      3.76293    -0.991503    -0.487656     -1.92985     0.157752    -0.863383      1.06018     0.577415      2.42088     -2.88569    -0.425398     -2.40642     -1.11241      3.30401     -3.80847      1.64855    -0.337647     -1.08818     -1.06305     -2.83871     0.685035     0.762636    -0.814718      -0.8137     -3.04743     -1.28941   -0.0117197    -0.679478     0.795748      1.00544      -4.3355     0.179534    -0.872073     -2.43878     -1.25456     -1.96403     -1.86265    -0.561624      1.52142      -1.0909     -1.47209    0.0750182
    0.141858    -0.343667    -0.389886      1.54328     0.780284    -0.326797     -2.00628     0.195692     0.623831      -1.1186     0.982312     0.651115      1.12435      2.07988    -0.111304    -0.932286     0.149089     0.897306     -1.62562    -0.733021     -1.24395     0.516208     0.116465     -1.04755    -0.668548     0.446766     -1.38502     0.262439     0.614214    -0.299872    -0.923785      1.87169     -1.47719      0.58396      1.09854     -2.84582     -1.68147     -1.27724      -1.2059     -1.72168     -1.11912     -1.73394      1.17494     0.166273    -0.298188    -0.475608     -2.13601    -0.710274    -0.139909     -1.76452
    -1.50897     -1.46086    -0.143119     -1.81665    -0.156749     -1.46923    -0.600673     -1.46531   -0.0542385    -0.429889  -0.00195148     -1.33796     0.889986     -3.98697     -1.37884       2.9842    -0.492711    -0.789169     -1.24437     -1.97199     -1.19656    -0.489272     -1.24955     0.823172       1.7021     -0.22923      2.02435    -0.165102    -0.756704     -1.72661     -1.30745      1.11005     -1.13208     -1.23807    -0.472913    -0.892663     -1.11154     0.670727    -0.985891     0.298024     -1.37739    -0.659735     0.997711     -1.72016     -1.13158     0.478481    -0.332775    -0.268063     0.971889     0.015158
   -0.624998    -0.866173     -0.29515     -6.69271    -0.832746      1.00588    -0.970568      1.89839      0.62782    -0.698929   -0.0173295    -0.703847     0.778394    0.0605822    -0.238216     0.335966      2.09441       1.2708      2.57252     0.651304      0.98169      1.75755    -0.353453    -0.809199    -0.899008      -4.3105    -0.164229     -1.00646    0.0610706     -1.46697    -0.126444      1.42768      -1.0686    -0.294612     0.121443      -1.4717     -1.39938      1.05282    -0.638836      2.37776     -1.22765     -1.53648     -2.34503     0.973445    -0.423837     0.440098    -0.126302     0.311323    0.0371632      1.51486
     1.77739     -1.75556     -1.13039    -0.878379    0.0557191     0.752618     -2.48467     0.227728     0.511783     -1.12464     0.218221    -0.965841     -1.84978      1.48404     -1.23252    -0.572483    -0.199437     0.744027      1.85868     -1.45882      1.35057    -0.226822      1.51708    -0.985319      -1.7463   -0.0353895     0.397134     -1.18772     -3.62368     0.861164   -0.0383692     -1.26969      0.91552      1.66218     0.277478      1.01678      1.19412     -0.29308     0.332005     -3.35255      6.38692     -1.27502    -0.333465       1.3531     0.170773     -1.03584     -1.43134     -2.02131     -2.33691     -1.14133
   -0.310674    -0.056981    -0.135469     -0.38872    -0.423931     0.107485   -0.0379688    -0.317355    -0.166725    -0.133415    -0.561758    -0.329313    0.0981478    -0.462246    -0.136283        0.368   -0.0718194    -0.238003   -0.0140518    -0.260536     0.159429   -0.0481627    -0.398493    -0.324548    -0.101234    -0.179944     0.342193    -0.258466    -0.129504    -0.279911    -0.224485    -0.473891    -0.168265    -0.288338    -0.314563    0.0205758     -0.24345     0.145614     -0.41116     -0.24813  -0.00246201    -0.210138   -0.0401074    -0.215269    -0.528737    -0.240833    0.0622247    -0.376752    -0.211472    -0.323594
   -0.108958    -0.543663      0.41998     0.933289       1.0854   -0.0748736    -0.683573    -0.180456      1.11357    -0.286071    -0.300775    -0.593466      1.78189     -1.11385     0.425724    0.0780014      1.77611     -1.00563     -0.22988     -1.60852    -0.310781     0.883004     -1.99639      1.39628   -0.0335249    -0.885773     0.265935      0.14735     0.553189     0.230243     0.281056      0.19828     -1.24211    -0.932184    -0.282631    -0.834456    -0.145776      1.71687      -1.0511    -0.190179     -1.07838     -1.36193    -0.462618    -0.796528      -1.7363    -0.561584    0.0987304    -0.530047    -0.598054     0.544774
    -3.07474     -1.20304    -0.156813     0.173322     0.269208    -0.466959    0.0212799     -2.45418    -0.799904    -0.308706      1.43217     0.955967     -2.17621     0.102042      1.25843     -1.57732    -0.962985   -0.0164929     0.561276      1.35228       -2.092    0.0160644      1.18955      1.91607     0.187165    -0.276785     -1.32804     -1.72873    -0.447382     -1.91134     -2.24453    -0.629284    -0.577213    -0.156311      6.38257    -0.381957    -0.763397     0.919684    -0.303741     -2.54477     -2.17231     -2.33931     -1.89748      3.79987     0.543097       1.5927     -3.30282     0.452335    -0.995309     -0.22931
    -1.19983      1.21144     0.147042    0.0433737   -0.0777544      1.28197     0.679088    -0.664245    -0.690746      1.89094    0.0669954     -1.30872      0.16968    -0.111544      1.95658    -0.941563     -1.30399    -0.102725     0.556549     0.817465      0.35914     -2.64012      1.17339      3.11246    -0.572458     0.567758     0.116966    -0.599807    -0.520744     0.618106    0.0903984      -3.1942      1.67593     -2.58227    -0.940204       1.2136    -0.667344    -0.558956      1.41981     -1.36106    -0.236407    -0.115978     -0.41008    -0.177394     -1.12881    -0.474468     0.553855      2.57563     -1.31497    -0.549945
    -3.20048    -0.260487    -0.298214      -2.2542      1.89585    -0.566042      1.64538     -1.03179     0.125558      -1.1916      1.06228     0.402775    -0.272393     -3.55395    -0.280451     0.176276     -1.35642     0.400354    -0.845238      1.22062    -0.525508    -0.215316    -0.896697      1.79258      2.29261    -0.591076    -0.307739     0.176405     0.149366     -2.34914     -1.51468     0.553782      0.22764     -3.00849    -0.937022    -0.986738     -3.14761     0.175825     -0.43437     0.949114     -1.22374    -0.499723     -1.44786     -1.68137    -0.326866      1.38483    -0.117736      1.11777      1.00261    -0.726747
    -0.12593     0.142194     0.975076     -1.29973     0.254768      0.23509    -0.251976    -0.184843     0.102887    -0.414183    -0.398625     -1.05553     0.591611    -0.194364     0.848985    -0.793578       1.1067    -0.429933     0.966033     -1.35007      1.46096     0.887962    -0.789373     0.359441     0.553084     -1.46506     -1.17834     -1.09532     0.463611    -0.204037   -0.0930161    -0.267762    -0.936712     0.151926    -0.357323     0.109345     -0.89907     0.229971     -1.40446    -0.720264    -0.262974      -1.2425     -1.04114    -0.196043     0.507284     -1.00718       1.1295    -0.463687   -0.0369186     0.745131
     0.23553     -0.54616   0.00756544     -0.41491    -0.320664     -0.29025    -0.275401    -0.285284    -0.223203   -0.0545903   -0.0267013    -0.297066    -0.193388     -0.50356    -0.390886    -0.155845    -0.335129    -0.221555    -0.161016     0.119471     0.163782    0.0685036    -0.396921    -0.304511   -0.0287637    -0.664468    -0.321118    -0.195788   -0.0236488     0.279827     0.151827     0.212489    0.0597819    -0.464649   -0.0821189    -0.122713     0.519275   -0.0277617    -0.453845     0.138855   -0.0299972    -0.265073    -0.167207    -0.282087    -0.315543    -0.459502     0.385256     -0.12377    0.0970664    -0.307064
   0.0392433      1.09375   -0.0465536    -0.487701     -0.19201     -1.32626     -1.50027    -0.231193    -0.957289     -0.27479     0.341042    -0.768441     0.424655    -0.203759    -0.899519      2.04967     0.520597    -0.480999    -0.934316     -1.05647     -0.48475    -0.210109     -0.30867     -1.95327     -1.01584    -0.839746      1.72012     -1.51811    -0.936338     0.352055    -0.178452     0.679113     -1.81186    -0.242236    -0.892342     -1.13212    -0.715337    -0.871947     -1.06936     -1.65834      1.15776     -1.63723      0.17395    -0.598294    -0.979275    -0.938729     -1.82918    -0.538127     0.691126    -0.607244
   -0.917892     -1.42139     0.260782     0.338412      1.07496    -0.870961    0.0951452     0.757561   -0.0168308     0.484047      -1.6514     -1.38973    -0.334217    -0.234805   -0.0669163    -0.747486    0.0433617     -1.48295    -0.101729    -0.445743     0.461549    -0.676839     -1.58025    -0.394234    -0.498543     -1.09727     -1.02221      -1.0684    -0.787272     0.203612    -0.535022    -0.911872     0.194915      1.02074   -0.0292293    -0.330455    -0.498761     -1.18754      1.41796    -0.842894     0.611798     -1.33403     -0.65973     0.543012     -2.03802     -0.25309    -0.733562   -0.0751826   -0.0669558    -0.561716
     1.31238     -2.24415      1.75714      1.24557      1.14813     -1.45336    -0.438253    0.0131214     0.127657     -2.88037       2.8102     0.444701      1.06456     0.591486    -0.893574    -0.702875     -1.72101      1.37574   -0.0689584    -0.113242    -0.970628      2.71757     0.123099    -0.905379     0.909928    -0.555648     -1.15397     -1.09602       1.8276     -1.80311     -1.96869      4.44256     -2.85975    0.0519988      1.05492     -4.20819    -0.125159     -1.12844     -2.35635     -1.14112     -2.06967     -1.04381   -0.0725048      1.05582      2.50122     0.129011     -3.73217   -0.0123382      0.28575    -0.174751
   -0.226955    -0.873828    0.0874553     0.221424     0.327556    -0.787656     0.503318   -0.0902147    -0.838031    -0.401584    -0.539377    0.0889773    -0.980467     -1.06941     0.699635     -1.02206     -1.67128    -0.520979    -0.723811     0.974984    -0.783537     -1.49088     -1.62666    -0.338982    -0.113923      -1.3527     -1.41611     -1.11035    -0.591593    -0.409942     -1.85198    -0.922789    -0.992149    -0.354535    -0.624253    -0.574183    -0.264773     -1.16176    -0.378098    -0.260727    -0.423846      -1.1233     -1.13254     -1.08721    -0.645006     -1.08346    -0.757337     0.348115     0.587523     -1.09805
    0.797917   0.00301808     0.519367    -0.714504      0.63001     -1.96338     0.633583     -1.01779      3.56139      1.18509    -0.200374    -0.815882      2.43169    -0.483863     0.278332     0.701851      4.18069     -6.35275    -0.726617     -2.54997   -0.0559587      2.54678    -0.757324     -0.40452     0.968752     -1.30196      1.27065     -3.74994     0.221927     0.547199      0.83878      1.06793       -0.274    -0.396472     0.988881      1.69114     0.673152       2.0904     -1.05054      0.10341      1.41514     -3.15588       2.3452    -0.153564    -0.579754     -1.13043      1.13612    -0.190622     0.258711      1.32041
  -0.0850049     0.258007    -0.117136    -0.181837    -0.370292    -0.219956    0.0726227     0.179943    -0.306576    -0.133839    -0.275457    -0.182324    -0.132509   -0.0546369    0.0392444    -0.487272    -0.191354      -0.1274    -0.308145    -0.286055    0.0297532     0.024574    -0.656611    -0.145338    0.0785818    -0.252271    -0.297737   -0.0754089    -0.207462    -0.256605    -0.171332     -0.42987    -0.114266   -0.0610599    -0.262534    -0.213837    -0.287954    -0.102359    -0.177515   0.00697396     0.308806    -0.130329    0.0648965    -0.201638    0.0145245    -0.131585    -0.187632    -0.228017     -0.15387    -0.437399
  1.72392
 0.646016
-0.799895
 0.185311
-0.900103
 -3.13937
 0.203487
 0.314426
 0.265468
-0.831675
 -1.02021
 -1.51138
 -1.12551
 0.364404
-0.246146
-0.426691
 -1.35456
 -1.78791
 -1.28976
-0.738623
 -1.04171
-0.630494
 -1.18436
 -1.23447
 -1.29179
 0.164434
 0.241348
 0.193403
 -1.01928
-0.898058
 -2.13912
  2.03928
  1.34765
-0.776697
 -1.20757
 -2.35544
 -2.96248
 -1.04393
 -1.16438
 -2.22829
-0.476144
-0.632608
 0.161558
 -1.19507
-0.365023
 -1.11357
-0.640977
-0.253756
  3.30913
 -1.18486
1
4
50 10
   0.407519     1.47592   -0.353481     2.23957    0.571809   -0.147585     2.19649     1.47454   0.0616096   -0.382224     1.08737 -0.00547991     1.16638    -2.78483    0.842759    -2.23239   -0.404936     1.29776    0.721065     1.83769     1.05053    0.994017   0.0885721    0.459816     1.19939    -12.3684    0.314938     1.10901   -0.255666    0.780851    0.192542     2.90883   -0.778773    -1.08107    -2.80129    0.206307     2.18743    0.451516   -0.413303    0.762427     2.32592   -0.455449   0.0628388    0.354283   -0.721526    0.559773    -4.73892     0.10905    -1.40811    0.449705
   0.519671    0.696522    0.342412     3.29744   -0.605982    -1.22494    0.312319    -0.17949     2.25712   -0.126844   -0.274686    0.418626     -7.2373   -0.202499    0.991331     2.17521    -3.63259      2.4448    -1.39762    0.747493    -1.49958    0.353702  -0.0349165     1.38888    0.121904      1.6021    0.374096    -11.7113     1.36717    0.647626    0.760688     2.75955     1.14839     3.28549    -1.70308     2.74463    0.517205   -0.372505     0.10878     1.90831      0.4568      0.9038     1.10231    0.597822     -1.3926    -1.50877    0.847839  -0.0171726  -0.0412883    0.447285
   -4.10705    0.928089   -0.190726     1.17227    0.875235     1.66579   0.0559367     1.23292    -1.77811    0.419522    -0.90348  -0.0547985     1.44696    0.231219    -1.31025    -1.51795    -1.65554     1.70792     1.59022      1.7923     1.87657    -1.04517    0.302102   -0.235855    0.840819     1.36063   -0.467351    0.652371     0.41766    -1.56715   -0.930164   -0.610714    -1.12489   0.0928155     2.54319    0.924088   -0.914077   -0.506463    0.273206    -13.8205     0.52641     1.20035    0.311097   -0.445975   -0.897822    -1.11322     1.58256   -0.485209    -2.22603   0.0272061
   -1.56813    0.221043   -0.464296    -9.59903  -0.0555058    0.789967   -0.811531   -0.573052   -0.225871     2.53132   -0.874944   -0.165845    0.506541    0.527496   -0.776434    -1.28454     1.02224     1.90605    0.123816    0.166844     0.50185   -0.123826   0.0774783    -1.63227     1.09528     1.18384   -0.579404     3.32827    0.142877  -0.0865803    0.328958     2.28803      1.7256    0.549525    -2.23221     2.41634    -8.41066  -0.0295792   0.0556021     2.87402   -0.600523    -4.10299    -1.20773 -0.00872399    0.798555   -0.388419     1.98951    -1.49482    -1.94139   -0.265229
   0.635202     1.40005    0.340847    0.553348    -1.43505      1.7383    0.192764   -0.472523      1.0664    0.644805   -0.143566    0.166858    0.817689    0.184171     1.95016     1.87643     2.19884    -8.99369     0.34461     -10.132   -0.211386    0.168877    0.642993    -1.40345    -1.49012     2.12396    0.326169     2.01543    0.498447   -0.648523    0.862044     2.36752     1.05042     -1.1905    0.951196      2.6007    0.760663    0.252291     0.69243     3.24721    0.532463     2.21887    -0.87002    0.320173     0.22556    -1.16733    0.592797    -0.70572    -2.01734    0.323489
     2.6553    -8.10163    0.145797    -1.06079    0.596331     2.31795  -0.0807646    0.918985    -6.28558    -7.10434     1.00639    -0.15699     1.10318    -0.55606   -0.921757     -1.4996     1.58925     0.60005    -2.20697    0.771014   -0.217599   -0.393156    0.368429   -0.166555   0.0444749     3.66474    0.481582     1.64015   -0.789919     -1.4679   -0.655392     2.31441      2.1579   -0.462128     2.00816     1.21615      2.6554    0.151004   0.0520439    0.752209   -0.306828    -2.54556   -0.176292    0.333051     1.06717     1.13243   -0.155769    0.162116   -0.719205   -0.176317
   0.878521     2.74475    0.132203    0.308601  -0.0766996   -0.937677    -2.98436  -0.0775602     1.12808   -0.348751    0.725378   -0.265013   -0.439109     1.57362   -0.675209     1.67213     1.48711     1.82802     1.50279     1.43283    -6.31714    0.455639    -0.45407    0.617367    0.909564    0.919166    0.131795     2.24652   -0.871653    0.584461     1.21068    -13.7725    0.462538   -0.777032      2.6368     1.95792     1.35578  -0.0353658  0.00923772     1.19807   -0.504604    0.839982    0.860673   0.0875084    -1.68875    0.406026   -0.232024    -1.24284    -1.08542   0.0479855
  0.0937332    0.942352    0.214584     1.17548   0.0636629    -3.68224    -1.17149     2.09745     1.81028    0.822519    -1.10251   -0.252644     1.17702    -2.84353   -0.918522     2.59749   -0.854203    0.136713      1.2587     1.00894     2.41512  -0.0634561    -0.10829    -1.21492   -0.410006     1.04872   -0.782676    -1.15597   -0.817967    0.556544    -1.07917    0.412026    -4.36413    -1.07469    0.313535    0.584076     1.82371   -0.448322    -2.78736     2.01053   -0.128003    0.518961   -0.464146    -0.97785    -1.62313     1.41623    -0.66971     1.18337     10.8335  -0.0629251
   0.900319   -0.695418    0.136598      1.5093    0.230178    -1.00423     1.78394    -4.18518     1.40184     3.77934    0.563651  0.00650776    0.681191     3.68073    0.729539    -1.89932    0.535391   -0.256523    -1.17227     2.90541     2.89464   0.0148813   -0.188374      2.0685    -2.76088    0.285179   -0.290212     2.05026    0.262165     1.11828   -0.630778     1.39734   -0.106072    0.868303    -1.19293    -13.2221     1.02942    0.241343     1.88227     1.19699    -1.53092     1.42163      1.4949    0.114523     3.66437   -0.125131     1.03103      1.7045   -0.897775   -0.408543
  -0.041289  -0.0381462   -0.149094  -0.0443499   -0.055004   0.0231766 -0.00591957  -0.0159407  -0.0294577   0.0130155   0.0470905    0.154343   0.0477519  0.00534748   0.0863774   0.0337435   0.0353365  0.00950677    0.020031 -0.00316196  -0.0155433    0.034316    0.349047   0.0297115  -0.0174575 -0.00528936    0.116009     0.02574    0.024592   0.0346597 -0.00133624   0.0496436  -0.0125948  0.00750661   0.0243716  0.00952287   0.0245342  -0.0629167    0.011094   0.0307527  -0.0338922  -0.0138575  0.00140931    0.039202  -0.0110677   0.0209499   0.0255058  -0.0572224   0.0267941   0.0277853
    2.8158
   2.19623
   1.86601
   2.86113
   1.22927
   2.11907
  0.046469
  -9.90084
  -1.38744
-0.0061945
