3 8 0.5 800
1
1
9 50
  -1.13722   0.227379   -4.16277  -0.907954  -0.829011    3.60257  -0.127719    0.28566  -0.974015
 -0.465905  -0.922504  -0.585737  -0.719205  -0.657448     6.4142   -1.16396  -0.540766   -0.87661
  -1.70897  -0.542255   0.188071  -0.227902    2.99509    2.47098   -2.23751 -0.0333208 -0.0377822
 -0.253247   0.935725   0.257452    1.84287    1.76747 -0.0868445    1.54352 -0.0435193   -6.84016
  0.010149   -1.95852   0.476739  -0.117495    3.28366   -1.58214    2.80375  -0.122108   0.659698
  0.481699    3.16353  -0.897522   -2.01473    -1.0921   -2.04158    -2.9432    2.80214    1.19481
  0.827992  -0.515225    1.26683    3.47517   0.288224  -0.346855   -2.10352  -0.640519   -1.38525
  0.403222    -2.6255   -2.03967   -1.31479    1.96037   -1.89234    1.97257    1.39878    3.77041
  0.284937   0.913764    1.08834   0.500338    1.32588   -1.20081  -0.261574   -3.85759   0.578924
   3.16026  -0.938977    1.42463    1.23193  -0.159234  -0.569575  -0.544073   -1.24508   -2.12763
  -6.93062   0.469496    1.62915    0.31541    1.32467    1.72909   0.953915    1.81318   -1.17485
  0.283316   -1.34643    1.47511   0.515015  -0.342301  -0.277289    3.30828    1.65003   0.639134
   -2.0216     0.7245  -0.847797    -1.2511    -1.6924   -2.56382   -0.15857   -1.87395    3.09065
 -0.300898    0.97541    1.85175   -5.61879   0.724519 -0.0217197   0.943638    1.21746    2.39116
   1.14316   -1.35782    1.48814    1.41089    1.78125   0.173107   -2.26506   -1.09338  0.0154395
-0.0242769    3.90289  -0.453481   0.460694   0.884069   0.387415  -0.698819   -1.55416   0.633724
   1.27552    -1.0351     1.6424  -0.474025   -2.20194  0.0191796    4.03601    -4.4674     1.7032
  -1.64304 -0.0885317   0.613361    -1.7432  -0.445766  -0.653369   0.492215    5.55458   0.718395
  0.480255  -0.483569   0.221893   -2.70787  -0.104871   -2.03712    -2.4446   0.114261    2.73764
   2.41857   -1.66547  -0.441804    1.31948  -0.591882  -0.824317  -0.782643    2.84329    2.20049
  0.235152   -1.37996   -1.31742   -1.73846   0.613769    2.36445   -3.25587  -0.621548    2.06333
  -0.37815    4.96653 -0.0518949   0.693723   0.443155  -0.361267    1.52089   -2.46012    1.16738
  0.352102    1.36382     1.6345  -0.918318   -4.57084   0.847079   -1.59725    3.31993    1.50502
  0.703318    1.17436    5.20675   0.720379  -0.952596  -0.865084  -0.763521   -0.55043   -2.04308
  -2.13163  -0.161503   0.347658    2.66075   -1.01439   0.437241    -1.9479   0.618736  -0.564999
 -0.489868    1.92552    0.90557   0.267723   0.747923   -1.27122    1.20344    1.23911   -3.13478
  -1.23321    5.43519  -0.609242  -0.572838   -1.15731  -0.768971  -0.919194   0.309271   -1.39283
   1.23074  0.0167146    -1.5458   0.316376  -0.956046   -1.47461    1.69402    4.49166   -1.00208
  -2.33746   -1.26598  -0.317869    3.23697  -0.902462  -0.554802  -0.979547   0.900849    1.00082
   1.44452   -1.25962   -0.39976   -1.45802    3.84929   -0.58508  -0.550679  -0.553938   0.473202
    2.2572   0.284918   -1.24708  -0.705551  -0.160481   -3.71677    2.05809   0.900329   0.538773
  -3.89348    1.42821    1.00902   -0.76953    1.37878   0.117291  -0.271782   0.645614    0.83274
   2.19116   0.561274   0.847208   -1.36504   0.901243    0.15086  -0.556829    1.89559   -3.68534
  -1.58418    2.41433    1.98218   -3.05612    4.14657    2.28173  0.0681032    0.23987   0.614613
 -0.301673   0.290959    4.90398  -0.882185  -0.074473  -0.257649  -0.318623   -0.62707  -0.332743
   3.52094    0.19497   0.015182   0.222434  -0.107264   0.484123   0.138244   0.302219   -3.59974
   1.91538    0.53577  -0.674712  -0.559761  -0.781207    5.17124   0.817865   -0.48767   0.735631
    1.4896    1.06175    2.65542   -1.22274   -3.61683   -1.24493   -1.97097   -2.94481   0.298824
  0.359536   -4.52687   0.672463   0.577809   0.784112   -0.57547   0.340287    1.56171    1.08233
  0.592643   -1.70559   -3.19104    2.81302   -2.15573   -1.26913   0.149897  -0.219037    2.58101
   1.80503     1.0834  -0.495539   -5.33859  -0.250244  -0.248278  -0.159421  -0.497349    1.39647
   1.42226    2.36882    -1.9789   0.754886  -0.129702   0.525084  -0.391938    3.94799    -1.9788
  -1.63856    2.91285   -0.45863  -0.286798   -1.82659  -0.250392   0.789077   0.911685   -3.32411
 -0.790908 -0.0765095    4.14989   -3.01777  -0.652727   0.723154   -1.01981    1.05984  -0.239805
  -2.45159  -0.822871  -0.587854   0.461656   -2.32115    2.67449    1.71694    3.49513    2.57598
  -1.27517    1.17157   0.901039   0.624705    1.54623   -2.00615   -1.03548    2.12602  -0.107444
   2.13299    1.30108   -3.28818   0.493609   0.639224   0.115035   -4.37357   -2.32342  -0.106454
  0.421635 -0.0617685    1.12729   0.212926   0.498192  -0.780428   -5.50056   -0.29344 -0.0854933
  -1.23063  -0.201788   -1.77972    1.92882    2.37559    1.21959  -0.712969   0.956951   0.457412
  0.667004  -0.684877   0.790605   0.188156   -2.81871   0.623707   0.446088  -0.880794    1.95244
   1.5192
 -3.02957
   -1.135
 0.912623
 -1.13257
 -0.89584
 -1.66713
 -1.98347
 -0.96587
   -2.183
 0.720394
-0.961283
-0.831125
  0.34122
-0.982173
 -3.42534
 -2.40846
-0.598334
 -1.89691
-0.816174
 -1.28454
-0.403455
-0.522127
 0.127756
 -1.84807
 -2.04345
 -2.25685
 -1.40583
0.0599556
 -2.43503
 -2.33306
  -2.0931
 -1.53724
 -1.23715
 -2.68815
 -2.27188
 0.767943
 -1.06038
 -2.14749
 -1.90405
 -2.09618
 -0.41386
 -2.23254
 -2.12288
  1.88708
 -1.45167
 -1.83832
 -2.08879
-0.906151
 -1.45828
1
1
50 50
      2.7323     -2.45586     0.173912    0.0953709    -0.550343     0.840546     -1.38241     0.975967       0.3936     -2.01267     0.125071    -0.892151    -0.352137     -1.51919     -1.40517      1.16068     -2.06709    -0.190877    -0.400804    -0.289633     0.266804     0.132798   -0.0368613     -3.30829    -0.399801    0.0146132    -0.323884    0.0910099     -1.61239     0.270148      1.55108    -0.158865     0.471753    -0.860122    -0.795739     0.279807      2.01161     -1.09118     -1.45302     0.144121      1.60778    -0.208462    -0.839101     -2.04442    -0.706145     -1.41863      2.06114     -3.00276     0.108191    -0.357093
     1.64502      6.42768     0.139943      1.00349     -2.41446     -2.33712    0.0508282     -1.98002    -0.552862    -0.108352    -0.833956     -1.23524     -1.45752      1.22951    -0.572931    -0.549745     -1.12931     -1.33723      -1.2265    -0.460883      1.65044    -0.607479     0.947909     -1.49375    -0.273146     -1.22894     -1.00755      -2.6958      -1.1285    -0.337152      -2.7258    -0.931204    -0.467206      0.33276     -0.72846    -0.199738     0.344072     -1.23448    -0.359393     -1.38146      1.01082     0.482217     -1.03251    -0.121397      2.56433     -1.90769    -0.717255     -1.62001     0.107461    -0.715901
    0.025354    -0.459801    -0.479642   -0.0024289    -0.299569    0.0228255   -0.0769343   -0.0684969    -0.394788   -0.0276271    -0.881245      -0.2873    0.0668089    -0.175463    -0.117988    -0.282346     0.119235    -0.601487    -0.306053   -0.0289026    0.0568248    -0.133994     -0.15145    -0.417306    -0.425979    -0.242494    -0.063624     0.111524    -0.388543    -0.250264    0.0856254     -0.42301    -0.294165    -0.037799    -0.014602     0.197431    -0.345204    -0.197792     0.205946    -0.117149   -0.0084327   -0.0926944    -0.168548    0.0740697     -0.30545    -0.285317    -0.154625    -0.453424   -0.0293006    -0.083675
    -1.74676    -0.723462     0.662953       0.7401     0.391536    -0.841398      2.27723     -1.76804    -0.517559   -0.0530427    0.0981151     0.305244  -0.00460762     -4.59922     0.560235    0.0299157     -1.63914     -0.87052      -1.3496     0.656782     -1.99027     0.346545     -1.66509     0.239142      2.71636    -0.543575    -0.752281    -0.266874      1.61404     -2.29184       -1.058    -0.460906     -1.16591      -2.6043     -0.99409    -0.305064     -1.62726     -1.16746     -1.11881      1.85146      -1.9799    -0.261754    -0.665328     -2.34159     0.451667      1.73073     0.700945      1.05011      1.83253     0.338384
   -0.947527      -0.1498    -0.610686    -0.403397     -1.34464     -1.30529     0.377336     -1.32305    -0.751588     0.531426     -1.26475    -0.124894    -0.956284    -0.525816   0.00722339    -0.750851     0.262701    -0.909515     -1.29628     0.355165    -0.449479     -0.76982     0.354121     0.511585      0.21936    -0.314574    -0.526159   -0.0133965    -0.691913     -1.40947    -0.794309    -0.782612     0.517805    -0.852632     0.274828     0.225415     0.824773    0.0868472     0.816143    -0.655584     0.128784    -0.172638    -0.142177     0.654705      1.08203    -0.790764    -0.655574    -0.421119     -0.82971    0.0338238
     -1.3737     0.481573    -0.491549     0.253645    -0.923464      0.78432     0.274578    -0.807778     -1.78932     0.422149     -1.21746    -0.704869    -0.906786    -0.256381      0.84645    -0.204768     -1.81509      1.74412      0.58386     0.154466    0.0180464     -1.04534     0.539095    -0.154203    0.0445611      0.28946    -0.476865     0.386356    -0.695967    -0.331471      -1.0214    -0.288296     0.135126     0.115586     0.511396    -0.138875    -0.148753    -0.654758     0.169024     -1.49663     -1.14305     0.913579    -0.960621     0.551479     0.736398     0.147769     -1.38884       1.1444    -0.436118    -0.418315
    0.380243    -0.979996     -2.03974     0.184636     -0.34059     -1.93253      -1.9854     0.185483     0.118103     -1.33712    -0.283006     0.631971     0.978771     0.280765     -1.91742    -0.194276      1.57695    -0.784549    -0.447222     -1.63294     -1.28167     0.485121    -0.561167     -2.31555     -1.14837    -0.317185    -0.857085     -1.17218     -1.81041      1.11065      1.03593    -0.547561     -1.01063    -0.856167    -0.896906    -0.783423     0.843095     -1.30651    -0.487698      -1.3064      1.91855     -1.67495    -0.271054     -1.02363   -0.0752116     -1.59484     -1.99229     -1.21533     -1.82766     -1.05021
   -0.306932     -1.45864    -0.697258     0.953882    -0.783931     -1.88343       1.0256     -2.34446    -0.608897    -0.676666      2.28846    -0.555552      -3.0402     0.026973     0.011099    -0.671187     -1.44332    0.0498313     -2.17421    -0.301302    -0.795505    -0.625422     0.627048     0.689588    -0.502791      2.08282    -0.678453     0.602502     -1.35121     -1.08989     -1.05121     -1.66146      2.38291    0.0147353    -0.589985     0.844901      1.50996     -1.60622    -0.867396     -1.75268    -0.277815      1.32799    -0.288199    0.0275635     0.463593    -0.885093     -1.29433     0.213317    -0.264665    -0.992363
      1.0818      4.31684    -0.262451     0.689165     -2.29758     -1.25106    -0.597109     -1.65792      -1.0667     -1.34068     0.367814    -0.946278     -1.31535     0.341204    -0.621246    -0.746866     -1.68137     -1.04413    0.0131909     -1.50388      2.12376    -0.937665      1.55071      -2.1945    0.0280363     -1.19947    -0.554673     -2.18385     -1.02279     0.582355     -2.24823     -1.85304    0.0119846      1.29228    -0.321517    0.0785335     0.667868    -0.372103    -0.815507    -0.101324      2.48251    -0.126825    -0.621051     0.349611      1.91572     -1.85405    -0.192759    -0.615422    -0.701304     -1.16498
    -2.78394    -0.884829    -0.427205     -1.55346       2.2818      1.27359    -0.644531      1.64495     0.209518    -0.837762    -0.688952     0.766761      1.78705      1.24519    0.0684183    -0.488626    -0.377785     0.523774       2.0453     0.848617    -0.614989      0.47252    -0.321435      1.47244    -0.695203     -0.41269    -0.787303     0.557995     0.716652      0.11575      2.07545     0.192666     -1.04366   -0.0309578     0.201662     -1.01239     -3.85472      1.64428    -0.840194    -0.116856     -2.08039     -1.11204    -0.563596    -0.419943     -1.84551      1.86782     0.739458       2.2581    -0.710628     0.541703
    0.273458    -0.127873    -0.581763    -0.577644    -0.330597     0.270276    -0.153555    -0.551342     0.660094    -0.174186    -0.559646    -0.573163     -0.05023    -0.165241    -0.346684     0.297389    0.0593589    -0.225692     0.229316    -0.324921     0.378235   -0.0231067    -0.655943    -0.387043    -0.168442    -0.247701      0.29448    -0.463721    -0.292787    -0.302215    0.0240009    -0.126939    -0.173338    0.0434597    -0.290629     0.256734    0.0685527     0.447301    -0.339466    -0.122047     0.678871    -0.563896    -0.119987    -0.173821    -0.622199    -0.492011     0.267518    -0.615857    -0.275502    0.0393357
   -0.208808    -0.023141    -0.506708    -0.372424    -0.081229    -0.392531    -0.055493   -0.0309193     -0.07868    -0.297591   -0.0851546    0.0547701    -0.160886    -0.235957   -0.0306642    -0.262717    -0.329866    -0.122298    -0.323013    -0.503691    0.0623176   -0.0673694    -0.130233    -0.213072    0.0570096    -0.294363   -0.0660373    -0.176232    -0.340319    -0.124998    -0.325117    -0.131714    -0.168141   -0.0982324    -0.087803   0.00761527   -0.0589228     -0.23698    -0.248558   -0.0294943    -0.222885    -0.016582    0.0729885     -0.21262    0.0783478    -0.240615    -0.168027   -0.0495138      0.27952   -0.0534163
    -1.14661     -1.01169    -0.325676    -0.725471      2.02563     -2.43151      0.46905      1.68773     0.120419     0.393456      1.72165      1.51992     -2.17784     0.439222      1.67708     -1.96306    -0.367392     0.571936     0.876289      3.07857      0.14212     -3.31202    -0.482353   -0.0374735    -0.146755     -1.37113     -1.53838     -1.39666    -0.265531    -0.315075     -1.93802     -1.07798      1.24785     -1.15224    -0.836968    0.0842697     0.778892     -2.12676      3.80658    -0.438379    -0.625485     -1.16168     -2.50843    -0.336727      1.45737     0.232782     -2.13428     0.690633    0.0274696    -0.285843
   -0.365397   -0.0949966      1.21674     0.461522     0.244762    -0.812443    -0.609441  -0.00720571    -0.968693     -1.47902     0.204169     -1.14322      1.42457     -1.11378    -0.853801      1.28167     -1.19231    -0.826555    -0.730098     -1.06196    -0.349751     0.372133     -2.67583     -1.13227     0.436418    -0.888055     0.472375    -0.821356     0.210395    -0.890163     0.661468      1.27066     -2.45411    -0.930131     -0.63191     -2.00151     -2.05131     -0.30299     -1.71728    -0.291387    -0.553804     -1.24604    -0.400975    -0.435481     -2.09458    0.0162554     0.175585    -0.255002     0.584116    -0.848439
    0.671173     0.294159    -0.782069    -0.432931     -1.05386   -0.0380676    -0.817555     0.274327     0.511609    -0.867426    -0.700736    -0.473002     0.180928   -0.0543004     -1.49505    -0.433871     0.334054   -0.0954715    -0.202428     -1.16223       0.5312       1.3839    -0.714227     -1.54858     -1.08005    -0.786963     -1.02765    -0.756644     -0.48709    -0.604047     0.604667    -0.389313    -0.806375    -0.192883    -0.553344    -0.832654  -0.00285778   -0.0988311     -1.30145     0.845985     0.456845    -0.584032    -0.913318   -0.0178042    -0.232791     -0.33844      1.13429    -0.905254    -0.526493   -0.0361364
   -0.236595      1.46412      -1.6324     0.662784     -2.18222     -1.15341    -0.205933    -0.849358     -1.17456     0.843519     -3.56878    -0.614454     -1.81503     -0.44969    -0.499026    -0.726229   -0.0660505    -0.830282    0.0548121    0.0976261     0.392924    -0.913455   -0.0573909     -1.41431     -1.15759    -0.137836    -0.059833     0.646525     -1.59107      0.22713    -0.580845     -1.76877     0.622057    -0.246309    -0.651665      1.04354     -0.61733    -0.132623     0.271301    -0.436937      1.40832     0.517828    0.0697085     -1.55847    -0.742676     -1.47772     0.033652     -1.62342     -1.50533     -1.30933
     1.18546     -1.09699   -0.0194766     -0.64703     -0.52497      0.57513      -1.0245    -0.371137    -0.615156      -0.5188     0.600504     -1.46761     0.795157   -0.0612495    -0.894501      2.48707    -0.993408    -0.632844     -0.97703     -1.10445     -1.05965    0.0545832   -0.0849978     -1.25166    -0.356291    -0.304148      2.57491    -0.583099     -0.25549      -0.4538     0.139745     0.650887     -1.08337     0.330428      0.32858      -1.0776    -0.531873    -0.922757    -0.557746    -0.892857    0.0556507    0.0169384     0.750794   -0.0279323     -1.46066    -0.806468     0.469451     -0.63412     0.277437    -0.782823
    0.416791     -2.11027      2.54486     0.944606      2.07649     0.632181     -0.38872     0.332148     0.228159    -0.897007      1.44634    0.0710882     -1.38562     0.150728   -0.0824365    -0.135674     -2.27375     -1.21015     0.451683     0.488733      1.15822    -0.378349     -3.04078    -0.211878    -0.821225     0.312428    -0.942909    -0.352739    -0.181582      2.36676    0.0439111   0.00251751      0.64381      3.50848    -0.903962     0.181842    0.0769325     -3.10357   -0.0968963     -1.51533    -0.677228    -0.580307    -0.716442    -0.689143     -1.66901    0.0726523     0.639765      -1.6101      1.70768     -1.58824
    0.464594        1.152    -0.548144     0.607268    -0.778442     -1.81789    -0.124085     -0.95526     -1.48818     0.733333      -1.5584    -0.174985    -0.383898    -0.463568   0.00848914    -0.357907    -0.688434     -0.11066     -0.38926     0.116028     0.303519    -0.517954    -0.450443   -0.0324226     -0.76847  -0.00620776    0.0416969     0.393383     -1.10204    -0.131639    -0.802458    -0.604872    -0.411877      1.04517    -0.839228    -0.211733    -0.698847    -0.838887     0.829186    -0.475416     0.594873     0.675167    -0.556224    -0.760271    -0.203367     -1.11492    -0.423903     -1.39001    -0.598491    -0.519457
    -0.11319     -1.46677      -2.7142     -2.28977     -2.08416     0.414508    -0.853402     -1.75141     -1.23914     0.180596     -1.09426    -0.242214    -0.150909    -0.175349     -1.51763     -1.42928      1.51217     0.288223    -0.470423      0.28202   -0.0487027     0.477646       3.8838     0.411183     0.260393    -0.424468    -0.641118    0.0974582    0.0542219     -2.97331      0.22727    -0.835964    -0.382101     -2.37015    -0.266484    -0.681408      2.19868      1.98608    -0.899122     0.912527     0.135053     0.723548     0.355302     0.844767      2.30319     -1.35177    -0.660719     -2.02403     -1.74269      2.49051
    -1.12285    -0.134102     0.815584     -1.31859     -1.26871      1.77849      1.21415     -1.27277    -0.775359    -0.758618     0.896667     -1.98532     -1.57036   -0.0118177      0.54268    -0.365053      -2.9089    -0.023085      1.72161     0.889955      1.20516     -1.44662   -0.0904034     0.746057     0.224818     -1.46056     0.621277     -1.36501     -0.39906    -0.676457     -1.80984     -1.19531   -0.0698345    -0.163366     -0.34105     -1.92405    -0.281198     0.199709     0.350464    -0.229727     -0.59376    0.0136172    -0.422495     0.695213     0.583472     0.337107     0.963459      3.55529    -0.312921    -0.740751
   -0.240144     0.071117    -0.102071   -0.0400943    -0.111734   -0.0460515    -0.197717    -0.389542    -0.101815    -0.361614      0.06458    -0.417176     0.323249    -0.393228    -0.419934    -0.158342    -0.465359    -0.590117     0.147976    -0.360032    0.0773732    -0.165763    0.0883461    -0.779973   -0.0728079    0.0535242   -0.0714136   -0.0327517    -0.365736   -0.0895202    0.0501225    -0.210975    0.0384636    -0.246066    -0.213899     0.208766    -0.447149    -0.054021    -0.120749    -0.201162    0.0941299    -0.137276    -0.186201    0.0227445    -0.568517    -0.444489     0.183976    -0.516767    -0.198739    -0.252729
   -0.142377    -0.351792    -0.318834   -0.0933791    -0.219303    0.0711841    -0.236856   -0.0877833    -0.181588    -0.228141    -0.159982    -0.167337    -0.191984    0.0442108     0.203774    -0.111818    -0.199739    0.0305423    -0.305554     0.066341   -0.0747825    -0.469856    0.0930578     0.133134    -0.263319    -0.298365    -0.111179    0.0331918   -0.0828969    -0.271674    -0.415873    -0.190055    -0.293478    -0.178823   -0.0748221    -0.147472    -0.222431    -0.348537    0.0897872    -0.306855    0.0399147    0.0618491     -0.12381     0.184507   -0.0637367    -0.171888   -0.0285469     0.114717    -0.460985    -0.121006
   -0.664751    -0.218275    -0.620152    -0.245269    -0.836771    -0.730837    -0.291326    -0.929936    -0.388361    -0.341472    -0.794149    -0.320819     0.623456     -1.03961    -0.847023    -0.677975     0.296828    -0.472494    -0.950805    -0.392617    -0.287456     0.293641      1.41808    -0.195241   -0.0568606    -0.445183      -0.9258    -0.331452    -0.242232    -0.944139     0.578708     -0.84502     -1.08733     -1.21732     -0.40863    0.0758199    0.0714934     0.830832     -0.71372     0.631078     0.134491    -0.404538    -0.224405    -0.726381   -0.0861634    -0.514988    -0.355029    -0.911076     -0.64887      0.34585
    -1.82065     0.268553     0.130535     -4.77033     0.203948      0.29531     -1.25236     0.547134     0.374018     -1.38784   -0.0253338    -0.928707      0.53372     0.485676    0.0899901   -0.0550206    -0.422768     -1.32584     0.748066     0.322203      0.60676      0.85807     0.804735    -0.476459     -1.09045     -2.27027    -0.811903     -1.47208     -0.55178     0.432049     0.815649      0.94499     -1.22564     0.104627     -1.59612     -2.23086     0.164821     0.334115     -1.47562      1.38227   -0.0971063      -0.7268     -1.25205    -0.373536     0.287981     0.303354     -0.71486     0.516369   -0.0841276     0.360267
    0.382978    -0.936938     -1.92847     0.318499    -0.958175     0.720653      1.06314    -0.590654    -0.782687      2.18086      -6.1323      -1.4295    -0.784249     0.951739      0.26123    -0.693536    -0.508701     -1.57852     0.527613     0.531857      0.12784     -1.13873     0.778193     0.184361     -1.91899     0.196333    -0.828367    0.0679574     -1.57805    -0.254388     0.620548     -2.23405     0.897708     -1.15733    -0.872409      2.77315     0.747329    -0.224206      1.01602    -0.883773     0.474655      1.61027    -0.341156      -1.3796    -0.797936     -1.12561     0.674464     0.610644     -1.61504    -0.737945
   -0.352864    -0.354145    -0.233664    -0.454728    -0.220296    0.0164995    -0.316473    -0.171442     0.203849    -0.256056    -0.646386    -0.346547    -0.338544    -0.498954    -0.188846    -0.295345    -0.239524    -0.349013    -0.160965    -0.415016     0.187426     0.109499    -0.493941   -0.0248946    0.0470217    -0.340485    -0.492184    -0.175935     -0.38253    -0.354468    -0.327916    -0.110723     -0.33901    -0.319181   -0.0565396     0.255449    -0.223689    -0.323221    -0.394688    -0.168958   -0.0811574    -0.123808    0.0303072     0.361391    -0.490594    -0.275799     0.115605    -0.561114    -0.187178    -0.238525
    0.329596    -0.309637     -1.03287     -0.10912     -1.54819     0.496891    -0.820116      -1.7795    -0.340342    -0.906637     0.422567      -1.7082     0.925919   0.00574285     -1.36079      3.07369    -0.140678    -0.765371    -0.843987     -2.35653     -1.41989     0.177612     -1.09959    -0.474553    -0.443048     0.392749      4.41851    -0.547598    -0.293695      -1.1041     0.240912     0.818795     -1.36432    -0.259736    -0.710396     -1.05157     -1.52916     0.471631     -1.26557     -1.24673   -0.0378551    -0.300429       1.3347    -0.278864     -1.20485     0.339032     0.776059    -0.634576    -0.555373    -0.495428
   -0.120408      0.18534     0.119709      -1.0338    -0.144383     -1.39324     -0.21638    -0.797635    -0.334082    -0.726412    -0.371698    -0.660145    -0.821136       0.2202      0.10816     -1.36518      0.14478     0.130663    -0.140823    -0.711035     0.202407      1.00885   -0.0259113    -0.601357    -0.301795    -0.953105     -1.98046    -0.320107     0.175335     0.256306    -0.831995    -0.295122    -0.529337     0.253409    -0.724264    -0.382432    -0.147174     -1.39582      -1.5144      0.31709    -0.766505    -0.397242      -1.0128     -1.20077    -0.281924     0.105302     -1.24686    0.0861515      0.71879    -0.152499
     1.12795     -1.13705     0.683054     0.432005     0.189171     -0.13121     -1.49111      1.50441     0.062728    -0.681318     0.135351   -0.0405522     0.196247     0.932306     -1.13181    -0.214824    -0.964641      0.95321     0.164201     0.406761   -0.0117492     0.983027     -1.24362     -2.29754   -0.0627389      -1.4941     -1.31386    -0.458992     0.393207     0.464322    -0.157902     0.662004    -0.817088     0.791685    -0.515116     -1.45995     0.204521     -2.00038    -0.200194    -0.510516    -0.220956     -1.47357     -1.79777    -0.814733      0.41988    -0.283129   -0.0957503     -2.58613     0.904774     0.206708
    -1.39502    -0.578042     0.818791     -1.72493     0.393179     0.164613     -1.12341     0.321235    -0.123484     -1.03342     -0.81104    -0.834624    -0.746041     0.020928     0.793413    -0.617861   -0.0619077    -0.775489      1.47403     0.178013     0.824155     0.387118    -0.337451    0.0517511    -0.634657     -1.41445     -1.78269    -0.172123    0.0141677   -0.0103659     0.186094     0.814549    -0.553856     0.696185    -0.534125    -0.647349    -0.367166    -0.539564     -1.16869  -0.00198614     -0.76709    -0.358001     -1.30509    -0.381874    -0.659069     0.431635     0.300932      1.17122     0.151964     0.452013
    0.428314    -0.300911     -2.22482      1.12399     0.206675      -3.2687     -2.07604     0.618873    -0.178608   -0.0916211    -0.154681      2.73282    0.0750833       1.2329     -1.88911    0.0587816      3.43938     -1.16046     -3.30669     -2.06045     -2.88056      1.15723    -0.170573     -2.15072     -1.37097     0.840723    -0.056893    -0.187858     -2.17928     0.329959      2.06166    -0.616124  -0.00397127    -0.669318    -0.222796    -0.385275     0.371714     -1.69697     -1.23211    -0.302884      0.79425    -0.179217      1.08442     -1.26466    0.0212797     -1.73797     -3.64187    -0.950224     -1.12068    -0.640751
    0.546676      1.31901     0.268503      1.68181    0.0960348    -0.871539     0.380605     -1.67098      2.99719    -0.154348     -1.02994     -1.66346     0.530803     0.622543     0.736251     0.173878      3.37179     -2.24972    -0.109562      -1.5522    -0.469112      2.67829     -3.36985     0.461027   -0.0608501     -1.19863     -1.56787     -2.12633     0.809204     0.839894    -0.418418     0.146571     -2.80993    -0.779139    -0.179864    -0.469259    0.0388544    -0.379894     -3.24317   -0.0353081    -0.445464     -2.12121     -1.14794     -1.13581     -2.42069    -0.244698     0.444216   -0.0448513    -0.410219   -0.0726683
    0.227024    -0.695384   -0.0682406     0.297848     0.365503     -1.08977     -1.66008     0.176259    -0.462217     -0.76888     0.788666     0.400587     0.207969      1.16483   -0.0146389    -0.851775     0.444708       0.5242    -0.895409    -0.885088    -0.903078    -0.123179    -0.179549     -1.05142     -0.45673     0.121243      -1.1201    -0.592193     0.426069    0.0472517    -0.622297      1.15636    -0.940315     0.880396     0.491376     -2.65427    -0.916509    -0.787462    -0.705557    -0.974074    -0.814378     -1.49898     0.465563     0.509984  -0.00445769      -0.5811      -2.2736    -0.467586    -0.189079    -0.808506
    -1.47341     -1.48313    0.0287332     -1.01503    -0.197397     -1.21425    -0.312407     -2.09876    0.0772058    -0.265092    -0.140351    -0.445396      1.46298     -2.97679    -0.570764      2.34332    -0.150272    -0.999969     -1.51634     -1.98936    -0.835855    -0.178846     -1.39804       1.3922       1.8151    -0.422545      1.67345    0.0282173     0.220571     -1.81457     -0.23694     0.961659     -1.27332     -1.39077    -0.270682     -1.03113     -1.03732     0.967854     -1.22287     0.659699     -1.06944    -0.545993     0.841895     -1.30723    -0.535507     0.377502  -0.00527499    -0.207804      0.44087       0.1876
   -0.404334    -0.571603     0.168897     -6.17317    -0.618222     0.434226     -1.12915      2.40272    -0.311656     -1.03902      0.24757    -0.546315     0.683298     0.034523    -0.177558     0.628267      1.33477     0.498933      1.73567    -0.212177     0.651709      1.37638     -1.05902    -0.913986   -0.0907718     -3.46891   -0.0765531    -0.817033     0.856162     -1.18536   -0.0946115      1.69115     -1.08383   -0.0521151     -0.15756     -1.21422    -0.263206    0.0174443    -0.698092      1.89436    -0.824952     -1.45725     -1.70698      1.00696     0.172623     0.190395     0.199357   -0.0553296     0.755963      1.29106
     1.56912     -2.01197    -0.679284     -1.18766    -0.393781      1.27306     -2.05411     -0.11961      0.52513     -1.45412      0.36281     -1.09847     -1.68362      1.73312     -1.29267    -0.682573    -0.551726     0.670765      1.41688     -1.25681      1.22063     0.156758      1.18783    -0.620502     -1.54867     -0.11407     0.113142    -0.808332     -3.28091     0.389236     -0.23947     -1.22804      0.74287      1.79679    -0.129296     0.873528      1.21605   -0.0247784    -0.469392     -3.19318      5.37056    -0.948643    -0.799568     0.906253     0.434446    -0.543715     -1.74859     -1.77718     -2.49268     -1.13618
   -0.296565   -0.0144576   -0.0667935    -0.238136    -0.342449     0.108653   -0.0412863    -0.320289    -0.182124   -0.0869058    -0.443858    -0.248716     0.143746    -0.436411   -0.0702941     0.276461     0.046429    -0.143295   -0.0677483    -0.285613      0.13009   -0.0688183    -0.268415    -0.150891   -0.0653386   -0.0929225     0.342795    -0.276076   -0.0910027    -0.319694    -0.259335    -0.316877   -0.0886391    -0.249798    -0.237762     0.056093    -0.229739     0.178132    -0.355014    -0.363287   -0.0285938    -0.154119    0.0610029    -0.140551    -0.427099    -0.217571   0.00615949    -0.364603    -0.244537    -0.319673
   -0.184749    -0.492602    0.0949302    -0.115436     0.165369    -0.672552    -0.797807    -0.801452   -0.0831862    -0.120794    -0.014858    -0.516668     0.500898   -0.0855581    0.0881711  -0.00301497     0.497457    -0.842488     0.129064     -0.89659    0.0790526     0.297498     -1.57761      0.57643     0.300376    -0.840841    -0.359966    -0.610134     0.103884    0.0620711    -0.715486     0.283529    -0.850892    -0.380788    -0.203376    -0.270929   -0.0339243     0.615868    -0.492621    -0.581216    -0.488479     -1.48968    -0.586947    -0.382241     -1.57474    -0.938994    -0.713985    -0.257434    -0.699148     0.358656
    -2.50343    -0.615614    -0.589075     0.624469     0.779132    -0.564833     0.345063     -2.18216    -0.234934     0.397046      1.05341     0.859714      -1.2873    0.0227069      1.45994     -1.65612    -0.127737  -0.00217955   0.00332573      1.03632     -1.81625     0.284463      1.45652      1.81273    -0.426822      0.18339     -1.63045     -1.75021    -0.422862     -1.39723     -1.95735     -1.14675    -0.830605     0.235761      5.19854    -0.284886    -0.767811      1.87712   -0.0671119      -2.7264     -1.76288     -2.53785     -2.09857      3.64973     0.122519     0.926692     -3.33967     0.137185    -0.853378       0.3947
    -1.32478      1.12733     0.342259    -0.417592    -0.241865     0.497569      0.93295     -1.03719    -0.942435     0.190939     0.351545      -1.2296     -1.11546    -0.170973     0.634978    -0.639507     -1.35165   -0.0448218    -0.257805     0.645405   -0.0206766     -1.99697     0.224412       1.4172    -0.311527      0.43993    -0.740405     -0.66091    -0.578438     0.126117    -0.928973     -1.61155      1.06231    -0.837305    -0.296562     0.264514      -1.4353     -1.43342    0.0725438     -1.47284    -0.788272     0.096669    -0.202906    -0.010501       -0.996     0.176683    -0.493667      1.80698    -0.510589     -1.46745
    -1.96551    -0.415525     0.100596     -1.04707     0.990934    -0.799799      1.71306    -0.702484    -0.435842    -0.277658     0.887334     0.460698    -0.288042     -3.13584     0.193166     0.140498    -0.244089     0.507843     -1.31439    -0.468258    -0.944694     0.157819    -0.979265      1.05431      1.88384   -0.0985431   -0.0685647     0.120537    0.0627408      -1.7886    -0.775432        1.129     0.708152     -2.72777    -0.931114     -0.16767     -2.51162    -0.735212    -0.719693      1.15218    -0.901978    -0.422242    -0.944057     -1.92771     0.130984      1.49539     0.174279     0.766113      1.55279    0.0679844
    0.131143      0.31495     -0.48863    -0.477073    0.0424585   -0.0070928    -0.574888     -0.13662     0.322362    -0.427695    -0.869409    -0.407941      0.59578   -0.0161832   -0.0354414     -0.53421     0.949216    -0.308306     0.129916    -0.746526     0.568853     0.924669    -0.499602     0.103646      -0.3471    -0.687637    -0.757118    -0.492376    -0.464501  -0.00891133     0.417639    -0.444629    -0.760351    -0.200234    -0.258942     0.710554    -0.366932     0.392464     -0.97286    -0.249444     0.394498    -0.928682    -0.588931    0.0200343    -0.690794    -0.862158    0.0410705    -0.656938    -0.532395     0.385684
    0.134492    -0.407697    -0.218303    -0.425295    -0.129246     -0.35942    -0.386254    -0.334936    -0.282042    -0.201714    -0.183035    -0.165709    0.0444049    -0.395732     -0.52574     -0.17556    0.0439938    -0.156467    -0.233326    0.0632079   -0.0246968    0.0647396    -0.160826    -0.305213   -0.0795551    -0.592574    -0.321977    -0.270787     0.117307    0.0987132   0.00994553     0.200758   -0.0159284    -0.400097    -0.058182    -0.270469     0.435412   -0.0363151    -0.280661   -0.0314292   -0.0036966    -0.325399    -0.147179    -0.194586    -0.149634     -0.45177   -0.0607803    -0.200129    -0.143864    -0.125621
    0.142211     0.502001    -0.271406    -0.293669    -0.397188     -1.24759     -1.48784    -0.216318     -0.88425     -0.24675    -0.599373    -0.607467      1.05337   -0.0151026    -0.822953      1.00448     0.446261    -0.314607    -0.866238    -0.974377    -0.181288    -0.259661     -0.37197      -1.6023    -0.655522    -0.607377      1.06323     -1.06752    -0.872728 -0.000385131    -0.180784     0.294695     -1.56596   -0.0958096    -0.659412     -1.14376    -0.652364     -0.42037     -1.11043     -1.64186     0.986762     -1.30456     0.589103    -0.388666    -0.501144     -1.02204     -1.66261    -0.537662    -0.164458    -0.870421
   -0.607687     -1.12161    -0.161287     0.300814     0.167473    0.0584193    -0.274153     0.124384    -0.595125      1.08698     -2.36091     -1.23924    -0.717974     0.185853   -0.0808392    -0.622437    -0.755898     -0.88984     0.295274     -0.50499     0.380051    -0.846264    -0.844397    -0.233202    -0.690875    -0.353513     -0.32706     -0.59222     -1.53832     0.110706    -0.135162    -0.841342     0.996075     0.790111     0.290146     0.504491    -0.656699    -0.362152     0.737186     -1.07541      1.17369    -0.366333    -0.380397     0.683083     -1.92502    -0.342567    -0.259436      0.14788    -0.563295    -0.663133
     1.78537     -1.20894      1.56774      1.90667    -0.113891     -1.90732    -0.853944    -0.761376     0.309421     -2.43246      2.39949    -0.212973     0.583025     0.713519   -0.0148572     -1.32744     -1.86941      1.32519    -0.217637     -0.70207    -0.174518      2.07337    -0.357605    -0.735592     0.655703    -0.469285     -1.35489     -1.53104      1.14015     -1.37662     -2.04496      2.89868      -2.6189      1.24626     0.761859     -3.47012     0.310906     -1.33565     -2.04651     -1.18918     -1.16033     -1.26803    -0.889948     0.955785      2.09078    -0.264208     -2.22266    -0.458468     0.580225    -0.813307
   -0.748277    -0.830073      0.53557     0.610956     0.980657    -0.407223      1.68732     -0.10187     0.156103     0.539634    0.0570819     0.355968    -0.516002     -1.26439      1.44607     -1.01608     -1.46662    -0.218591    -0.129613      1.71201      -0.9732     -1.08403     -1.19591     0.709961     0.655872    -0.637178     -1.47988    -0.631198     0.343098    -0.454316     -1.24094    -0.669963    -0.792147    -0.497625     0.163026    -0.407682    -0.996374    -0.525729     0.210323      0.72923    -0.531392    -0.978379     -1.10211    -0.531457    -0.718764    -0.437388    -0.466301      1.05795     0.745417    -0.839163
    -0.20751     0.639703       1.1436     -1.22481      0.51786      -1.0653      1.05221    -0.570105      3.18918     0.692062    -0.846623     -1.28069      2.28719    -0.382574     0.229165     0.197766      3.50844     -5.02492    -0.688317     -2.07057     0.184966       1.4969     -1.30199    -0.379717      1.34895    -0.519729     0.894934     -3.58612     0.263588     0.915487       1.0683     0.356347    0.0694477     0.214085      1.15652      1.59821     -0.71146       1.8187    -0.480759     0.500247      1.51139     -2.81128      1.82825     0.487639     -2.03347    -0.492641      1.09273     0.832227     0.074487     0.553238
   -0.184904     0.273395    -0.106646    -0.159914    -0.308659    -0.240133     0.161826     0.105372    -0.266232   -0.0859531    -0.268662    -0.156392    -0.188777    -0.120616    0.0857361    -0.431147    -0.162708    -0.112933    -0.251584    -0.258169    0.0471437    0.0323738    -0.596649    -0.133699      0.12857    -0.189348    -0.259494    -0.152605    -0.164636    -0.300392    -0.232581    -0.376497   -0.0562087   -0.0634953    -0.216495    -0.184836    -0.353252   -0.0968159    -0.114158 -0.000745276      0.24594    -0.134951    0.0720788    -0.111653   -0.0300123    -0.108003    -0.134207    -0.172793    -0.110049    -0.339023
  0.964163
   1.15789
 -0.705557
  0.426439
  -1.36347
  -2.74058
  0.990094
  0.534081
  0.612422
 -0.964898
  -1.01103
  -1.49813
 -0.665112
  0.794133
   0.28482
-0.0313647
  -1.27568
 -0.867362
 -0.949491
 -0.255198
 -0.943816
 -0.712889
  -1.14576
   -1.3133
  -1.05471
   1.33843
  0.175263
  0.310854
   -0.7108
  -1.83248
  -2.48468
   2.11459
   1.06648
 -0.653957
 -0.354263
  -1.82058
  -2.69393
 -0.983794
  -2.26719
  -1.74096
  -1.48708
 0.0556601
 0.0102655
  -1.24233
  -0.25294
  -1.20364
 -0.407778
  0.530293
   2.64159
  -1.20358
1
4
50 10
    0.230233     0.533123    -0.513169      1.47775     0.727232     0.497506     0.910679     0.656577      1.74965     -1.21874     0.386874   -0.0771338       1.0113     -2.73084     0.262199     -2.27798    -0.724929       1.4819     0.380245      1.37031       1.2085     0.419018    0.0594328     0.641119    0.0123019     -10.9739    -0.207947    -0.547924    -0.196252     -1.26566     0.333215      2.03128    0.0424873     -1.33391     -2.78671   -0.0732723      1.67871     0.109209     -1.35237      1.51346      2.21388     0.370406    -0.487215   -0.0636873     -1.06618     -1.12893     -4.63567     0.880528     -2.28657     0.184322
     2.61428     0.233333     0.371212      1.18621    -0.103336     -1.06935    -0.127132   -0.0397454      2.51276    0.0677536     0.111533     0.345315     -6.56886    -0.663828      1.31511      1.43608     -3.97625      1.81185    -0.789846      2.04632     -1.15352     0.295771    -0.162699     0.762375      1.12676     0.586804     0.443395     -9.48263      1.86792     0.331483      1.00602      2.28621       1.7005      1.13546     -1.48787       1.9465      1.59217    -0.362577      0.92286       1.2405    -0.367002      1.58523     0.508819     0.620659    -0.914963    -0.213664      1.26489     0.142981    -0.547855     0.375321
    -4.68983      1.16738   -0.0904395      1.48611      1.17055      1.39363    0.0763857     0.539104     -1.64608     0.796569    -0.412712    0.0104481      4.16506      0.20164     -1.59034    -0.636563     -1.34598      1.30275      1.28954    -0.070333      1.20873    -0.631139     0.166166    -0.745549      2.38177       1.4671    -0.292705     0.666089      0.64931    -0.980491     0.254354   -0.0317211      -1.2956    0.0689707      2.43364     0.236899    -0.835288    -0.209481      1.40674     -11.8432      0.78884      1.64032     0.648712     -0.19448    -0.582387      -0.5127    -0.400552    -0.284975     -1.51763     0.143894
    -1.71295       1.2198    -0.391131     -8.45656     0.523188      1.28836    -0.707916     0.691966     -1.52938      2.50534    -0.810124   -0.0824555    -0.344831      1.10271     -1.39684     -1.27194      1.48205      1.51039    -0.154611      2.01169      1.18776    -0.266276     0.155518     -0.75564     0.846041      0.22497    -0.439088      2.40574   -0.0100314    -0.136907      0.78359      1.10667     0.987781     0.305317     -2.28465      1.12595     -7.09685    -0.272907    -0.399694      1.71844     0.752424     -3.62608   -0.0245539    0.0231922   -0.0297978     -1.53745      2.30984       -1.643     -2.58259    -0.212308
    0.762917     0.791903     0.168325    -0.729297     -2.17638     0.626457     0.551202    -0.647031     0.584952     0.578572     0.518038      0.01219      1.52973     0.198967      1.41684      1.43321      0.13725      -6.6284    0.0537774     -9.11562     0.162767    -0.127676     0.514956     -1.55502     -2.10159      2.76084    0.0165559      2.55748     0.205586    -0.488489    -0.343289      1.88012     0.541566   -0.0754955      0.93823       2.7835      1.44597     0.137853    -0.148447      1.84013    0.0977108       1.9382    -0.230501    0.0202943     0.713233    -0.590544     0.736436     -1.39987    -0.399222     0.114655
     1.96602     -7.60578     0.147643     0.143507      1.19121      2.41696    0.0444649      1.78773     -5.00359     -5.44639     -0.18048    -0.153455     0.646365   -0.0257903    -0.590726     -1.88626     0.473265      1.89889     -1.88067      1.33326      0.35554    -0.108708      0.30613    -0.189882    -0.300651      2.69403    0.0864865     0.479156    -0.384139    0.0664417    -0.819603      1.30279     0.131294     0.167404      2.09787      1.89304      2.24535   -0.0261632      1.21899     0.172193    -0.353643     -3.03008    -0.389805     0.491482      1.18467     0.801331   -0.0372353     0.169611     -1.27332   -0.0937413
     1.19368      3.07487      0.26289    -0.174523     0.454059     -1.84181     -2.95711     0.595641   -0.0516822    -0.527238     0.868595    -0.187303     -1.69586      1.42358    -0.846829      1.90491      3.37858     0.415963      1.86992    -0.049175      -6.3518     0.467927   -0.0683163     0.412717     0.198106      1.91756     0.522889      2.85337     -1.16091      1.94386    -0.111852     -11.0946      1.81467     -1.35975      2.56728      2.10642      1.68004     0.297151    -0.312966      1.80698    -0.474357      1.06276      1.19609   -0.0285737     -1.18995   -0.0222269    -0.742473     -1.99411    -0.625639     0.216848
   -0.685151    -0.625448     0.214771      2.16769    0.0478119     -2.65316     -0.90732     0.678494      2.26228    0.0162104    -0.611133    -0.200824     0.688177     -2.98829    -0.763115      2.85212    -0.807888    0.0347961     0.912635     0.261445      2.03151     0.147341   -0.0856999     -1.00677     0.893125      1.38947    -0.415059     -1.06871     -1.00957  -0.00501098    -0.645741      1.08214     -5.59902   0.00731384     -1.26874     0.291819     0.764992    -0.209933     -2.16749      2.34338     0.941425       1.4355     -1.48408    -0.639564     -1.53085      2.41534    -0.167231     0.857349      10.2239    0.0457184
    0.735873     0.822503     0.133841       2.4953     -1.67034     -1.14326      2.61005     -4.02666     0.556875      3.46329     0.213017    0.0244421    -0.208549      3.29216      2.10533     -1.66614      1.66946     -1.15706    -0.916642      2.74256       1.8435     0.165242     -0.19156      2.31816     -3.50546    -0.247008    -0.205589      2.31225  -0.00879898     0.452366    -0.397291      1.50163      1.84731       1.2954     0.314352     -10.8828    -0.470221     0.240764     0.705269      1.33744     -2.82854     -1.37667      1.37617     0.145489      2.84805  0.000419684      1.91932      2.48475    -0.494209    -0.392054
  0.00299925   -0.0066311     -0.12587  -0.00100865  -0.00353959    0.0110265  4.80854e-05   0.00444668   0.00323609   0.00327896  -0.00461319     0.162375  -0.00290577  -0.00384338   0.00918145   0.00384617   0.00296022  0.000944952  -0.00101403 -6.17066e-05 -0.000462085    0.0506714     0.154093   -0.0101265   -0.0108146  -0.00113802    0.0469179  0.000730305    0.0256288   -0.0090842   0.00177251  -0.00194279  -0.00126397   0.00867649   -0.0189101   0.00476063   0.00252497   -0.0890913    0.0132344  -0.00686817 -0.000274723  -0.00185202  0.000455516     0.135556   0.00355134  0.000186817   0.00153501    0.0119524    0.0103834   -0.0100101
  1.24948
-0.294767
  2.03292
  4.46486
  1.20287
   0.6377
  1.22165
 -6.57412
 -2.09486
-0.023174
