3 8 0.5 500
1
1
9 50
  -0.611605    0.308088     -3.8632    -1.09404   -0.901851     3.70316   -0.122059    0.156583    -1.60195
  -0.892113   -0.617714   -0.648494   -0.329659   -0.888313     5.82501   -0.731285   -0.470025    -0.83074
   -1.60736  -0.0947773    0.381141    0.635113     2.78746     1.69105    -2.23914   -0.182063    0.220863
  -0.694295    0.938193    0.305907     1.00722     1.17438    0.113638     1.54401   -0.250661     -6.6801
   0.496714    -2.61879    0.786205  -0.0566117     3.08797    -1.53726     2.29877   0.0873763     0.27232
    1.14298     2.89693   -0.696187    -2.27253   -0.322945    -2.10754     -2.7148     2.76848    0.900353
   0.963336   -0.603735     1.38265     3.12647   0.0932758  -0.0304346    -2.28316    -1.12464    -1.52118
   0.107284    -1.97135    -1.81068    -1.13748     1.98597    -1.98124     1.46382    0.961615     3.60811
    0.35074     1.03556    0.638152    0.615753     1.42764   -0.650178   -0.329312    -3.20909    0.606873
    2.80187    -1.13768     1.51595    0.627532    -0.55867   -0.153933    -0.18638    -1.18469    -1.55462
    -6.5117     1.13357     1.50324   -0.104705    0.628527     1.43468    0.745544     1.72809   -0.362158
  -0.541859    -1.03761     1.10345     0.91657   0.0678849   -0.668811     3.33122     1.38953    0.430402
   -1.72579     1.11912   -0.548254    -0.68966    -1.41893    -2.50554   0.0294949    -1.50913     2.93244
  -0.395244    0.586814     1.64371    -5.13331     1.12295    0.257208      1.4841     1.06893     1.70824
     1.0541   -0.832815     1.55347    0.525327     1.43094    0.592906    -2.00894    -1.64499    0.684392
   0.139371     3.63124   -0.296765    0.663394    0.619175  -0.0493181   -0.830837    -1.54884    0.515293
    1.99999    -2.24724     1.25986    -1.07717    -1.98384    0.203829     3.51789    -3.20366     1.34243
   -2.12711     0.16915    0.638654    -2.05593   -0.296118   -0.609053  -0.0098015     4.97712    0.506496
   0.923729     -0.8059     0.16621    -2.39294    0.610022    -1.55902    -2.73173    0.184354     2.82901
    1.75459      -1.759      0.2288     1.17773    0.380304   -0.743377   -0.963333     2.43746     1.97229
   0.543594    -1.52919   -0.930839    -1.76785    0.948229     1.93704    -2.23317   -0.292221     1.95653
  -0.398062      4.7082    0.288618    0.682181   -0.100845   -0.364148    0.955179    -1.67891     1.95715
    1.19954     1.08499     1.64869   -0.494733    -4.65347     1.20734    -1.71082     2.66393    0.672822
    0.58343    0.736103     4.76451    0.107959     -1.0239   -0.611944    -1.11412   -0.462748     -1.9941
   -1.71559    0.315174     0.37135     2.41036    -1.02436    0.772246    -1.70486    0.130234   -0.916535
  -0.156514     1.94169    0.555678   -0.659579    0.339599    -1.06156    0.926802     1.25432    -3.51032
   -1.10224     5.22145    -0.51382    -1.25959   -0.871282   -0.635158    -1.07889  -0.0991032    -1.24178
   0.668548    0.549728    -1.22512    0.135628   -0.583724    -2.26731    0.890434     4.35314   -0.777831
   -2.26136   0.0528994   -0.629895       3.147   -0.552582   -0.613179    -1.23539   -0.309506     1.83627
   0.670917    -1.61319    -1.06167    -1.55166       3.927   -0.365533    0.773909   -0.651728    0.381449
    2.55041    0.127464     -1.3899   -0.540474    0.189643    -3.60796     1.96923    0.594539    0.143708
   -3.36687     1.71924     1.07419   -0.222279     1.08637   -0.254371   -0.629057    0.406919      1.5417
    2.38412    0.132368    0.748327    -1.73492    0.631518    0.256551   -0.489699     1.63216    -3.34125
   -1.05999     2.24196     2.04254    -2.86959     4.02401     1.85921    0.263264    0.227243    0.868037
   -0.16747     0.36515      4.7184    -1.14592   0.0621595   -0.186379    -0.24457   -0.571276   -0.558237
     3.4125    -0.40783    0.596487   -0.213495   -0.434662    0.345694   -0.175563   -0.284794    -2.83395
    1.49216   -0.270283   -0.745427   -0.931217    -1.53235     4.83278    0.495835   0.0866887    0.719563
   0.299598     1.53184     2.54109    -0.79328    -3.09878    -1.11922    -2.01665    -2.43727    0.447965
   0.795916    -4.13749    0.510264   0.0996084    0.777602 -0.00167049     0.77782    0.968848    0.603664
   0.982744    -1.64091    -2.90628      2.7531    -2.39662    -1.22347  0.00449965  -0.0203002     2.69747
    1.56609     0.40248   -0.375109    -4.93534    0.376358   -0.265486    0.127654    0.328695    0.665408
    1.05083     2.15508    -2.06529    0.398102   -0.172415    0.143009   -0.630626     3.77291    -1.99218
   -1.85011     3.07755   -0.173662   -0.218408    -1.77499    0.103347    0.879868    0.345381    -3.09953
  -0.254896     0.30518     4.22298    -2.99725   -0.784977    0.189278     -1.4809    0.649723    0.489484
   -1.96921    -0.51258   -0.106235    0.742156    -1.94412     2.78123    0.924337     3.60451     1.34213
   -1.01266     1.52578    0.641602    0.435645     1.71847     -1.9866    -1.60971     1.96609    0.636875
    1.98063      1.3809    -3.30446     1.67809    0.236037     -0.7263    -3.89622    -1.86022    0.358058
   0.385832     0.16997     1.11178    0.361584      0.5601    -1.09794     -5.0474  -0.0836091  -0.0525323
  -0.717859  0.00651153    -1.09325     2.15967     2.02042    0.606849    -1.38441     1.06314    0.306054
   0.480163   -0.610433    0.583615    0.311292    -2.11299    0.465026   -0.151677   -0.499806      2.2202
  1.30984
 -2.94676
 -1.28066
  1.34302
-0.768744
 -1.92613
 -1.05436
 -1.62975
 0.404116
 -2.26242
 0.322506
-0.813978
 -1.08119
 0.605029
-0.979451
 -3.54296
-0.374307
 -1.36561
 -1.71649
 -1.18768
 -2.24975
-0.012369
 0.469623
 0.595945
 -1.63217
 -1.19424
  -2.3226
  -2.0706
-0.332847
 -1.22725
 -2.15917
 -1.54466
 -1.10593
 -1.51179
 -2.49268
  -1.2042
  1.10469
 -1.28946
 -2.42284
 -1.48262
 -2.04704
 -1.26065
 -1.07853
 -1.70724
 0.496808
 -1.29705
 -1.55067
 -1.88454
 -1.56502
 -1.52875
1
1
50 50
    1.86335    -1.90354   0.0681592   -0.151117   -0.284037   -0.279317     -0.4262    0.902924  -0.0522384    -1.33607   -0.321787   -0.787476  -0.0846236    -2.25029   -0.800393     1.21781     -1.6117   -0.240286   -0.633961  -0.0698549     0.31871    0.500775   -0.705667    -3.38737   0.0275972  -0.0827116   -0.698156    0.293125    -1.39514    0.727935     1.03956   -0.257231    0.557651   -0.821894   -0.757172    0.769697     1.19772   -0.467718   -0.520425    0.999255     1.26805    -0.11462   -0.776947    -1.97048    -1.13762    -1.43317     2.19041     -2.2452    0.587269   -0.140606
    1.63105     5.52522    0.108341    0.876037    -2.41182     -2.4163   0.0269327    -1.97983   -0.671079   -0.140835   -0.348905    -1.49904     -1.2246    0.784468   -0.698327   -0.669476    -1.04348    -1.32619    -1.20238   -0.917898     1.18839   -0.751239     1.14421   -0.833198   -0.183534   -0.989445   -0.975074    -2.90359   -0.817215   -0.247449    -2.84539   -0.889686   -0.605276    0.727199     -0.6975   -0.361487     0.23791   -0.658909   -0.795399    -1.03785    0.852604    0.186115   -0.558461    0.218484     2.37486    -1.99567   -0.943819    -1.93438   -0.101835   -0.611794
  0.0643386   -0.424224   -0.460124  0.00267089   -0.312284   0.0307198  -0.0488308  -0.0809103   -0.380439  -0.0231159   -0.858293   -0.320809   0.0680043   -0.156321  -0.0798511   -0.301278    0.123286   -0.591868   -0.287428  -0.0208448    0.083368   -0.112736   -0.104881   -0.381858   -0.404525   -0.262596  -0.0711634   0.0975393   -0.338926   -0.215271   0.0505118   -0.420281   -0.294755  -0.0124235 -0.00958513    0.201565    -0.30045   -0.165036    0.200688   -0.106838 -0.00615023  -0.0797947   -0.186083    0.101187   -0.288956    -0.26843   -0.130845   -0.439278  -0.0222953  -0.0662737
   -1.46179   -0.738699    0.581232    0.280513    0.314608   -0.500311     2.41251    -1.67826   -0.246354   -0.139671  -0.0784996    0.397461     0.23269    -4.19133    0.843289  -0.0574644    -1.14555   -0.774698    -1.11741    0.858779    -1.84735    0.216459    -1.15738    0.384301     2.53532   -0.667688   -0.689845   -0.214748     1.75311    -2.23403     -1.1078   -0.644098    -1.33415    -2.69427     -1.0074   -0.325693     -1.4397   -0.638625    -1.04096     2.15347    -1.79153   -0.398194   -0.669574    -2.36264    0.355289     1.61854     1.27699      1.1157     1.78464    0.718883
  -0.863492   -0.244101   -0.726856   -0.250668    -1.30479    -1.10248    0.363392    -1.27172   -0.640015    0.595646    -1.46955 -0.00672266   -0.925186   -0.558703  -0.0693477   -0.737849    0.212275   -0.866704    -1.35147    0.322054   -0.576756   -0.766108    0.477826    0.422908    0.219699   -0.212507   -0.496322    0.149605   -0.645664     -1.3989   -0.637368    -0.78691     0.65092    -0.85776    0.172134    0.466778    0.907163    0.232378    0.745076   -0.548703   0.0804428   0.0679604   0.0252292    0.355142    0.887067   -0.713421   -0.414478   -0.429257   -0.743727  -0.0523474
   -1.44157    0.416158   -0.362779   0.0524718   -0.911182    0.761915    0.186315   -0.668772     -1.5727    0.434002   -0.984588   -0.739878   -0.946996    -0.25146    0.860719   -0.190491    -1.82747     1.54255    0.633187   -0.107391  -0.0386796    -1.04433    0.324901   -0.169316   -0.122395    0.227384   -0.476339    0.165132   -0.773691   -0.244146    -1.08765   -0.256072    0.213695    0.267641    0.669705  -0.0822471    -0.24695   -0.635954    0.130097    -1.59086     -1.1125    0.596301   -0.957511    0.651348    0.692402     0.15633    -1.33943     1.10402   -0.518463   -0.420556
    1.13686   -0.805627    -1.73446     1.00116   -0.184419    -1.92244     -1.9232    0.309086    0.130083    -1.32511    0.387996     1.29903    0.944497     0.63651    -1.79109   -0.207088     1.77644   -0.566928   -0.673804    -1.19051    -1.02057    0.735237   -0.145208    -1.96978   -0.803657  -0.0200547   -0.807588   -0.494806    -1.60535     1.30996     1.27787   -0.402923   -0.644357   -0.554452   -0.921157   -0.400811     1.31884    -1.23378   -0.363682    -1.02868     1.89745    -1.09411    0.160671     -1.2056    0.722594    -1.49528    -1.79354    -1.17049    -1.21872   -0.849136
  0.0770175    -1.38898    -1.19029     0.78821     -1.2779    -1.49586    0.632226    -2.03568   -0.951108   -0.351343     1.81102    -0.14361    -2.10309   0.0312628   -0.290931   -0.965173   -0.983674    0.313976    -2.27883   -0.582094   -0.607481   -0.601236    0.731623    0.205763   -0.489207     1.38495   -0.948523    0.696911    -1.07507    -1.38851    -0.79847    -1.28881     1.85607   -0.463019   -0.540565    0.756027     1.85649    -1.31122   -0.996266    -1.33936    -0.31389     1.26502  -0.0975817   -0.260767      1.0434    -1.08794      -1.188  -0.0498275   -0.557785   -0.647516
   0.985123     3.53727   -0.443303    0.351763    -1.87435    -1.97271   -0.392134   -0.835631    -1.12633    -1.50968    0.553442     -0.3683    -1.63835  0.00617138   -0.965096   -0.628464    -1.40604    -1.19173   -0.226682   -0.939589     1.64324   -0.879419     1.27002    -2.43062   -0.184384   -0.667759   -0.204544      -1.494    -1.09634    0.568471    -2.01704     -1.6018    0.344389    0.459887   -0.472517  0.00165415    0.260275   -0.327649   -0.419077    0.261135     1.75253    0.388687   -0.105591   -0.238954     1.50421    -1.55513   -0.935219    -1.09059   -0.740522   -0.644412
   -2.85343   -0.891318   -0.538532    -1.12972     2.17044    0.427819    -0.45624     1.35151    0.081558   -0.686694   -0.535419    0.954803     1.70508    0.480135    0.164975   -0.356726   -0.432659     0.50459     1.24337    0.623011   -0.645534    0.658724   -0.650042     1.28186   -0.278266   -0.239626   -0.657999     1.26499      1.2833   0.0895189     1.65826    0.419822    -1.09402   -0.156181   -0.294303    -1.07373     -3.8645     0.91858   -0.695693    0.749333    -2.34342   -0.783419   -0.304007    -1.11912    -1.51347     1.93499    0.554967     1.73778   -0.228784    0.464503
    0.28645   -0.180342   -0.480114   -0.315604   -0.244491    0.177246  -0.0624215    -0.61351    0.441125  -0.0718319   -0.312887   -0.504531   -0.204541   -0.273629   -0.254294    0.100723   -0.190997  -0.0797658    0.204959   -0.289633    0.332824   -0.148525   -0.488512   -0.276543   -0.141585    -0.13745    0.088925   -0.306455   -0.178407   -0.313422  -0.0404694   -0.160383   -0.108449   0.0454241   -0.217624    0.251814    0.134577    0.359179   -0.312046  -0.0304427    0.467962   -0.351414   -0.130484   0.0250481   -0.468003   -0.504374     0.15088   -0.527058   -0.177995  -0.0623065
  -0.207517  -0.0158664   -0.501284    -0.37292  -0.0785673   -0.402282  -0.0489056  -0.0346807  -0.0715197   -0.286344  -0.0510853   0.0631023   -0.164767   -0.210071  -0.0234299   -0.256906   -0.315919   -0.111411   -0.323413   -0.505872   0.0515825  -0.0672129   -0.106315   -0.201181   0.0706696   -0.287723   -0.052976   -0.173398   -0.328171   -0.114559    -0.33896   -0.103247   -0.151144  -0.0804569  -0.0885372   0.0262295  -0.0621361    -0.22903   -0.234513  -0.0626829   -0.224217   -0.028087   0.0820626   -0.214302   0.0847759   -0.216628   -0.183903  -0.0418667    0.274626  -0.0447661
  -0.703272   -0.567155   -0.415247   -0.288983     1.56071     -2.2351    0.271453     1.45175    0.071939    0.442437     1.60813     1.25231    -2.39454    0.610947     1.65894    -1.91063   -0.779616    0.264294     1.03549     2.70292    0.727467    -3.12273    -0.67943    -0.10494   -0.483912    -1.29301    -1.38151    -1.74064   -0.761291   -0.124346    -1.79753    -1.30741     0.99108   -0.929066   -0.628837   0.0188824     1.56103    -1.83882     3.14791   -0.828371    -0.62886    -1.48853    -2.39586   -0.486827     1.45242   -0.209133    -2.13625    0.123487   -0.369449   -0.466515
  -0.381596   -0.233558     1.28824    0.657853    0.198784    -1.02899   -0.558634   -0.134312   -0.656606    -1.19786   -0.192894   -0.953414     1.34673    -1.41571   -0.716524       1.459    -1.10546    -1.00766    -0.91267    -1.14973   -0.314885       0.565    -2.72298   -0.964057    0.421287   -0.870934    0.488976   -0.750587    0.220117   -0.666428    0.641304    0.946497    -2.43838    -1.08842    -0.50412    -2.00282    -2.05133   -0.218376     -1.7173   -0.387477   -0.720612     -1.3176   -0.353326   -0.451925    -2.10038   -0.295766    0.348097   -0.359333    0.760254   -0.894362
    0.38888    0.219241   -0.531212   -0.745594   -0.719479    0.137873   -0.535652    0.751267    0.242411   -0.776883   -0.401101   -0.490109   -0.132195  -0.0353902    -1.14642   -0.267566    -0.20094     0.10977    0.113513   -0.664926    0.494436    0.712942  -0.0879493    -1.63344    -0.62494   -0.545963   -0.443646   -0.339809   -0.124814   -0.263033    0.451872   0.0449793   -0.411044   -0.367818   -0.834371   -0.462611   -0.475552   -0.568388    -0.92125    0.696666    0.118268   -0.174479   -0.394222   -0.444793  -0.0884382    0.440723    0.897475   -0.613315   -0.259309   -0.132341
  -0.300861     1.36813     -1.6626    0.180917    -2.21525    -1.30725   -0.376874   -0.593611    -0.93611    0.600909    -3.03789   -0.479611    -1.72708   -0.243135   -0.491554   -0.725319   -0.214714   -0.855332    0.243344   0.0235571    0.398292   -0.794651   -0.280582    -1.53053    -1.17127  -0.0545059    -0.21395    0.194092    -1.59211    0.188747   -0.800075    -1.72086     0.41544  -0.0068028   -0.639968    0.877964   -0.694366   -0.315134    0.144611   -0.387724     1.53394   0.0826525 -0.00137057    -1.14465   -0.585191    -1.46684   -0.243373    -1.68358    -1.58531    -1.10785
     1.1056   -0.525346   -0.195169   -0.225251    -0.79227    0.661661     -0.8179   -0.817392    -0.49511   -0.303323    0.287365    -1.39762    0.752236   -0.160385   -0.794753     2.46211   -0.233278   -0.352886   -0.823522     -1.1446   -0.987548    0.149896    0.099463   -0.378899  -0.0714793   0.0878608     2.70159   -0.570047   -0.116828   -0.658917     0.25767    0.447977   -0.803291    0.181159    0.690855   -0.672886    -0.23661   0.0237924   -0.567055   -0.711539     0.40142    0.089688      1.2171     0.83151    -1.58611   -0.968055    0.457359   -0.501166     0.10911   -0.476413
    0.02523    -1.78827     2.32328     1.55197     2.50672    0.540063    -0.87875    0.502086    0.982064     -1.0261      1.0919    0.603896   -0.734318    0.955637  -0.0674409    0.382452    -1.38622   -0.527638    0.141956    0.749657    0.751361    0.338846    -3.57846  -0.0896095   -0.835878    0.019727   -0.376045   -0.541493    0.220066     2.20395  -0.0951998  -0.0514275   -0.134366     3.54486    -1.48218   -0.328814  -0.0793624    -2.96991     0.76515     -1.4538   -0.355679    -1.21748   -0.637692     -1.2394    -1.59756    0.314106    0.223628    -1.09134     1.60588    -1.77741
   0.395625     1.13008   -0.815834    0.584534      -0.851     -1.4547   -0.284636     -1.0161    -1.35672    0.840588    -1.75678  -0.0787232   -0.397943   -0.245078   0.0750258   -0.322205   -0.740916    0.295299   -0.329113    0.258421    0.442847   -0.483499     0.14086    0.219488    -0.78495    0.125446    0.132918    0.307479    -1.12431   -0.291007   -0.814124   -0.624025   -0.420916    0.810435   -0.644251   -0.156206   -0.622751   -0.624432    0.656559   -0.448472    0.797994    0.542444   -0.507057   -0.223819   -0.125647    -1.09668   -0.438843    -1.30858   -0.743725   -0.409927
   -1.06333   -0.827359    -2.32712    -2.43302    -2.05279    0.133841   -0.893041    -2.00106   -0.989946    0.216809    -1.24825   -0.467156   -0.267051    0.165921    -1.00515    -1.36997     1.35247   -0.249276   -0.422235    0.500163  0.00757406   -0.139617     3.65421     0.84573   -0.174589   -0.780142     -0.7587   -0.238121  -0.0173462    -3.00442    0.290193   -0.844178   -0.696218    -2.34105    0.323511   -0.284673     1.57973     1.87495   -0.258152    0.915858   0.0760136    0.637026    0.241925    0.937883     1.93204    -1.04297   -0.571615    -1.93669    -1.62967     2.21117
   -1.12247   -0.476011    0.381639    -1.11789   -0.675441     1.72082     1.46435   -0.434894   -0.305212   -0.331982     0.32629    -1.62911    -1.16054    0.280877    0.440389  -0.0967224    -2.64385   -0.289309     1.70282     1.12142    0.909602    -1.04688  -0.0569789    0.968368    0.415375    -1.33095     0.62361    -1.31324   -0.437141   -0.306962    -1.73786   -0.636264    0.214096   -0.136985   -0.437962    -1.21568   -0.198743    0.558898    0.648484   -0.487834   -0.441217   0.0989068   -0.461518    0.272564    0.507111    0.517158     1.36416     2.96927   -0.121271   -0.488983
   -0.19578    0.062588   -0.101089  -0.0275848  -0.0828754  -0.0810466   -0.184939   -0.401884  -0.0886924   -0.335546    0.162471   -0.404185    0.295541   -0.379707   -0.393419    -0.16029    -0.44195   -0.582494    0.135009   -0.355158   0.0519589   -0.148219   0.0906679    -0.70229   -0.076265    0.100398  -0.0594568  -0.0245767   -0.355666  -0.0951931   0.0382438   -0.210396   0.0927764   -0.231283    -0.19296    0.233295   -0.415279   -0.040811   -0.113742   -0.187274   0.0674482  -0.0825573   -0.140866   0.0761409   -0.528292   -0.437965    0.159953   -0.526103   -0.195256   -0.231405
  -0.115965     -0.3252    -0.30483  -0.0529354   -0.261189    0.100873   -0.222733  -0.0914497   -0.186548   -0.218196   -0.177769   -0.177767   -0.138492   0.0106677    0.179287  -0.0979157   -0.224983   0.0451468   -0.310583   0.0481158  -0.0588176   -0.441838   0.0912555   0.0707446   -0.230449   -0.283972  -0.0778819   0.0376606  -0.0775262     -0.2912   -0.378035   -0.154964   -0.305367   -0.187293   -0.064727   -0.128597   -0.233713   -0.346588   0.0663377   -0.277462   0.0533242   0.0821061  -0.0673478    0.171321  -0.0524769    -0.16897   0.0175348    0.128561    -0.44222   -0.120412
  -0.278917   -0.143717   -0.496342     0.13409   -0.778139   -0.564247  -0.0876391   -0.879262   -0.201799   -0.186682   -0.498839   -0.284311    0.679434   -0.898164   -0.587411   -0.425159    0.421515   -0.437772   -0.877682    -0.31427   -0.252843    0.477762     1.60977    0.134904    0.196295   -0.377153    -0.59325   -0.473652   0.0407979   -0.810929     0.46818    -0.62766   -0.928788    -1.14399   -0.279631    0.165222     0.35597     1.16545   -0.555343    0.611505    0.113865   -0.240688   0.0396271   -0.609986   0.0293717   -0.455021   -0.174817   -0.817341   -0.611768    0.397683
   -2.27977    0.269183     0.28708    -4.53795   0.0806193   0.0412247   -0.595046      0.4432    0.229468    -1.06834     0.25073   -0.622198    0.760519   0.0419324    0.396329  -0.0582143    -0.29482    -1.08899    0.618145    0.550004    0.378044    0.965382     1.05976   -0.263822   -0.519488    -2.08275   -0.930393    -1.09457  -0.0550803    0.207622    0.985772     1.28524    -1.15993   -0.115342    -1.12884    -2.14567   -0.415985    0.305578    -1.26778     1.66609   -0.301784   -0.826504    -1.15946   -0.094616    0.315818    0.632103   -0.869346    0.829102    0.104395    0.494655
   0.302397    -1.20606     -1.8814    0.560824   -0.853557    0.400487    0.991436   -0.403044   -0.561596     1.98973    -5.92082    -1.46305   -0.781111    0.652372    0.296413   -0.821912  -0.0435234    -1.51571    0.254497    0.276159   0.0102631    -1.14124    0.468521   0.0334022    -1.89145   0.0894203    -1.08457  -0.0700399    -1.39123    0.256826    0.555703    -2.21345    0.320528   -0.953521   -0.897387     2.39448    0.765245   -0.413073    0.976039   -0.543935    0.166155     1.49347   -0.656408    -1.52398   -0.895425    -1.17742    0.769852    0.255485    -1.41857   -0.799947
    -0.1426   -0.361358   -0.215733   -0.285967   -0.186174    0.041503   -0.272234   -0.160106    0.312418   -0.186479   -0.595448   -0.352535    -0.25878   -0.402798  -0.0849096   -0.244046   -0.107114   -0.319797   -0.130522   -0.406796    0.163192    0.257107   -0.397397      0.0704   0.0508142   -0.361235   -0.419028   -0.180845   -0.279139   -0.324922   -0.328895   -0.128113   -0.358148   -0.277182  -0.0116608    0.266405   0.0297762   -0.196749   -0.379021  -0.0677074  -0.0600093  -0.0227374    0.076431    0.457577   -0.393866   -0.310705    0.226612   -0.527262   -0.169906   -0.180324
   0.574056   -0.227018   -0.857654  -0.0696983     -1.5785    0.769022    -1.23458    -1.31129   -0.617392    -0.66224    0.159096    -1.70092     0.83742   -0.195699    -1.43648     2.75853   -0.132812   -0.423952   -0.712221    -2.12338   -0.927009   0.0705556    -1.08218   -0.758824   -0.383418    0.286396     4.11556   -0.418429   -0.122827    -1.14708    0.454191    0.760886    -1.25693   0.0557124   -0.546838    -1.13177    -1.15623    0.631904    -1.26666   -0.866562   0.0648116  -0.0589249     1.42275    0.484224    -1.41237   -0.466401    0.944413   -0.721298   -0.406912   -0.415115
 -0.0184564    0.228788    0.151505   -0.880351  -0.0832885    -1.40263   -0.210883   -0.738557   -0.205828   -0.717975   -0.382235   -0.631908   -0.797513    0.305694    0.161843    -1.35097    0.223941     0.15972   -0.123086   -0.724144    0.244341      1.1189 -0.00324676   -0.590702   -0.338408   -0.914162    -1.96659   -0.321734    0.203704    0.388695   -0.792464    -0.30407   -0.541022    0.312576   -0.737978   -0.351775  -0.0626715    -1.38541    -1.51633    0.305611   -0.779199   -0.425672   -0.973016    -1.23091   -0.258802    0.177408    -1.12826   0.0912659    0.733766   -0.150721
    1.42638     -1.0483    0.701092    0.347927   0.0266952   -0.126005    -1.38364     1.41828    0.206268   -0.669269   -0.122197   -0.438728   0.0663729    0.354486    -0.71908   -0.233506   -0.374207    0.278145    0.331048    0.323096    0.381598    0.960743    -1.65669    -2.34101   -0.182922    -1.49133     -1.4386   -0.570502    0.107264    0.760147   0.0356772  0.00589097   -0.660345     0.52914   -0.554525    -1.16694    0.791985    -1.78451   -0.523105    0.345393  -0.0274217     -1.1568    -1.75076   -0.934249  -0.0383662   -0.871898    0.435962    -2.43691    0.869355     0.26738
   -1.54763   -0.586649    0.952185    -1.56078    0.569869    0.173847   -0.924942    0.397566  -0.0409911   -0.974604   -0.578606   -0.597527   -0.712684   0.0404828    0.920078   -0.698279    -0.13756   -0.632448     1.50515    0.475012    0.512362    0.135187   -0.275801    0.183506   -0.365865    -1.37343    -1.76336  0.00697051    0.490565   -0.150868    0.180081     0.93612   -0.545953    0.600818   -0.322937   -0.675886   -0.639779   -0.540559   -0.820225    0.260889   -0.991022   -0.201674     -1.3195   -0.266623   -0.389354    0.745985    0.114065     1.27531    0.333203    0.446047
   0.151674   -0.292781    -1.93931    0.484216    0.137891    -3.68738    -2.00062    0.832703   -0.456292   -0.419745    0.113873     2.50575    0.409105    0.899612    -1.99542   -0.206194     3.18453    -1.19634    -3.06623    -1.79316    -2.54531    0.598356   -0.102741    -2.14009    -1.16888    0.527073   -0.270688   -0.373488    -1.85657    0.564826     1.57184   -0.428461   -0.354546   -0.579263   -0.318928   -0.822192    0.192885    -1.63989   -0.990783   -0.183291    0.209011    -0.82535      1.0493    -1.35056    0.251706    -1.60827    -3.75232   -0.929924     -1.1691   -0.645548
    1.25673    0.362211    0.577537    0.730083   -0.288136      -1.068    0.244865    -1.48203      1.8357   -0.380647   -0.398171    -1.69742     1.00935    0.117947    0.640909   -0.128873      2.9443     -1.4964   -0.172165    -1.05511   -0.605561     2.38157    -2.56415     0.46152    0.226014    -1.70619    -1.95537    -1.68265     1.20101    0.762611   -0.789605     0.18137    -3.11926    -1.67258   -0.137676   -0.630495    0.788637   -0.196893    -2.71171    0.638065   -0.980085    -1.53939    -1.19179    -1.04499    -1.31728   -0.687994    0.325708     0.51947   -0.130097    0.364009
  -0.332752    0.250376   -0.040973    0.675615    0.359697    -1.34102   -0.855053   0.0560384   -0.258493   -0.539907    0.904155    0.634773    0.038163    0.934343    0.093493     -0.5589    0.593607    0.532113    -1.17391   -0.797429    -1.15482   0.0369741    0.397287   -0.582862  -0.0350374    0.712839   -0.586863   -0.385056    0.525117    0.175556   -0.590363     1.12149   -0.683325    0.776942    0.550195    -1.88191   -0.787745   -0.632739   -0.344355   -0.925484   -0.870857    -1.33919    0.860252    0.113937    0.221393  -0.0443958    -2.05199    -0.27367  0.00328838   -0.514349
   -1.62683    -1.38731   -0.187523    -1.28042   -0.156093     -1.2362   -0.718006    -1.59996   -0.368603   -0.349753   -0.213353   -0.503681    0.849064    -2.79611   -0.959857      2.2481   -0.572487   -0.731062    -1.64546    -1.95831   -0.756869   -0.621504    -1.51971    0.706489     1.11704   -0.378654     1.41521    0.206995  -0.0830681    -1.98245   -0.107298    0.670715    -1.09122    -1.19253   -0.381479   -0.833688    -1.01389    0.247381    -1.15374    0.396166    -1.16709   -0.588305    0.661282    -1.40028   -0.809174    0.285342   -0.186203   -0.416085    0.349617  -0.0689385
  -0.344484   -0.386756   -0.113692    -6.10632   -0.608415    0.406213    -1.27262     2.20157   -0.377337   -0.912886   -0.099157   -0.645669     0.68449   0.0559806   -0.251943    0.308522     1.57592    0.451217      1.6728   -0.117845    0.584459     1.30024   -0.973417   -0.913476   -0.375599    -3.40618   -0.236509    -1.01861    0.774946    -1.13065  -0.0367403     1.29164    -1.04592   -0.186843    -0.39442    -1.04128   -0.116179    0.131592   -0.775195     1.93327   -0.761588    -1.41575    -1.58018    0.811402    0.103368    0.087833    0.229569   -0.252076    0.476769     1.47119
    2.11312    -1.67998   -0.354996   -0.732893   -0.120365    0.936494     -1.6932  -0.0129875    0.781204    -1.68435     1.15124   -0.829443    -1.81982     1.62093    -1.09051    -1.30164   -0.627121    0.770774      1.5865    -1.18994     1.26415     0.50598     1.81778   -0.556794    -1.34878  -0.0799259   -0.716987     -1.0267    -2.98552    0.612907   -0.470879    -1.21739     1.01805     1.73949   -0.193947     0.95076      1.5934   -0.125336   -0.826412    -3.04909     4.57785    -0.95482    -1.26364     1.00927     0.67592   -0.468687    -1.41207    -1.63115    -2.00498    -1.06176
  -0.249236  0.00740466  -0.0427039   -0.174663   -0.333478    0.117715   -0.030182   -0.297326   -0.203632  -0.0794231   -0.375854   -0.231705    0.141344   -0.436641   -0.057502    0.248964  0.00885389   -0.106446  -0.0655547   -0.279742    0.130827  -0.0506252   -0.248478   -0.124569  -0.0494598  -0.0670796    0.329106    -0.23198  -0.0496151    -0.32483   -0.253217   -0.306611  -0.0557032   -0.263037    -0.22547   0.0589155   -0.191184    0.173515    -0.35746   -0.307982  -0.0329821  -0.0750245   0.0905133   -0.102485   -0.352018   -0.221629  0.00216313   -0.360644   -0.200408   -0.322426
   0.374453   -0.350064    0.337978    0.558301     0.58019   -0.374353   -0.321508   -0.345544    0.279247   -0.068891    0.323802   -0.165222    0.885859    0.109738    0.388474   -0.124103    0.899028   -0.421851    0.200403   -0.624819   0.0656962    0.579767    -1.33745    0.981285     0.31987   -0.657144   -0.394963   -0.448366    0.420922    0.370878   -0.630544    0.280347   -0.878546   -0.180386  -0.0887918   -0.333008    0.331553    0.817582  -0.0735678  -0.0696411   -0.363097    -1.21341   -0.723791   -0.434611    -0.90718   -0.561804   -0.486653  -0.0799665   -0.403572    0.421209
    -2.3783   -0.721418  -0.0282077   0.0187887    0.642041   -0.246314    0.492257    -2.29694   -0.415384    0.305146    0.954373    0.295491    -1.34359   -0.294116     1.79949    -1.74824   -0.160425 -0.00114171    0.434829     1.14767    -1.39218 -0.00948401     1.38636      1.5594    -0.35239   0.0296874    -1.65011    -1.98743   -0.605025    -1.20423    -2.11328    -1.18531   -0.678029    0.204506     4.89756   -0.298247    -1.03332     1.87912   -0.101468    -2.70902     -1.7987    -2.53263    -2.14514     3.59018    -0.15846     1.07171    -2.81779    0.714789   -0.619746    0.318605
   -1.27976     1.28155    0.288116   -0.344443   -0.269092    0.436683    0.810425   -0.791909    -1.03353     0.16721    0.199752   -0.797087    -1.09917  -0.0947927    0.519146    -0.65083    -1.35665     0.30193   -0.373213    0.731762  -0.0989325    -1.98486  -0.0193038     1.17812   -0.336756    0.376815   -0.791106   -0.336149   -0.653418   0.0348799   -0.852609    -1.42676      1.0945   -0.774712  -0.0749022    0.561051    -1.26524    -1.33863    0.311614    -1.15108   -0.768398    0.212715   -0.123681   0.0704187   -0.523815 -0.00725025   -0.634001     1.50686   -0.480443    -1.16733
   -2.00757   -0.334254   0.0182312    -1.14602     0.82732   -0.361188      1.6493   -0.351309   -0.246537   -0.401352    0.424819    0.264133   -0.274418    -2.57129    0.341618   -0.105065    0.193543    0.556944   -0.931785   -0.324838   -0.811841    0.192155   -0.818508     1.20155     1.40232   -0.191451   -0.199284    0.471802  -0.0462842    -1.76258  -0.0712216    0.643463    0.570193    -2.55648   -0.740142    -0.16694    -2.26322   -0.629942   -0.873067     1.30153    -0.67685    0.106376   -0.970847    -1.47301   -0.146217     1.52015    0.370059     1.13368     1.04939    0.499011
   0.195602   -0.234701   -0.341822   -0.287824    0.114104  -0.0613608   -0.470754   -0.147302    0.209535   -0.545804   -0.431566   -0.425733    0.599256  -0.0687269    0.164271   -0.683597    0.739327  -0.0601613    0.170132   -0.735526    0.151237    0.816903   -0.189156    0.380487   -0.337713   -0.624971   -0.863256   -0.374836   -0.166021   -0.036239     0.19045   -0.300398    -0.71453  -0.0784936   -0.148029    0.530041   -0.265542    0.482985   -0.967896   -0.215777   0.0548736   -0.850544   -0.564156    0.242136   -0.873655   -0.910748   -0.184404   -0.541235   -0.505865    0.159985
   0.111341    -0.40893   -0.236002   -0.383461     -0.1101   -0.368772   -0.401585   -0.361046   -0.286514   -0.211808   -0.190388    -0.16602   0.0608342   -0.355614   -0.544505    -0.19811   0.0606299   -0.142581   -0.256024   0.0462282  -0.0709378   0.0746709     -0.1296   -0.301538   -0.106729   -0.594749   -0.318479   -0.265216   0.0819062    0.108997   0.0148276    0.190563  -0.0423056   -0.363738  -0.0555496   -0.278576    0.418354  -0.0403686   -0.270518   -0.089534 -0.00496098   -0.330013    -0.14094   -0.194278   -0.160481   -0.429745   -0.101743    -0.19997   -0.169155   -0.161176
   0.306557    0.518449   -0.149358   -0.234037   -0.290618    -1.08569    -1.50058   -0.222366   -0.625395   -0.263618   -0.697683   -0.521735     1.17381    0.247056   -0.663708     1.04931    0.553894    -0.43381   -0.803644   -0.971626   0.0673621  -0.0862241   -0.322563    -1.41635   -0.656324   -0.544381     1.10369    -1.08217   -0.868369    0.132822   -0.204117    0.153041    -1.55137   0.0769051   -0.572139    -1.05012   -0.596803   -0.166266    -1.10563    -1.69114     1.16022     -1.3492    0.564218    -0.23837   -0.638029    -1.02634    -1.52767   -0.523389   -0.191768   -0.801447
   -0.62625   -0.954621   0.0245065   -0.132517     0.59907   -0.159729  -0.0464828    0.402168   -0.142424     1.17008    -1.98011   -0.980506    -0.77049    0.148467    0.263766    -0.59948   -0.146297   -0.863066    0.296991   -0.208671    0.793184   -0.813372    -0.64552   -0.355695   -0.507213   -0.423452   -0.410563   -0.813378    -1.51841    0.334449   -0.236232    -0.89332     1.28907    0.818161    0.425815    0.973826   -0.287831   -0.537315     1.31269   -0.723198     1.09207   -0.671424   -0.493421    0.582895    -1.56299   -0.466346 -0.00514339    0.157198   -0.484815   -0.288397
   0.842368    -1.22255     1.25116     1.73412  0.00441331    -1.39049   -0.754767   -0.641964    0.164747    -2.49442     1.83532   -0.203256    0.652938 -0.00648894   -0.330601    -1.21228     -1.8466    0.943262   -0.342307   -0.650106   -0.934447     1.87416 -0.00724738   -0.688427    0.871535   -0.349096    -1.28482    -1.04691     1.21703   -0.845226    -1.83553     2.74891    -3.04668       1.127    0.431154    -3.54296   -0.726772   -0.832441    -2.56376    -1.10318    -1.76097    -1.40679   -0.809272    0.436964     1.09836    0.403673     -2.0771   -0.461149    0.681694    -0.43174
  -0.628716   -0.543136    0.544976    0.104734    0.637206     -0.4803     1.27039   -0.193427   0.0732114  -0.0689433    0.450434   0.0325267   -0.320471    -1.40118    0.919384   -0.478356    -1.44798   -0.206234    -0.19954     1.01925   -0.580298   -0.699122    -1.14825    0.513135    0.690516   -0.581844   -0.970689   -0.749524   -0.195366    -0.37665    -1.56957   -0.102156   -0.746403   -0.164466   0.0430541   -0.545778   -0.859913   -0.200325   -0.303955    0.404117   -0.444272     -1.0751   -0.613911     -0.7728   -0.703839   -0.288245   -0.240615    0.861513    0.626828   -0.867895
   0.504544   -0.309403    0.952932   -0.233622     0.90299    -1.60149     1.04345   -0.184428     3.52717    0.295734   -0.882905   -0.854568     1.69121   -0.175022    0.167811    0.151833     3.19441    -5.26122    -1.03154    -1.34026   -0.469854      1.5101    -1.74802    0.122185     1.11028   -0.589663    0.635502    -3.13048    0.295992    0.775871     1.34565   -0.183997  -0.0521665  -0.0467623    0.834313     1.64108  -0.0858845     1.29051   -0.201797    0.188323    0.800384    -2.33146     1.40357   -0.229099     -1.6676    -1.02227    0.965524    0.514933    0.108678    0.473302
  -0.141968    0.280029   -0.106536    -0.13052   -0.311138   -0.244035    0.183922   0.0859858   -0.265463  -0.0450707   -0.220373    -0.14147    -0.17467  -0.0878257    0.114181   -0.424874   -0.119765  -0.0912607   -0.245358   -0.252433   0.0340151   0.0477666   -0.566583   -0.113961    0.141197   -0.188752   -0.243271   -0.164856   -0.126824   -0.320742   -0.242439   -0.350219  -0.0489756   -0.054164   -0.191573   -0.155986   -0.307484  -0.0735397  -0.0948486  0.00554415    0.236061   -0.119036   0.0933168  -0.0885106   0.0123205  -0.0822518   -0.123247   -0.153389   -0.123465   -0.304127
  0.589712
   1.30819
 -0.662901
   0.68021
  -1.23747
   -2.7749
   1.75381
  0.632044
  0.509484
  -1.08325
 -0.934639
  -1.48649
 -0.530796
  0.763948
  0.255638
-0.0839631
  -1.00108
 -0.620141
 -0.899254
 -0.258599
 -0.727578
 -0.657737
  -1.14827
 -0.954456
 -0.868341
   1.40278
  0.379985
  0.186689
 -0.588717
  -1.73953
  -2.33412
   1.87888
  0.986243
 -0.318343
  -0.68528
  -1.80774
  -2.02884
  -0.93076
  -1.41399
  -2.00187
  -1.36795
  0.359321
  0.103042
  -1.25187
 -0.086506
 -0.789844
 -0.840981
  0.282794
   2.93705
  -1.14677
1
4
50 10
    0.681916     0.318058    -0.537195     0.205077     0.445753     -0.16275      1.69614     0.965718      1.67997     -0.51673     0.257499  -0.00442307     0.973598     -2.73882    -0.587783     -2.32915    -0.191926       1.4634     0.180948     0.372325     0.694172      0.45129     0.162071     0.580015     0.554558     -10.6532     -0.26309     0.468761    -0.156387     -1.18355   -0.0708857     0.578721    -0.374168     -1.31228     -2.68338     0.475212      2.58431    0.0948274     -1.14486      1.46125      1.00618     0.355978    -0.521662   -0.0531809    -0.814625     -1.53202     -4.92721     0.503679     -2.42218     0.257851
     1.25853      0.93974     0.326489      1.04321   -0.0391444    -0.897537     0.986381    -0.572853       1.8305    -0.946858     0.266347     0.319657       -5.626    -0.490467      1.03587      1.16858     -3.73699      2.04006    -0.304013     0.571123   -0.0885293     0.230183    -0.162255     0.341896      0.55466     0.899221     0.393971      -8.6466      1.91598     0.145781     0.432292      2.51342      2.12238      2.35594      -2.0685      1.22954     0.633567    -0.369348     0.622798     0.979742     0.250111      1.48677     0.346099     0.574082    -0.867412    0.0231058      1.95052     0.232668   -0.0478145     0.337029
    -4.64805       1.3642    -0.103451       1.6951      1.13293      1.72951     0.186523   -0.0881663      -2.3723      1.07061    -0.372137    0.0158365      2.72698      0.25326     -1.71813    -0.338913     -1.67985      2.15669      1.09814      1.48637      1.36127    -0.630483     0.152164    -0.107901      2.26022      2.32571    -0.239703     0.436703     0.671892     -1.62554     0.847033      0.28151    -0.358089     0.753712      2.62692     0.442099       -1.015     -0.15466      1.56646     -10.5991     0.804055      1.29233     0.537035    -0.150772    -0.580336    -0.301564    -0.202589    -0.347008     -1.33171     0.135609
     -2.2248     0.610428    -0.366879     -7.68918     0.476262     0.678126     -1.51107    -0.351656     -1.88481      2.78769     -0.76042    -0.164783    -0.362171     0.950594    -0.891321     -1.13711      2.05398      1.47637    -0.212706     0.809326     0.169371    -0.323885   -0.0148367    -0.628754     0.846296     0.834872    -0.615331      2.09364   -0.0328395     0.112499     0.674107      1.76195     0.661921     0.738048     -2.33548      1.44833     -5.81731    -0.332564    0.0878858      1.54403     0.566625     -3.15318    -0.446283   -0.0437838     0.190557     -1.40451      1.40252     -1.69515     -1.44108    -0.309717
    0.566332     0.373822     0.138508     0.225831      -2.2653      1.16281     0.415268      1.16938      1.19903     0.558481     0.100894   -0.0140772      1.58935      0.28174      1.29517       1.5697    -0.220343     -6.85888    -0.024153     -9.00767     0.867059   -0.0878176     0.441004     -1.65196     -1.71533      1.53237   -0.0447507      1.69814     0.204562    -0.338732    -0.251693      1.64583     0.379531    -0.281871     0.976986      3.27584     0.535167    0.0568063    -0.246155       1.9097     0.733534      3.06026     0.122204    -0.043262     0.532335    -0.908529     0.259568    -0.189122     -0.11882     0.125095
     2.22369     -7.26946     0.186891   -0.0473128      1.13494      2.29872     0.686334      1.72755     -4.96865     -4.94256     0.182403    -0.172668      0.93042    -0.112277     0.179448     -1.92978      1.41729     0.875558     -1.89476      1.41133     0.637866     -0.13993     0.272353   -0.0237232    -0.449852      2.28494  0.000729173      1.12559    -0.385971      1.07093    -0.573373      1.32725    0.0528095     0.207645      2.11719      1.30968      3.34201   -0.0023041      0.36715     0.446991     0.114567     -3.12169   -0.0148173     0.490871      1.19054      1.24777     0.518289    -0.145925     -1.17911    -0.101668
     2.27391        2.241     0.345797    -0.507436     0.760634     -1.79833     -2.96082    -0.145107    0.0828949     -1.28824     0.775885    -0.178175     -1.30717     0.659965     0.520553      2.38499      2.75275     0.504592      1.72385      1.46003     -5.80534     0.481242    0.0341806      0.38948       0.1968     0.933248     0.757746      2.47846     -1.17443      1.13053     0.279929     -9.92594      1.18536     -1.82888      2.81098      1.88282      2.13707      0.37671    0.0252961      1.33063    -0.190108     0.152969       1.5413    0.0949907     -1.49332    -0.400687    0.0826959      -1.9302     -1.29803     0.241698
   -0.670634     0.655156     0.181065      1.29717    0.0223028     -2.21941     -1.40744     -0.33624      2.55772     0.170799    -0.404489    -0.176015     0.406209     -2.88083     0.173327      2.00077    -0.805388      0.88225     0.976122     0.823486      1.03914     0.201332   -0.0968351    -0.873568     0.286826       1.5238    -0.343117     -1.30815     -1.02264    -0.467145     -1.08114      1.72617     -4.65293    -0.363925    -0.797793    -0.698958    0.0337238    -0.174761     -2.05043      2.48911   -0.0262615     0.418705     -1.40934    -0.637735     -1.46804      2.50706     -1.27106      0.13004      9.27695     0.047071
     0.95416     0.378733     0.132715      3.37373     -1.50439     -1.27581      1.40198     -2.13254      1.31145      3.34217    0.0376251    0.0658725     -0.10869      3.88715   -0.0955056     -1.50167     0.696052     -1.86894    -0.779091      2.60413      1.61798     0.179568   -0.0939183      1.85602     -2.98376     0.138852    -0.137514      1.82826   -0.0670508      1.07283    -0.196874     0.155612      1.15417   -0.0576962    -0.123531     -9.93653     -1.42865     0.209212     0.644755     0.566954     -2.48796    -0.492555     0.959107     0.143603      2.74214   -0.0190508      2.43459      2.65426    -0.941317    -0.350313
   0.0106032   -0.0132704    -0.151286     -0.08002   0.00273633    0.0255909    0.0177308 -0.000598392    0.0196921   -0.0129418   -0.0220381     0.157757  -0.00923477   0.00212013    0.0179463  -0.00151255   -0.0303942   0.00742272    0.0390953    0.0143494    -0.022339    0.0459689     0.112493  -0.00707423     0.047398  -0.00806988  -0.00115027     0.021264   0.00564457   -0.0445894    0.0343881 -0.000521978   0.00276317   -0.0208983    0.0545994   -0.0392034   0.00951715    -0.103788    0.0322993   0.00610423    0.0149416    0.0478053   -0.0290994     0.103439    0.0128811    0.0150537    0.0146593     0.010617    0.0178557   -0.0419784
   2.36507
 -0.594999
   1.41363
   2.16868
   1.47633
   0.20337
   1.19501
  -5.73134
 -0.649999
-0.0100276
