3 8 0.5 200
1
1
9 50
 -0.721907   0.931761   -3.57105   -1.47685  -0.606814     2.6615   0.289352   0.745494  -0.638706
 -0.959264 -0.0954297  -0.497543  -0.346698  -0.694852     4.9054  -0.590328  -0.148382   -0.13112
  -1.27507   0.103036   0.589345   0.454209    2.22528    1.28463   -1.11381  -0.230838   0.258258
  -1.12763    1.08096   0.324498   0.951305    1.88548  -0.408139   0.257315   0.250604   -5.63494
0.00178031   -1.28607    1.04149  0.0282046    2.19802    -2.3553    2.30704  -0.440892  0.0248547
   1.37199    3.08746  -0.610109   -1.44215   0.407405   -2.05231   -2.91003    1.95936   0.680249
  0.443845  -0.188909   0.756806    2.53648   0.157902   0.791986   -1.62176  -0.387157   -1.23749
  0.056419   -2.08873   -1.26733     -1.371    2.34098   -1.54309   0.259551    1.26719    2.80331
-0.0965328    1.60928   0.410809   0.343349    1.12925 -0.0172578   0.338164   -2.40855   0.566603
   2.20483   -1.05622    1.27053   0.517035  -0.453111 0.00424954  -0.138862  -0.703656  -0.631174
  -5.11647   0.778132    1.20365  -0.377537   0.029438   0.918556   0.333711   0.859175   0.595331
  -1.09614  -0.699039    0.20834   0.584692   0.251361  -0.676688    2.82935    1.04129   -0.40062
 -0.800986    1.83135  -0.836282   -1.08811  -0.949358   -1.91399    1.42209   -1.50722    2.32315
  0.697683   0.456609   0.259841   -4.01375    1.33681   0.820776   0.469577  0.0285905    1.42289
  0.594969   -1.47382    1.36512   0.433067    1.83501   0.433949   -1.31507  -0.662693   0.709835
 -0.282046    2.98516  -0.840801   0.398472    0.59651   0.537218   -0.56532  -0.989567   0.866667
   1.10874  -0.605633    1.12066  -0.568942   -1.43107   -1.46154    3.25967    -2.1269    1.66781
  -1.34406   0.267115  0.0285727    -1.6988   -0.10297  -0.656838  -0.052411    3.76821   0.148425
  0.974617  -0.453279  0.0034243   -2.45938    1.11009   -1.20292   -2.25552  -0.344222    2.57773
   1.74936   -2.13383  0.0580977   0.932583    0.96533  -0.165627   -1.54745    1.48258    1.61775
  0.458561  -0.896473  -0.652579   -1.43529    1.16673    1.38939   -2.25349  -0.405218    1.63835
 0.0507153    3.81437  0.0301928  -0.210842 0.00653448  -0.384204    1.23222   -1.35666    1.49869
-0.0275105    1.98409   0.641217  -0.781725   -3.84969   0.574567  -0.298124    1.93671   0.371022
  0.475146   0.297692    4.09804 -0.0858706   -0.56729  -0.562139  -0.623015  -0.306247   -1.28639
  -1.54315   0.362806   0.560915     1.8809  -0.641304   0.365543  -0.793668 -0.0999387   -0.52294
 -0.411016    2.34957   0.603901  -0.505751  -0.275801  -0.924386   0.338323    1.43411   -3.19795
  -1.00637     4.3914  -0.640925  -0.522487   -0.86336   0.222517  -0.959782  -0.273734  -0.187018
  0.147302    1.18875   -1.04329  -0.149514  -0.501932   -2.01456   0.774404    3.66315  -0.904879
  -1.26019   0.628543   0.157075    2.98615  -0.785119   -0.64891   -1.13379  -0.163322    1.46683
  0.596453   -1.02068  -0.166758   -1.99962    3.37272  -0.573145   0.347808   -1.01591    0.67363
   1.23932   0.713838   -1.20017  -0.501776 -0.0284416   -3.73234    1.98186   0.165645    1.09033
  -2.61689    1.67629   0.478556  -0.231073   0.990696   0.192128  -0.743909   0.193584    1.69889
   1.89816  -0.731596   0.907035  -0.729927   0.416013 -0.0404983  -0.877976    2.20455    -2.4488
 -0.669349    1.20385     1.3536   -2.06318    3.31497   0.769936  -0.242589   0.420751   0.546086
  0.177681   0.354242    4.09984  -0.772769  -0.289308  -0.626384 -0.0185595   -0.31583  -0.336287
   3.03933   0.524163   0.492821  -0.936966 -0.0946726   0.104137 -0.0247544  -0.371135   -2.33216
    1.0087  -0.120606  -0.532211   -1.15387  -0.959869    3.88817   0.130414 -0.0459598   0.354949
   0.48226    1.72664    2.00024  -0.159888   -2.27676  -0.290797   -1.27587   -1.03857   0.376846
  0.921748   -3.14207   0.842783  -0.374579   0.858878  -0.588952   0.107791    1.61063  -0.210219
  0.315179   -1.33222    -2.1785    3.23262   -1.80246   -1.32197  -0.341125  -0.703848    2.54454
   1.44212   0.284339  -0.539663   -4.30075   0.150636   0.224341  -0.287605   0.498821    0.72721
  0.564535    1.75514   -1.80185   0.489453  -0.482949  0.0968333   -1.14842    3.34229  -0.862422
  -1.03106    2.50591  -0.322824  0.0218057   -1.68661   0.680514   0.413551  0.0274358   -2.20501
 -0.546311   0.675075    3.74955   -1.74674  -0.879859   0.290504   -1.11036   0.814007   0.853333
   -1.9405  -0.578057 -0.0974299   0.965404   -1.54269    1.97417  0.0709041    2.59353   0.272683
  -1.48568    1.56201    1.21788    1.09424    1.06114   -1.82886   -1.51742    1.37172   0.560912
   1.53743    1.04384   -2.39956    0.78123 -0.0478716  -0.583903   -3.36936  -0.142938 -0.0362919
 0.0596189  -0.157862    1.58176  0.0515095    1.53522   -1.29879   -4.12413   0.247086   0.327251
  -1.24333   0.290774  -0.827562    1.67271    1.37813    0.53539  -0.843262   0.364866   0.685288
 0.0983768   0.290778    0.56159   0.940009   -1.50012 -0.0888591  -0.322646 -0.0092057    1.75501
  0.893665
  -2.56508
  -1.39912
   1.28078
 -0.860443
  -1.60876
 -0.869356
  -1.82873
   1.70586
  -1.72568
    1.6769
 -0.470096
 -0.898592
   1.49105
 -0.112765
  -3.29843
 -0.335726
  -1.16282
-0.0404422
 -0.118312
  -1.24861
  0.779214
   1.21917
   1.62866
  -1.44014
 -0.660988
  -3.03816
  -1.78829
  0.226401
 -0.473824
  -1.22431
 -0.965476
  -0.95351
-0.0945137
  -2.25671
-0.0660991
   1.68068
 -0.791909
  -1.44754
 -0.231353
   -2.2372
 -0.432826
  -1.65834
   -1.8486
   1.08671
 -0.227572
 -0.857015
  -2.17421
  -1.10957
 -0.150925
1
1
50 50
     1.68844     -1.10534    -0.356833     0.245062    -0.877089     0.107484    -0.508449     0.290249    -0.310517     -1.12063    -0.305969    -0.825349     0.556281     -1.75185     -1.32394     0.994794     -1.00397    -0.210275    -0.368579    -0.907442    -0.212486     0.881432    -0.547208     -2.54279    0.0324366     0.178827   -0.0149313    0.0484404     -0.62673   -0.0289062       0.7478   0.00209717    -0.105669     -0.62885    -0.630629     0.225586      0.25972    -0.316144     -1.05822     0.149311      1.34067     0.198737    -0.216249    -0.868192     -1.01075     -1.22348      1.52664     -1.66852   -0.0222888    -0.427649
     1.78816      4.21887     0.425848      1.40764     -2.21694     -2.24016     0.305524     -1.89284    -0.218218    -0.323788     0.319487     -1.13253     -1.25585     0.954854    -0.460468    -0.567264    -0.993544    -0.845728    -0.978374    -0.326509      1.03766    -0.572302      1.07123     -0.29242   -0.0357927    -0.903011    -0.983864     -2.36358    -0.351865     0.195389     -2.52749    -0.396159    -0.360965      1.05899     -0.88415     -0.44246     0.172735    -0.522892     -0.87679    -0.659221     0.238554     0.200713    -0.633487     0.175337      2.10281     -1.36046    -0.831111     -1.81945    0.0511137    -0.585854
    0.142448    -0.398482    -0.438298    0.0611308    -0.266887   0.00837717   -0.0278304   -0.0592529     -0.35867   -0.0224594    -0.817229    -0.273545    0.0382647    -0.118571   -0.0412763    -0.306764     0.142223    -0.590162    -0.262027    0.0450933     0.111137    -0.144424   -0.0590924     -0.33789    -0.391355    -0.237501   -0.0598409    0.0817141    -0.292057    -0.177175    0.0327774    -0.416265     -0.26949    -0.015774   -0.0378777     0.227761     -0.23932    -0.165976     0.271497   -0.0778989   -0.0296611   -0.0768973    -0.176788    0.0831411     -0.22102    -0.273201    -0.118583    -0.426961   0.00181041   -0.0611613
    -1.11127    -0.569432     0.565508     0.315861     0.779449    -0.691502      2.10504     -1.24076    0.0175843    -0.331984     0.472934     0.672108     0.400865      -3.6095     0.544929    -0.103889    -0.417664    -0.903536     -1.41195      0.53333      -1.4993   -0.0228309     -1.43652     0.422617      1.78369    -0.120003    -0.497984    0.0282488      1.39563     -2.51097     -1.23742    -0.643103    -0.859344     -2.00142    -0.898359    -0.217231     -1.57267    -0.908097    -0.929602      1.83902     -1.74758    -0.473504     0.133995     -2.37663    -0.504883       1.1721     0.741325      1.05963      1.39417     0.515911
   -0.846381    -0.589024    -0.584699   -0.0889466     -1.17662    -0.951234     0.476059     -1.16334    -0.583842     0.348393     -1.14381     0.117901     -0.84413    -0.530688   0.00850817    -0.766235     0.363411    -0.843593     -1.06517     0.386235    -0.519075    -0.764744     0.734945     0.639447     0.291173    0.0131132    -0.495473     0.233542    -0.399923     -1.23153     -0.43967    -0.777921     0.659179    -0.501945     0.248447     0.507175     0.738748     0.136758     0.661029    -0.409452    0.0818501     0.211257     0.112637     0.141828     0.949988    -0.507902    -0.302702    -0.281041    -0.640224    -0.126748
    -1.19174     0.300917    -0.374019   -0.0618767    -0.528862     0.572915   -0.0786595     -0.25468      -1.5025     0.353069     -1.06204    -0.517137     -1.05787    -0.168628     0.651866    -0.211023     -1.38012      1.22825     0.452764    -0.218762    -0.114565     -1.17605     0.015685    -0.454777    -0.285966    0.0821765    -0.476539     0.380883    -0.928923    0.0531984    -0.760079    -0.459403     0.285175     0.130054     0.369086    0.0995906    -0.243905    -0.813457      0.31665     -1.22771     -0.73525     0.390734    -0.766127      0.38583     0.391941    -0.126011    -0.877429     0.743451    -0.414934     -0.46947
    0.838457    -0.589561     -1.54177     0.604206    -0.559948     -2.17779     -1.44727    0.0434859    -0.580786    -0.620687    -0.232223     0.688793     0.885763    -0.231925     -1.57507    -0.383504      1.24618    -0.372315     -1.20035     -1.51693      -1.0937     0.293209    -0.207377     -1.07043    -0.687456     0.725101     -1.12535    -0.512385     -1.72693     0.887622      0.82524    -0.320468    -0.104344    -0.420448    -0.403466     0.308572     0.929408    -0.721085    -0.387589     -1.01593      1.49778    -0.525171     0.349368    -0.334179     0.114695      -1.9205      -1.7288       -1.227     -1.23375    -0.742673
     1.17444    -0.823276    -0.622433     0.979979      -1.0804     -1.89067     0.633886      -1.5851    -0.733496    -0.317262      1.84146     0.137254     -1.82944    0.0419625     0.169321     -1.04452    -0.793088    0.0869215     -1.61119  -0.00182156     0.156214     -0.67272     0.620092     0.638818    -0.343669     0.578962     -1.19114    0.0407174    -0.324987    -0.764827     -1.25498    -0.909517      1.48609    -0.350102    -0.671933     0.544772      2.22005    -0.958974    -0.274212    -0.536034    -0.813196      1.05633    -0.257943    -0.448629      1.62813     -1.27818     -0.68282      0.01519    -0.170602    -0.319969
    0.923482      2.83777    -0.415259   -0.0164437     -1.68101     -1.80822    -0.498156    -0.366237    -0.685471     -1.26182    0.0222068    -0.472931     -1.11761    0.0464886     -1.00662    -0.581571     -1.07438    -0.648023    -0.452934      -1.2139      1.39442    -0.776225     0.393227     -2.43148    -0.191727    -0.798311   -0.0856796     -1.36371     -1.10596     0.798865     -1.74187    -0.660182     0.178706     0.326895    -0.688083    -0.345225   0.00894153    -0.385077    -0.959035   -0.0137901      1.65477    0.0303771    -0.142452     0.126337      1.00037     -1.23345     -1.08854    -0.984473    -0.718654    -0.804324
    -1.77825    -0.717637     0.038903     -1.38955      1.54413     0.727796    -0.409824      1.75108    -0.248089    -0.450046    -0.443846     0.575593        1.124     0.467668     0.343251   -0.0636234     -1.02458     0.231226      1.05421     0.570445 -0.000571339     0.204015    -0.897438      0.26243    -0.379029    -0.731011    -0.591843     0.770663     0.626572     0.449298      1.17253       0.4905     -1.01417    -0.193863    -0.642705     -1.06787     -2.26977   -0.0259573    -0.591838      1.26642     -1.61688     -0.53164    -0.600547     -1.06773     -1.22405      1.28809     0.695669      1.58659     0.544175      0.33904
     0.22344    -0.112302    -0.470439    -0.319349    -0.308569    0.0996995    -0.079741    -0.591783     0.307669    -0.147623    -0.301244    -0.477505    -0.233293    -0.256491    -0.308941     0.131411    -0.298475    -0.137029     0.126151    -0.300607     0.317577    -0.220931    -0.553468    -0.429745    -0.144739    -0.180413     0.117996    -0.312292    -0.135849    -0.328183    -0.124591    -0.111357    -0.141359    0.0159975     -0.24508     0.159592    0.0285551     0.247847    -0.278344    0.0194644     0.383248    -0.276443    -0.124316    -0.106345    -0.420422    -0.484494    0.0815541    -0.512169    -0.164685    -0.108491
   -0.211641   -0.0228102    -0.502599    -0.353989     -0.06188    -0.404513   -0.0395259   -0.0231672   -0.0743788    -0.272602   -0.0378846     0.068666    -0.151562    -0.220279   -0.0220525    -0.243064     -0.30729    -0.101227    -0.327994    -0.499961     0.047153   -0.0741474     -0.11785    -0.191282    0.0793925    -0.254546   -0.0245958    -0.157276     -0.32612    -0.122747    -0.325392   -0.0947665     -0.12931   -0.0856328     -0.08542    0.0321941   -0.0590648    -0.219349    -0.217733   -0.0538969    -0.227339   -0.0171393    0.0994639    -0.201394    0.0806065    -0.219333    -0.183132   -0.0408509     0.281069   -0.0453576
   -0.540934    -0.678808    -0.371946    -0.368645     0.510319     -1.25733     0.688232      1.43703    -0.225453     0.353259     0.290227      1.00505     -1.76309     0.632729      1.20479     -1.71075    -0.709041     0.416771      1.02926      2.12992     0.860268     -2.72627     -1.29828    -0.105946    -0.499494     -1.15213     -1.04559     -1.35807    -0.629814     0.415993     -1.31157     -1.25979     0.699536    -0.613896    -0.655392     0.330888     0.950843     -1.25449      1.97549    -0.568937    -0.218834    -0.796172     -1.30452    -0.995539     0.570852    0.0214648     -1.42118     0.273519    -0.470899    -0.413132
   -0.632667    -0.538601        0.922    -0.595487     0.284208     -1.00767     -1.02612     0.686602    -0.552951     -1.05279    -0.447269     -0.61037      1.35724     -1.09548    -0.568914     0.970254    -0.503058     -0.38094    -0.567082    -0.539972    -0.339804     0.595703      -2.3323     -1.04802     0.175976     -1.29155   -0.0652951    -0.559488   -0.0616463     -0.54639     0.932275     0.633928     -2.39626    -0.707513    -0.487647     -1.99557     -1.73247    -0.706298     -1.55437     0.326845    -0.533948     -1.40757    -0.928609     -0.26009     -1.58681    -0.496371   -0.0940444    -0.359098     0.690215    -0.331783
    0.409674     0.020711    -0.485939   -0.0612471    -0.314402    -0.240956    -0.338917     0.666878    0.0452288    -0.348134    -0.190499     -0.14547    -0.368011   -0.0656171    -0.597452    -0.416023    -0.123504     0.314807     0.146684    -0.128517     0.481029     0.406066      0.18323     -1.04579    -0.390411    -0.249356    -0.409048   -0.0851405    -0.195556   -0.0446907     0.364544   -0.0571641    -0.208091    -0.240017    -0.708101    -0.241258    -0.244027    -0.447797    -0.214622     0.661003     0.211659    -0.114723    -0.247664    -0.333338     0.127801     0.195624     0.511136     -0.58072    -0.101996    -0.233659
     0.10645     0.904226     -1.48827    -0.144257      -1.5201     -1.12949   -0.0637391    -0.147692    -0.772778     0.880344     -2.55576    -0.431454     -1.74957    -0.379114    0.0231959    -0.793268    -0.158449     -1.11413     0.732283     0.485705     0.659925     -1.04792     0.120903    -0.928745     -1.06545    -0.590246      -0.4243    -0.309639     -1.59087     0.680853    -0.796221     -1.67263     0.510898     0.145267    -0.762366      1.03467    -0.317701    -0.355349     0.411216    -0.327696      1.22867    -0.150312    -0.397801    -0.901701    -0.610011      -1.3876   -0.0826902     -1.61848     -1.50304     -1.03929
    0.916556     0.344159    -0.102641    -0.343041     -1.11589     0.495924    -0.858292    -0.587187    -0.377909    -0.329185    -0.148032    -0.941943     0.787532    -0.378803    -0.718454      2.12419     0.057955    -0.576973    -0.798221     -1.10615     -0.74785     0.139288     0.195203     -1.16033     0.110286    -0.187152      2.05632    -0.387968    0.0254428    -0.441457     0.393704     0.333989     -1.03473    -0.102539     0.565139     -0.53409    -0.162598    -0.236714    -0.573546    -0.306565     0.163758   -0.0208618     0.986804     0.200272    -0.972111    -0.955511     0.530398    -0.410374     0.279898    -0.374127
   -0.405554    -0.883828      1.34688     0.738699      1.29149    -0.322987     0.219554     0.372924     0.825646    -0.113986     0.302025    -0.278377    -0.561582     0.218492     0.702335     0.123106    -0.946782    -0.599166       0.1519    -0.177613      0.24817    -0.778493     -2.94285     0.140803    -0.176678     0.238531    -0.293532    -0.731356    -0.259442      1.37816    -0.676629     0.112245     0.674043      1.49976    -0.202094      0.72946    -0.864985     -1.73554     0.354949     -1.35607    -0.398342    -0.748053    -0.213853     -1.05395     -1.20803      0.28919   -0.0378453    -0.312765     0.628975     -1.41047
    0.676145     0.901291    -0.900668     0.484777    -0.804664     -1.12302    -0.136845    -0.877559     -0.67716     0.691607      -1.2167   -0.0243082    -0.366358    -0.155043    -0.201349    -0.197098     -0.31718    -0.109624      -0.5339    0.0850388     0.477549    -0.367484     0.261729    -0.122399    -0.495929     0.117461     0.206943   -0.0194729     -1.13496    0.0388812    -0.763839    -0.480723    -0.189005     0.299241    -0.232782     0.244085    -0.120683     -0.38088   -0.0661813    -0.387635     0.651217     0.578243     0.151679    -0.298734   -0.0923613    -0.890003     -0.14494     -1.86888    -0.798188    -0.348954
   -0.481711    -0.632667     -1.83673     -1.90636     -2.31998     -0.58303    0.0805434     -1.49501    -0.777199     0.339383     -1.45672    -0.572747    0.0297642    -0.570264    -0.763218    -0.505381     0.844974    -0.786011    -0.644527   -0.0183094    -0.217294    -0.165736      2.57378     0.380437    -0.079938     -0.19993     -0.18227    -0.438206     0.312638      -2.3768    -0.137238     -0.50041    -0.205957     -1.95427     0.341512     0.107728     0.941683      1.53514   -0.0661229     0.851304    0.0800988     0.628216      0.39121     0.179774      1.16233    -0.936675    0.0213097     -1.20856     -1.02837      1.39053
   -0.714775      0.26291     0.721879     -2.04086    -0.463128      1.18961     0.928594    0.0176735    -0.484487     -0.22269     0.696133     -1.53522    -0.630467    0.0640134     0.379146    -0.281241     -1.86055    0.0257102      1.43401     0.702643     0.776803    -0.822246   -0.0967717     0.797726     0.349465     -1.49218     0.177929     -1.14755    -0.254657    -0.545811     -1.39972    -0.416565      0.34898   -0.0771937      -0.4104    -0.668115    -0.376293     0.643704     0.573477     0.135899   -0.0586651    -0.291905    -0.448639     0.497731     0.413199     0.174436     0.671365       1.8733   -0.0591478     0.164738
   -0.117732    0.0622647   -0.0996172  -0.00439429   -0.0556479    -0.134881    -0.139299    -0.386064   -0.0411511    -0.273821     0.170156    -0.381656     0.267365    -0.295259    -0.344897    -0.148591    -0.381807    -0.606148     0.138741    -0.354292    0.0715986    -0.145274    0.0987059    -0.650896   -0.0590626     0.106597   -0.0600181   -0.0284973    -0.359899   -0.0110777    0.0556131    -0.173521     0.164444     -0.20956    -0.198828     0.272861    -0.327412   -0.0653245    -0.102564    -0.227855     0.109156   -0.0337302    -0.102736    0.0859836    -0.530118    -0.439434     0.170651    -0.513027    -0.204455    -0.255739
  -0.0945845    -0.245706    -0.275934   -0.0508193    -0.251277      0.11537     -0.22988    -0.069183    -0.175813    -0.207712    -0.199971    -0.149179    -0.103296    0.0326535     0.176241     -0.09172    -0.184923    0.0212119    -0.319793    0.0698003   -0.0229807     -0.41899    0.0669776    0.0251464    -0.226697    -0.307609   -0.0697109    0.0294593   -0.0656093    -0.263798    -0.387952    -0.132964    -0.338963    -0.147966   -0.0551135    -0.120705    -0.214216    -0.335393     0.117719    -0.223182    0.0917638    0.0624127   -0.0429813     0.176732   -0.0082038    -0.207418    0.0347398     0.124385    -0.417128   -0.0653791
   -0.177793     0.131345    -0.469349    -0.128836    -0.768858    -0.692118    -0.165744    -0.602207    -0.173497   -0.0263866    -0.575987    -0.436723     0.495751    -0.813835    -0.385652    -0.251766      0.59023    -0.424871    -0.650335    -0.242614   -0.0592186     0.264315      1.12899    -0.173506     0.186891    -0.295088    -0.378107    -0.466109     0.104732    -0.423548    0.0522102    -0.284587    -0.662433    -0.851889   -0.0355927     0.295334      0.29987     0.780661    -0.315294     0.306675     0.260265    -0.513256    0.0379878    -0.247884   -0.0302819    -0.489836    -0.218968    -0.771648     -0.56463     0.287832
    -1.85822     0.332385      0.42797     -3.23948     0.519968    -0.738367    0.0520038     0.035049     0.409341     -1.03827     0.647518    0.0265033     0.707061    -0.464591      0.10023    0.0207635     0.322506     -1.53376    -0.231976     0.341555      0.18542       1.0597     0.885352     0.462213    -0.113175     -1.89911     -1.02928     -1.08535     0.309218     0.236877     0.704744      1.31609     -1.11622     -0.21013      -1.4887     -1.98027    -0.275009     0.300381     -1.13503      1.70726    -0.543655    -0.875796    -0.757768    -0.963751   -0.0412363     0.310081    -0.607702     0.357338     0.269799       0.4108
   0.0342063    -0.693525     -1.97564      0.28703     -1.07483     0.775197     0.987044     -0.71617    -0.272347       1.3903     -4.89427     -1.38877    -0.653783     0.316913   0.00132185    -0.734363     0.148381     -1.48557     0.114862     0.100996    -0.162723     -0.81994     0.517411     -0.23019     -1.45305   -0.0371176    -0.669716  -0.00362031     -1.48773     0.166086     0.311402     -2.11784     0.080855    -0.771697    -0.897553      2.38156     0.473814    -0.395582     0.734079    -0.714271      0.18858      1.09166    -0.311258     -1.28416     -1.17648     -1.09027     0.932702     0.354632     -1.32279    -0.745025
   -0.265767     -0.35827    -0.274516    -0.299051    -0.166229   -0.0641788    -0.275476    -0.145233     0.148317    -0.177912    -0.635701    -0.289139     -0.33192     -0.42942    -0.133003    -0.282737    -0.182576    -0.364798    -0.182347    -0.349651     0.159509    0.0734711    -0.414507   -0.0234279    0.0435045    -0.396895    -0.455686    -0.197259    -0.297375    -0.323759     -0.36903    -0.158823    -0.338593    -0.324799   -0.0257556      0.21377   -0.0761645     -0.27952    -0.262978   -0.0320242   -0.0999248   -0.0030859    0.0148026     0.382001    -0.357469    -0.339544     0.129836    -0.524848     -0.19032    -0.213169
    0.340674     0.270874    -0.443304   -0.0328249     -1.50767     0.761448     -1.13309     -0.77145    -0.292292    -0.644678     0.583563     -1.42244      1.09357    -0.075335     -1.31559       2.5598    -0.259771    -0.307637    -0.695772     -2.16869    -0.357886      0.49813     -1.10539     -1.16498    -0.258383     0.600956      3.54234   0.00293229    -0.217791    -0.507218     0.745171       1.0117     -1.27774     0.660865    -0.419767    -0.988872     -1.22582     0.297624     -1.20235    -0.873294     0.228767    -0.115262      1.38271     0.243706     -1.38374    -0.332622     0.700139    -0.579327   -0.0236711    -0.521795
 -0.00272878     0.112645    -0.083407    -0.560604      0.10554     -1.07664    -0.483458    -0.415018    -0.489224    -0.623354    -0.153518    -0.333083    -0.795051     0.273799   -0.0206993     -1.42089    0.0565104     0.458035    -0.124269    -0.659756    0.0719896     0.742677    -0.114406    -0.600319    -0.363177    -0.731505     -1.70089    -0.112741    -0.148516     0.248469    -0.534122    -0.345669    -0.339786      0.16996    -0.734818    -0.573532    0.0522919     -1.10597     -1.29504     0.282383    -0.700663      -0.2542     -0.97298     -1.01953    -0.280025   0.00717423     -1.25336    0.0889302      0.39073    -0.243504
     1.25315    -0.753848     0.759745    -0.104043     0.827081    -0.444183    -0.970647      1.41478     0.303236      -0.3181    -0.330703    -0.427685    -0.394921      0.37118    -0.295667    -0.179526     0.048533    -0.081993     0.519327     0.617365     0.415431      0.40798     -1.43176     -1.96735    -0.286212     -1.20736     -1.01693    -0.682777     0.200787      0.92458    0.0392286    -0.233023  0.000244367     0.572976    -0.553147    -0.761791     0.491148     -1.91856    -0.290763    -0.209138     0.186019    -0.783458     -1.32515    -0.981159    -0.607051    -0.729653      0.74014     -1.89836     0.951193    -0.184026
   -0.456605    -0.715064     0.955176    -0.653267     0.587143     -0.20818    -0.584397     0.746006      0.23162     -1.03423     0.333968      0.22439   0.00381476    0.0634836     0.394301    -0.220947   0.00509004    -0.450095     0.419198   -0.0458404     0.265496     0.914684    -0.566768    0.0980348     0.226022     -1.09938    -0.980127   -0.0240779     0.805383    0.0576212     0.167419      1.31035    -0.523423     0.558077    -0.568371    -0.820623   -0.0285054    -0.579935    -0.986738     0.114505    -0.760063    -0.147816    -0.484038    -0.260172     0.181272     0.796297   -0.0559547     0.936607      0.75629     0.463528
     0.25954    -0.699514      -1.4092     0.753541     0.531844     -3.20159     -1.69865     0.980484    -0.578553    -0.178212    0.0437042      2.02982     0.934739   -0.0708251     -1.62703   -0.0927771      2.77257    -0.762783       -2.609     -1.73708     -1.86811     0.757064      -0.7146     -1.88282    -0.799095     0.601198    -0.157116     0.098643     -1.47438     0.659816      1.51154   -0.0469697    -0.567288    -0.574307    -0.257539    -0.804797     0.112708     -1.36195    -0.815167     0.270771     0.482914    -0.528569     0.829998     -1.18558     0.293004     -1.47371     -2.63047    -0.847173    -0.778882    -0.725249
    0.465142    -0.136719    0.0769749      0.20681     0.493234    -0.635623    -0.667376    -0.670743      1.48721    -0.313323     -0.55994      -1.0625      1.45252     0.496115     0.245249    -0.438271      2.72754     -1.16037     0.236217    -0.765427    -0.570032       2.2346     -2.38154    -0.320746      -0.3298    -0.712802     -1.80742    -0.996325     0.635691       1.0237     0.267871    0.0652049     -2.06076    -0.582601   -0.0441358 -0.000472469     0.261971    -0.451278     -2.21384     0.481945    -0.442952     -1.30712     -1.20968    -0.555074     -1.67235    -0.627286   -0.0648177   -0.0242985    -0.127562     0.427893
   -0.235188     0.383468     -0.19752     0.229446    0.0811595      -1.2122     -0.97852    0.0620157    -0.481344     -0.54578     0.773771     0.167487    0.0712913     0.632617    -0.274498    -0.214986     0.112356     0.282843    -0.943845    -0.709087    -0.978154     0.146355     0.145406    -0.955531    -0.187316     0.645045    -0.176168    -0.363078     0.098542    0.0216273     -0.50064     0.654893    -0.508076     0.470625     0.124467     -1.64574    -0.605864    -0.641681    -0.486415    -0.319874    -0.583241     -1.05124     0.629626    -0.151429   -0.0516448      -0.1125     -1.46234    -0.251769      0.22499    -0.418885
    -1.09405    -0.943539     0.237447    -0.388328    -0.463901    -0.690388    -0.438665     -1.87305    -0.216043    -0.442252   -0.0577898    -0.711727     0.838282     -2.40223    -0.722313      2.05197    -0.712087    -0.645972      -1.4639     -1.78431    -0.579593    -0.349494     -1.46574      0.73967      1.08913    -0.188015      1.30509     0.133869     0.302331     -2.00275    0.0902821       1.0683     -1.08761     -1.33123    -0.223967    -0.890135    -0.838389     0.125019     -1.12649     0.185855     -1.11589    -0.628803     0.862064     -1.09679    -0.547551     0.285277   -0.0342398     -0.15466     0.566328    -0.336345
   -0.084148    -0.305049      0.35774     -5.25318   -0.0482188     0.611051     -1.29428      2.18133   -0.0998951    -0.730314    0.0277789    -0.371581     0.491205     0.443178    -0.030692     0.306392      1.34971    -0.014123      1.81881    -0.157204     0.444087      1.10885     -1.05288    -0.746227    -0.597706      -3.0085    -0.282076     -1.20532     0.580647    -0.769713     0.352003      1.25209     -1.20796     0.367631    -0.524851    -0.957838     -0.11616     0.352096    -0.502609      1.73826    -0.534048     -1.11744     -1.37606     0.686661      -0.1763     0.099061     0.553068    -0.310399     0.578887       1.0552
     2.49909     -1.65828    -0.416619     -0.23847    -0.123402     0.963071     -1.22829     0.513544     0.261779     -1.34606      1.00554     -0.50303     -1.87487      1.44372     -1.21796     -1.45507    -0.510353     0.948008      1.17287     -1.30438     0.917048    0.0836956      1.16632    -0.489512     -1.08532     0.500073     -0.86986    -0.463427     -2.48431      1.15584    -0.990844    -0.609503      1.22186      2.28462   -0.0906131     0.907698      1.33272     0.244487    -0.446921     -2.59523      3.54194    -0.464222    -0.775529     0.941492     0.698431      -0.8913      -1.0265     -1.96895     -1.73955    -0.826738
   -0.227911     0.061469   -0.0262032    -0.179377    -0.362899    0.0957513  -0.00934999    -0.297673    -0.180356   -0.0936231    -0.345345    -0.198307     0.120974    -0.392028   -0.0455094     0.264292    0.0157057    -0.116886    -0.077725    -0.259616     0.141637    -0.021648    -0.256803    -0.150722   -0.0179165   -0.0881872     0.322444    -0.240499  -0.00450621    -0.284581    -0.277269    -0.247791   -0.0474123    -0.230541    -0.212008    0.0721961    -0.186865     0.131987    -0.353785    -0.291086    -0.045502   -0.0597137     0.116172     -0.12622    -0.288214    -0.189885   -0.0101537    -0.329375    -0.182698    -0.307323
  -0.0706652    -0.370095    0.0294232     0.722531      0.21957    -0.318355    -0.168424    -0.557533    -0.129668    -0.288588     0.181201    -0.093411     0.679611    -0.470109    -0.165236    0.0187323     0.233367    -0.229044    -0.468119    -0.619218    -0.151452     0.530952     -1.11909     0.716882     0.511243    -0.178214    -0.222038    -0.216133     0.231568     -0.48306    -0.375577     0.193606    -0.822218    -0.498575    -0.116417    -0.462761   -0.0276172     0.407546    -0.360945    -0.125228    -0.470963    -0.898585    -0.380311    -0.381455    -0.642028    -0.479761    -0.623184    -0.209559    -0.274425     0.375328
    -1.75806    -0.785955    -0.376349     0.614061      1.06274    -0.451647     0.631548      -2.3161    0.0180717     0.868789     0.438036     0.485817    -0.824836    -0.382368      1.99044     -1.63826    -0.191877     0.110098     0.103283      1.11779     -1.78993     0.334602      1.22505      1.64967    -0.469761     0.154661      -1.5181     -1.84164    -0.511219    -0.978014     -1.64113    -0.785749    -0.450525   -0.0801444      3.98914   -0.0521803    -0.720243      1.89352    -0.107249     -2.88851     -2.17004     -2.56137     -1.60538      2.85616    -0.161589       1.0331     -2.23648     0.511439     -0.63279    0.0135822
   -0.868715     0.790969      0.20998    -0.756063    -0.116371     0.670354     0.375778    -0.511181    -0.862783     0.449939     0.211396    -0.676883    -0.542556     0.196537     0.586759    -0.556922     -0.59947      0.30628     0.194249     0.664213     0.158043     -1.58508     0.373826      1.30224    -0.577346    -0.180707    -0.385892    -0.432636    -0.529767    -0.118326    0.0397526     -1.01471      1.02109    -0.669928     -0.17604     0.407013    -0.806132    -0.471609     0.469067      -0.7863    -0.292743    -0.239715     -0.21872     0.271203    -0.587184      0.12965    -0.398045      1.33521    -0.665103    -0.626745
    -1.41333    -0.360743     0.055818    -0.830584     0.979277   -0.0696388     0.367868    -0.432217    -0.477215    -0.693558    0.0696112     0.522065    0.0911063     -1.72471    -0.459352   -0.0930143     0.112825     0.429226     -1.07556    -0.576653    -0.785994     0.145359    -0.867482     0.606524     0.529273   0.00882704    -0.136469     0.721132    -0.296368      -1.7449     0.185687      0.62837   -0.0934672     -1.89445    -0.887531    -0.605904     -2.06933    -0.681187     -1.09205      0.66523    -0.700641     0.042362    -0.494961     -1.50735    -0.327139     0.919876    -0.389927     0.407553      0.69526     0.216646
   0.0989164   -0.0673998    -0.248774  -0.00834603   -0.0494302    -0.316751     -0.29384    -0.283455     -0.25055    -0.487797    -0.488565    -0.331262    0.0847478     -0.17409     0.154357    -0.610017     0.241774    -0.159997      -0.2123    -0.508207    0.0751752     0.308369    -0.278343    -0.106397    -0.235396     -0.58425    -0.759335    -0.343623    -0.118826    -0.208673    -0.182931    -0.192671    -0.628172    -0.177993    -0.110944     0.288111    -0.370868    -0.143975     -0.63549    -0.162403    -0.245623    -0.463041     -0.64226    0.0545171    -0.528001    -0.714121    -0.198692    -0.476145    -0.275774    0.0235996
   0.0672458    -0.429295    -0.234805    -0.245891    0.0362829    -0.314542    -0.324816    -0.250931    -0.209692    -0.149877    -0.145308   -0.0746445     0.143715    -0.322844    -0.490482    -0.197625     0.104604    -0.150582    -0.165705     0.149154   -0.0672962     0.161837    -0.111431    -0.232607   -0.0916719    -0.529047    -0.243513    -0.225641     0.229328     0.116375    0.0479436     0.270384    -0.064642    -0.312192   -0.0486862     -0.29702     0.358989    0.0376556    -0.215404   -0.0157237   -0.0176244    -0.297408    -0.133629     -0.19451    -0.084414     -0.29038   -0.0247587    -0.179162    -0.130324    -0.125503
    0.468065     0.591132     0.105616    -0.133415    -0.362587     -1.25825     -1.37077    0.0493271    -0.529077    -0.342369    -0.495612     -0.38209      1.00691     0.169895     -0.71678     0.958073     0.247375    -0.215961    -0.829179    -0.988781    0.0202491     0.159354    -0.675075     -1.67397    -0.530518    -0.151859       0.9555    -0.863983    -0.802432     0.113656   0.00924776     0.169686     -1.43157     0.246451    -0.528539     -1.00602    -0.373852    -0.513049     -1.13816     -1.47937     0.985023     -1.06114     0.610533    -0.105316    -0.271035     -1.07743     -1.22981    -0.618966     0.052349    -0.914857
   0.0130449    -0.778067    -0.138954     -0.42487    -0.131476     0.327619    -0.185651      0.42674     0.102332    0.0797509     -1.30825    -0.833204    -0.474667   -0.0961791    -0.174204    -0.464506    -0.530892    -0.258747     0.361326   -0.0950476     0.571358     -0.27667    -0.268139    -0.587501     -0.27235    -0.501726    -0.238375     -0.18325     -0.75308    0.0262286    -0.190361    -0.487216      0.23041     0.447608    -0.166721     0.266921    -0.282362    -0.262326     0.500599    -0.536066     0.850498    -0.282323    -0.409779    0.0159411    -0.573699    -0.254904     0.395201    0.0303113    -0.338688    -0.228187
    0.352026     -1.00398      0.87013      1.71846     0.291202    -0.715028    -0.351308    -0.278207     0.289907     -1.79787      1.04598     0.158029     0.181586    -0.362799    0.0708671     -1.01403     -1.44259     0.865883    -0.178645    -0.605372    -0.363316      1.57155    0.0450925    -0.768236     0.806905    -0.178183     -1.24072     -1.02115     0.913871    -0.426196     -1.50794      1.78834     -2.80409     0.839831     0.907058     -2.88265     -1.35543     -0.38336     -2.11996     -1.29386     -1.63862     -1.47522     -1.04926      1.19368     0.613724     0.592596     -1.38585    -0.434176     0.826595     -0.13397
   -0.466376    -0.419344     0.407681    -0.350463   0.00563676    -0.755132     0.897571    -0.376592    -0.284286    -0.266896     0.412781    -0.222938    -0.560931     -1.24497      0.57741    -0.706085     -1.42773    -0.235774    -0.468028     0.837486    -0.331364     -0.80826    -0.900877    -0.051089     0.342926     -0.61623      -1.0148    -0.797342    -0.518801    -0.594981     -1.32082    -0.477035    -0.628433    -0.351857    -0.231589    -0.554644    -0.723022    -0.494082    -0.469735    0.0487328    -0.454486     -1.11478    -0.537813    -0.797975    -0.336846    -0.635709    -0.425469     0.498764       0.3181     -0.73887
    0.389588  -0.00469047     0.680503    -0.228601      1.13555     -1.58712     0.534149    -0.292214      3.36349    0.0289043    -0.516053    -0.535254      1.49147     0.252322   0.00214162    -0.127801      2.88523     -4.18422     -1.04827    -0.746402    -0.367766      1.36662     -1.64244     0.682089     0.676802    -0.923834   -0.0969697     -2.85946    -0.132686     0.532246      1.04929    0.0308208   -0.0665543     0.199162     0.504785      1.38662     0.101417      1.19993   -0.0331916     0.365064      1.06635     -2.17981      1.14542   -0.0112299     -1.08248     -1.20713     0.406909     0.186455    0.0728926     0.464281
   -0.152704     0.264611      -0.1213    -0.155901    -0.294168    -0.242771      0.16261     0.115829    -0.297393   -0.0474066    -0.218252    -0.149074    -0.135756   -0.0833096     0.106267    -0.411761    -0.114901    -0.102124    -0.223163    -0.258913    0.0602035    0.0207114    -0.559307    -0.124775     0.129147    -0.226467    -0.234246    -0.172397     -0.13191     -0.30795    -0.238057    -0.324873   -0.0482377   -0.0430002    -0.182403    -0.193429    -0.315351   -0.0406158   -0.0722871    0.0188954      0.24702    -0.124087    0.0824346   -0.0768186   0.00781352    -0.105996    -0.143794    -0.145827    -0.141726    -0.294031
   0.450442
    1.71732
  -0.607868
   0.811252
   -1.02459
   -2.69959
    1.33612
    1.17231
   0.411466
   -1.16072
  -0.979628
   -1.47572
  -0.681677
   0.808314
   0.423976
   0.276608
  -0.860041
  -0.517422
  -0.519806
 -0.0671894
  -0.712308
  -0.584166
   -1.12732
   -1.02024
  -0.571587
    1.26969
   0.311118
   0.428564
  -0.531789
   -1.48808
   -1.78989
    2.14243
   0.704398
  -0.490417
  -0.349569
   -1.49192
   -1.96225
  -0.897063
   -1.81951
   -1.34533
  -0.962519
 -0.0691644
 -0.0119335
   -1.14463
  0.0795418
  -0.695848
  -0.527709
-0.00505509
    2.82225
   -1.15475
1
4
50 10
    0.881302      1.03274     -0.54833     0.362884   -0.0155875      1.04016      2.04419     0.135156      2.53962     -1.92595     0.261159    0.0059911     0.959815      -2.8535    -0.100018     -2.24137   -0.0106873      1.51711    -0.196413    0.0505097      1.47226     0.387188     0.107364     0.229514     0.771246     -8.96034     -0.17392     0.690764     0.205955    -0.622761      -1.0664      1.09323    -0.827255    -0.899209     -2.59211     -0.19084      1.36615    0.0694335    -0.796089      2.26336      1.69026     0.146135    -0.150931    0.0256624     -1.22712     -1.27165       -5.327     0.925734     -2.68089     0.324357
     1.30618      1.37188     0.424683      2.18635     0.246529    -0.978896     0.516119     0.644684      1.28634    0.0629295     0.301069     0.291928     -5.35761     0.241733     0.906872     0.653272     -3.52757     0.497087     0.252131      1.13466    -0.215151     0.310558    -0.144457     0.565447      0.77226      1.65742     0.446035     -6.92998      1.97962      1.47062      1.45267      1.77364      1.79539      1.21015     -2.20124     0.402375     0.787974    -0.314631    0.0494499   -0.0608288     0.400176      1.20696     0.698494     0.579677     -1.30403     0.243693      1.70862    0.0550011     0.183864      0.30563
     -3.7863     0.512962    -0.173078      0.42073     0.857369     0.563073   0.00221326    -0.332504     -1.44344      2.36578    -0.363385  -0.00259919      1.15506      0.33242     -1.47386   -0.0414511     -1.26223      1.29363     0.998773      1.57192      1.56899    -0.598685    0.0766388     0.168344       1.7763     0.777609    -0.357627      0.37891     0.494237     -3.09784     0.663119    -0.295668    -0.308916   -0.0022642      3.27683     -0.60983    -0.278434    -0.164945     0.974049     -9.14921      1.09788       1.3057   -0.0147983    -0.180894    -0.634133   -0.0199463   -0.0989744    -0.366112     -1.10431    0.0958474
    -1.40471     0.495651    -0.310879      -7.9227     0.243506      1.58202     -0.97675    -0.401946     -2.28639      1.83786    -0.653929    -0.153964    -0.908054     0.411217     -0.76765    -0.991578      1.44356     0.407231    -0.540758     0.369875     -0.30279    -0.244951    0.0408004    -0.636264    0.0452454      1.35667    -0.494185      2.30328     0.167127    -0.412002     0.533518      2.06337     0.316468      1.75625     -1.99902      1.65432     -5.24539    -0.300699    -0.275871      1.46765      0.85278     -2.59021    0.0161398    0.0317668     0.280475     -1.22415      1.56976     -1.67307     -1.49282    -0.282717
    0.193518    -0.125804     0.104829      1.18467     -2.38551     0.148205      1.20987      1.46004      1.40336    0.0230906    0.0359954   -0.0824927      1.84903     0.346484     0.875927     0.995155     0.203622     -5.09628    -0.125989     -7.07168      0.93921    -0.183692     0.303699     -1.40036     -1.92617      1.22263    -0.124576      2.29691    -0.221262     -1.19639    -0.907834      1.66173      1.67967    -0.202357     0.434635      4.18187    -0.239407      0.03727     0.985307      2.07719     0.140934      2.54415     0.220699     -0.20347     0.313072     0.224526    -0.604761    -0.183166     -0.16662    0.0241961
      1.7444     -5.98922     0.191306    0.0204903      1.28868      1.16939     0.481693      2.40954     -4.43817     -3.41077   -0.0507301    -0.149885      1.54797    -0.453844      0.33064     -1.86575      1.68518     0.595235     -2.04078      1.27584    -0.471851    -0.199495     0.317179      0.27276    0.0316503      1.77947  -0.00117083     0.214023     -0.51149      1.37461     0.455033     0.332508     0.609951     0.185968      2.05825      1.94035      3.43612   -0.0592594     0.042769    -0.731635    -0.423325     -2.72533    -0.235823     0.437263      1.19859     0.428037      0.16122    -0.091884    -0.955399   -0.0333713
     1.39157      1.40379      0.28515    -0.547324     0.961053     -1.75406     -3.54916    -0.254124     0.157497    -0.789647     0.766055    -0.194871    0.0770225       1.7507     0.233125      2.42076      1.90439     0.983831      1.46279     0.409644      -4.3456     0.532432  -0.00527535     0.119333     0.452158    0.0672392     0.555316      2.58982    -0.443041       1.9995     0.641963     -8.31247    -0.252442     -1.55482      3.01069     0.758973      1.22159     0.345813    -0.353887      2.05618     -1.46979     0.866664     0.927173     0.035182     -1.27545    -0.142788       1.1112     -1.95817     -1.04602      0.15763
   -0.558259     0.501884     0.184764      1.35654  -0.00157667     -1.62006    -0.701452    -0.433638      1.37365     0.819469    -0.224768    -0.138754     0.193297     -3.01553    0.0155966      2.09474     -1.02199     0.299736      1.06971     0.539825     0.264209     0.153775 -0.000109556    -0.645489     0.772488      1.01792    -0.288743      -2.2099     -1.34471    -0.646538     -1.12407      1.70957     -4.19476    -0.431874     -1.29224    -0.567472      1.47998    -0.114138     -1.56901      1.04346   -0.0500024   -0.0956348    -0.993749    -0.567724     -1.11672     0.958718    -0.428615     0.561421      8.32172    0.0675493
    0.647359     0.407778     0.145497      2.53455     -1.03048      -0.6345     0.466563     -2.99112      0.84332      1.25259    0.0121409     0.115871    -0.294008      3.05063    -0.109011     -1.13636     0.871306       0.1735     -0.11512      2.24985      1.58371      0.20437  -0.00191103      1.20822     -3.14476      0.90117   -0.0521878     0.840976    -0.373322      1.04841    -0.588602    0.0386143      1.35288     0.148845      -0.1724     -8.14171      -1.5237     0.205074     0.816173      1.16314     -1.46818     -0.65885     0.646438      0.21735      3.19715    0.0151434      2.15589      1.94349    -0.562626    -0.276465
 -0.00431688   -0.0226142   -0.0987929   -0.0548942   -0.0303025    0.0780675    0.0326322    0.0292224    0.0928884   -0.0211159   -0.0847385     0.142661   -0.0219854    0.0663511  -0.00051507    0.0724024     0.115098   -0.0249257    0.0714577     0.004556   -0.0706365   -0.0428207    0.0916136    0.0324071     0.019967   -0.0706654   -0.0564107   -0.0608874    0.0480103   -0.0187538    0.0446382   -0.0777977    0.0227054    0.0184979     0.117367   -0.0534176  -0.00618009     -0.11241   0.00158928    0.0135489     0.173014   -0.0356521    0.0237363    0.0647019    0.0322718    0.0277553    0.0389627    0.0558949    0.0547775   -0.0443799
   1.65124
  -1.12699
   1.18278
   3.51783
0.00420531
  0.335254
  0.124916
  -4.38408
  0.540584
-0.0628137
