3 8 0.5 900
1
1
9 50
   -1.52839    0.123912    -3.89128   -0.631832    -1.87336     3.61997   -0.154353    0.803611   -0.985473
   -1.03238   -0.575927    -0.30753   -0.639716   -0.842876     6.56998   -0.816781   -0.527954   -0.880538
   -1.98475  -0.0894497    0.990381    0.138822      3.2742     1.82967    -2.44247   -0.845218  -0.0120139
  -0.664937     1.37111    0.237097      2.2852    0.737106    0.269577     1.69469   -0.323491    -6.88307
   0.334267    -2.76067    0.773058   -0.773398     3.49663    -1.26095     2.49855    0.478835    0.411248
    1.84252     2.53408   -0.646934    -2.16272   -0.431567    -2.16455    -3.54058     2.88263    0.594772
    1.35419   -0.160934     1.35679     3.24729 -0.00295755    0.020892    -1.19214     -1.1567    -1.61358
  0.0743856    -2.50337    -2.41037    -1.50536     2.50863    -1.83191     2.55053    0.870006     3.43796
   0.452523    0.636912     1.59841    0.373701    0.985304    -1.67649   0.0945187    -3.79195    0.485237
    3.66208    -1.14077     1.45809     1.11106   -0.106681    -0.49075   -0.206832    -1.22617    -2.60519
   -6.93733    0.910762     1.64396    0.391531    0.780833     1.64889      1.1252     1.91873    -1.38209
  -0.603425    -1.26445      1.1129    0.819746   -0.205287     0.11529     3.70979     1.51621    0.743317
   -2.22502    0.173871   -0.754242    -1.25147     -1.8647    -2.56474   -0.451071    -1.01725     3.24709
  -0.733925    0.966975     2.01828    -5.63444     1.01723    0.191851    0.624306     1.40791      2.6085
    1.82476   -0.719468     1.29853    0.560786     2.02439    0.608658    -1.61303    -2.19407   -0.471042
  -0.025967      3.8986   -0.828577   0.0464295    0.998814    0.879742     -0.8261    -1.09574    0.479146
   0.944185    -1.34477     2.21918   -0.919612    -2.03676    0.371412     4.45728    -4.33537     1.49175
   -1.36056    0.151973    0.594145    -1.22563  -0.0743987     -1.0131   -0.711203     5.82234  -0.0284155
   0.703409   -0.804256    0.639846    -2.71447    0.293656    -2.16634    -3.33368    0.114726     2.10377
    2.58364    -1.54191   -0.412284     1.20876    -1.09231   -0.567891    -1.07094     2.81338     2.56879
   0.481372    -2.10714   -0.692766   -0.975924     0.79508     2.30531     -3.7536    -1.04487     2.20095
  -0.546945     5.07296   -0.977074    0.831149    0.364991   -0.432158     1.06508    -2.12896     1.90693
   0.659602     1.67844     1.25222    -0.74524    -4.78749    0.807551    -1.43622     3.27242     1.42475
      0.166     1.94776       5.199   -0.465728    -1.19848    -1.07403   -0.685021   -0.487501    -1.96192
   -2.15889    0.603123    0.187357     2.69725    -1.57142    0.669781    -1.45527    0.376282   -0.247949
  -0.547897     1.89227     1.21132    0.123878    0.734244    -1.72972    0.860989     1.42013    -2.95711
  -0.741608     5.66922   -0.979132    -1.30657   -0.718531   -0.928469    -1.49658    0.704509    -1.68495
    1.28068    0.251966     -1.8023    0.163191    -1.12747    -1.43322     1.34885     4.55371   -0.500227
   -2.34768   -0.482572   -0.160232     3.48979    -2.00173   -0.581897   -0.479274    0.381001     1.58148
    1.81206    -1.28179   -0.264256      -1.808     4.04486    0.094916   -0.794563   -0.628274    0.360883
    2.32055   0.0735638    -1.44991   -0.929592   -0.216012    -3.99884     2.24382    0.341027    0.807413
   -4.14813     1.43159     1.22995    -0.81233     0.80885   0.0851022   -0.150788    0.906555     1.22896
    2.19525    0.261962     1.54306    -1.65908     1.35051    0.176038    -1.02237     1.71256     -4.0206
   -1.61114     2.56764     1.50552    -2.81989     4.79871     1.68151   -0.958273     0.61825     1.15133
  -0.467255     0.41405     4.99162   -0.686174   -0.199006   -0.494899   -0.358365   -0.872127   -0.280808
    3.51493   0.0530989   -0.187817   -0.182384   -0.354341     1.03959    0.443635    0.298763      -3.403
    1.87324   -0.244025  -0.0578687  -0.0887036   -0.400783     5.34215     0.50891   -0.460187    0.965496
    1.11552     1.09607     2.69261   -0.990454    -3.42659     -1.3805    -2.11525    -2.82995    0.418134
   0.660354    -4.69016    0.468223    0.243593    0.984177    0.263789     0.54373     1.45988    0.637689
   0.873649    -2.05546    -3.50806     2.58281    -1.35124    -1.31922   0.0771695   0.0640051      2.5024
    1.68927    0.810847   -0.375157    -5.75189    -0.13793   -0.253168  0.00195875   -0.415112    0.931249
    1.38521     1.87309    -1.23371    0.936925   -0.231578    0.723738   -0.777314     4.04006    -2.18003
    -1.9228     2.89955   -0.573273   -0.835949    -1.77135   0.0315088     0.68898     1.22689    -3.23463
  -0.815135    0.133852     4.31982    -2.70665   -0.514986     0.29325    -1.42609     1.06045  -0.0115088
   -2.88483  -0.0572478   -0.441525      1.2161    -2.17076      3.2192     2.35154     2.70623     1.63444
   -1.41809     1.91016     0.36799     0.53659     1.22277    -1.92837   -0.868611     2.13883   -0.201543
    2.15764     1.18865    -3.44275    0.490946    0.648629  -0.0339445    -4.35428    -2.72824    0.144118
   0.541468    0.168302      1.0471  -0.0151168    0.566218   -0.734119    -5.75083   -0.110818   -0.310831
  -0.823033    0.264824    -1.63415     1.78105     2.21635     1.22032   -0.149226    0.931391    0.796871
    0.74177   -0.785319    0.766844    0.678765    -2.81514    0.578225    0.516517    -1.40132     1.59604
  1.60525
 -3.50566
-0.628835
 0.967726
 -1.10815
 -1.22352
 -2.27092
  -2.2659
-0.657247
 -2.04426
 0.828198
 -0.79571
 -1.75403
-0.366424
 -1.17776
 -3.72867
 -1.90323
  -1.9972
 -1.48655
 -1.10005
 -1.22367
-0.770977
 -1.02937
  1.21713
 -2.05249
 -2.19623
 -2.01118
 -1.34771
 -0.53365
 -1.98771
 -1.92989
 -2.45368
-0.721852
-0.809025
 -2.58264
 -1.93792
  1.75797
 -2.56015
 -2.84211
 -1.85695
 -1.88521
-0.498423
 -2.63346
 -2.39563
  1.85774
 -1.65915
 -1.99403
 -1.91034
 -1.80013
-0.652342
1
1
50 50
     3.03374     -2.91445     0.403769     0.839544     0.105833     0.558865     -1.13554      1.42106     0.184557     -2.01346     0.361909    -0.780005    -0.478618      -1.8341     -1.10741      1.10406     -2.37285    -0.182252     -0.62572   -0.0811837     0.392907        -0.17    -0.261137     -3.38326    -0.477717    0.0512914    -0.475288     0.446954     -1.18828      0.11246      1.28499    -0.551666     0.741523      -1.4208    -0.784716      0.23008      1.92443     -1.33875    -0.562261     0.253985      1.29817   -0.0216981     -1.07796     -2.15834    -0.223988     -1.41782      1.97546     -3.07499     0.370035    -0.770764
     1.67407        6.796    0.0513691     0.876439     -2.30208     -1.90385     0.154886     -2.09164     -0.57509     0.123476    -0.523569      -1.1214     -1.73504      1.21522    -0.468221    -0.577457     -1.44639    -0.872683     -1.02125    -0.309429      1.91826     -1.14763      1.20115     -1.23283    -0.448331     -1.16961    -0.911116      -2.5577      -1.3689    -0.148924     -3.08873     -1.20764    0.0706727     0.412284    -0.776524     0.154302     0.545215    -0.984051   -0.0804928     -1.61228     0.813343     0.768082     -1.04043    0.0113816       2.4986     -2.06724     -1.11562      -1.3307    -0.321014    -0.611017
   0.0158972    -0.470088    -0.501673   -0.0149801    -0.286637    -0.010517   -0.0722515   -0.0781397    -0.433048   -0.0180662    -0.873781    -0.258685    0.0350978    -0.189698    -0.125354    -0.317805     0.131571    -0.604799    -0.326403    -0.035801    0.0410053    -0.187062    -0.150649    -0.409821    -0.427663    -0.241817    -0.101926      0.12516    -0.405969    -0.256826    0.0600904    -0.426182    -0.284631   -0.0639476   -0.0202967     0.213389    -0.361261    -0.190865     0.206452    -0.144313   -0.0235026     -0.10097    -0.165687    0.0641726    -0.313068    -0.303201    -0.208281    -0.464671   -0.0561811   -0.0795968
    -1.56612    -0.739366     0.286199     0.859157     0.315344    -0.896859      2.39978     -1.67373    -0.762205     0.108481     0.120755      0.34223     0.101964     -4.63368     0.272995     0.185011     -1.62538    -0.859013     -1.49703     0.931189      -2.4401     0.375843     -1.30008     0.606005      2.82654    -0.613549    -0.470698     0.426236      1.66662     -2.53533    -0.893572    -0.605282     -1.21598     -2.51019    -0.976775    -0.100771     -1.33958    -0.907606     -1.30084       2.0353     -1.99967       0.1085    -0.337461     -2.36413     0.793582      1.64343     0.616241      0.97283      1.76568     0.593692
   -0.801753    -0.243113    -0.528342      -0.8958     -1.16415     -1.50553   -0.0541038     -1.01989    -0.711606     0.232839    -0.828239     0.215251    -0.651327    -0.301678    -0.159398    -0.935934     0.734218     -1.06766      -1.1054     0.406094    -0.345182    -0.647016     0.633032     0.426954     0.299161    -0.711901    -0.885012    -0.271037    -0.154029     -1.57855     -0.81839    -0.860343    0.0379112     -1.08936     0.443699    -0.288159      1.14189     0.395756     0.969516    -0.471085   0.00627551    -0.689323     -0.34545     0.759506      1.71868      -1.0483    -0.765429    -0.617497    -0.747205     0.602325
     -1.5748     0.470901    -0.289822     0.539066    -0.605582     0.447788     0.198852    -0.687125     -1.81479     0.457969     -1.41037    -0.694601     -1.06011    -0.206002       1.0191    -0.212311     -1.76741      1.60011     0.409004   -0.0477692    0.0616078     -1.05918    0.0620445     -0.30555   -0.0571646     0.382457     -0.80333     0.218869    -0.904663   -0.0243408     -1.02691    -0.275229     0.216762     0.342434     0.564133  -0.00761835    -0.193417    -0.924844     0.569902     -1.57481     -1.01985     0.895197     -1.14123     0.590844      0.47293     0.078668     -1.47637     0.975938    -0.421427    -0.696342
    0.433951     -1.05715       -1.997    -0.100489    -0.608525     -1.98701     -2.00294     0.224293   0.00993266     -1.36549    -0.315423     0.344219      1.12547     0.388851     -2.06637     0.197299      1.41141    -0.825271    -0.493026     -1.66149     -1.33572     0.468327    -0.384774     -2.80433     -1.09963    -0.347139    -0.503729     -1.30113     -1.67929      1.16021      1.04826     -0.25714     -1.13205    -0.669928    -0.986876    -0.812638     0.740416     -1.40627    -0.545861     -1.31917      2.09926     -1.72358    -0.127623     -1.09214    -0.209785      -1.5997     -1.94788     -1.23997     -1.68312     -1.05944
   -0.502894     -1.67492    -0.873259     0.815383    -0.616118     -2.27302     0.709092     -2.32183    -0.245271      -1.3494      2.74585    -0.466069     -2.61886  5.58643e-05    -0.602155    -0.427458     -1.24503    -0.214497     -2.23986    -0.915488     -1.10325    0.0616616     0.480815     0.592503    -0.655494      2.57856    -0.155681     0.414883     -1.63225     -1.52805    -0.714568     -1.26886      1.83729     0.641009    -0.621674      0.35026      1.23402     -1.55645      -1.5424     -1.71626   -0.0276411     0.906846    0.0791492   -0.0376517     0.436715    -0.648458     -1.47384    -0.192761    -0.121579    -0.894315
    0.708848      4.54685    -0.265148      1.17926     -1.85278     -2.11838    -0.526597      -1.4693     -1.17327     -1.32785     0.430607    -0.438073     -1.87778    0.0130067    -0.562622     -1.05142     -1.64344     -1.47449    -0.737893     -1.44517      1.71963    -0.980772      1.19352     -2.28926    0.0155385     -1.13515    -0.950946     -1.92402    -0.953675     0.459643       -2.242     -2.23168    -0.203527     0.827662    -0.389198     0.313798     0.606305    -0.698061    -0.469267    -0.125968      1.65002   -0.0421311    -0.766071     -0.38726      2.13172     -1.97141    -0.523206    -0.842479    -0.724832     -1.11122
    -2.82297    -0.941388    -0.269093     -1.03685      2.43955      1.27576    -0.482856      1.51441     0.137515    -0.730563    -0.717777     0.703012      1.76224     0.706976     0.164236    -0.258035    -0.662631     0.838902      1.81937     0.852967    -0.983318     0.451451    -0.101856      1.48596    -0.701978    -0.187227    -0.456828     0.789655     0.820894     0.473754      2.21624     0.226987     -1.03909     0.059127   -0.0790331    -0.687386     -4.13801      1.64822    -0.388038    -0.178359     -2.46819    -0.796552    -0.330634    -0.654437     -1.83146      1.98797     0.864657       2.2897    -0.446714     0.141423
    0.288555    -0.235616    -0.591549    -0.671995    -0.386763     0.176198    -0.166591      -0.5707     0.609046    -0.258743     -0.54442    -0.578682   0.00658768    -0.176042    -0.429745     0.281258    0.0427682    -0.201505     0.143938    -0.402338     0.300537   -0.0749903    -0.583636    -0.368507    -0.104173    -0.299437     0.305998    -0.519227    -0.151799    -0.379873    -0.074043    -0.140183    -0.221817   0.00535754    -0.299829     0.127144    0.0362942     0.452205    -0.355252    -0.149413     0.619891     -0.60571    -0.187886    -0.197777     -0.51186    -0.511286     0.147379    -0.722049    -0.307774    0.0862961
   -0.223869   -0.0319941    -0.503259    -0.380283   -0.0902891    -0.391042   -0.0548858   -0.0332445   -0.0905393    -0.304043   -0.0905729    0.0514974    -0.163362    -0.231818   -0.0254628    -0.269595    -0.339493    -0.122762     -0.32741     -0.50507    0.0560708    -0.069208    -0.140822    -0.214512    0.0545648    -0.303673   -0.0779669    -0.170779    -0.342552    -0.128891    -0.332805    -0.127522     -0.17482   -0.0944448   -0.0835248   0.00470783     -0.07304    -0.237098    -0.260881   -0.0511987    -0.229522   -0.0166568    0.0639882    -0.220097    0.0667129    -0.238741    -0.174122   -0.0425034     0.267775   -0.0694016
   -0.745071     -1.26822    -0.589943    -0.427482      1.93421     -2.43814     0.211576      1.46612   -0.0601291     0.714315      1.72023      1.47128     -2.60895     0.334389      1.58148     -2.03317    -0.315376     0.432852     0.694257      3.03208   -0.0328473     -3.50322    -0.750161  -0.00895837    -0.425666     -1.19026     -1.66737     -1.22671   -0.0645796    -0.435649     -1.80628      -1.3431      1.17986     -1.63429      -1.0912     0.144235      1.07926     -2.38533      3.82835    -0.647204     -1.12936     -0.94958     -2.43716    -0.250561      1.41785    0.0731588      -2.1019     0.544119     0.247836    -0.389686
   -0.958644    -0.106731     0.899281     0.217625    0.0893955    -0.870426    -0.352081     -0.10204     -1.36776     -1.51408     0.220497     -1.22804       1.4673     -0.99433     -1.04193     0.837207     -1.36378    -0.768542    -0.647355     -1.11538    -0.540165    -0.134165     -2.62079     -1.02798     0.735643     -0.90087    0.0637183    -0.876935     0.381843     -1.08866     0.533601      1.42245      -2.5013     -1.38798    -0.435086     -2.06517     -2.54716    -0.332396     -1.74149    -0.302255    -0.534959     -1.44928    -0.467669    -0.316238     -1.99866     0.286002    -0.318467     -0.16323     0.318759    -0.956392
  -0.0704744    -0.257387    -0.759796    -0.649216     -1.03681   -0.0138147    -0.431843     0.396909     0.630608    -0.882463    -0.647977    -0.754665     0.637202   -0.0851085      -1.3473    -0.309339     0.137993    -0.126224   -0.0992945     -1.32663     0.257687       1.4286     -1.11538     -1.31756    -0.878326    -0.805018     -1.03961    -0.762867     0.237846     -0.81094     0.413055   -0.0227525     -1.11522    -0.143653    -0.365545     -1.14997    -0.841969     0.224848     -1.35172     0.788376    0.0403658    -0.835871     -1.14596     -0.10384    -0.933768    0.0137909      1.05619    -0.913455    -0.718809    -0.295167
   -0.467761      1.50413     -1.71637     0.200577     -2.36113     -1.15711    -0.293126    -0.845066     -1.40148     0.512353     -3.65896    -0.629783     -1.85391    -0.619796    -0.746698    -0.716638   -0.0909719    -0.825519     0.079587     0.183541     0.295348    -0.927649    0.0763331     -1.60178     -1.15382    -0.278531   -0.0186415     0.552144     -1.61517    0.0352149    -0.696035     -1.76987     0.383167    -0.475604    -0.689252     0.789517    -0.920796    -0.107394     0.253876    -0.419814      1.18136     0.265028     0.021336     -1.69205    -0.524421     -1.48433    -0.150141     -1.68673     -1.51065      -1.2801
    0.561265    -0.910876    -0.176287     -1.07547    -0.277465     0.406212     -1.12191    -0.285823    -0.713097    -0.582798      0.33506     -1.57141     0.462476    -0.239047     -0.97378      2.30571      -1.2653    -0.770065      -1.0332     -1.09545     -1.00243    -0.418495   -0.0461814      -1.6129    -0.542871    -0.302176      2.40684    -0.700964    -0.575794    -0.164588     0.243028     0.535458      -1.0858   0.00105415     0.184051     -1.15872    -0.976872     -1.17027    -0.559457    -0.858719    0.0907966     -0.18353     0.494649    -0.168417     -1.65112    -0.729895     0.138707    -0.708088     0.261994    -0.775812
  -0.0692259     -2.24182      2.68647      1.02685      2.34312     0.551622    -0.711542    0.0384095     0.481505    -0.879429     0.977234     0.083527     -1.21292      0.42355   -0.0668269    0.0964633       -2.145     -1.13611     0.116919     0.401163     0.911309     0.293014     -3.18433    -0.234032    -0.958633     0.512897    -0.967797    -0.678293      -0.4919      2.57115     0.230919     0.293326    -0.120776      3.73121    -0.617976    -0.313256    -0.105949     -3.29969    -0.166513     -1.89427    -0.848588     -1.02387    -0.847803    -0.417288     -2.19428     0.350888     0.734181     -1.56002      1.84643     -1.52767
    0.613145      1.33453    -0.258368     0.728167    -0.630137     -1.61073    -0.107676     -1.13775       -1.586     0.791954      -1.2871    -0.119606    -0.431796    -0.358876   -0.0299026    -0.450451    -0.921228     0.267794    -0.333093     0.292309       0.4268    -0.669973    -0.227473    0.0815344    -0.726727    0.0274002  -0.00230468     0.445945     -1.03342   -0.0425454     -1.04765    -0.618373    -0.274553      1.22151    -0.880859    -0.217608    -0.683895    -0.958293      1.04289     -0.51838      0.57126     0.891299     -0.57783    -0.612019   -0.0695718      -1.0469     -0.55307     -1.32145    -0.466311    -0.615083
   -0.598952    -0.786708     -2.67713     -1.24542     -2.86804     0.271531    -0.442433      -2.7017     -1.09283     0.268968     -1.02285    -0.727472    -0.508537    -0.757237      -1.4098     -1.53704      1.28572   -0.0443449     -1.11647     0.181673    -0.175799     0.791576      3.93386     0.765717     0.787672   0.00373089    -0.383111   -0.0122811      0.53208     -3.19204    -0.113839      -1.0622    -0.634875     -2.63314    -0.309117    -0.388845      2.08828      1.75197     -1.19964     0.789581    -0.297011     0.947189     0.626729     0.263659      2.49366     -1.01618    -0.461537     -1.81663     -1.50716      2.47923
    -1.25639     -0.49284     0.947969     -1.36088      -1.1932      1.94628      1.23902     -1.22593    -0.406239    -0.588681     0.806557     -2.18285     -1.40413   0.00273814     0.885457    -0.148044     -2.76145    -0.051825      2.08947      0.93825      1.24677      -1.0978    -0.273654      0.65114     0.284988     -1.37142     0.947495     -1.54279    -0.338063    -0.324735     -1.75321    -0.992962    -0.203369     0.064952     -0.37852     -2.00953    -0.494466     0.361817     0.224087    -0.219405    -0.662607    -0.358303    -0.565857     0.706745    0.0373183     0.484043     0.975531      4.10315    -0.197806    -0.820706
   -0.220531    0.0885019   -0.0602509   -0.0550864     -0.11548   -0.0968442     -0.19014    -0.382625    -0.124733    -0.369673    0.0880155    -0.417609     0.294033    -0.394096    -0.408072    -0.164592    -0.474457    -0.595594      0.13145    -0.364576     0.102321    -0.198204    0.0944487    -0.799261   -0.0609302    0.0442423   -0.0844346   -0.0512676    -0.349577   -0.0690245   0.00934692    -0.209737    0.0461859    -0.237785    -0.221339     0.206288    -0.442665   -0.0768705   -0.0908443    -0.204964    0.0865881    -0.155357    -0.206592    0.0140877    -0.549115    -0.456491     0.167726    -0.527061    -0.191136    -0.242733
   -0.170553     -0.39305    -0.373129   -0.0321801    -0.231254    0.0755889    -0.168606    -0.109649     -0.17658    -0.167647     -0.21626    -0.190481    -0.198901   -0.0287258     0.230949    -0.101579    -0.223526 -0.000704686    -0.320269      0.10429    -0.111551    -0.463582    0.0368995     0.135796    -0.248588    -0.310293    -0.121891    0.0678775   -0.0621927    -0.292965    -0.387644    -0.244013    -0.297452    -0.260695    -0.111555      -0.1423    -0.236864    -0.355691    0.0943471     -0.25578   0.00977592     0.102464    -0.155985     0.140168    -0.114356     -0.17076    0.0102687     0.116313     -0.46418    -0.155251
   -0.660734    -0.286614    -0.567762    -0.226958    -0.831272    -0.752131    -0.292842    -0.914959    -0.175285    -0.329601    -0.810886    -0.225677     0.837628    -0.928248    -0.813864    -0.637237     0.502297    -0.481849    -0.951373    -0.476938    -0.303895     0.535915      1.43304   -0.0939812   -0.0783979    -0.390552    -0.825847    -0.271561    -0.042715    -0.951739     0.706036    -0.787706     -1.09273     -1.19721    -0.404943    0.0836869     0.100979     0.885951    -0.737611     0.754143     0.235963    -0.421598     -0.18733    -0.766501   0.00517318    -0.485616    -0.235218     -0.92063    -0.668063     0.473712
    -1.78832     0.538104    -0.114199     -4.64048     0.505095     0.233464     -1.51107     0.794075     0.627447     -1.33685     0.104834    -0.711895     0.736633     0.529957   -0.0994524    -0.156267   -0.0417421     -1.28432     0.549435     0.297131     0.474959      1.26614      0.73905    -0.686481     -1.16164      -2.1004    -0.873933     -1.33821    -0.743651     0.916837      1.32221      1.07493     -1.21481    0.0666558      -1.7497     -2.13621     0.134681     0.082018     -1.54452      1.62343     0.235169    -0.744987     -1.15774    -0.520798     0.473971     0.395372    -0.814536     0.348493    0.0253998     0.427522
    0.198493     -1.20779     -1.87778     0.256026     -0.61934      1.01924      1.32136    -0.768613     -0.61835      2.40428      -6.3536     -1.14344    -0.710452     0.592643     0.276347    -0.490794   -0.0783195     -1.48972      0.53074     0.952205     0.270666     -1.00375     0.866401     0.240911     -1.89794   -0.0550779      -1.2458    0.0506203     -1.69851    -0.236969     0.943854     -2.38324     0.635415     -1.36348     -1.00303       2.8569     0.377066     0.295537      1.06657     -0.77709   -0.0811491      1.35852    -0.703826     -1.30072    -0.835675    -0.978562      1.00959     0.738118     -1.43353    -0.396347
   -0.381532    -0.361463    -0.231044    -0.512387    -0.222759   -0.0284746    -0.332523    -0.175294     0.157571    -0.284992    -0.657677    -0.355869    -0.346117    -0.504223    -0.204461    -0.307512    -0.240308    -0.354499    -0.175047    -0.436386     0.195535    0.0618297    -0.485277   -0.0612762    0.0500728    -0.355999    -0.517153    -0.204568    -0.385848    -0.353391    -0.381436    -0.103254    -0.352536    -0.330114   -0.0631405     0.236923    -0.273853    -0.328056    -0.395479    -0.190736   -0.0801203     -0.14357   0.00970831     0.349774    -0.526761    -0.292612     0.065459    -0.579134    -0.198585    -0.248828
    0.350832    -0.388021     -1.28192     -0.15795     -1.35374      0.88207    -0.770123     -1.45014    -0.359064     -1.03967     0.365773     -1.77998     0.879324     0.329131     -1.41319      3.42168    0.0182261    -0.529018    -0.489915     -2.46528     -1.27022     0.209763    -0.677076    -0.618795    -0.657681       0.7649      4.86017    -0.191992    -0.727882    -0.728762     0.512611     0.477027     -1.19317    -0.490355    -0.691367     -0.97956      -1.1789     0.413735       -1.261     -0.92889      0.68896     0.105931      1.53164     0.025393     -1.20721      0.34489     0.923089    -0.442436    -0.479482    -0.451157
  -0.0526513     0.256518     0.263269     -1.02497   -0.0741123     -1.40433     -0.19781    -0.760277    -0.147504    -0.724366     -0.24877     -0.65928    -0.681796     0.229511     0.211506     -1.31208     0.310214    0.0547484    -0.159497    -0.723322     0.317431      1.18588   -0.0879278    -0.543882    -0.224885    -0.961049     -1.98014    -0.322679     0.222207     0.327061    -0.837734    -0.183298    -0.530003     0.399626    -0.699384    -0.361576   -0.0517846     -1.35481     -1.54872     0.390289    -0.704479    -0.412173     -1.00779     -1.21651    -0.228833     0.125419     -1.18107     0.111911     0.799738   -0.0906996
    0.912479     -1.21189       0.5885     0.283956     0.409291    -0.274183      -1.4442       1.6233     0.195957    -0.579568    -0.131674   -0.0545054     0.186557      1.00282     -1.04127    -0.128366    -0.778158     0.701058     0.304672     0.422105     0.100094     0.752569     -1.45773       -2.319    -0.314141     -1.51414     -1.35146    -0.681818     0.191306     0.684638     -0.28421     0.427764    -0.771272     0.708529    -0.480869     -1.36357     0.123497     -1.77639   -0.0637959    -0.659001   -0.0859395     -1.70511     -1.98413    -0.911912     0.105923    -0.498992    -0.168164     -2.58971     0.747824     0.297945
    -1.11423    -0.482736       1.0698     -1.71771     0.416136     0.523127     -1.08234     0.467233     0.145014     -1.08528    -0.744278    -0.839205     -0.43181     0.147817      0.97822    -0.570178   -0.0655759    -0.630831      1.75631     0.401779      1.29703       0.7375    0.0663554     0.245289    -0.542152     -1.48994     -1.73708    -0.179955     0.115871      0.21007     0.332994     0.823985    -0.520085     0.743712    -0.484944    -0.637421   -0.0424627    -0.268842      -1.2042     0.205142    -0.572108    -0.317737     -1.30669    -0.281222    -0.321928      0.45818     0.587778      1.39622     0.190828     0.716723
    0.147349   -0.0305632     -2.25614      1.25276     0.147282     -3.42886     -2.15342     0.851406    -0.432721    -0.402572  -0.00356931      2.86831     0.108778      1.51589     -2.12241     0.154383      2.94191     -1.36618     -3.44592     -2.26241     -3.07123       1.3405    -0.356308     -2.41749     -1.35437     0.582343   -0.0983057    -0.396167     -2.26726    0.0290923      2.26275    -0.535767    -0.229121     -0.67363    -0.250543    -0.658356    0.0286216     -2.18535     -1.33436    -0.439841     0.870457    -0.181847      1.06136    -0.995732     0.212362     -1.85591     -3.87958     -1.05735    -0.967105    -0.873738
   0.0846111      1.72506     0.334169      1.61762    0.0893304    -0.881052      0.38313     -1.85145      3.05149    -0.622301    -0.737856     -1.01565     0.749248      1.07997     0.843852     0.050111      3.71689     -2.16635    -0.569854     -1.44954      -0.6454      3.01902     -2.86755      1.22481     0.209778     -1.22907     -1.45542       -1.904      1.23863     0.134896    -0.217357     0.158163     -3.03691     -1.11311    -0.102238    -0.582136   0.00758385     -0.22498     -3.54158     0.256382   -0.0462912     -1.85013     -1.13909     -1.00164      -1.5904   -0.0878442     0.701707    -0.214943    -0.530016     0.342022
    0.072811    -0.645257   -0.0759199     0.666103     0.668555    -0.949535     -1.72911     0.456392    -0.412271    -0.908045     0.667563     0.487571     0.430251      1.20457     -0.18337    -0.720235     0.290107     0.551689     -1.28724    -0.880248      -1.1207     0.174464     -0.37276     -1.19067    -0.543352     0.429008     -1.05341    -0.133875      0.34731    -0.129942    -0.310896      1.30238     -1.22573     0.898417     0.411763     -2.64003     -1.23485     -1.22025    -0.911698      -1.0444    -0.915378     -1.10261     0.582886    0.0769862    0.0133426    -0.245316     -2.39778    -0.550993     0.198501     -1.20968
    -1.15263     -1.48511     0.440151      -1.0406    -0.324452     -1.04724    -0.554201     -2.24862    -0.320189    -0.386275   0.00201139     -1.29627       1.2339     -2.84846    -0.587725      2.52062    -0.694625    -0.835535     -1.12045      -1.9574    -0.717204    -0.364529     -1.37999      1.41775      1.86614   -0.0424205      2.01904    -0.112359   -0.0542636     -1.82637    -0.886041      1.28283     -1.24175     -1.06164    -0.510586    -0.993365     -1.13526     0.560707     -1.17822     0.248132      -1.2057    -0.108795      1.29998     -1.37502     -0.74043     0.650994    -0.212623   -0.0518629     0.784395    -0.164654
   -0.546774    -0.831608   -0.0438653     -6.29349    -0.789322     0.470845     -1.19552      2.15198    -0.518772     -1.20415     0.337689    -0.762602     0.710518    -0.141902    -0.450793     0.579188      1.40234     0.709105      1.87029    -0.308718     0.513954      1.38567    -0.902482     -1.05616      -0.1052     -3.61237    -0.115629    -0.465683     0.665096     -1.58688    -0.272995         1.63     -1.13596    -0.351784     0.193848      -1.3595    -0.496212    0.0820868    -0.740655      1.80534     -1.11682     -1.16531     -1.90846      1.30746     0.291057     0.151284   -0.0224834    0.0221807      0.56673      1.14708
     2.12921     -2.05162    -0.424198    -0.993519    -0.500039       1.9201     -1.97169    -0.300883     0.585879     -1.37209     0.260386     -1.30718     -1.52709      1.78893     -1.11278    -0.475885    -0.568579     0.917355      1.91109    -0.852558      1.83261   -0.0569586      1.59825    -0.273838     -1.54081   -0.0443174     0.580394    -0.576433     -3.22781      0.50556    -0.197486     -1.52511      1.12954      1.96308    -0.176174     0.897468      1.61246    -0.177459    -0.217641     -3.17132      5.63249    -0.313288    -0.776844      1.11702      0.36836     -0.34598    -0.989037     -1.24956     -2.27983     -1.28012
   -0.274248   -0.0372714   -0.0338822    -0.246077    -0.360872     0.129417  0.000381171    -0.331564    -0.171522    -0.080522    -0.429108    -0.257348     0.155486    -0.428324   -0.0510967     0.277797    0.0416206    -0.131323   -0.0441525    -0.275303     0.147889   -0.0721336    -0.236661    -0.100402   -0.0218864   -0.0939955     0.360865    -0.286426   -0.0147452    -0.326746    -0.284366    -0.317008    -0.078167    -0.258348    -0.243122    0.0402107    -0.209701     0.208841     -0.34825    -0.333798   -0.0359137    -0.146946    0.0420063     -0.13698    -0.397274    -0.203961    0.0183535    -0.338647    -0.236136    -0.282262
   -0.223496    -0.485783     0.102351    -0.133516     0.181356    -0.675256    -0.775096    -0.793296   -0.0818104    -0.120879   0.00080594    -0.501121     0.498238   -0.0949214    0.0935272   -0.0125833     0.489837    -0.845811      0.14517    -0.893339     0.105253     0.287821     -1.58033     0.568354      0.32791     -0.83616    -0.374206    -0.612621     0.114299    0.0679817    -0.713714     0.311037    -0.843638     -0.38991    -0.176346    -0.265372   -0.0645651     0.589306    -0.493058    -0.573836    -0.485628     -1.49063    -0.594203    -0.377556     -1.56235    -0.920805    -0.732889    -0.243441    -0.694479     0.369004
    -2.59898    -0.629616    -0.529359     0.567523     0.709916    -0.734522     0.354154     -2.22368    -0.393864     0.323271      1.07738     0.805529     -1.25279    -0.185833      1.42051     -1.66232     -0.34497     0.039874   -0.0674946     0.922737     -1.90524     0.303812      1.41843      1.79591    -0.299117     0.220541     -1.68414      -1.7231    -0.407819     -1.35816     -2.02797    -0.944303    -0.756066     0.256545      5.22622    -0.289215      -1.0483      1.89276   0.00339026     -2.56019     -1.84094      -2.5658     -2.07427      3.67887     0.113909      1.02202     -3.33958    0.0821235    -0.799722     0.314533
    -1.50553      1.26341    -0.208471    -0.605169     -0.43592     0.348968     0.762701     -1.06388    -0.978093     0.655638     0.118811     -1.11414     -1.05045     0.210347     0.605253    -0.670087     -1.38873    0.0208489    -0.247408      0.73234    -0.329234     -2.05142     0.421727      1.28812    -0.619072     0.397455    -0.857308    -0.524294    -0.804624     0.186932    -0.695036     -2.06048      1.38578     -1.22816    -0.225205     0.544383     -1.43859     -1.05153     0.279199     -1.52524    -0.565425    -0.199543    -0.289616      0.15105       -1.042    -0.206885    -0.814949      1.58016     -1.11389     -1.15641
    -1.75253    -0.362012    0.0618541    -0.738223      1.51012    -0.773589      1.54702    -0.554426    -0.350158    -0.317861      1.39856     0.898177     -0.12753     -3.10043    -0.287385    0.0466116    -0.780625     0.640532      -1.3139    -0.166683     -1.00223    -0.126577    -0.985848      1.27281      1.86785     0.101138    -0.112619     0.230397     0.109943     -2.00094     -1.01948      1.20518     0.617114     -2.60232    -0.944195  -0.00593821      -2.3897    -0.566949    -0.732977     0.767946    -0.971293    -0.165024    -0.778905     -1.90974     0.408711      1.63685     -0.28604     0.681989      1.47804    -0.250746
   -0.195371     0.179849    -0.364887    -0.745948      0.19617    0.0116329    -0.442843    -0.251838     0.176041    -0.455466     -1.00305    -0.574478     0.394061    0.0578616    0.0256163    -0.747746     0.767062    -0.243651     0.186385    -0.910364     0.690271     0.575657    -0.670522   -0.0838572     -0.21664    -0.716163     -1.06019    -0.714409    -0.425434     0.057879     0.223796    -0.478331    -0.639075     -0.18881    -0.330637     0.732744    -0.727577     0.132359    -0.991137    -0.513106     0.454934     -1.00369     -0.85918   -0.0866431     -0.93982     -0.80366    -0.115336     -0.64721    -0.535054     0.251681
    0.102844    -0.411695     -0.19781    -0.438612    -0.139135    -0.370983    -0.375974    -0.320499    -0.294923    -0.191288    -0.226028    -0.192126    0.0116036    -0.406318    -0.493806    -0.193551     0.025766    -0.179645    -0.230571    0.0739456    0.0186452    0.0441655    -0.204257    -0.343906   -0.0958748    -0.600716    -0.367214    -0.281502    0.0703979     0.111619   0.00131708     0.205421  -0.00411805    -0.417167   -0.0550265    -0.241438     0.409548   -0.0789002    -0.288117   -0.0621889   0.00268926    -0.333354    -0.172651    -0.207493    -0.212232    -0.448992   -0.0327539    -0.179602     -0.14401    -0.162871
   0.0133741     0.594685    -0.292953    -0.412391    -0.206437     -1.28591     -1.49702    0.0509216     -1.02925    -0.249716    -0.654591    -0.671391     0.948027     0.205481    -0.850281     0.996537     0.339434    -0.329044     -0.87029    -0.976685    -0.211503    -0.372477    -0.321067     -1.70302    -0.674863    -0.619708     0.975679     -1.09873    -0.927553     0.229046    -0.103789     0.283317     -1.53679    -0.126365    -0.695967     -1.05359     -0.74383    -0.468699     -1.11159     -1.77527      1.17629     -1.32159     0.473669    -0.461112    -0.773735    -0.983662     -1.73031    -0.543596    -0.165034    -0.830958
   -0.671071     -1.30132     0.131098    0.0477532     0.124678     0.173449   -0.0266579     0.190784    -0.406931      1.02756     -1.82497     -1.36726    -0.687835    0.0817839     0.116987     -0.61404    -0.827552    -0.904011     0.614724    -0.473704     0.523807    -0.856561    -0.774397    -0.168676    -0.600244    -0.449333    -0.287952    -0.780353     -1.28683    0.0862085    -0.264154    -0.737959     0.873083      1.14719     0.448336     0.148588    -0.760498     -0.25647     0.678067     -1.12564      0.82785    -0.613975     -0.40808      0.81448     -1.86883    -0.235695    -0.190437     0.567794    -0.359401    -0.645889
    0.905356     -1.88947      1.51458      1.89854   -0.0992646     -1.43393   0.00201703     -0.82523     0.821592     -2.06628      2.21637    -0.469912     0.763306    0.0507525     0.423399     -1.44229     -1.99594     0.916711     0.211907    -0.244458    -0.505052      1.90925    -0.350256    -0.276578      1.33987    -0.387752     -1.33943     -1.82815       1.8204     -1.63098     -2.13506      3.30366     -3.03398     0.552592     0.987602     -3.53184    -0.338563    -0.570767     -2.28782    -0.805392     -1.86557     -1.40471     -0.60489      0.63828      1.56254     0.138318     -2.45854     0.125654     0.408158     -0.89064
   -0.348064    -0.915521     0.206521     0.151496     0.901228    -0.720575      0.86863    0.0573308    -0.372911    0.0905231     -0.47414    0.0913744    -0.811844     -1.14549     0.896174     -1.04015      -1.6508     -0.52206    -0.302694      1.14363     -0.84521     -1.52282     -1.73362   -0.0557505    -0.124167    -0.899632     -1.48529    -0.890311    -0.397647    -0.151896     -1.48738    -0.859729    -0.895438    -0.405082    -0.458761    -0.511683    -0.771457     -1.07715   -0.0113786     0.218875    -0.440612     -1.11439     -1.10705     -1.00629    -0.938312    -0.992293    -0.431846     0.538864     0.598419     -1.01234
    0.218234     0.468102     0.701042    -0.945466     0.734781     -1.68878     0.893525    -0.472447      3.24852      1.32204    -0.789126    -0.815643      2.28896   0.00422509     0.175452     0.262149       4.0474     -5.31061    -0.956897     -2.14734    -0.473694      1.52893     -1.53539    -0.332821     0.761781    -0.566882      0.91372     -3.31062    -0.198201     0.922777      1.09355     0.401103     0.524258     0.674939      1.10655      2.01342   -0.0377998       1.7519    -0.560035     0.339126      1.64407     -2.82958        2.145     0.142884      -1.6186    -0.952469      1.01948      0.14431     0.027146     0.494061
   -0.199778     0.256905    -0.128551    -0.184025    -0.308674    -0.258988      0.13878     0.105565    -0.295935    -0.108643    -0.278243    -0.149845     -0.17892    -0.131594    0.0607359    -0.431614    -0.163351    -0.110006    -0.270601     -0.26876    0.0165866    0.0255432    -0.602741    -0.160519     0.119904    -0.201136    -0.262384    -0.142087     -0.17815    -0.313315    -0.235944    -0.382992    -0.080575    -0.077754    -0.218624    -0.206227    -0.377483   -0.0957011    -0.125583   -0.0170239     0.234776    -0.130414    0.0719525    -0.124539   -0.0522345    -0.121933    -0.160407    -0.190889    -0.128534     -0.35459
   1.24551
   1.15293
 -0.735833
  0.599518
   -1.1303
  -2.85194
   0.81698
  0.577373
     0.474
 -0.895111
  -1.08241
  -1.51391
 -0.759406
   0.36314
-0.0858074
 -0.362023
  -1.75406
  -1.17715
 -0.868476
 -0.071995
 -0.976413
 -0.716278
  -1.15725
  -1.18916
 -0.829714
   1.06442
  0.114686
  0.357676
 -0.583108
  -1.95448
  -2.07732
   1.83165
   1.40289
 -0.651017
 -0.610843
  -2.10709
  -2.30165
 -0.954645
  -2.27184
  -1.87975
  -1.55762
  0.180444
 -0.293584
   -1.2812
 -0.371399
  -1.14245
 -0.755925
 0.0221757
   2.85675
  -1.23896
1
4
50 10
    1.16151     1.27035   -0.469563     1.07712    0.934222    0.523019     1.36864    0.357052     2.28469    -1.36557    0.538341  -0.0538682    0.936465     -2.7207    0.755778    -2.27675   -0.505789     1.52031    0.434593     1.57047     2.09195    0.460622    0.130293     0.86475     0.61246    -10.9443   -0.142201    0.498399   -0.186859    -0.70958  0.00265763     1.54327    0.468937    -1.33393    -2.80985    0.490125    0.137947     0.17821    -1.34534     1.57422      2.6075   -0.259004   -0.252641   0.0240645    -1.13972   -0.928174    -3.53932    0.353643    -1.55024    0.228966
    1.75853   -0.251583    0.342129     1.38787    0.377412    -1.07895    0.329388   -0.501122      2.1457   -0.341656    0.021508    0.332312    -6.19082   -0.597073     1.11935     1.70586    -3.97771     1.97763    -0.89413     1.35147   -0.878054    0.267596   -0.241801    0.699452     1.27552    0.679816    0.408206    -10.0093     1.91835    0.543327     1.18331     3.12762     1.01151     2.46752    -1.18337     1.99237    0.629134   -0.402275    0.911119     2.26423    -0.31879     2.02108    0.739296    0.580081   -0.936325   -0.286749    0.721931    0.238406   -0.405253    0.363444
   -4.76225    0.722313   -0.106249    0.523239     1.09359     1.35023     0.10119    0.268121     -2.0321     1.44838   -0.371054 -0.00740501      2.3464  -0.0747573     -1.4333   -0.792264    -1.45975     2.21321      1.3476    0.449436    0.123976   -0.646461    0.133527   -0.651254     2.17502     1.53065   -0.249901     1.47464    0.660026   -0.934824    -0.20275    0.592803    -1.46636    0.961982     1.90555    0.105916   -0.947275   -0.230798     1.43472    -12.0074    0.279314     1.18889     0.63663    -0.18708   -0.580941   -0.172899    0.756095   -0.658438    -1.74461   0.0935168
   -1.05723     1.03837   -0.408552     -8.5075    0.325541     1.47545   -0.894379  -0.0495201    -1.25235     1.89895   -0.797101  -0.0996183   -0.326914    0.975049   -0.740465    -1.29614     1.66391    0.935575   -0.247769    0.600759     1.04458   -0.257914   0.0873795      -1.067     1.22947    0.310358    -0.45789      2.1837   -0.043708   -0.180625     1.25309     1.41712    0.944792   -0.228056    -2.63515      1.6549    -7.40958   -0.294144   -0.422426     1.99255    0.782249    -3.66476  -0.0888693  -0.0424647    0.104727    -1.24329     2.12714    -1.28257    -2.44073   -0.226593
    0.36795    0.126818      0.1808    0.655876    -1.98704     1.10747    0.285462    -0.45766    0.546266    0.462278     0.61061  -0.0108884     2.10581   0.0202748      1.7344     1.74057    0.931665    -7.63372    0.551698    -9.46319    0.666943   -0.137682    0.577277    -1.57816    -2.19722     2.58687  -0.0181496     1.80258    0.107301   -0.443931   -0.473781    0.339931    0.747584    -1.15157     0.74999     2.62927    0.348584    0.229042   -0.123096     1.69396    0.562703     2.69896   -0.301688  -0.0140479    0.808719     -1.1743  -0.0448438   -0.722214    -2.23997    0.122305
    2.17561    -7.60104     0.27272   0.0587778     1.09353     1.90346   0.0060786     1.36418    -4.86226    -5.37783   -0.118027   -0.144598    0.799152  -0.0535979   -0.424094    -1.79356    0.548586     0.20432    -1.92357    0.477832   -0.180613  -0.0683311     0.26769    -0.34251   -0.509454     2.81134    0.167603    0.228902   -0.396656   -0.515462   -0.812409     2.66541    0.177835   -0.155378     2.13672     1.72863     3.20582 -0.00525227     1.19048   -0.030926   -0.922884    -2.85154   -0.207367    0.521399     1.02745    0.807418   -0.597651   0.0222269    -1.08434  -0.0875212
   0.512663     3.13665    0.187771    0.434025   -0.268735     -1.8799    -2.94374     1.36482    0.347014   -0.177144    0.717874   -0.180294    -1.56337     1.41689   -0.933376      1.2262     2.81041    0.723484     1.61752     1.44924    -7.02342    0.450967  -0.0483799    0.598072   0.0304739     1.39094    0.432567     2.67946    -1.20312     1.52201   -0.811262    -11.4014     1.84135    -1.23367     2.56807     2.30793     2.92635    0.208427   -0.293651     1.66823   -0.421584     1.04615       1.039  -0.0162355    -1.23425    0.200819   0.0350488    -1.80836   -0.867893    0.191922
  -0.140694    0.304957    0.209843     1.75536    0.371831     -2.9042    -1.19118     1.39996     2.29547    0.780123    -0.62348    -0.17567     1.16835    -2.98251   -0.850715     3.03038   -0.799683     1.17302    0.812639     1.73809    0.847517     0.14831   -0.149797   -0.897211     0.49573     1.27207   -0.446509   -0.821889     -1.0128    0.266139   -0.844342     1.36152     -5.2758   0.0915307   -0.743843   -0.325261     1.44009   -0.253645    -2.17396     1.92503    0.995191    0.431146    -1.66685   -0.617271    -1.53417     2.10324   -0.261209    0.906346     10.6262   0.0339358
   0.398967    0.864837   0.0950431     2.21143    -1.77636   -0.981236     2.43184    -3.50975  -0.0366314     2.90783    0.104937   0.0312548  -0.0525366     3.82673    0.684049    -1.65687     1.07391   -0.442747   -0.934226     2.35634      3.8001    0.144394  -0.0622598     2.25537     -3.5616    0.182064   -0.184786     2.13835    0.110573    0.370533    0.764884    0.418255     1.72113    0.792274    0.535284    -11.1558    0.673804    0.274351    0.695053     1.04946    -2.79297    -0.61132     1.21612    0.126368     2.91633  -0.0944791     1.05014     2.16421    0.203678   -0.337322
 -0.0408446  -0.0547083   -0.104923  -0.0784986  -0.0404438   0.0403484   0.0181265    0.115454  0.00157265  -0.0879917   0.0242163    0.179842   0.0298101  -0.0136774   0.0932823   0.0205428   0.0380145  -0.0705127    0.142336  -0.0132523   0.0597238   0.0462576     0.20948  -0.0127907  -0.0132405   0.0492597   0.0582345  -0.0922714   0.0497774   -0.148028  -0.0179139   0.0146631   0.0250232   -0.102019   0.0532174   0.0797644  -0.0145424  -0.0733018   0.0225066   -0.129754   0.0426542   0.0520405  -0.0287001     0.16203   0.0260055  -0.0543892   0.0532271  0.00153996  -0.0675464   0.0160041
  1.91141
-0.801729
  1.99428
  3.29101
  1.43125
 0.102254
  1.42144
 -6.88421
-0.619989
-0.132931
