3 8 0.5 1900
1
1
9 50
   -2.46576   -0.220075    -4.70771    -1.29965   -0.473375     3.83863     0.53946     1.34562   -0.697136
  -0.637256   -0.262577   -0.901866    0.226554    -1.12372     6.79385    -1.34224    -1.37321    -1.07148
   -1.71599   -0.429869   -0.306256    0.460225     4.17422     1.35606    -3.28534   -0.473267    0.455561
   0.160359     1.99292    0.651967     2.26649     1.30297     1.03868     2.33296   -0.655213    -7.57049
 -0.0355361    -2.59214     1.00089     1.18856     4.33102    -1.77756     2.08549    0.110084  -0.0047885
    1.10621     3.01442    -1.81029    -3.51847   -0.389094    -3.37261    -2.83453     1.94993     1.39929
    1.37107   -0.915288    0.937253     3.76507    0.947189  -0.0514559     -2.0447    -1.11377   -0.551048
    -1.3381    -2.64391    -2.56264   -0.258817     3.00421    -3.37759     2.07428     1.63199     2.62688
    1.40272    0.679357     1.32645   -0.645826    0.514388    -1.11488     1.18763    -4.55977  -0.0578812
    4.06367    -1.89454     2.25429    0.499216   -0.612301 0.000204484    -1.08751    -1.88262    -1.82297
   -7.68189   -0.272391     1.00932  -0.0265354    0.941417     1.38744      1.5976      2.1731    -1.49019
  -0.710081    -0.80267     1.74188    0.725709   0.0483929    -1.10073      3.4975     2.69977     0.39125
   -3.37972   -0.250727    -1.17309    -2.10786   -0.764579    -2.27614    0.796546    -1.52868      2.9152
   -1.13615      1.1942     2.00251    -7.40705    0.436136   -0.441421    0.773151      1.0444     2.70861
    1.71959    -1.07477     1.88641    0.749714    0.473182       1.431    -2.69452    -2.94706   -0.664305
  -0.164728     4.58693   -0.397331    0.952699    0.213511     0.58253   -0.749802    -1.24332    0.863378
 -0.0747077    -2.81721     1.87215    -1.34883    -1.86123   -0.760403     4.85935    -4.53313     2.64925
   -1.60167    0.463264    0.429687    -2.17853   -0.930399   -0.890798   -0.264818     6.04025    0.425988
  0.0757141     -1.0673    0.507237    -3.28586    0.268507    -2.24196    -2.51987   0.0682908     2.16083
    2.49268    -1.79357   -0.327992     2.15234   -0.809819   -0.567647    -1.08782     3.03986     2.28993
   -0.31161    -2.27089    -1.89201    -1.83892  -0.0388255     2.86139    -3.66711   -0.867244     2.16378
  -0.393616      5.3721  0.00564394     0.11158    0.184493    0.696631     1.28577    -2.72242     1.12714
    1.39164     1.96908     2.20841    -1.47359    -5.69826   -0.241963    -1.65116     2.11861     1.47471
    1.00181     1.83409     6.19958   -0.092071   -0.727581    -2.25385    -1.58174    0.404176    -1.76952
   -1.88229    0.193746    0.562325     3.26363   -0.785833      1.3108    -1.94971  -0.0957011   -0.154421
  -0.762254     1.62357    0.965332    0.467249    0.733362    -2.77096     1.16353        1.64    -4.28085
  -0.905834      6.4998   -0.610285    -1.10858    -1.40756    -1.19124    -2.59149    0.335803    -1.50113
   0.911229    0.121468    -3.22244    0.376778    -1.28112    -1.37692     1.04881     4.92976   -0.331123
   -2.39678   -0.694812   -0.849754     3.78298   -0.880819    -1.27901   -0.276143    0.031804     1.30317
    1.67107    -1.31819   -0.721924    -1.34521      4.8149    0.169007   -0.284792    -1.25786    0.304878
    2.72302    0.724679   -0.847548    -1.62531    0.784432      -4.748     2.85072    0.869475    0.769604
   -5.06268     2.21474     1.66785    -1.76024    0.971263   -0.716804    0.163881     1.61434     2.12555
    3.55181   -0.402564      1.2618     -1.0504    0.451794   0.0911387    -1.36832    0.806207    -4.59091
   -1.28718     2.82634     2.28405    -3.19467     4.44111     1.28813  -0.0189876     1.14415    0.701931
   -1.17722    0.214631     6.08641    -1.07541   -0.227085   -0.448467   -0.870148   -0.524887    -1.29659
    4.48924   -0.820643    0.305523   -0.629319   0.0724255    0.246527    -0.29708    0.284776    -3.85247
    1.54622   -0.153656   -0.539319   -0.937843   -0.713366     5.86668    0.729738  -0.0575155     1.42602
    1.53587     1.43573     2.91009    -1.52975     -2.6626    -2.54605    -1.04996    -3.35782   -0.953601
   0.286269    -5.52639    0.455507    0.366686    0.473812  -0.0313068     1.38388     2.53481   -0.561306
    1.74287    -1.54394    -3.26214     2.38742    -1.47951    -1.29534    -1.02317  -0.0021103     3.49006
    1.49469    0.695205   -0.294712    -6.44473   -0.576522   -0.158519    0.384252    0.375816   -0.337976
    1.05917     1.93381    -1.04679     1.11872   -0.943863  -0.0470965    -1.17742     4.59642    -3.26097
   -2.60419     1.94904   -0.274338   -0.278096    -2.57097    -1.01744     1.13985    0.857209    -3.83405
   -2.35803   -0.133691     4.99558    -3.36403    -1.04737  -0.0601437    -1.24858     1.99275    0.256744
   -2.85139     0.19383   0.0815984      1.3734    -3.26017     3.24775     1.24912     3.28614     1.98776
  -0.613635     1.81019    0.305156    0.565066     1.58774    -2.18168   -0.579985       1.501    0.200497
    1.04751     1.21255    -3.72951     1.38396    0.440582   -0.889759    -6.25449   -0.468567       0.313
   0.308236   -0.583433     1.30612    0.198022    0.246776  -0.0320789    -6.33305   -0.549851   -0.490729
  -0.129012    0.787064    -1.83235     2.38067     3.77737     1.45766   -0.269065    0.113742     1.26004
    1.77176    -1.52039    0.734091    0.387746    -2.73302    0.609526  -0.0383804    -1.66281     1.93119
-0.100224
 -3.90006
 0.649757
-0.210361
 -2.01944
 -1.92323
 -2.02223
 -1.64171
-0.426309
 -2.57969
 0.922527
 -1.66543
 -1.28798
 -1.54967
 -1.72156
 -3.93678
 -2.03981
 -2.78647
 -3.34863
 -2.25514
 -2.27569
   -1.443
 -1.93572
 0.683177
 -2.43341
 -1.80196
 -1.48359
 -1.71073
 0.214539
 -2.22524
 -1.90236
 -2.17521
  -1.7282
 -1.04724
 -2.18947
 -2.77048
  1.29894
 -2.01465
 -2.54117
 -2.01973
 -3.20925
-0.208003
 -2.68678
 -1.42747
 0.764522
 -2.27802
 -1.20272
 -2.19062
 -1.14459
 -1.47867
1
1
50 50
     3.2012      -3.791      0.2387     1.05859   -0.173936    0.665545   -0.551131     1.26199    0.195252    -2.54331    0.607883   -0.922793    -1.71192    -2.55935    -1.69067     1.03816    -2.40593    0.139313   -0.697984    0.987384    0.140433   -0.112967    0.276076    -3.53357   -0.340212     -1.0977    -1.52746    0.845491    -1.06202   -0.129561     1.77365    -1.64543   0.0144859    -1.97871   -0.949979   -0.602469     1.95578     -1.5463   -0.712221      2.0894     1.55635   -0.531864    -2.13642    -2.34113    0.247851    -1.15836     2.31991    -2.82338    0.707782    -0.35568
    1.58127     7.46015    0.023034     1.50068    -2.46067    -2.30368   -0.471191    -1.98767    0.237953  -0.0978901    -1.53768    -1.08849    -1.95543     1.00544    -0.19709 -0.00358421    -1.78717    -1.20649    -1.66782   -0.650342     1.53128   -0.403936   -0.498518    -1.52488   -0.687728    -1.61823    -0.66442    -3.06335    -1.42676    0.210971     -3.1793    -1.81823   -0.146843   -0.166452   -0.499466   -0.165402    0.348414    -1.27106    0.249007    -1.75057    0.277607   0.0857697    -1.69438    -0.79028     1.97375    -2.07139   -0.509565    -1.46069   -0.599062   -0.877837
 -0.0122347   -0.514475   -0.515722  0.00959292   -0.253689   -0.108685  -0.0547813  -0.0807366   -0.470105   0.0122731    -0.85977   -0.264788  -0.0525881   -0.301677  -0.0971109   -0.359486    0.113799   -0.618487   -0.385876 -0.00882813   0.0476359   -0.244052    -0.15677   -0.432354   -0.426853   -0.226567   -0.166354    0.106005   -0.393598   -0.296001   0.0327068   -0.420953    -0.27011    -0.15209  -0.0353747    0.234627   -0.382527   -0.209037    0.261027   -0.144549  -0.0930565  -0.0994292   -0.190044   0.0211764   -0.361985   -0.317859   -0.225602    -0.47341  -0.0330624   -0.078249
   -1.28567     -1.2769     0.23133    0.508434  -0.0133808    -1.57767     2.66064    -2.17182 -0.00535134   -0.291512    0.436265    0.554013  -0.0114538    -5.06124    0.489633    0.672766    -1.72604   -0.390968    -1.51072     1.45785     -2.9267    0.890232     -1.2708     1.10358     3.37756    -1.60416    -1.11436    0.678619     1.88232    -2.32048     -1.5774   -0.358462     -1.7614    -2.54198    -1.00899   -0.339085    -1.16412    -1.27656    -1.05957     1.64886    -2.31117   -0.194627    -1.02336    -2.27527    0.841241     1.36947    0.710165    0.847725     2.02303    0.803783
  -0.232329   -0.809295   -0.517369   -0.860684   -0.927404   -0.037298    -1.12784   -0.854594    -1.12075   -0.488813    0.591181    0.885585   -0.205999    0.235131   -0.932773     -1.3982    0.573088   -0.307613    -0.53078   -0.256365    -0.16071    -1.32469    0.771565     2.48193   -0.313414  -0.0771219   -0.258497    0.591944   -0.350245    -1.28803   -0.386102    -1.14851   -0.407324   -0.889543   -0.109545    -0.92238     2.37006   0.0777102     1.41148   -0.589356    0.168506    0.346516 -0.00950941      1.6432     1.84217    -0.67515   -0.291556   -0.779511    -1.01317     0.10253
   -2.13713   -0.185424   -0.374743     0.31798   -0.476626    0.242641    0.497493    -1.20529    -2.11418    0.817085    -1.38833   -0.278557    -1.26228   -0.526727     1.41302   -0.225209    -1.59487     1.64756   0.0479441    0.257406   -0.246759    -1.03165    0.146225   -0.123019  -0.0542253   0.0921345    -1.17355    0.251681    -1.25568   -0.393786    -1.22853   -0.768699    0.204234   0.0554074    0.843415  -0.0337767    0.171417    -1.36352    0.623311     -1.2249    -1.35143    0.637708     -1.1414     1.08645     0.30439   -0.396319    -1.69393     1.11077   -0.866129   -0.228513
  -0.115351   -0.875873    -2.17619   -0.355503   -0.873814     -1.9527    -2.00749   -0.293292   -0.543298    -1.39655   -0.497064    0.310286    0.490021   0.0743001     -2.0631   0.0874049    0.991915   -0.763099   -0.631389    -1.68506    -1.39308   -0.198423   -0.378436    -2.84655    -1.12557   -0.330072   -0.633496    -1.29342    -1.78176    0.830374     0.62216   -0.628209    -1.10588   -0.640318   -0.944532   -0.832186    0.309234    -1.32829   -0.493555    -1.74756     1.76511    -1.74763   -0.378209   -0.982332   -0.613334    -1.70969    -1.91984    -1.23703     -1.9081    -1.29128
  -0.651383    -1.15383    -1.16942    0.795175   -0.593882    -2.30999    0.787096    -2.29706    -0.80057   0.0104797     3.05897   -0.457472    -3.16931  -0.0774457    0.302032   -0.496959   -0.980297   0.0153756    -2.51995   -0.563412    -0.70884   0.0435044    0.946143    0.118637   -0.971068     2.84711     0.36376    0.588728    -1.81349    -1.40492    -1.06713    -1.91948     3.46421   0.0220945   -0.433412     1.69331     1.96184     -1.5708   -0.775352    -1.95633   0.0117246     1.78955    0.675053    0.143042   -0.256511   -0.997031    -2.01509    0.346935   -0.735255    -0.87832
   0.181484     4.53498   -0.855255    0.740504    -2.44821    -2.01971   -0.950155   -0.954282   -0.722336    -1.60534   0.0100967   -0.704913    -1.46941    0.807304   -0.777475   -0.951558    -1.36114    -1.52957   -0.881309    -1.35549     1.63449   -0.337669     1.45567     -2.7518  -0.0203717    -1.39021   -0.786811    -1.94288    -1.15919  -0.0952671    -1.93608    -2.27923   -0.662041    0.981755   0.0684004  -0.0451112    0.318582   -0.309878   -0.931583   -0.130955     2.45212    -1.02171   -0.858385   -0.506001     1.57919    -2.17411   -0.934214   -0.827811    -1.32295    -1.12956
   -3.07955   -0.967628    -1.51222    -1.10038     2.50207     1.11103   -0.357998     1.48657    0.619549   -0.770451    -1.09356     1.37881     1.47749    0.401105   -0.224238  0.00665334    0.157107     0.49692     1.31799    0.402997    -2.06576    0.225829   -0.863561     1.76157   -0.984832    0.203118   -0.196491    0.904204     1.00498  -0.0475822     3.10548    -0.23502    -1.27698   -0.940286   -0.404614   -0.437411    -4.68596     2.12577   -0.181654    0.175229    -2.95232   -0.470009    0.152778   -0.995417    -1.71825     1.95426    0.277434      1.2434   -0.801584    0.450551
  -0.081781   -0.845681    -0.70452   -0.178283    0.122589  -0.0736302   -0.184622   -0.566398     1.10593   -0.296419   -0.713782   -0.719521   0.0437973   -0.625167   -0.311757    0.463851     0.33162   -0.455457    0.356159   -0.399694    0.308056    0.216122    -1.27953   -0.279528   -0.481585   -0.502165    0.502797   -0.671518   -0.574117   0.0508335  0.00669981   -0.492963    -0.31266  -0.0187904    -0.41586   0.0975872    0.325622    0.342209   -0.232016   -0.530091    0.363077   -0.948548   0.0978405   -0.440966   -0.823033   -0.678983    0.254582   -0.872642   -0.318889    0.127142
  -0.206308  -0.0288017   -0.468141   -0.415404   -0.143646   -0.342441   -0.067702  -0.0200932  -0.0965797   -0.314131  -0.0232009   0.0339207   -0.200146   -0.191078  -0.0547424   -0.289699   -0.425172   -0.125864   -0.341511   -0.492425   0.0834093  -0.0858589   -0.186962   -0.170597    0.025146    -0.32328   -0.083197   -0.132301   -0.365953   -0.139945   -0.298178   -0.145873   -0.208757  -0.0910161  -0.0920021  -0.0196387  -0.0227618   -0.254448   -0.327941  -0.0107335   -0.214945    0.032998   0.0159269   -0.227285     0.11738   -0.236354   -0.125777  -0.0675561    0.306741   -0.129974
  -0.273546    -1.16829   -0.916782   -0.315469     2.40493    -2.49794    0.368393     1.28061   -0.257708    0.495373     1.01692      1.7148    -2.42532    0.340203     1.85368    -2.07013    0.224672    0.455687    0.616717     3.08802  -0.0139488    -3.77675    -0.95176   -0.455685   -0.726975    -1.55494    -1.97614   -0.978152   -0.956667    0.324686    -1.66294    -2.27652    0.545809    -1.31369    -1.07466   -0.180646     1.13979    -1.77449     5.13624   -0.242009   -0.505394    -1.88596    -2.47263    0.512727    0.317761   -0.704057    -2.15288    0.649625   -0.169797   -0.535641
  -0.646526   -0.253061     1.44258    0.156124    0.425707    -1.43111    -0.35336    0.281595    -1.34147    -1.49935    0.407646    -1.67282     1.17447   -0.614118    -0.98083    0.929424    -1.75389   -0.831324   -0.719722    -1.19793   -0.770576   -0.384954    -2.76187   -0.906293    0.578967   -0.934285   0.0331455      -1.346    -0.20732   -0.733485    0.438489     1.70176    -2.48131   -0.914598   -0.466659    -2.07315     -2.8652   -0.306382    -1.68779   -0.516685    -0.30514    -1.70983   -0.733407    -0.18985    -2.05188    0.382279   -0.305421   -0.310188    0.535785   -0.900692
  0.0572935   -0.212141    -1.13441   -0.220775   -0.955846   -0.554516   -0.286743    0.315039    0.224773   -0.807405   -0.754448   -0.693669    0.133554      -0.231    -1.56073   -0.636606    0.147541   -0.124171   -0.695062    -1.40558   -0.220412     1.01477    -1.22353    -1.32044   -0.939587   -0.687122     -1.3557   -0.586517   -0.223362    -1.01934    0.484552   -0.353209    -1.11718   -0.209571   -0.390888    -1.10381   -0.763967   0.0153026    -1.31776    0.291676    0.158763   -0.721496    -1.10247   -0.199629    -1.23296   -0.231674    0.464949    -0.97212   -0.769069   -0.712417
   -0.99688     1.71543     -1.5719     0.12675    -2.18037   -0.793794   -0.679665   -0.463847    -1.32979     0.26732    -4.08661   -0.622946    -1.56549  -0.0786993   -0.761107    -1.01052   -0.175476    -1.00881    0.494483    0.283723    0.437743    -0.96717   0.0178591    -1.75653    -1.23399   -0.212259    0.205588    0.488151     -1.7728     0.64105   0.0636078    -1.76972    0.579617   -0.628699   -0.654947    0.762534    -1.21557    0.125619  -0.0587607  -0.0370554     1.78397    0.327652   -0.216696    -2.34211    -0.70425    -1.27414   -0.370453    -1.69024    -1.33231    -1.54015
   0.965775     -1.5033     -0.1152    -1.15937  -0.0658462    -0.09533    -1.32144   -0.175263    -0.56395     -0.5087    0.926838    -1.45917    0.414645   -0.565558   -0.774579     2.10334    -1.31674   -0.988512    -1.19966    -1.20885    -1.20315   -0.833061  -0.0123335    -1.53521   -0.719529   -0.249271     2.21931   -0.899623   -0.356485   -0.246859    0.156157     1.13668   -0.915127     0.22363    0.310996    -1.28489    -1.12866    -1.07669   -0.635544   -0.800945   -0.453816    -0.28014    0.562053   -0.298082    -1.67165    -0.77819   -0.097077    -1.00794  -0.0145976   -0.612589
  -0.768316    -2.39467     2.74521    0.895521     2.91095    0.700994   -0.369067    0.322073    0.588983   -0.817996    0.639619     0.40338    -1.66036   0.0207138  -0.0238712  -0.0559757    -2.48198   -0.480551    0.206343    0.364391    0.227142    0.311192    -3.56599    0.304053    -1.03881    0.291624    -1.79683    0.118289    -1.34441     3.10475    0.234161   0.0642715    -1.08415     3.47062    -1.24054    -1.18934   -0.833604     -3.4669    0.297035    -2.55771   -0.294728    -1.44595    -2.05558   -0.630349    -3.46171    0.619589    0.931625     -1.6378     2.78289    -2.34701
   0.927867     2.24854  -0.0292195    0.264935    -1.06388    -1.72782   -0.535619   -0.989828    -2.52647    0.829422    -1.52569  -0.0304703    -0.50199   0.0325058    -0.15811   -0.908061   -0.512911    0.809099   -0.337669    0.605269     1.42325    -1.12917    0.466733    0.859096   -0.667081   -0.468181   -0.220573     1.28845    -1.16229   -0.655385    -1.24654   -0.948419   -0.132521     1.18537    -1.64587     0.28659   -0.578194    -1.07033     1.40088    -0.97215    0.955052     1.46924   -0.348548    -1.07371     1.00429    -1.35189   -0.345167   -0.914583   -0.840067   -0.404395
   -0.53985   -0.816636    -3.28496    -1.90448    -3.22025    0.708919   -0.740986    -2.52912    -2.07976   0.0711242    -1.14003    -0.42519    -0.33603   -0.181125    -1.92556    -1.36639     1.60154    0.342698   -0.329263    0.604954   -0.363724    0.229465     4.22901    0.119063     1.28072 -0.00899211   -0.229037    0.173391     0.33653    -3.50457   -0.331728    -1.15312    -0.43351    -2.12992   -0.587865   -0.188808     1.39282      1.6075    -1.05148    0.832785    -0.19039    0.442184     1.33026     0.25289     2.36265     -1.2174   -0.861997    -1.49581    -1.85527     2.75859
   -1.10072    0.325933     1.33664   -0.841522    -1.36805     2.06932     1.20184    -1.61506    -0.72617   -0.922278   0.0678649    -2.21853    -2.07722    0.305467    0.990169   -0.270952    -3.46293   -0.543279     1.87759     1.09187     1.50084    -1.66838   -0.968609    0.795561    0.376145    -1.52367    0.836267    -1.07184   -0.283006   -0.319087    -2.02979    -2.13913   -0.755945   -0.208374   -0.871105     -2.1399   -0.171798   0.0449479    -0.19772   -0.314953   -0.915973   0.0953219    -1.72262    0.241617    0.756085  -0.0919629     1.21823     4.89138   -0.368984   -0.877435
 -0.0625674    0.114121  -0.0174897  0.00778332   -0.205629   -0.071792   -0.254538   -0.257416   -0.113261   -0.395825   0.0436109   -0.442934    0.430128   -0.371656   -0.425647  -0.0691346   -0.489859   -0.611907    0.116906   -0.321727    0.172353   -0.083849   0.0584377   -0.948231   -0.074936  -0.0475469  -0.0676253   0.0500462   -0.315031 -0.00966417   0.0802424   -0.245403  -0.0937583   -0.193922   -0.280045    0.146574   -0.324022  -0.0912118  -0.0739584  -0.0657264     0.11591   -0.175804   -0.209902  -0.0598718    -0.49341   -0.433455    0.407124   -0.587354  -0.0495771    -0.28306
  -0.140464   -0.467548   -0.327202   -0.217816   -0.263852   0.0486741   -0.217407   -0.242424   -0.264568   -0.249132   -0.149067   -0.252307    -0.22804  -0.0111429    0.161087   -0.177057   -0.350867   0.0211422   -0.273004    0.148288  -0.0860362   -0.536893   0.0641611    0.226646   -0.291412   -0.357489   -0.185241   0.0625801  -0.0865804   -0.301607   -0.455171   -0.344902   -0.310005   -0.267265    -0.16082   -0.220393   -0.194481    -0.37137    0.083687   -0.293187 -0.00426912   0.0988028   -0.195642    0.176226  -0.0816635   -0.259982   -0.126499    0.100024   -0.558638   -0.185393
  -0.822808    0.085582   -0.852641    0.361665   -0.672756   -0.891391   -0.496654   -0.598849   -0.489629    -0.57304     -0.6194    0.201779    0.589435    -1.12079    -1.32622   -0.455035    0.121389   -0.541649     -1.1495   -0.450832   -0.509559    0.666977     1.40075   -0.486034   0.0673723   -0.240067   -0.890686   0.0477123  -0.0755135    -1.13013    0.680551   -0.597512    -1.25357    -1.31235   -0.513688   0.0599366   -0.306652    0.519905   -0.811544    0.983824   0.0400903   -0.282941  -0.0160935    -1.15487    0.311699   -0.415984   -0.467066    -1.11136   -0.579955    0.528692
   -2.58255    0.417892  -0.0261768    -4.89118  -0.0210748    0.711293    -1.28373    0.157139    0.587793    -1.73525    -0.50516   -0.286174    0.754001   0.0700483   -0.293245   -0.426279   -0.034116    -1.16577     1.24346    0.691875    0.522113  -0.0856348    0.937192     0.15077   -0.897977    -1.90887   -0.949449    -1.68709    -1.12253    0.389679     1.02402      0.5438    -1.47141   -0.232167    -2.15534    -2.83201    0.275817  -0.0934378    -1.04722     1.62965   -0.472491    -1.15257    -1.66466   -0.625731    0.121331    0.642729    -1.06321    0.919244   -0.259178    0.890011
   0.216524    -1.70017    -1.72353    0.224797  -0.0217542     1.05811     1.01118   -0.526805   -0.107186     2.04837    -6.99074     -1.1125      -1.308    0.907617    0.433884    -0.12352   -0.298825    -1.77729    0.606762    0.918376    0.392082   -0.902545     1.33377   -0.136899    -2.30744   0.0579604    -1.26142    -0.62795    -1.80282  -0.0718181     1.69523    -2.47762     1.27111     -1.5112    -1.60902       3.177   0.0253132   0.0675955     1.29328   -0.599234    0.593452    0.767699    -1.16186    -1.95468    -1.29975    -1.14884    0.646636    0.679953    -1.47436   -0.651129
  -0.166286   -0.377151   -0.143565   -0.476122   -0.274438  -0.0957754   -0.384874    -0.20183    0.164805   -0.249444   -0.475816   -0.449289   -0.403242    -0.42286   -0.171598   -0.362767   -0.342032   -0.382535    -0.17835   -0.497544    0.366401  0.00884562    -0.56498  -0.0272991   0.0229421   -0.371732   -0.539117   -0.267447   -0.485744   -0.132788   -0.365391   -0.062455   -0.274785   -0.205763    -0.10979     0.32545  -0.0519104   -0.403882   -0.493771   -0.157665    0.030092  -0.0422657   0.0352049    0.325698    -0.52801   -0.309473    0.236582   -0.668922   -0.150606    -0.35623
   0.612802  -0.0255328    -2.14482    0.157521    -1.37189       1.346   -0.978891    -1.99587     0.13889    -1.61187  -0.0042762    -1.69797   0.0187686   -0.315571    -1.62278     4.54196    -0.38213    -1.07259   -0.530479    -2.53317    -1.56365    0.797001   -0.130205   -0.717944   -0.976372  -0.0834727     5.00975   -0.605376    -1.17111    0.165456     0.15599  -0.0291136     -1.4949    0.122534   -0.642011    -1.39941   -0.724383   0.0663248    -1.45231     -1.3732    0.491641   -0.276429     1.35375   -0.443288   -0.663387   0.0528231    0.336324   -0.669201    -0.81242   -0.176574
  -0.563744    -0.19711   -0.346186    -1.64897   0.0447762    -1.46454   -0.226553   -0.340911    0.312473   -0.629146   -0.334604   -0.580708    -0.29727   -0.156199   -0.136418    -1.26064     0.69844   0.0703551   -0.598116   -0.783568   -0.176063       1.423    -0.36992   -0.761679   -0.472693   -0.971873     -2.1239   -0.397129    0.143307   -0.301967   -0.972886   -0.258889   -0.512391   -0.239111    -0.81323   -0.239732   -0.250443    -1.42203    -1.63072    0.416005   -0.773875   -0.825213    -1.10191    -1.74157   -0.508651   -0.063806    -1.46634   -0.103273    0.649615   -0.051064
     1.5078    -1.24911    0.962187     1.25037    0.109565   -0.941629    -1.27506     1.75124    0.467941   -0.283885   -0.178595   -0.959009   -0.257796    0.271952   -0.652009  -0.0319933   -0.142926   -0.022498    0.297101    0.487852    0.553708     1.27414    -1.46037    -2.93775    0.638751    -1.81175    -1.67525    -0.58936    0.693328    0.527285    -0.22235    0.294484   -0.929019    0.141112   -0.523214    -1.28949    0.430524    -1.95663    0.162915   0.0101659   -0.599997    -1.60563    -1.76631    -1.51324    0.625969   -0.460594    0.984613    -2.72289     1.36484     1.04389
   0.160962    -0.56203    0.654412    -1.68168   0.0479166     0.74496    -2.23689    0.507721    -1.03159     -1.8897   -0.696343   -0.801638   -0.875757   0.0916828   -0.186496   -0.833676   -0.375418   -0.668557     1.10628   -0.230918     1.38082    0.638759   -0.454356   -0.407376   -0.962319    -1.78672    -1.69926   0.0414745   -0.196002    0.182895   -0.163757    0.332784    -1.00589    0.703617    -1.43261   -0.815585     1.28306   -0.894194    -2.05314    0.148443   -0.487858    0.474253    -1.30739   -0.951535  -0.0367501   -0.296803     1.04946    0.395095    0.619712     0.32905
   0.479958   0.0666337    -1.92491     1.09404    0.664584    -3.17276    -2.27966     1.45432     0.69009   -0.511769    0.129738      2.7723    0.283692     2.19799    -2.21334     0.02622     3.81232    -1.49073    -3.47287    -2.54746    -2.82765     1.61638   -0.581908     -3.4466    -1.28895    0.357199   -0.937775   -0.368951    -1.72646    0.611653     2.89652   -0.111198   -0.469545   -0.385397   -0.542896   -0.489309    0.105145    -2.35382    -2.09315   -0.149441     1.19076   -0.852239   0.0117107    -1.53168    0.508028    -1.59902     -4.7249    -1.30791   -0.263254   -0.436868
  -0.198406  -0.0814932     0.97802    0.912983   -0.523539    -1.36169  -0.0767364    -1.95393      3.5235    -1.35934   -0.181706    -1.69692    0.469051   -0.428968    0.807731    0.567174     2.64774    -2.63742   -0.470207    -2.41895   -0.759323     3.26354    -3.19334     2.18487   -0.282759     -1.2353   -0.831078    -2.67587     0.43443    0.652483   -0.907022   -0.445257    -3.20217   -0.474518   -0.163838    -1.05077     1.39194    0.610891    -4.33698    0.334155   -0.739834    -2.38826    -1.24382    -1.57085    -1.34506   -0.789268     1.19495    -1.26566    -1.54376    0.215671
   -0.67425    -0.49509   -0.478232       1.143    0.766078   -0.915001    -1.98093    0.348553     0.82949   -0.891095    0.481378    0.347852    0.946264     1.77122  -0.0446017   -0.901165    0.774581    0.714742    -1.42714   -0.786602    -1.08571    0.863832   -0.235295   -0.818614   -0.804034    0.651504    -1.44433   0.0450422    0.437536   -0.492877   -0.924398     1.57968    -1.55363    0.683471    0.526165    -2.72356     -1.4894   -0.916089    -1.33977    -1.56292     -1.2996    -1.81844     1.10191   -0.253188   -0.738069     -0.5705    -2.30039   -0.803195   -0.514524    -1.28519
   -1.37662    -1.38464    0.331372    -1.37241   -0.268778    -1.41207   -0.437897      -1.918    0.182827   -0.410628    0.376821    -1.31006     1.05764    -3.51775   -0.787526     3.07317   -0.538652   -0.732888    -1.13352    -1.88813   -0.978897   -0.532753     -1.0927     1.26145     1.99365   -0.241618     2.43522   -0.333759   -0.395173    -1.67002     -1.5832     1.44266    -1.13248    -1.12187  -0.0830847    -0.90308   -0.974466    0.966295   -0.969357    0.178638    -1.39942   -0.652142     1.09922    -1.36246   -0.797337    0.465923    -0.30862  -0.0413277     1.08549   -0.126833
  -0.605385   -0.678924   -0.374773    -6.52086   -0.861263    0.625822    -1.05746     1.82957    0.613029    -1.07949    0.150813   -0.865015    0.906536    0.136055   -0.481638    0.248319      2.3064    0.988434     2.26097    0.255485     1.02127     1.71344   -0.560099   -0.831177    -0.86366    -4.35808   -0.352037   -0.961874   0.0988081    -1.62774   -0.256717     1.41924    -1.24057   -0.246539    0.073794    -1.50299    -1.17388    0.695809   -0.749963     2.31678    -1.05543    -1.81659     -2.3104     1.15128  -0.0449614    0.147216    -0.55783    0.168076  0.00871823     1.36618
    1.90962     -1.8009    -1.09157    -0.73916  0.00118052    0.844488    -2.40755    0.256637    0.570177    -1.16628    0.124934   -0.918779     -1.8159     1.60107    -1.24407   -0.592481   -0.181683    0.791433     1.53972    -1.31872     1.32608   -0.284872     1.60613    -1.04024    -1.83618   0.0314029    0.489948    -0.98032    -3.62097    0.777178    0.042193    -1.12653    0.893949      1.7473    0.112604    0.958236     1.25199   -0.222146    0.239665    -3.31621     6.34377    -1.18665   -0.414633     1.56757   0.0374991    -1.05248    -1.34172    -1.87409     -2.3266    -1.27731
  -0.281105  -0.0584816   -0.144639   -0.364227   -0.444327   0.0838182  -0.0874703   -0.350677   -0.186505   -0.162924    -0.55172   -0.324993    0.103554   -0.454793   -0.137594     0.37564  -0.0272272      -0.239  -0.0147929   -0.301752    0.155653  -0.0400092   -0.345533    -0.27268   -0.115692   -0.194948    0.364212   -0.302995   -0.157702   -0.304093   -0.265042   -0.465757    -0.17699   -0.253986   -0.303478  -0.0125909   -0.225933    0.143415   -0.423518   -0.323117  -0.0170363   -0.232026  -0.0105072   -0.184074   -0.469753   -0.261862    0.025873   -0.396714    -0.26638    -0.30818
 -0.0272121   -0.358607    0.364555     0.22438    0.624512   -0.846239   -0.382959   -0.788425     0.61921  -0.0743552   -0.444172   -0.837065    0.800217   -0.780758    0.521473   -0.274792     1.13839     -1.0606  -0.0143066    -1.16962   -0.123762    0.577644    -2.15581    0.472977    0.218851    -1.18816    -0.58992   -0.261633  -0.0507686    0.431581   -0.503916    0.125097   -0.871716   -0.301105   -0.318522   -0.331964   -0.376501      1.0196   -0.977789  -0.0467563   -0.572665     -1.6008   -0.636745   -0.703785    -1.97342   -0.895509   -0.127459   -0.432592   -0.697824    0.329095
   -2.84109     -1.1119   -0.216399    0.358255    0.120659   -0.307878    0.242851    -2.79834   -0.764449   -0.127597     1.06002    0.375046    -2.14583     0.19812     1.56974    -1.60325   -0.938864   -0.276608    0.479335     1.18102     -1.7268   0.0924521     1.29847     1.86044    0.333945   -0.356749    -1.25167    -1.98555   -0.369917    -1.45373    -2.35812    -1.05341   -0.540397    0.219536     6.13459   -0.341667   -0.770788     1.22518   -0.275082    -2.75635    -2.02792    -2.33971    -2.05736     3.75027    0.302878     1.17141    -3.19103    0.657538    -1.00476    0.167877
   -1.06415     1.33241    0.126649   -0.363105   -0.391747    0.695469     1.09835    -1.19357   -0.787545     1.86475  -0.0675229    -1.57356   -0.367358  -0.0703155     1.95998   -0.757138    -1.37579   -0.233015    0.517805    0.689558    0.227166    -2.30829     1.18643     2.41625   -0.329454    0.926017   0.0798003   -0.850062   -0.699398    0.642546   -0.292608    -3.08083     1.63095    -1.99684   -0.511359      1.2091    -1.21935   -0.447196    0.892512     -1.4267   0.0816555    -0.29219     -0.2494    0.155676    -1.37441   -0.416113    0.483739     2.62151    -1.34804   -0.523662
   -2.69914   -0.264665   -0.309315    -1.96984     1.70164   -0.798656     1.39548    -1.13329    0.164906    -1.25985     1.14747    0.228757   -0.300254    -3.68486   -0.687985    0.190659    -1.34377      0.3448    -1.23643    0.999618   -0.707294  -0.0356199   -0.925072     1.68816     2.17327   -0.370752   -0.208068    0.644706   0.0260845    -2.42382    -1.26668    0.497869    0.307096    -3.07691    -1.52127   -0.948974    -3.11552    0.202936   -0.717539      1.0402    -1.14544   -0.273242    -1.24317    -2.24245  -0.0820249      1.1367   -0.056431     0.63867     1.14009   -0.810949
  -0.497233    0.269578   -0.196111   -0.987962    0.278811  0.00619887    -0.77257     -0.1843     0.47306   -0.831553   -0.574195   -0.711617    0.559156    0.793893   0.0411186   -0.964596     1.00951  -0.0356971    0.986232    -1.31514     1.12012    0.493055   -0.768583    0.288708   -0.177011   -0.756962    -1.21027    -1.21878   -0.306532   0.0431442     0.25322   -0.167349    -0.63874    0.755828   -0.304306     0.44654   -0.862823    0.553091    -1.47557    -1.16461    0.771035     -1.3791    -0.59697    0.462049    -0.28989   -0.871421   -0.234533   -0.937951   -0.657217    0.416512
   0.206995   -0.530902   -0.028152   -0.380302   -0.397716   -0.345967   -0.349095    -0.38823   -0.279937   -0.160516  0.00578714   -0.302822   -0.220624   -0.505551   -0.479223   -0.172116   -0.356344   -0.226473   -0.182199   0.0479916     0.08777    0.039988   -0.366312   -0.237162  -0.0559751   -0.642057   -0.279913   -0.282337  -0.0430826    0.148845   0.0613002    0.195156  -0.0130609   -0.425975   -0.063701   -0.235552    0.494806   -0.058341   -0.527494  0.00691285  -0.0641432   -0.260485   -0.137029   -0.245039   -0.252051   -0.469271    0.306024   -0.181282   0.0375874   -0.384383
  0.0879923     1.24713   -0.259014   -0.370202   -0.328585    -1.28481    -1.51737   -0.459932     -1.1736   -0.248688    0.127242   -0.698519    0.584114    0.112928   -0.874874      1.9205     0.57021   -0.456476   -0.897224    -1.05642   -0.438564   -0.099702   0.0178168    -1.80796   -0.893987   -0.773382     1.77829    -1.17205   -0.841525  -0.0270219  -0.0906167     0.42358     -1.7247   -0.204471   -0.877883    -1.10017   -0.560208   -0.354316    -1.08169    -1.81028     1.23309    -1.43807    0.615611   -0.649474   -0.600655   -0.910487      -1.804   -0.528367    0.235391   -0.341052
  -0.539229    -1.10398    0.128348    0.257748    0.694841    -0.35534   -0.211966    0.688199   -0.224298    0.540784    -1.52849    -1.42083   -0.294337   0.0742658   -0.154747   -0.680358   -0.249694    -1.20787    0.193615   -0.664031    0.502116   -0.807946    -1.25567   -0.686473   -0.664612   -0.859169   -0.737446   -0.833234    -1.05648     0.15199   -0.379629   -0.740117    0.591904     1.05346    0.239318   -0.177607   -0.597019    -1.00043     1.13915    -1.05332    0.872064    -1.17008   -0.622214    0.864209    -1.98653   -0.163613   -0.764622   -0.079166   -0.245758   -0.835625
    1.54931    -1.92329     1.67549      1.1318    0.813828    -1.69428   -0.697587  -0.0137793   0.0770183    -2.86163     3.27537    0.604289     1.03404    0.766778   -0.780734    -1.14038    -1.89218     1.41391    0.172256   -0.265047   -0.709956     2.00593    0.166701   -0.389244    0.597429   -0.269429    -1.64503    -1.44223     1.58588    -1.92464    -1.81722     4.23731    -2.56401    0.268895    0.811391    -3.80486    0.100456    -1.27828    -2.20722    -1.29744    -1.69909    -1.22722   -0.116781     1.29154     2.72171   -0.112581    -3.85785   -0.160866    0.109219   -0.394331
  -0.162304    -0.85977    0.282152    0.261579    0.439409   -0.792126    0.646593  -0.0711164   -0.857082   -0.331257   -0.437519    0.117908    -0.95135    -1.06018    0.861601    -1.02082    -1.63565   -0.525931   -0.697417     1.08119   -0.594573    -1.50229    -1.62333   -0.218761   0.0649844    -1.36982    -1.42498    -1.11018   -0.406461   -0.398223    -1.86765   -0.889654   -0.943603   -0.329627   -0.615841   -0.558176   -0.101948    -1.17527   -0.230427   -0.141578   -0.431818    -1.07212    -1.12239     -1.0632   -0.480018     -1.0981   -0.615648    0.494455    0.698218    -0.97205
   0.930819    0.203816     0.38867    -1.05266    0.430071     -2.0058    0.580818   -0.760439     3.45911    0.923199   -0.300121    -0.91317     2.36201   -0.456792    0.132968     0.50351     4.29008    -6.26626   -0.860776     -2.4845    0.171349     2.33607   -0.854508   -0.638939    0.991558    -1.23821     1.16512    -3.71809    0.292132    0.234905    0.808867    0.902191   -0.226468   -0.338209    0.990009     1.43221    0.688392     2.00779      -1.053   0.0948785     1.05835    -3.14876      2.3948  -0.0618523   -0.526477    -1.11245     1.28094 -0.00626687      0.2149     1.17851
 -0.0939385    0.300886   -0.103312   -0.229352   -0.348169   -0.229554    0.103874    0.165736   -0.300099   -0.119825   -0.226459   -0.164469   -0.147483  -0.0247556    0.045782   -0.491712   -0.184487  -0.0996097   -0.298679   -0.273803   0.0959758 -0.00186043   -0.628627   -0.142385   0.0981938    -0.22947   -0.285615   -0.102105   -0.207657   -0.249217   -0.185434    -0.40074   -0.108447  -0.0237809   -0.241246   -0.218347   -0.287732    -0.11454   -0.153344   0.0130147    0.335223  -0.0961162   0.0599326   -0.139301    0.013452   -0.122496   -0.129217   -0.218033   -0.128026   -0.426756
   1.44014
  0.378416
 -0.769453
  0.476499
 0.0541797
  -3.02014
  0.262761
  0.621821
-0.0579295
 -0.880665
 -0.796802
  -1.48515
  -1.21216
   0.32402
 -0.309432
 -0.283403
  -1.56623
  -1.88918
 -0.824857
 -0.814638
 -0.939136
 -0.631437
  -1.19123
  -1.29724
  -1.14873
  0.401174
  0.233639
  0.325165
 -0.999425
  -1.75626
  -2.13149
    2.1221
   1.69478
  -1.00136
 -0.809022
  -2.41076
  -2.86071
  -1.04302
  -2.06218
  -2.28574
  -1.07745
  -0.56021
 -0.197179
  -1.25179
 -0.205775
    -1.116
 -0.544876
-0.0519382
   3.19223
  -1.17432
1
4
50 10
    0.783961      1.92065    -0.376686      1.78364      1.74936   -0.0686241      2.21344      1.30171     0.591673    -0.791412     0.851515   -0.0286647     0.916432     -2.77842     0.837813     -2.23878    -0.228523      2.30272      1.12998      1.56568     0.925842     0.710345    0.0838825     0.623844      1.15272     -11.9507     0.103648     0.694315    -0.295837      0.13528    -0.629861      2.82516    -0.713764     -1.25171     -2.97726    0.0272258       2.0063     0.381551    -0.457834      1.93042      2.57025     -1.21561     0.225257      0.19161    -0.624931    -0.625619     -4.20236      0.11297     -3.18782     0.357565
     1.50012     0.736196     0.321302      3.77691    -0.428957     -1.22475      0.30213     0.251252      2.74114    -0.194997    -0.263652     0.451579     -6.36851    -0.216282      1.01961      1.57781     -3.54673      1.48299     -1.17793     0.649187    -0.167895     0.268661   -0.0554345      1.13759    -0.347403     0.978615     0.388819      -11.181      1.41376    -0.250307     0.748041      2.99398     0.961577      2.55435     -1.39318      2.38816     0.772558    -0.381269    -0.310476      1.21035     0.320741      2.28431      1.06934      0.64082     -1.26852    -0.774277     0.898673   -0.0186616     0.476729      0.49635
    -4.17158     0.295183    -0.198431      2.01387     0.543012       1.5321    0.0556322      1.29258     -1.27959      1.67219    -0.932222   -0.0697407      1.95076     0.180611     -1.30377     -1.44677     -1.40368      1.64557      1.71625     0.385904      1.99384    -0.789822     0.126775    -0.503835      1.02348      1.91554    -0.440283     0.601944     0.498372     -1.81814    -0.917644    -0.689441     -1.57936     0.150321      2.19022      0.87311    -0.589145    -0.493704      1.38981     -13.8246     0.184776      1.24216     0.704269    -0.414556    -0.805842     -1.04781      1.92776    -0.489782     -1.87392    0.0207236
     -1.5899     0.532668    -0.482606     -9.40878    -0.525984     0.803272    -0.815324    0.0019847    -0.855379      2.36104    -0.891258    -0.165317   -0.0637522     0.381706    -0.833173     -1.31963     0.827264      1.83593    -0.413987     0.512608      1.23462    -0.311727    0.0992128     -1.44773      1.65827     0.852653    -0.619878      2.83134    0.0813875     -1.58102    0.0223113      1.24998      1.57752     0.229117     -2.12273      2.81068     -8.27116    -0.046465    -0.322159      2.74619   0.00777203     -3.87218    -0.274305   -0.0420381     0.358134    -0.222108     0.793738     -1.51919     -2.13416    -0.288011
     1.51251     0.667788     0.284228      0.20401     -1.06339      1.68334      0.20214    -0.182072      2.02682     0.515331    -0.379695     0.157148     0.556127     0.402644      1.97148      1.79363      1.95496     -9.15602     0.256396     -10.1626    -0.134759    0.0126657     0.668675     -1.45085     -1.85273      1.35689     0.334923     0.975768     0.478511    -0.783509      1.01303       2.2893     0.515089    -0.757024     0.742728      2.52964      1.25788     0.141397     0.565124      2.25375      1.00747      2.02632    0.0307468      0.30375     0.276873     -1.11891      1.17402      -0.7972      -2.0672     0.312013
     1.92246     -7.67249     0.188148    -0.326416    -0.279513      2.45214   -0.0969395       0.9688     -6.07118     -6.68972      1.03535    -0.158916     0.883205    -0.221278    -0.846491     -1.45983      1.37121      1.20584      -1.7114      2.20114     -1.14115    -0.111211     0.413797     -0.12714     0.698419       3.7182     0.318062      1.49331    -0.754797    -0.310499    -0.138275      1.86336     0.455577    -0.679837      1.96724       1.1357      2.99482     0.183646     0.652557     0.545756     -1.19108     -2.72948    -0.112031     0.291397      1.00726      1.17063     -1.46541     0.161645     -1.38882    -0.169611
    0.159468      2.74016     0.147577    -0.385783    -0.868865    -0.912577     -2.98391    -0.334603     0.321582    -0.441699     0.945104    -0.266606     -1.36167       1.3525    -0.651425      1.99723      1.37894      1.88591      1.51829      1.00482     -7.01203     0.403867    -0.405661     0.445355     0.561145      1.29355     0.359537      3.37644      -0.8077      1.06946      1.54569     -13.4651      3.01126    -0.843277      2.98263      2.23785      2.55662    0.0229084    -0.142523      2.03689    -0.417964     0.774242      1.60235     0.186778     -1.57601     0.658072    -0.492306     -1.23796    -0.177049    0.0855045
  -0.0319604     0.474701     0.253548     0.427826     0.901887     -3.79295     -1.17762     0.916659     0.799724     0.705177     -1.11886    -0.254452      2.44052      -2.9297    -0.917918      2.71741    -0.815233    -0.229215     0.846873      1.21318      2.08895   -0.0541463    -0.122558     -1.10171    -0.610207      1.23637    -0.727122     -1.35919    -0.808862      1.26816    -0.937573     0.644373     -5.16754     -1.09537    0.0377706     0.234164     0.486958    -0.446261     -2.21273      1.76989     0.590034      0.24323     -2.75339    -0.914274     -1.65012      1.28747    -0.466136      1.29402      11.9569   -0.0557621
    0.329991   -0.0831662      0.16686      1.51091     0.136441    -0.956624      1.79375     -3.98023      1.16099      3.09944     0.837323    0.0261937     0.269424      3.63855     0.635498     -1.73361     0.747351    -0.302629     -1.40013      3.16058      2.70559      0.23287    -0.114761      2.30598      -2.7333     0.418686    -0.208767      2.74194     0.148281      2.18817    -0.646314      2.35289      1.11061      1.90414     -0.90403     -12.8085    -0.209962     0.342114     0.711132      1.46059     -2.30127      1.24661      0.62141     0.131325      3.71499    -0.115858      2.07937      1.70743     -1.10769    -0.376117
  -0.0051199  -0.00735344    -0.146237  -0.00158506   0.00428399  -0.00603457    -0.003546 -0.000906033  -0.00247021    0.0028724    0.0105724     0.158544  -0.00155822  -0.00923869    0.0390182    0.0122311   -0.0199281     0.010792   0.00401381  -0.00986385  -0.00591318    0.0238296      0.30518     0.025428   -0.0318315   0.00511426    0.0868207   0.00973156    0.0146235   0.00607665   -0.0139203   0.00250974    -0.013056   0.00978209   0.00934784   0.00973276   -0.0041241   -0.0558857  -0.00230741   0.00803724  7.85574e-05   0.00683732   0.00630637     0.032516   0.00980599    0.0111385  -0.00636367    -0.043046 -0.000334554     0.020044
   2.37965
   1.82585
   2.20848
    2.5838
   1.44068
  0.465088
  0.354089
   -8.7192
 -0.692716
-0.0166703
