3 8 0.5 1600
1
1
9 50
  -1.83941   0.781427   -4.39516   -1.26807   -1.19103    3.61388    0.54254   0.238003   -1.07365
 -0.370445  -0.500496  -0.767987 -0.0593155   -1.14687    6.72212   -1.13415   -1.24807  -0.916929
  -1.68403    -0.5238   0.703164    0.02021     3.7746    2.35273   -2.84558  -0.816382  -0.341524
 0.0859238    1.09393   0.147178    2.41142    1.13621   0.674348    2.45332   -1.40391   -7.30439
  0.263689   -2.30974    1.02413   0.975671    3.75297   -1.96327    2.31135  -0.116579    0.26306
  0.432916    3.01818  -0.988764   -2.84815    0.16533   -4.17555   -2.65925    2.30316    1.76041
    1.5487  -0.973481     1.2767    3.65074   0.736209   -0.20098    -1.7431  -0.656176  -0.808118
 -0.557581   -2.14057   -2.11949  -0.775505    2.71534   -1.88539    2.17021    1.59739    2.54998
   1.06834   0.652234    1.38468  -0.281113   0.770337   -1.61662     0.4538   -4.38212  -0.130253
   3.63816   -1.83049    2.42025    0.77349   -1.05479   0.383367  -0.994998    -1.3147   -2.07883
  -7.31028   0.114922    2.00123   0.232644   0.864275    1.52565    1.01185    2.13349  -0.747506
 -0.247759  -0.731823    1.88951   0.541737 -0.0846558  -0.519627    3.40745    2.28742   0.376359
  -3.50791  0.0748823   -1.39613   -1.51112  -0.886916   -2.28324   0.185124  -0.802977     2.8742
  -0.60475    1.12267    1.71194   -6.72619   -1.00651   0.660584   0.994108    1.00973    2.79808
   2.37103   -1.08074    1.60806    0.22985   0.441377    1.54521   -2.22602   -2.98247  -0.255863
 0.0085041    4.32849  -0.797786   0.336289    0.39553   0.664753  -0.594055   -1.19531   0.397534
  0.686556   -3.28103    2.20043  -0.830347   -2.77224 -0.0544659    4.11011   -4.05358    2.10124
  -1.46772   0.663184   0.747152   -2.04581  -0.385104   -1.24571  -0.141505     5.9489 -0.0137684
  0.395713   -1.05202   0.512482   -3.67408   0.225949   -2.33223   -2.71651   0.174435    2.62778
   2.57577   -1.54145   0.293007    1.66779  -0.394078  -0.969306  -0.953624    2.88597     2.7139
 -0.524323   -2.29125   -1.33545   -1.34387    0.31446    2.72781   -3.75196  -0.764176    2.02583
 -0.272825    5.12528 -0.0165831    1.04587   0.478315   0.443153     1.2432   -2.86366    1.12117
    1.0229    1.49206    2.36577  -0.965078   -5.17951  -0.241297   -1.10805    1.95683    2.38671
   1.14305   0.458044     5.9131  -0.625226   -1.35721  -0.428371   -1.63774   0.495869   -1.42749
  -1.87876   0.646527   0.667328    3.21874    -1.2017    1.16177   -1.98053   0.190337   -0.22874
 -0.678238    1.08602   0.695964    0.33792    1.36537       -2.2    1.38157    1.34251   -3.90591
 -0.556788    6.10371   -1.83004   -1.37452  -0.893379  -0.821955   -1.95391  0.0230967  -0.979057
  0.818164   0.341472   -1.59822   0.257662  -0.941955   -1.78044   0.792714    5.17879  -0.108272
  -2.45007  -0.380002  -0.251757    3.77099  -0.742595  -0.868205  -0.630239   0.528898     1.4712
   2.13342   -2.00976   -1.20562   -1.95623     4.1573   0.592905  -0.672387   -1.12329  0.0974963
   2.32621    1.13415   -1.12781   -1.52666   0.782354   -4.44231    1.98412   0.882811   0.466503
   -4.7883    2.05239    2.08133   -1.23067    0.60431   -0.53307  -0.109515    1.28082    1.39916
   2.99874    -0.1659    1.40928  -0.565577    0.60535   0.679854  -0.792018    1.23232   -4.17023
  -1.34058     2.1416    2.90675   -3.24214    4.93523    1.93476  -0.842332   0.994752  0.0760825
  -1.07359 0.00887809    5.69241   -1.16045 -0.0548692   -0.61003  -0.312445  -0.759751  -0.458306
   4.03911  -0.719176   0.614986 -0.0929517  -0.232261   0.552166  -0.390841   0.408168   -3.49724
   1.85677  -0.347185   0.101763   -1.03522  -0.529871    5.72354 -0.0616544  -0.583448    1.03914
   1.61761    1.32675    2.87812   -1.19042   -3.05561   -2.40967   -1.47562   -3.15591  -0.489396
   1.08415   -4.86542   0.301928 -0.0716292    0.42457   0.636722   0.961645    2.02917    0.34993
   1.25596   -1.45538   -3.58245    1.89341  -0.824653   -1.90687  -0.383752  -0.264189    3.25398
   1.34055   0.610921  -0.195527   -6.24144  -0.654467 -0.0165913   0.424189  -0.419487   0.186594
  0.654777    2.27335  -0.935776    1.26472  -0.245115 -0.0941163  -0.860786    4.01076   -2.93901
  -2.70087    2.84104  -0.981195   0.160866   -2.58229   -1.13288   0.589374    1.27259   -2.83509
  -1.74069   0.247591    4.36576   -3.49911   -1.25828   0.223307   -1.10693     1.3386    1.24732
  -3.18613   0.488656    0.31205    2.06498   -2.80224    3.09789    1.23105     3.4378    2.25718
  -1.28334    2.24373    0.28942   0.439243    1.50209   -2.01676  -0.435207     1.4661   0.703299
    1.4193    1.34764   -3.24594    0.79011   0.524872   0.349626    -6.0457   -2.01551   0.132864
  0.176562  -0.628558    1.75093    1.01039  -0.206041  -0.707655   -6.19401 -0.0489029  -0.431837
 -0.446444   0.353754   -1.81065     2.2034    3.01071    1.46186 -0.0629857   0.973016    1.22799
  0.780324  -0.995253    1.51538   0.458488    -3.0299    1.15793   0.014346   -1.18868    1.55482
-0.0358011
  -3.93483
-0.0456757
  0.197671
  -1.69867
  -1.75386
  -2.15888
  -4.08762
  -1.07085
   -2.4707
   1.06084
  -1.56542
  -1.24634
  -1.38574
 -0.911263
  -3.67997
  -1.11074
   -2.1598
  -1.73892
  -2.03213
   -1.8521
  -2.11599
  -1.80499
   1.68396
  -2.44908
   -1.6953
  -1.97637
   -2.0205
 -0.952584
  -1.42959
  -2.51448
  -1.88769
  -1.78197
 -0.670953
  -2.53694
  -2.17069
   1.61556
  -1.79981
  -3.00589
 -0.543543
   -2.3566
 0.0778259
  -1.71394
  -2.37246
  0.432737
  -1.86493
  -1.78184
  -1.11449
  -1.91166
  -1.59701
1
1
50 50
    2.59697     -3.6101    0.566312    0.936032    0.718803    0.953785   -0.711246     2.19339    0.616335    -2.27099    0.229217   -0.826118   -0.674919      -2.852     -1.2513     0.89888    -2.20607   -0.736722   -0.331024    0.315195    0.168032  -0.0296094   -0.520065    -3.84896   -0.400098   0.0463177    -1.07812    0.220307    -1.32557    0.468899     1.95871    -1.24472    0.416239    -1.64854   -0.780005  -0.0152993     1.47891    -1.42083    -0.79048     1.02578     1.49816   -0.528995    -1.75001     -2.6118   -0.575839    -1.19916     2.11855     -2.8298    0.917944   -0.709689
    1.93199     7.18633   -0.479536    0.950577    -2.59708    -1.99792     -0.4199    -1.76738   0.0900731   -0.186709    -1.71368    -1.26473    -1.85971     1.03209   -0.541399  -0.0891832    -1.69394    -1.31527    -1.55556   -0.579921      1.6523   -0.438936    0.159115    -1.84019   -0.621356     -1.6587    -0.36555    -2.75095    -1.27207    0.135218    -2.82977    -1.85442   -0.111231   -0.385649   -0.550461  -0.0459537    0.426918   -0.670536   -0.055911    -1.35894    0.390881    0.489803    -1.31589    -0.62971     2.10508    -2.14004   -0.465731    -1.50024   -0.577548   -0.308804
-0.00923171   -0.482569    -0.50436   0.0263032   -0.292624   -0.072619  -0.0589522  -0.0944608   -0.464421   0.0157148   -0.882832   -0.278785  -0.0413393   -0.268625   -0.108836   -0.339802   0.0847922   -0.614402   -0.369561  -0.0251488   0.0470188   -0.221195   -0.151704   -0.417892   -0.429258   -0.233893   -0.144824    0.104722   -0.433958   -0.274699   0.0220514   -0.425819   -0.243412   -0.117449  -0.0321868    0.257342   -0.380414   -0.196282    0.238021   -0.166101  -0.0749503  -0.0980622     -0.1834   0.0321163   -0.373941   -0.319556   -0.216583   -0.468318  -0.0425584  -0.0956534
   -1.34102    -1.20022  -0.0639912    0.538991    0.305595    -1.63458     2.50132     -1.8666   -0.380613   -0.264159    0.376603    0.376267   -0.258015    -4.72609    0.149397    0.323987    -1.74296   -0.362986    -1.74769    0.991108    -3.12689    0.647093     -1.3161     1.01312     3.17807   -0.853093   -0.879957    0.775367      1.8119    -2.60534    -1.25786   -0.277894    -1.46091    -2.41376   -0.826714   -0.218395     -1.8017   -0.995221    -1.32491     1.38151    -2.31683   -0.228804   -0.971223    -2.26726    0.556979     1.59393    0.105165    0.821129     1.78467    0.617709
  -0.336509   -0.304335   -0.563363    -1.15031    -1.08958     -1.3549   -0.526972    -1.06286   -0.962212   0.0237742   -0.172488    0.445444   -0.480174   -0.449967   -0.360301    -1.07631    0.539405   -0.968552    -1.24252   -0.219518   -0.378006    -1.10627    0.731765     1.36775    0.430391    -0.51256   -0.618748   -0.235416   -0.237093    -1.78062   -0.989701   -0.862514   -0.219611     -1.3154  -0.0389593   -0.658054     1.61952    0.059834     1.02735   -0.919229   0.0333461   -0.534897  -0.0916001    0.992218     1.96535    -1.07373   -0.564357   -0.718721   -0.715528    0.278079
   -1.61206    0.080032    -0.34228    0.414445   -0.390286    0.412551    0.163493   -0.904537    -2.16657    0.796793   -0.981466   -0.292803    -1.25353   -0.376025     1.39415    -0.21483      -1.515     1.85913    -0.01125     0.11486   0.0665079    -1.05039    0.152844   -0.016167   -0.212412   0.0757528    -1.25881    0.507331      -1.203   -0.298394     -1.2818    -0.85702    0.269399  -0.0321779     0.47813    0.160354    0.466408    -1.40413     1.03819    -1.33593     -1.3935    0.958653    -1.15373    0.874688    0.772912   -0.528059    -2.01829     1.03411   -0.578703   -0.303642
  -0.200761   -0.911634    -2.16426   -0.429242   -0.864531    -2.02206    -2.00912   -0.288926    -0.60235    -1.39734   -0.618688    0.238784    0.468611  -0.0547363    -2.07001    -0.02664    0.905367   -0.797427   -0.627815     -1.6859    -1.40661   -0.215911   -0.373957    -2.85127    -1.12569   -0.361197   -0.763888    -1.38424    -1.78304    0.859583    0.561849   -0.651231    -1.13033   -0.773291   -0.953758   -0.821818    0.217278    -1.34922   -0.540963    -1.72322     1.65542    -1.75043   -0.498011   -0.990201   -0.734944    -1.71218    -1.94765    -1.23713    -1.87677    -1.25645
  -0.419797    -1.34694   -0.618567     1.47844   -0.494528    -2.72783     1.24417    -2.26124   -0.272723   -0.619578     2.50214   -0.826399    -3.28719   -0.249309   0.0387792   -0.348596      -1.217   -0.556191    -2.75167   -0.640122   -0.939763    0.232445    -0.14012    0.334971     -0.7083     2.75075    0.211602     0.17798    -1.77467    -1.31626   -0.829487    -2.02343     2.69007    0.306674    -0.88316     1.11671     1.79999    -2.17314    -1.30222    -1.48795    0.248767     1.44212     0.21374    -0.41144   -0.696388   -0.829132    -1.38019    0.303811   -0.199914    -1.31991
   0.674804     4.56183   -0.828514    0.924545    -2.20445    -2.23501   -0.784271    -0.89076    -1.09596    -1.62413    0.370801   -0.738165    -1.55738    0.343685    -1.00118     -1.0408    -1.57631    -1.52927    -1.10248    -1.51155     1.69089   -0.695357      1.0448    -2.81139    0.180819    -0.87525   -0.750105    -1.91823   -0.915558    0.146031    -2.04082    -2.39763   -0.213681     0.62082   -0.214977    0.502145    0.492423   -0.565013     -0.6768    0.315307     2.03739    -0.11809   -0.568408   -0.493704     1.74054    -2.11336   -0.652688   -0.991351    -0.77421     -1.2801
   -3.10296   -0.987939    -1.48829   -0.997731     2.39272    0.872968   -0.730962     1.59995    0.731723   -0.676833    -1.14111     1.08674     1.49297    0.502297   -0.094916    0.108183   -0.106783    0.253347     1.22393    0.138564    -1.74195    0.330535   -0.943575     1.42899    -1.12474  -0.0340607   -0.065052    0.612355     0.64264    0.527843     2.75451     -0.1746    -1.26308   -0.464638  -0.0897746   -0.320292    -4.64603     2.12634   -0.337598   -0.229106    -2.72054   -0.845072   0.0360241    -1.07907     -2.1532     1.72316    0.382577     1.03269    -0.80281    0.232724
   0.190485   -0.523309   -0.334262    -0.71022   -0.374243    0.320436  -0.0234557    -0.64488    0.963525  -0.0990595   -0.497502   -0.776988    0.234894   -0.133741   0.0081368    0.593725    0.298921   -0.261533    0.665266     -0.2604    0.544628   0.0121429     -0.5407    0.187758   -0.283742   -0.450835    0.829018   -0.601445   -0.246587  -0.0318079   -0.175948     -0.2177  -0.0723299    0.400829   -0.237671    0.133926    0.527303    0.866284   -0.196562   -0.386809    0.758566   -0.712438    0.137109  -0.0345543   -0.523984   -0.638761    0.476136   -0.578657   -0.458636     0.40656
   -0.17723 -0.00202045   -0.508718   -0.400514   -0.103457   -0.355907  -0.0706404  -0.0111893  -0.0859507   -0.312284  -0.0441681   0.0372731   -0.171199    -0.19048  -0.0332011   -0.266532   -0.367458   -0.126184   -0.337697   -0.497619   0.0852414  -0.0544609   -0.152207   -0.200035   0.0290351    -0.31159  -0.0697872   -0.143851   -0.352664   -0.133932   -0.313923   -0.148746   -0.177027  -0.0919384  -0.0829373   0.0260171 0.000474337   -0.238956   -0.290952  -0.0217076   -0.212259   0.0157263   0.0468016   -0.214235    0.115712   -0.253132   -0.147501  -0.0616636    0.284529  -0.0739336
  -0.163897    -1.55705   -0.423263    -1.00373     1.68053    -1.85893    0.221828     1.13122    -1.00173    0.894722    0.930871     1.45672    -2.34516     1.13178     1.69645    -2.07336   -0.172576    0.934299        1.12     3.16069    0.585078    -4.28073   0.0523695    0.292095   -0.817802    -1.53147    -1.60231   -0.832766   -0.270545  -0.0165779    -1.30139    -1.68001    0.875665    -1.25119    -1.17844   -0.238273     1.36693    -1.71792     4.82501  -0.0974717   -0.429236    -1.23378    -2.61794     1.04936     1.09358   -0.357121    -1.57507     1.08553    0.133324   -0.465131
  -0.663325   -0.176691      1.2879    0.501078    0.335824    -1.31464    -0.54945  -0.0101553    -1.39876    -1.51841    0.187207    -1.45585    0.916291   -0.988544   -0.909318    0.699593    -1.52834   -0.908801   -0.727847    -1.21917   -0.654936   -0.191586    -2.76856    -1.34899     0.55711    -1.09214   -0.256255    -1.20896    -0.02171   -0.809527    0.423308     1.37551    -2.48108    -1.24485   -0.623333    -2.06133    -2.54972   -0.369711    -1.71135   -0.410744   -0.603977    -1.49327   -0.918829   -0.505551    -2.05312  -0.0182251    -0.23627   -0.482749    0.658913   -0.944772
   0.147678   -0.185242    -1.09206   -0.362567    -1.01419   -0.106686   -0.303803    0.316622    0.473957   -0.779302    -0.87822   -0.769758    0.344423   0.0770004    -1.49544   -0.317838    0.173351   -0.151095   -0.487855    -1.38097  -0.0378812     1.35402    -1.21645    -1.34329   -0.959954   -0.702631    -1.01119   -0.620776   -0.126283   -0.905442    0.664297   -0.384675    -1.09075  -0.0886882   -0.422495    -1.02741   -0.713872    0.242801    -1.35295    0.498497    0.370718    -0.75357     -1.0639   -0.197499    -1.28437   -0.127876    0.750581   -0.977999   -0.720001   -0.563748
  -0.885295     1.49373    -1.85099   -0.294708    -2.13764    -0.85006   -0.498742   -0.341167    -1.50417    0.523099    -3.99385   -0.556216    -1.50888  -0.0430536   -0.946634    -1.03038   0.0124927   -0.900426    0.656063    0.534026    0.662141    -1.15269    0.365309    -1.57605    -1.21389   -0.435887   0.0449679    0.720297    -1.74245    0.453709  0.00426688    -1.76744    0.534692   -0.878004   -0.696784    0.851584    -1.17995   0.0696721    0.354731    0.160526     1.65477    0.168034   -0.254548    -2.09636   -0.554253    -1.25354   -0.343883    -1.72065     -1.4276    -1.16985
    1.38741    -1.22242  -0.0440255   -0.728317   -0.421342    0.294402    -1.21494   -0.534419   -0.964932   -0.574082     1.06975    -1.44353    0.513565  -0.0346604   -0.945644     2.14774    -1.29939   -0.658489    -1.18836    -1.18532     -1.0029   -0.669275    0.167993    -1.23237   -0.455524   0.0323638     2.48456   -0.667753   -0.207437    -0.41928  -0.0129726     1.10331   -0.966011    0.133768    0.298158      -1.269   -0.986901    -1.11296   -0.547021    -1.17856  -0.0925142    0.188385     1.12586   0.0907886    -1.21452   -0.665617   0.0680785    -0.91523   0.0340061   -0.604168
  -0.255102    -2.57906      2.7492    0.501059     2.57704    0.832634  -0.0112527    0.447045     0.51389   -0.393444     1.21357    0.256878    -1.32658    0.517643   -0.291636  -0.0305499    -2.48822   -0.542488   0.0950178    0.654307    0.684752   0.0452392    -3.24876   0.0604398   -0.870765    0.413005    -1.00793    0.195784   -0.379491     2.92091    0.107818    0.657463   -0.441926     4.14916    -1.44373   -0.545632   -0.377287    -3.64459   0.0972228    -2.28347   -0.183399   -0.791072    -1.35039   -0.840297     -2.6735     0.47503     1.11475    -1.54043     2.51487    -2.28393
   0.646226     1.89078   0.0403247    0.402932   -0.566793    -2.01081    -0.15035    -1.01422    -1.98962     1.03158    -1.73547   0.0578798   -0.274767   0.0763881    -0.16202   -0.635962   -0.366712    0.324469   -0.347944    0.354175    0.507322   -0.767884   -0.133114    0.335702   -0.706352   -0.211622   -0.379069    0.479927    -1.20267   -0.201207    -1.08456   -0.922774   -0.263267     1.54159    -1.14095   -0.200699   -0.817737    -1.19688     1.56581   -0.959543    0.937507    0.940089   -0.745025   -0.527244   -0.391962    -1.30149   -0.742765    -1.18465   -0.748255   -0.559594
  -0.815092   -0.600436    -2.92762    -2.06115    -3.43586    0.762495    -0.84412    -2.72834    -2.09533    0.297201    -1.04183   -0.879896   -0.813183   -0.107391    -2.01723    -1.33291     1.13618    0.145046   -0.280365    0.533639   -0.363977    0.176886     4.36351   0.0552484    0.828637   -0.292351  -0.0905474    0.217477   -0.018245    -3.39277   -0.111938   -0.823592    -0.48012     -1.9878    -0.57975  -0.0952543     1.74788     1.58653    -1.11666    0.488032   0.0645297    0.813426     0.94658    0.559488     2.68371   -0.966212   -0.945498    -1.45028     -2.0038     2.38086
   -1.60306   -0.341419    0.817606   -0.857108    -1.10951     2.27535     1.30636    -1.75797   -0.580639   -0.669511    0.324442    -2.18536    -1.55212     0.32541    0.800287   0.0195024    -3.25381   -0.734349     2.01418     1.09598     1.01906     -1.5067   -0.886785    0.889741    0.100023    -1.17503    0.898764    -1.61118  -0.0370814   -0.485577    -1.54638     -1.8649     -0.4114   -0.136418   -0.888408    -1.95374   -0.923283    0.391308  -0.0988322   -0.314411     -1.2629   -0.354048    -1.36084    0.105266    0.243316    0.261183     1.29694     4.47005   0.0327403   -0.945418
  -0.199138    0.074525   -0.137953  -0.0708169    -0.15375  -0.0743555   -0.254831   -0.319046   -0.170083   -0.380916   0.0488065   -0.421578    0.325845   -0.344993   -0.454042   -0.162268   -0.480006   -0.594493    0.125942     -0.3345   0.0982913   -0.176282    0.137179   -0.842587  -0.0909542   0.0120406  -0.0869134  0.00334764   -0.350418  -0.0824695   0.0469682   -0.227106 -0.00786738   -0.275032   -0.242706    0.207249   -0.400999   -0.082426  -0.0839437   -0.152314    0.128151   -0.157159   -0.183824  -0.0361261    -0.52469   -0.479074    0.170274   -0.572138   -0.228704   -0.243627
 -0.0920165   -0.431084   -0.325025   -0.130188   -0.253457    0.150086   -0.176187   -0.180582   -0.209728   -0.208872   -0.153688   -0.219876   -0.182528   0.0589034    0.222934   -0.136797   -0.285014   0.0876172   -0.245388    0.164957  -0.0699683    -0.47742   0.0967778    0.241097   -0.230216   -0.333083    -0.13406    0.105851  -0.0587958    -0.27566   -0.466521   -0.309169   -0.293838   -0.220161   -0.112991   -0.200275    -0.18387   -0.299592   0.0973969   -0.309721   0.0576747    0.121811   -0.176651    0.243352  -0.0796502   -0.218769  -0.0350309    0.186561   -0.495138   -0.154318
    -0.8216   0.0932737   -0.862014    0.166444    -0.61298   -0.695491   -0.508835   -0.615766   -0.672155   -0.534265   -0.689988   0.0978026    0.536537    -1.04521    -1.31291   -0.549482   0.0600209   -0.489332    -1.15002   -0.478439   -0.470942    0.444471     1.38725   -0.492352  -0.0617227   -0.217571   -0.930629    0.112389   -0.141055    -1.13171    0.637833   -0.635792    -1.21668      -1.324   -0.517466   0.0926328   -0.338881    0.473086   -0.795935    0.945587   0.0375824   -0.237233  -0.0735871    -1.07994    0.300771    -0.40242   -0.553002    -1.08064   -0.588814    0.387256
   -2.57853      0.2666    0.581544    -4.92391     0.66845    0.890961   -0.781977    0.258341     1.20347    -1.43766    0.447798   -0.634044    0.894225   0.0484432    0.215399    -0.39624   -0.266532    -1.15486      1.6101    0.532668     0.65907    0.311079    0.340766    0.317989   -0.813134    -1.75364   -0.657463    -1.64525   -0.538128    0.643099     1.04985     1.45158     -1.1999    0.168281    -1.71524    -2.60387    -0.23827  -0.0567913    -1.14493     1.55295   -0.555532    -1.06198    -1.44725   -0.453001    0.263146     1.25208   -0.543281     1.63846    0.324591    0.368965
   0.394179    -1.90404    -1.91497    0.663841   -0.273232    0.721938     1.32448   -0.523496   -0.231424     2.50028    -6.46162   -0.959218   -0.755388    0.554704    0.138574   -0.314638   0.0882167    -1.41638    0.298446    0.987521  -0.0732275   -0.766042     1.46276   0.0961097    -2.13215    0.235132    -1.32277   0.0159959    -1.82792   -0.306366     1.30464    -2.50545     1.02532    -1.54856    -1.14937     3.21825    0.561527    0.462835     1.47286   -0.534772  -0.0495935     1.13211   -0.694546    -1.70002   -0.892377    -1.22006     0.77234    0.852379    -1.55429   -0.265926
  -0.158441   -0.356043   -0.166191   -0.460439   -0.254831   0.0217576   -0.363247   -0.141221    0.176225     -0.2562   -0.561079    -0.41298   -0.366709    -0.43915   -0.161125   -0.333565   -0.264404   -0.351546   -0.176556   -0.442547    0.266288   0.0738585   -0.472296  0.00552468   0.0443718   -0.335993   -0.497291   -0.208957   -0.416392   -0.236862   -0.401318  -0.0899516   -0.249551   -0.225699  -0.0801492    0.342513   -0.065419   -0.330607   -0.449526   -0.198458   0.0104384  -0.0353126   0.0584627    0.366663   -0.505059   -0.319858    0.151491   -0.604521   -0.212691   -0.265785
   0.227925   -0.641733      -1.928   -0.509673    -1.74475     1.21412   -0.826464    -1.28595   -0.223362    -1.49551   -0.632504    -1.83406    0.726425   -0.823805    -1.51866     4.02294   0.0535191    -1.24862   -0.337373    -2.54389    -1.11201    0.387222    -0.76468    -1.14495   -0.792012   -0.197344     4.95418   -0.587061   -0.997706    0.165085   0.0195224   -0.107911    -1.71494   -0.506691   -0.833766    -1.71876    -1.31839    0.107677    -1.35481   -0.656643     0.31821    -0.62698     1.04767   -0.682133    -1.25023  -0.0561974     1.28955   -0.577261   -0.675731   -0.483731
  -0.424678   -0.115948   -0.279515    -1.47983    0.110081    -1.45791   -0.242691   -0.417231    0.432003   -0.625054    -0.25604   -0.526186    -0.20965  -0.0993698  -0.0628427    -1.22819    0.857181   0.0703778   -0.565476   -0.786529   -0.135294     1.55915   -0.388175   -0.768483   -0.462228   -0.949372    -2.11083   -0.398518    0.198664   -0.308856   -0.986825   -0.234947   -0.513409    -0.21842   -0.758007   -0.232432   -0.118057    -1.39324    -1.62017    0.412986   -0.790261    -0.82715    -1.05107    -1.72084   -0.376449  -0.0644699    -1.45305   -0.108649    0.645921  0.00777767
   0.640636   -0.983153     1.28111    0.789451    0.172064    -1.08891    -1.38719     1.50831    0.165641   -0.494303   -0.370354   -0.534766   -0.472046    0.630116   -0.454104 -0.00250846   -0.538831    0.209843    0.182333    0.442573    0.515196     1.24198    -1.53621    -2.53737    0.376471    -1.59962    -1.58012   -0.711449    0.272411    0.617626    -0.65467    0.691897   -0.930026    0.695819   -0.108458    -1.48974   -0.215966     -1.6286  -0.0149082   -0.787846    -0.55515    -1.88328    -2.21213    -1.22898    0.310919   -0.567496    0.564906    -2.53015    0.794026    0.542685
 -0.0897961   -0.459536    0.723206    -1.66463   0.0957282    0.806469    -2.02571    0.463502   -0.576687    -1.69451    -1.05587   -0.737981   -0.997437    0.376933    0.465286   -0.802867  -0.0234747   -0.583166     1.37811   0.0587012     1.26669    0.834876   -0.524611   0.0444483    -1.00182    -1.81464    -1.81013   0.0434658   -0.384238    0.524227   -0.268347    0.104029   -0.709052    0.872629    -1.32623   -0.628794     1.23306   -0.604324    -1.64147  -0.0357253   -0.177246    0.128874    -1.36902    -0.64988   -0.453757   -0.366022    0.665658    0.598182    0.211366    0.575688
 -0.0203631    -0.62723     -2.8933     1.16531    0.822961    -3.27414    -2.16137     1.45843    0.448034   -0.387575   -0.543498     2.85215    0.320677     1.42364     -2.2675    0.296114     3.48048     -1.5225    -3.49416    -2.33889    -3.50418      1.3846   -0.401409    -2.98653    -1.22859    0.436169   -0.405143   -0.248644    -1.80788   0.0167421     2.83418    -0.65848   -0.678171    -1.41087   -0.464668    -0.52731   -0.267335    -1.94822    -1.45496    0.213863    0.709533   -0.859775    0.449413     -1.6296    0.203861    -1.69642    -4.16954     -1.2191   -0.651808   -0.490308
   0.128478    0.781935    0.276191    0.985518  -0.0663205    -1.21349  0.00743965    -1.88822      3.0749    -1.42564   -0.743059    -1.67991    0.289108     0.50128    0.673568    0.122374     3.23965    -2.43984  -0.0976231    -2.08807   -0.507042     2.69406    -3.26059     1.78601   -0.559527    -1.01983     -1.0636    -2.43056    0.299664    0.598896   -0.964315    -0.63194    -3.02065  -0.0462697    -0.33816   -0.929617    0.435277   0.0998742     -4.1594    0.258757    0.191426    -2.07082    -1.20386    -1.34214    -1.83473   -0.712023    0.911629   -0.901942    -1.61141  -0.0704039
   0.106146   -0.184657    0.346676     1.35644    0.659421    -1.12228    -1.91854    0.597142     0.61707    -1.01733    0.821721    0.238153     1.05907     1.82799   -0.237697   -0.516833    0.538526    0.642901    -1.37742   -0.869472   -0.817866     1.21083   -0.623644     -1.4522   -0.630786    0.268532    -1.02997   -0.201889     0.36537   -0.287403   -0.836321     1.82717    -1.51828     1.65998    0.602487    -2.66303   -0.871291    -1.39624    -1.30952    -1.38573   -0.985453    -1.61355    0.967416   0.0278552   -0.218779   -0.488005     -2.2922   -0.724425    0.206343    -1.58145
   -1.31814    -1.61385    0.476112   -0.907474   -0.207184     -1.2666   -0.466067    -2.01647   -0.476881   -0.388238    0.097389    -1.05705    0.690765    -3.45921   -0.840032     2.29289   -0.779508   -0.661739    -1.14657    -1.89694    -1.13753    -1.01443    -1.32979     1.26211     1.93179   -0.108705     1.73093  -0.0782267   -0.263882    -1.80321    -1.31553     1.25035    -1.12135    -1.23092   -0.225089   -0.924053    -1.19026     0.68275   -0.967118    0.354006     -1.3622   -0.285628     1.34638    -1.35711   -0.893051    0.492328   -0.573304  -0.0918633    0.905358   -0.403751
  -0.488298    -1.27045   -0.637684     -6.1813   -0.857721    0.599804    -1.36747     2.26112    0.340789    -1.29697     0.65614   -0.664528     1.09177    -0.29591   -0.941569    0.548148      1.4244     1.38217     1.99445     0.12721    0.549644     2.10827   -0.602372    -1.14584   -0.593957    -3.86061  -0.0690664   -0.542973    0.764831    -1.73174   -0.190457      1.9621    -1.18368   -0.602251   0.0918527    -1.39661    -1.27619    0.278648   -0.752451     2.00721    -1.89748    -1.09969    -1.49238    0.912078    0.331228    0.566938  -0.0913465   0.0160766    0.522694    0.786414
    1.82566    -1.70838   -0.899656   -0.882377   -0.049928    0.919588    -2.17982    0.159955    0.747196    -1.21191    0.265437     -1.1602    -1.41844      1.8652    -1.18682   -0.479132    -0.32782    0.636597     1.57933      -1.197     1.34535   -0.215304     1.28227   -0.684851    -1.95142   -0.056005    0.420025    -1.18165    -3.40837    0.623135     0.12658    -1.37981    0.908383     1.83406    0.217216    0.794939     1.39823   -0.211081    0.166073    -3.40619     6.23791    -1.33429   -0.862368     1.36703    0.131227    -1.07826    -1.46127    -1.76598    -2.44092    -1.25093
  -0.263074  -0.0195308  -0.0106744   -0.318694   -0.410134    0.203359   0.0356594   -0.334197   -0.105167  -0.0938091   -0.483947   -0.282159     0.19981   -0.331582   0.0186069    0.376328   0.0699505   -0.173086   0.0825863   -0.265977    0.220272   0.0135734   -0.200762  -0.0558675  -0.0397081   -0.113344    0.466544   -0.317935  -0.0306242   -0.286873   -0.238473   -0.360194  -0.0812475   -0.148755   -0.216252   0.0169253   -0.177634    0.335206    -0.39676   -0.353911   0.0651108   -0.170484   0.0529904  -0.0937076     -0.4299   -0.226657    0.107116   -0.283633   -0.257858   -0.235086
  -0.163813   -0.364639    0.291891   0.0930093    0.407053   -0.786125   -0.440267   -0.851118    0.119514  -0.0607861 -0.00364122   -0.433497    0.870008    -0.63316    0.155511     0.20824    0.983326   -0.946709  -0.0766744    -1.20755  -0.0409556    0.393843    -1.96755     0.74162    0.369998   -0.714822  -0.0473062   -0.243792    0.499743  -0.0245113   -0.857705    0.513157    -0.87998   -0.505856  -0.0647216   -0.342116   -0.146755    0.884201   -0.489162   -0.148551    -0.88151    -1.56269   -0.431975    -0.35736    -1.38699    -1.00568   -0.353889   -0.350911    -0.71977    0.566532
   -3.14552    -1.12809   -0.328565  -0.0214232    0.445493   -0.511034    0.505726    -2.33398   -0.508531    0.318612    0.667234    0.374486    -2.00416    0.195348     1.75503    -1.80663   -0.538605   -0.483467     0.67217     1.32617    -1.57211    0.170537     1.15753     1.66316    0.356675   -0.747846    -1.80968    -2.08182   -0.442957    -1.12408     -2.1542   -0.851067   -0.718635    0.385074     5.91408   -0.469732   -0.700759     1.41516     -0.2333    -2.45511    -1.60605    -2.65979    -2.55028     3.64749   -0.114858     1.03989    -3.37264    0.331819    -0.91672    0.339975
   -1.59141     1.51028   -0.272065   -0.978068   -0.245546    0.643165     1.05051   -0.883311    -1.27358     1.62295   -0.164544    -1.16882   -0.530955    0.192836     1.25887   -0.708161    -1.30117    0.268272    0.284778     1.41418   -0.107427    -2.24713     1.48521     1.44747    -0.60856    0.759217   -0.590538   -0.271069   -0.474706    0.392797   -0.200381    -2.72646      1.1705    -2.26144   -0.379079    0.780521    -1.99848   -0.946853     1.29512    -1.03493   -0.139609   -0.418226   -0.317183   0.0999201    -1.21377  -0.0252341    -0.39687     2.07366      -1.445   -0.704463
   -2.29401   -0.211463  -0.0658592    -1.39854     1.58467   -0.610257     1.59472    -1.03483   -0.303891   -0.707591     1.35508    0.438764   -0.258809    -3.25372    -0.87944    0.192612    -1.27984     0.77397   -0.999317     1.28794    -0.80628   0.0482286   -0.521777     1.86829      2.1933   -0.411517   -0.439385     1.09574    0.339195     -2.4478    -1.40559    0.809606    0.630192     -2.8597    -1.18041   -0.421252    -2.94071  -0.0053638   -0.723918     1.08979    -1.11813   -0.167366    -1.44625    -2.08499    0.180069     1.52425  -0.0337854    0.749102     1.42088   -0.490215
  -0.610724    0.404092   -0.453627   -0.855092    0.255544   -0.304061   -0.724492   -0.260715   0.0596546   -0.797912   -0.944779   -0.707756    0.129838    0.165594  -0.0567492   -0.913003    0.838998   -0.205848    0.474464    -1.24192    0.793118    0.159703   -0.890502   0.0576987     -0.1752    -0.80869    -1.38006    -1.25427   -0.651465   0.0574842  -0.0995939   -0.412782   -0.805393    0.227883   -0.255458    0.413746     -1.2088    0.149042    -1.08979    -1.28942    0.451968    -1.44165   -0.769946    0.314978   -0.704756   -0.916853   -0.456408    -0.91648   -0.783985    0.289477
   0.234232   -0.430427   -0.192956   -0.433719   -0.252085   -0.260801   -0.394009   -0.305754   -0.282549   -0.184622  -0.0988081   -0.267263  -0.0191665   -0.405032   -0.514246   -0.147075   -0.110952   -0.175519   -0.207756   0.0491639   0.0172081    0.091879    -0.20494    -0.32235   -0.119572   -0.570349   -0.257153   -0.262989  0.00312832   0.0767136   0.0230047    0.248217    0.051424   -0.369442  -0.0573766   -0.159691    0.528152  -0.0288629   -0.434248  -0.0641945   0.0544685   -0.237239    -0.11242   -0.186324   -0.179074   -0.478509   0.0630639   -0.224009   -0.103669   -0.237465
  -0.208678     1.23336   -0.278092   -0.972539   -0.454926    -1.14627    -1.51254   -0.448472    -1.67609   -0.255094   -0.233728   -0.762769     0.51684    0.338788   -0.871283      1.2711    0.378077   -0.427012   -0.834033    -1.05696   -0.163198   -0.579947  -0.0237415    -1.76255   -0.867098   -0.793901     1.18422     -1.0864    -1.04658   -0.190335   -0.255094    0.268274    -1.64038   -0.291344   -0.817707   -0.998463   -0.705753   -0.382976    -1.08195    -1.90929     1.34788    -1.28394    0.494735   -0.491086   -0.786676    -1.02377    -1.83014   -0.514395   -0.138643   -0.484504
  -0.779069    -1.15691    0.241027    0.277556     0.13474   -0.395577  0.00496811     0.21906   -0.436118    0.766246    -1.66354    -1.50591   -0.454662   -0.125612     -0.1427   -0.717062   -0.844726    -1.14344    0.189747   -0.670715    0.428257   -0.945342    -1.14002    -0.52331   -0.556405   -0.623103   -0.602144    -1.00137    -1.30279   -0.170692   -0.423458   -0.702766    0.792812    0.941728     0.35171  -0.0313154   -0.887013   -0.716415    0.827082    -1.23953     0.69933   -0.933093    -0.57498    0.812597    -1.95671   -0.214058   -0.532701   0.0949845   -0.389637   -0.872644
    1.12711    -1.68327     1.12905     2.06208    0.162228    -1.71016   -0.662669    -0.66248      0.2231    -2.84321     2.73465    0.381554    0.573858    0.566805   -0.545889    -1.58606    -1.78123     1.22401  -0.0404015   -0.681937     -1.0622     1.71358  -0.0867856   -0.552347    0.671429    -0.44419    -1.72545       -1.56     1.08483    -1.72619    -2.01043     3.77979    -3.05266    0.869412    0.935406    -3.60666   -0.529701    -1.01984     -2.3498    -1.19905    -1.44702    -1.53275   -0.373831      1.2877     2.26392  -0.0488043    -3.74735   -0.298232  0.00903371   -0.855742
  -0.195578   -0.861224    0.504553    0.346757    0.606404    -0.81355    0.913481  -0.0918832   -0.819783   -0.160985   -0.285678     0.12498   -0.921689    -1.08273      1.0323     -1.0269    -1.66167   -0.512447   -0.654835     1.36296   -0.448651    -1.55861    -1.59791    0.011435    0.270349    -1.24405    -1.42537    -1.10296   -0.198276   -0.262226    -1.81877   -0.805027   -0.916362   -0.446208   -0.560232   -0.528119   -0.133931    -1.21316  -0.0431523    0.171833   -0.407735   -0.849923    -1.12469    -1.06083   -0.380834     -0.9791   -0.341986     0.79142    0.808995   -0.975943
   0.483566    0.511265    0.381587    -1.32988    0.359856    -1.78433     1.17943   -0.462899     3.24406     1.13256   -0.317724   -0.973372     2.46893   -0.511123     0.14866    0.502461     4.38313    -6.05896    -1.06442    -2.01033    0.349697     2.21119   -0.728184   -0.544824     1.25729    -1.33087     1.18665    -3.31089    0.780587    0.012288    0.898733    0.598105    -0.54769   -0.621127    0.941995    0.997266    0.416015     2.15683   -0.605726     0.54121     1.00752    -3.16397     2.11202   0.0716844   -0.335584    -0.94825     1.57677    0.280585    0.162966     1.32819
  -0.133713    0.260612   -0.163631   -0.224717    -0.31143   -0.245968    0.113227    0.139445   -0.278735   -0.105383   -0.274277   -0.179382   -0.169146  -0.0782027   0.0522399    -0.46354   -0.150195   -0.113312   -0.303598   -0.261279   0.0326811    0.028164   -0.615741   -0.163986   0.0960989   -0.217146   -0.275485   -0.132873   -0.195411   -0.268247   -0.219323   -0.421796  -0.0847422   -0.073012   -0.232892   -0.187001   -0.309415   -0.116334   -0.133941  -0.0130143    0.273946   -0.120732   0.0774337   -0.142077  -0.0524808   -0.134523   -0.157418   -0.214951   -0.152808   -0.366331
   1.25095
  0.554337
  -0.78144
  0.184128
  -1.01423
  -2.82077
  0.155266
   0.80315
  0.282902
   -1.1629
 -0.606108
  -1.47031
 -0.784771
   0.32361
 -0.123972
 -0.210691
  -1.40914
  -1.37816
  -1.18892
 -0.627635
  -1.12334
 -0.721806
  -1.13583
  -1.35337
 -0.831096
   0.99771
  0.230003
-0.0984862
 -0.846557
  -2.40138
  -2.18643
   1.84738
   1.19049
 -0.661276
 -0.783379
  -2.41981
  -2.61105
 -0.882945
  -2.02357
  -2.29188
   -1.5808
 -0.171798
 -0.802828
  -1.21862
 -0.517635
  -1.41041
 -0.921869
  0.153336
   3.21756
  -1.21777
1
4
50 10
   0.620397     1.61746   -0.381749     1.80363      1.2313    0.392243     1.95204     1.01484    0.960901    0.550826    0.847037  -0.0551768    0.321646    -2.72943    0.825927    -2.26306   -0.749708      1.1955    0.136858    0.743412   0.0441861    0.489269   0.0117136    0.793686     1.09155    -11.5281  -0.0928078     1.00895    -0.26354   -0.793919   -0.999003     3.54326    0.115974   -0.479091    -2.93462  -0.0942588     2.56349    0.284567 -0.00245807     1.83214     3.47559    0.153394    0.343348   0.0958402   -0.479915   -0.901187    -4.24152    0.253833    -1.85795    0.259786
    2.09601    0.762024    0.394329     1.29802    0.451913    -1.14768    0.282345   -0.469231     2.76243   -0.760187   -0.466699    0.444755    -5.66965   -0.904463     1.13726     2.03498    -3.57529     1.30128    -1.42296    0.870636   -0.867831    0.365442  -0.0506501     1.07785   -0.180468     1.16572    0.447211    -10.3809     1.48125   0.0104924    0.781907     3.14578     0.48178     2.51676    -1.80826     3.49316    0.566847   -0.433135    0.138605      2.0547   -0.422051     1.09277    0.354436    0.725055     -1.1562   -0.484173    0.419253   -0.193389   -0.506719    0.438935
   -4.05202    0.841433   -0.147398     1.61752      1.2915    0.992225    0.053077   0.0461988    -1.23943     1.33155   -0.504029  -0.0219823     2.08741    0.406762    -1.31817    -1.32419    -1.38291     2.42422      1.6711    0.230801     1.49343   -0.696362    0.209953   -0.647436      1.4782     1.18742   -0.276877    0.851658    0.517378    -0.54855  -0.0687619   -0.567585    -0.62253    0.893383     2.02261     1.18531   -0.755789   -0.373409     1.63416    -13.5915    0.659146    0.936963    0.861283   -0.291045    -0.75334   -0.656998   -0.118001   -0.887755    -2.08162    0.088491
   -1.39581    0.250953   -0.444252       -9.34    0.094677      2.6535   -0.806628    -1.12249    -1.33106     1.85833    -1.05946   -0.121068    0.807112    0.710384    -0.75427    -1.31705    0.412846     1.48626   -0.823033     1.51884    0.656174   -0.247574    0.202153    -1.34675     1.54445    0.987157   -0.500179      1.8392    0.171383   -0.873753    0.107455    0.749084     1.54873    -0.26401    -1.87995     1.03329    -8.33612   -0.197228     -1.0642     2.08267   -0.834045    -4.37703   -0.234956  -0.0490832    0.265457   -0.550967     1.52958    -1.53056    -3.04848   -0.252728
   0.422222    0.194563    0.166185    0.299207    -1.88574     1.07351    0.116077     1.04408     1.48749    0.206132    0.671606   0.0678234    0.821187    0.155615     1.99433     1.40394     1.38456    -8.73006     1.36762    -9.64597     1.37769  -0.0795222    0.634645    -1.53707    -2.01657     1.02609    0.196364     1.95449    0.420908   -0.879811     1.47954     2.51671    0.560922   -0.932865     1.20073     2.39573     1.75361    0.314545    0.812438     2.82511     1.48691     1.76161  -0.0860131    0.131148     0.54312    -1.15425    0.789209   -0.701313    -1.33705    0.237168
    2.30897    -6.85401    0.195698     0.12466     1.18677      2.1169   0.0378861      1.9544    -5.68659    -6.21129     1.04522   -0.197079    0.294422   -0.138757   -0.796902    -1.55518     2.14499     1.86994    -1.81633     1.31064  -0.0734615  -0.0823421    0.350894    -0.06085    0.795895      3.5024    0.277423     1.88058   -0.782138   -0.752729   0.0367956     2.14398    0.618769   -0.708975     2.03953     1.26751     3.85627    0.202786    0.726218   -0.366813   -0.648245    -2.71594     -0.5508    0.421382    0.998534     1.00195   -0.322816     0.24527   -0.911528   -0.136926
   0.749059     2.08417    0.168097   -0.401386   -0.628714     -1.7604    -2.98026     1.40143   -0.366279   -0.419046    0.449977   -0.228636    -2.35585      1.4538   -0.872657     1.70904      2.1183    0.965704     2.23654     1.74965    -6.70123     0.41039   -0.222205    0.394928    0.184139     1.57891    0.405117     2.55317   -0.829366     1.97003     1.16617    -13.1667     1.53729   -0.907843     2.30496      2.2145     1.74422   0.0908483   -0.454677    0.983638    -1.30581     1.21614      1.7084   0.0805461    -1.69808    0.359778    0.624142    -1.22651   -0.405777    0.142684
  -0.217121   -0.045948     0.22964     1.38017  -0.0457357    -3.65719    -1.20179    0.654605     1.50597    0.781987    -1.27434   -0.238927     1.81905    -2.91086   -0.902557     2.82958   -0.792412    0.271918    0.612438    0.877455     1.29816   0.0357632   -0.274867    -1.01178   -0.924916     1.01431   -0.638754    -1.77512   -0.809803    0.495596    -1.95251     1.11929    -5.18622    -1.13281   -0.353922  -0.0686134   0.0151253     -0.5391    -2.04696     2.03772    0.880165     1.20663    -2.18388   -0.743612    -1.72851      1.8356    0.218275     1.50824     10.8326  -0.0544159
  -0.116637    0.761046    0.123391     2.81438    -1.53199    -1.14778     2.04055    -4.28776     1.34237     2.89705    0.374298   0.0415152     1.09721     3.76728    0.598668    -1.63059    0.725194   -0.113664    -1.19789     2.87502     3.26589    0.166438    -0.16771     2.21892    -2.42187    0.885967   -0.308558     2.24275   0.0470383     1.29024   -0.492191    0.580731     1.11626     1.22616  -0.0676819    -11.9986    -0.40279    0.354042    0.129778     2.27158    -2.52094     0.72507    0.901822   0.0045806     3.44077   -0.238177     1.34921     1.74544   -0.186513    -0.34034
-0.00856846 -0.00572561   -0.121299  -0.0374323  0.00891631   0.0252179   0.0293022   -0.024456  0.00168741  0.00959457  0.00508484    0.186863  -0.0109825   0.0511098  -0.0160046 -0.00804949 -0.00696325   0.0112984   0.0501038 -0.00474304   0.0155882   0.0735831    0.317348  0.00524704  -0.0381578 -0.00669144   0.0776609   0.0184123 -0.00203239  0.00743881   -0.032913   0.0066241 0.000531524 -0.00540392   -0.102598   0.0241689 -0.00364349  -0.0746765   0.0146683 -0.00450146 -0.00841087   0.0268566  -0.0319983    0.129876  -0.0258768    -0.01321  0.00229913   0.0229131   0.0257392   0.0193639
   1.91028
  0.571415
   2.63323
   2.55911
   2.27522
  0.840142
   1.21533
  -9.16077
 -0.998257
-0.0576508
