3 8 0.5 1300
1
1
9 50
  -1.61452    1.13336   -4.39965   -1.05625   -1.49277    3.66939   0.502733   0.212905   -1.04472
 -0.973416  -0.468011  -0.451695  -0.418891  -0.693778    6.65016  -0.988027   -1.05723  -0.399499
  -1.71733  -0.784454   0.917427   0.227275    3.89556    2.15374   -2.66586  -0.776932  -0.750169
 -0.562784    1.29979   0.407159    2.56906    1.22005    1.32101    2.10326  -0.357177   -6.96748
  0.275563   -2.90386   0.869046   0.639427    3.48745   -1.64761    2.59063   0.105462  -0.200612
    1.2795    3.13512   -1.58577   -2.80273  -0.445865   -3.58417    -2.7069    2.40987   0.893046
   1.69928  -0.856462   0.986991    3.53808   0.513882  -0.271699    -1.8643  -0.973871   -1.00145
-0.0436123   -2.35955   -3.13355   -1.58227    2.40152   -1.16946    2.75713   0.684369    2.82124
  0.655674   0.694797    1.50033 -0.0330982   0.974137   -1.92694   0.243299    -4.0905   0.483313
   3.60782   -1.52119    2.15468    1.05229  -0.446203   0.208291  -0.911001    -1.5346   -2.32444
  -7.32465    1.04271    1.92596    1.26185   0.700536   0.849449   0.621747    2.25276  -0.955997
 -0.304982  -0.769476    1.55309   0.463531  -0.147147  -0.313042    3.77829    2.01114   0.301216
  -3.12485   0.111904   -1.19696   -1.66139   -1.53105    -2.5698  -0.369069  -0.649766    3.02714
 -0.582625    1.26088    2.14076   -6.40965   -0.77622   0.540643   0.410288    1.74849    2.63369
   2.19808  -0.834871    1.76615   0.595949     1.3645   0.937903   -2.26437    -2.6839  -0.594639
 0.0444224    4.26376  -0.565367  0.0341324   0.417948   0.598344  -0.700079   -1.03165   0.405863
  0.892668    -2.6104    1.94223  -0.985127   -2.24366   0.209056    4.19703   -4.34262    2.45579
  -1.81877   0.139643   0.573333  -0.982478  -0.228461  -0.819691  -0.569031    5.84485  0.0931081
  0.515666   -1.21669   0.640479    -3.0378  0.0700484   -2.33938   -2.78207 -0.0701801    2.49764
    2.4407   -1.13674  -0.214209      1.664   -1.38463 -0.0219474   -1.04134     2.5572    2.59584
-0.0848164    -1.9308   -1.22383   -0.87769    0.57449    2.74488   -3.43803   -1.05525     2.1039
 -0.673874     4.9998  -0.438372   0.820974   0.411272    0.27298    1.14667   -2.57912    1.81016
  0.737833     1.6287    1.71838  -0.664304   -4.80091  -0.494964   -1.76128    2.29294    2.07233
   1.63262   0.421393    5.57162  0.0383621   -1.52611   -1.10122   -1.30042   0.698934   -1.61447
  -1.93141   0.302962   0.418536    3.03014  -0.813449   0.888899    -2.1927   0.413297  -0.386724
 -0.742182    1.60652    1.21411   0.798501   0.748162   -2.33329    1.15673     1.3953    -3.7969
 -0.633799    5.96301   -1.76817   -1.26252  -0.687894  -0.706636   -1.96106     0.2656   -1.41129
  0.854396  0.0677524   -2.19902   0.642233   -1.42079   -1.44037    1.24376    4.66187  -0.126267
  -2.37913  -0.294707  -0.503934    3.71529   -1.27925  -0.633786  -0.385146  -0.255527    1.57295
    1.6435   -1.25636  -0.723977   -1.80185    3.86234   0.416774  -0.159402   -1.24161   0.926997
   2.13982   0.461914   -1.38578   -1.43635  0.0311577   -4.56422    1.91717    1.10806     1.0022
  -4.53638    1.26342    2.04358   -1.04168   0.578718   0.175617  -0.775291    1.64562    1.31923
   2.66709   0.524574   0.840649  -0.145718    1.04292   0.295684  -0.920765   0.580589   -4.04988
  -1.45639     1.6283     2.9933   -2.48128    5.19528    1.64778   -1.16342    1.59427  0.0118256
 -0.880787  0.0285426    5.41585  -0.852723  -0.119442  -0.615239  -0.301701   -1.29097  -0.395557
   3.82559  -0.265628   0.133628  -0.533879 -0.0432544   0.684681 -0.0238819  -0.188549   -3.36576
   2.12416   0.581686  -0.634458   -0.78082  -0.314121    5.59224     1.3216   -1.02064    1.04434
   2.02439   0.680183    2.54471   -1.46098   -2.83791   -2.47831   -1.32865   -3.20494  -0.102314
  0.699985   -5.11588   0.720944   0.422949   0.787088   0.355411   0.508095    1.69441   0.348091
   1.42001   -1.58591   -4.47149     1.8334  -0.925885   -1.19987  -0.246464  -0.675168    2.46512
   1.69712   0.878784  -0.318495   -6.12414   -0.50888  -0.479913   0.241186  -0.126177   0.602858
  0.481555    2.30126   -1.41756    1.48272  -0.147421   0.396216  -0.880551    3.66097   -2.58997
  -2.24561    2.89892   -1.12079  -0.858992   -1.99726  -0.692842   0.440873    1.50479   -3.22237
  -1.69153   0.314662    4.25689    -3.1154   -1.38666   0.687119   -1.31805     0.6815    1.00827
  -2.85837   0.395626  -0.705615    1.47871   -2.54601    3.51157    2.60578    2.63682    2.00731
  -1.39046    1.49574   0.269501   0.703696    1.26001   -1.73492  -0.866175    1.97307   0.163638
   1.42933    1.40765   -3.18085   0.744587    0.52497   0.393503   -5.68254   -2.25162   0.236178
  0.167471  -0.498408    1.48915   0.396335   0.029256  -0.546825   -5.98277  -0.150952  -0.987587
 -0.348378  -0.538163   -1.49236    2.09906    2.67196    1.04702  -0.506253    1.66423   0.782839
  0.864027  -0.842116   0.925483   0.493822   -2.79022    1.22433   0.520061   -1.94898    1.50893
-0.664605
 -3.89731
-0.177892
-0.702583
-0.929847
 -1.15912
 -1.68911
 -3.44068
 -1.36412
 -2.50346
  1.29469
 -1.54948
 -1.58007
 -0.78704
-0.735389
 -3.78461
 -1.46698
 -2.74932
 -1.82348
 -1.94269
 -2.14282
 -1.50178
-0.822259
  1.18566
 -1.92734
 -1.55729
 -1.79353
 -1.97076
  -1.0419
 -2.22184
 -2.75037
 -2.38572
 -2.14397
-0.606049
  -2.1376
 -2.48414
 0.566692
 -2.34475
 -3.05401
-0.607801
 -2.60898
 -1.02869
  -2.4599
 -1.92021
  1.29582
 -1.94266
 -2.54899
 -1.51088
 -1.60965
-0.836551
1
1
50 50
     2.98982      -3.4713     0.239616      1.15888     0.331868     0.993051     -1.01729      1.95599     0.563027     -2.43602     0.274224    -0.738143    -0.467706      -2.4171     -1.51053     0.919588     -1.98941      -0.5166    -0.564327   -0.0424319     0.211391    -0.240884    -0.525136     -3.65844    -0.519207 -0.000652343    -0.883283    0.0348147     -1.35933      0.27086      1.95986    -0.969268     0.492211     -1.36089     -0.74271   -0.0144556      1.30098     -1.44751     -1.21707     0.625353      1.53225    -0.639011     -1.46502     -2.37719    -0.289804    -0.995312      1.96739     -2.90924      0.78166    -0.881542
     1.72738      7.04648    -0.159727     0.656926     -2.26996     -1.43526    -0.227338      -2.0523   -0.0810525    0.0856875     -1.03458     -1.00989     -1.60524      1.66987     -0.26279    -0.327726     -1.38045     -1.23091    -0.694839    -0.467203      2.08886    -0.715434     0.691243     -1.31505    -0.571947     -1.67015    -0.515014     -2.57232     -1.38899     0.284547     -3.02341     -1.37024    -0.156649     0.605633    -0.514097    -0.223733     0.908827    -0.516768    -0.133766     -1.66889     0.864593     0.465232     -1.43717   -0.0487375      2.54885     -1.96385    -0.745117     -1.28921    -0.297402    -0.402547
  -0.0157119    -0.455192    -0.504079    0.0112066    -0.284111   -0.0547053    -0.066779   -0.0815285    -0.457841   -0.0015137    -0.893608    -0.267306  -0.00407292    -0.233706     -0.11636      -0.3327     0.141699    -0.606334    -0.358875   -0.0251096    0.0540015    -0.212765    -0.147539    -0.415384    -0.430111    -0.252095    -0.136135     0.109339    -0.425235      -0.2579    0.0226085     -0.42721    -0.265851    -0.114635   -0.0397143     0.228774    -0.388329    -0.213266     0.235421    -0.147907   -0.0491538    -0.127425    -0.175969    0.0250445    -0.356084    -0.312031    -0.233499    -0.463688   -0.0637312   -0.0837955
     -1.3168     -1.09706     0.428612     0.683856     0.722414     -1.34466      2.66946      -1.7277  -0.00342844    0.0473872     0.227494     0.532256    -0.222547     -4.78434     0.742401      0.19572     -1.03325     -0.46196     -1.62615     0.910285     -2.55511     0.871379    -0.925351      1.35541      2.95216    -0.644731    -0.695222     0.588762      1.60073     -2.21717      -1.1861    -0.504536     -1.32404     -2.42255    -0.877739    -0.197351     -1.12233    -0.459608     -1.31723      1.59944      -2.2031    0.0136781     -1.04035     -2.30902     0.584176      1.61631     0.547871      1.13638      1.86013     0.904199
    -0.84419     -0.55718    -0.842223      -1.1336     -1.03664     -1.33498    -0.224166    -0.928751    -0.782079     0.489318    -0.716375      0.51439    -0.529209    -0.244816    -0.154233    -0.960122     0.684729    -0.924236    -0.998036     0.188613    -0.315535    -0.821438     0.971091      1.04651     0.174403    -0.479891    -0.726162    -0.078009    -0.435597     -1.57718    -0.559806      -0.8105    0.0198663     -1.04808     0.517148    -0.473134       1.3369     0.712356      1.16953     -1.17622    0.0928649    -0.840034    -0.206924      1.14518       1.3357     -1.06537    -0.465197    -0.477802    -0.823406     0.366741
    -1.58845     0.172939    -0.235929      0.70458    -0.247846     0.454042      0.37682    -0.813199     -1.87967     0.891775      -1.4018    -0.529657     -1.25016    -0.379328      1.37323    -0.218519     -1.85209      1.74704     0.202924    0.0182125     0.078337     -1.06196    -0.152722   -0.0488034    -0.139992     0.492991      -1.2191     0.316384     -1.16519    0.0976785     -1.07928    -0.505045     0.400151     0.293286       0.6074      0.17085     0.208824     -1.24772     0.956001      -1.6047     -1.24641      1.07391     -1.26446     0.772524     0.415504    -0.328441     -1.87849      1.07249    -0.476779     -0.74091
   -0.193697     -1.02728     -2.19091    -0.381122    -0.914432     -2.04907     -2.00932    -0.379502    -0.432551     -1.39049    -0.659895     0.169659     0.546706   -0.0840985     -2.06966     0.199194     0.923251      -0.8335    -0.527303     -1.68325     -1.46504    -0.120861    -0.388021     -2.84206     -1.12553    -0.367332    -0.577116     -1.39072     -1.78699     0.907935     0.711216    -0.692627     -1.13908    -0.838861     -0.96359    -0.819386     0.271351     -1.32791    -0.432788     -1.67774      1.65011     -1.75307    -0.400965     -1.06724    -0.844309     -1.70501     -1.89531     -1.23645     -1.87375     -1.27764
   -0.588331     -1.63781    -0.589911      1.14828     -0.56356     -2.21904      1.35958     -2.36248    -0.385355    -0.902691      2.92668    -0.568732     -2.96382    -0.165441    -0.164077    -0.408437     -1.45774    -0.385757     -2.46015    -0.557313     -1.03005     0.196669       0.4477     0.941061    -0.701797      2.91223     0.107324     0.425166     -1.41307     -1.53488    -0.787904     -1.78901      2.29939      0.46434    -0.708596     0.749337      1.52583     -1.74516     -1.55139     -1.39711   -0.0202399      1.32848     0.138903   -0.0359154    -0.281469    -0.481502     -1.42441     0.374351    -0.191268      -1.1284
    0.497159      4.46101    -0.820479     0.683475     -2.17668     -2.08761     -0.85449      -1.0995      -1.3025     -1.64372     0.670394    -0.674805     -1.58527     0.592361     -1.04623    -0.877859     -1.78538     -1.55753     -0.88824     -1.51047      1.59516    -0.856481      1.20981     -2.51727     0.178521     -1.04684    -0.607956     -1.88511     -0.80078     0.202451     -2.19384     -2.16096     -0.24994     0.693215    -0.201567     0.308199     0.405248    -0.680156    -0.663022     0.228046      2.07764    -0.105973    -0.595321    -0.453305      1.84606     -2.01685    -0.673677    -0.914844     -0.83608     -1.23525
    -3.16603    -0.964762    -0.741252     -1.34208      2.21319      1.37506    -0.449872       1.3468       0.6496    -0.790674    -0.768172     0.901293      1.86303     0.830619     0.118645    -0.131023    -0.497491      0.67356      1.79803     0.627795     -1.37464     0.375559    -0.253815      1.74685    -0.594388   -0.0779411    -0.221371     0.771206      1.05916     0.388438      2.22935     0.112172     -1.35198    -0.078586     0.161413     -0.79031     -4.56861      2.08008    -0.493985    -0.308097     -2.73993    -0.639997    -0.275098     -0.53287     -1.75472      1.85851     0.962968      1.74529    -0.516478     0.212816
    0.219744    -0.164032    -0.836056    -0.756473    -0.319877   -0.0327037    -0.305424    -0.444242     0.526223    -0.349891    -0.524973    -0.541563     -0.12655    -0.140029    -0.664682     0.400213     0.091753    -0.243146     0.190203    -0.503859     0.129594    -0.076317    -0.636833    -0.377642    -0.165383    -0.393024     0.468453    -0.678363     -0.45586    -0.545113  -0.00215415    -0.125297    -0.285941     0.119295    -0.296954     0.156023   -0.0187108     0.536603    -0.286079    -0.485993     0.778056    -0.700272    0.0180577    -0.154311    -0.472805    -0.617574    -0.110175    -0.832473    -0.395032     0.147347
   -0.207535   -0.0448799    -0.529623    -0.401737   -0.0884811     -0.36222   -0.0646441   -0.0165176    -0.068378    -0.311821   -0.0784865    0.0520379    -0.141986    -0.186344   -0.0234892    -0.264835    -0.320314    -0.120232    -0.335757    -0.493386    0.0540625   -0.0488952     -0.13643    -0.188971     0.040104    -0.310642    -0.071597    -0.135519    -0.339616     -0.14005    -0.323222    -0.143868    -0.187957    -0.107895   -0.0825795   0.00178713   -0.0334384    -0.234732    -0.278464   -0.0346767    -0.206469   -0.0113733    0.0567922    -0.215145    0.0756312    -0.246324    -0.173247   -0.0527266     0.255106   -0.0516621
   -0.202287     -1.77997    -0.592784    -0.438464      2.31221     -2.18355     0.243406      1.31053    -0.529318     0.825252      1.96889      1.81573     -2.57458      0.59924      1.54766     -2.05031    -0.272198     0.754251     0.756321      3.00334     0.196869     -3.76667    -0.498655     0.338303     -0.67201     -1.06257     -1.73081    -0.809219    0.0154967    -0.310345     -1.72713      -1.3933      1.08542     -1.26149    -0.916817     0.228889       1.4094     -2.00712      4.69408    -0.357473     -1.07668    -0.915576     -2.25595     0.524197      1.57968    -0.118982     -2.23577     0.870372     0.102425    -0.172547
   -0.716844    -0.161258      1.36428     0.511604     0.510572     -1.13985     -0.42373  -0.00629776     -1.26809     -1.51227     0.401831     -1.38104      1.17791    -0.967156    -0.866449      0.62518     -1.48507    -0.852375    -0.595945     -1.21634    -0.599299   -0.0979819     -2.76221     -1.24757     0.810142     -1.00263    -0.296839     -1.11748     0.317136    -0.825789     0.490401      1.56786     -2.48663     -1.28097    -0.596814      -2.0611     -2.56061    -0.413494      -1.7204    -0.136095    -0.607866     -1.41711    -0.807454    -0.525985     -1.93243     0.128233    -0.159713    -0.369415     0.795142    -0.935635
   -0.101744      -0.1752    -0.810254    -0.485036     -1.02936   -0.0978738    -0.308037     0.195289     0.471434    -0.778223    -0.783969    -0.809213     0.310892     -0.19165     -1.24739    -0.403008   0.00967908    -0.150569    -0.314138     -1.40443     0.252332      1.27158     -1.23109     -1.28818    -0.956001    -0.715192     -1.12117    -0.667669   -0.0176071    -0.891603     0.331803    -0.291386     -1.10983     -0.17856    -0.377598     -1.10307    -0.887063     0.206006     -1.35462     0.532119    0.0123374    -0.759261     -1.20677     -0.12139     -1.25877   -0.0682037       1.0901    -0.924609    -0.683087    -0.519737
   -0.711343      1.87119     -1.74069     0.173577     -2.30211    -0.958371    -0.333464     -0.55159     -1.45905     0.694305     -3.96617    -0.615135     -1.61685    -0.264713    -0.654832    -0.855889    0.0161918    -0.853509     0.381645     0.627588     0.704468    -0.905845     0.388305     -1.47362      -1.0776    -0.372321     0.130057     0.562856     -1.66062     0.612974    -0.538083     -1.76503     0.660031      -0.5623    -0.611441     0.817766     -1.02638   0.00685451     0.327988    -0.180268      1.56968      0.38127     -0.24847     -2.00661    -0.593491     -1.24835   -0.0401404      -1.4397     -1.41843     -1.06888
       1.286     -0.99793    -0.230457     -0.72695    -0.447732     0.632781     -1.13373     -0.27016    -0.500894    -0.576127     0.917357     -1.56175     0.579745     0.030991    -0.887917      2.57669     -1.14532    -0.714005     -1.03321     -1.12526      -1.0292    0.0512008      0.35379     -1.22961    -0.382953    -0.156911      2.95109     -0.67466     -0.27209     -0.22046     0.315907     0.986965    -0.890672     0.066342      0.31399     -1.15315    -0.818315    -0.703967    -0.561713    -0.875737      0.19531     0.113669      1.17757     0.017007     -1.45303    -0.661813     0.437823    -0.663421    0.0288927    -0.473807
   -0.489783       -2.916      2.50666     0.480116      2.78872     0.626439    -0.138409     0.347771     0.540573    -0.181632      1.49652      0.74629     -1.47925     0.549285    -0.129742     0.211774     -2.23384    -0.603048  -0.00996977     0.865136     0.548457     0.158711     -3.03093     0.546379    -0.969968     0.829984     -1.04146     0.280195      -0.2778      2.46122     0.134172     0.545649    -0.325413      4.17237    -0.982963    -0.668118    -0.419975     -3.30604     0.511595       -2.417    -0.638902    -0.739745    -0.953562     -0.58989     -2.50391     0.412349     0.946874     -1.76743      2.02544     -1.84892
    0.752635       1.6986     0.212408     0.641712     -0.45836     -2.12958    -0.133538     -1.09764     -1.71489     0.932872     -1.12004    0.0882103    -0.386867    -0.356716    0.0435704    -0.505873    -0.727997    0.0607029    -0.257891     0.115985     0.670224    -0.601349    -0.497159     0.301064    -0.650344    -0.173972    -0.322247     0.488097    -0.965318    -0.274715    -0.925993    -0.658994    -0.376681      1.35079    -0.999878    -0.279404    -0.453311    -0.967713      1.48615    -0.512949     0.382366      1.16859    -0.766851    -0.530374      0.26297     -1.25916    -0.386778     -1.34849    -0.341669     -0.44181
   -0.569938    -0.535461     -3.04422     -1.20074     -3.02296     0.778267    -0.692778     -2.86663     -1.44084     0.363817     -1.31843    -0.475459    -0.110648    -0.164673      -2.0461     -1.11509      1.25068    0.0660845    -0.536422     0.626343    -0.310386     0.770897      4.10706     0.196271     0.926038     0.117714   -0.0583668     0.204706     0.672641     -2.93228    0.0583751    -0.848767    -0.795961     -2.25469    -0.404061    -0.179249      1.91926      1.45418    -0.971949     0.709217     0.304033     0.963761     0.815704     0.422416      2.94631    -0.764686    -0.942177     -1.78863     -1.70491      2.39041
    -1.49376    -0.795324     0.886878    -0.839756     -0.98424      2.49431      1.05983     -1.72666    -0.688786    -0.690078     0.695782     -2.06639      -1.4574     0.281687     0.675665    0.0132937     -3.59454    -0.177125      2.08102     0.955804      0.53798     -1.40553     -0.58638     0.850288     0.205102     -1.01202      1.20594     -1.40592    -0.125681    -0.688449     -1.52464     -1.55398    0.0927621     0.183113    -0.645059      -1.6337    -0.854243     0.305724    0.0991178    -0.502669     -1.14656     0.297019    -0.674037     0.118948     0.270259     0.433366     0.987783       4.4136    0.0142239     -1.20087
   -0.168351     0.101365   -0.0880253    -0.052581    -0.144442   -0.0591203    -0.228572    -0.336081    -0.166261    -0.366578    0.0701301    -0.434373     0.294722    -0.348501    -0.431522    -0.154671    -0.453586    -0.597694     0.144535    -0.329414     0.141341    -0.177473     0.128007    -0.841392   -0.0684227   0.00118879   -0.0739423   0.00191403    -0.357381   -0.0488161    0.0232122    -0.218554     0.028353    -0.247835    -0.237549      0.22025    -0.367764    -0.104212   -0.0715736    -0.150975     0.120738    -0.128759    -0.203884   -0.0178798    -0.501086    -0.466133     0.207639    -0.543915    -0.196354    -0.233472
   -0.106488    -0.423175    -0.346833   -0.0603101    -0.243229    0.0792839    -0.194042    -0.146998    -0.192311    -0.225513    -0.181573    -0.213629     -0.20494  2.20865e-05     0.215877    -0.122391    -0.249695    0.0348016    -0.302534     0.114128    -0.110301    -0.474395    0.0253694     0.184595    -0.251192    -0.322244    -0.139017    0.0688902   -0.0782572    -0.281731    -0.452403    -0.283113    -0.300602    -0.252143    -0.132091    -0.170177    -0.194128    -0.301383     0.109662    -0.299016    0.0335481    0.0939593    -0.166784     0.175781   -0.0836103    -0.201918    -0.035286     0.140926    -0.476411    -0.158647
   -0.583886     0.107371    -0.813527     0.132755    -0.694082    -0.488578    -0.637726    -0.767591    -0.452932       -0.414    -0.649204    -0.122087     0.706083    -0.759138     -1.16497    -0.557317     0.390645     -0.40716    -0.919427    -0.417161    -0.397661     0.596139      1.56439    -0.166458   -0.0870132    -0.332872    -0.900558   -0.0112837    -0.174794    -0.970097     0.626291    -0.628227     -1.03349     -1.25988    -0.449238     0.168862    0.0905705     0.650915     -0.76798     0.907028     0.192841    -0.228869    -0.149892    -0.773529     0.272088    -0.430616    -0.487118     -1.06647    -0.632909     0.606448
    -2.75133     0.275353    0.0370277     -5.13841     0.306003     0.848763     -0.96709    0.0778405     0.727798     -1.09744     0.351817    -0.668912     0.487766   -0.0225738    0.0656758    -0.524118    -0.974467    -0.870331       1.3324      0.56049     0.395559     0.103291      0.60358     0.322298     -1.05342     -1.57588    -0.890109     -1.23157     -0.67182     0.275053      1.49101      0.95812    -0.958328    -0.289584      -1.5314     -2.48102    -0.516556     0.118864     -1.41089      1.16877    -0.742267    -0.907272     -1.46406     -0.41827    -0.143894      1.08085    -0.883123      1.33146    -0.151088    0.0448848
    0.178454    -0.926183     -2.16982     0.173575    -0.387296     0.884966      1.18931    -0.336653    -0.389308      2.37919     -6.87163     -1.08228     -0.58719     0.869581   -0.0392607    -0.106058     0.255914     -1.59666      0.41466       1.0921     0.125329    -0.772861      1.28783    -0.355023     -2.12535   -0.0779743     -1.01299    -0.318966     -1.95937    -0.354072      1.30453     -2.45531     0.714053     -1.57239    -0.992701      2.93888     0.230332     0.250926      1.47209     -0.65229     0.363655     0.777185    -0.464455     -1.56241    -0.733781     -1.17489     0.529203      0.69758     -1.77278    -0.352886
   -0.313693    -0.352754    -0.233901     -0.53761    -0.260952    -0.026486    -0.339146    -0.158649     0.154457    -0.258923    -0.677891    -0.403143    -0.387135    -0.478807    -0.162229    -0.327655    -0.189695    -0.354906    -0.186058    -0.419724     0.245777    0.0476715    -0.463429   -0.0268712     0.043508    -0.386429     -0.54095    -0.204038    -0.420648    -0.310772    -0.430252    -0.108875    -0.320674    -0.339201   -0.0893633     0.278504    -0.171771    -0.306256     -0.40437    -0.197483    -0.035952    -0.141818    0.0144291     0.335906     -0.54381    -0.320066     0.121549    -0.611418    -0.230613    -0.221544
   -0.212897    -0.471266     -1.54968    -0.875735     -1.45967      1.18383    -0.659694     -1.22867    0.0169075     -1.37449     0.382545     -1.92098     0.922079    -0.169506     -1.63889      3.83369    0.0153258     -1.25605    0.0846067     -2.66514     -1.45185     0.453249    -0.491541    -0.742048    -0.639499     0.234358      4.95112    -0.801489    -0.796187    -0.389633     0.557506     0.338552     -1.59926     -0.27617    -0.695115     -1.32967     -1.58747     0.863958     -1.34974    -0.822779      0.67436    -0.420527      1.24236    -0.353591     -1.41927    0.0622475     0.663551    -0.469678    -0.545403    -0.243856
   -0.412905  -0.00787331     0.147956     -1.32344   -0.0442131     -1.50696    -0.106675    -0.763874     0.789865    -0.597599    -0.090282    -0.643232   -0.0889923    0.0750164     0.435833     -1.17706      1.20734    0.0478059    -0.396023    -0.777813     0.195755      1.78232    -0.308232    -0.428777    -0.253367    -0.945603     -2.01188     -0.40785     0.393848    -0.179562     -1.15441    -0.129777    -0.505861   -0.0931583    -0.643156    -0.276099     0.169418     -1.12219     -1.67489     0.497757    -0.807942    -0.786447     -1.01224      -1.5527    -0.402362   -0.0671126     -1.10085    0.0223718     0.512017     0.459263
     1.12704    -0.490194      1.29913      1.05416     0.192685     -1.09111     -1.39592      1.53896     0.101789    -0.533799     0.149554    -0.358777    -0.180426      0.95592     -0.69168    -0.134142    -0.374307     0.350409  -0.00733412     0.445299     0.587339      1.25196     -1.57106     -2.44716     0.626107     -1.58311     -1.54295    -0.706662     0.631104      0.62113    -0.612491     0.941345    -0.984837     0.828455   -0.0762397     -1.47775     0.178699     -1.74121   -0.0963821    -0.865572    -0.460614     -1.75766     -2.00539     -1.06364      1.08739    -0.477523     0.189996     -2.48388     0.983268     0.714298
   -0.504157    -0.339649       1.4659     -1.57623     0.580107     0.697184     -1.37182     0.848414   -0.0852522     -1.35307    -0.509571    -0.657345     -0.62056      0.60273     0.964409    -0.430672     0.343916    -0.474791      1.81391     0.315744      1.55493      1.07963    -0.263821     0.255116    -0.551254      -1.6523     -1.67163   -0.0173124   -0.0972053       0.6532      -0.0496     0.663441    -0.615931      1.35558    -0.881821    -0.783078     0.981942    -0.505284     -1.14985     0.211441    -0.148492    -0.155225     -1.32117    -0.417571    -0.241081     0.148603     0.788701      1.20237     0.544408     0.724979
    0.113181     -0.28994     -2.60452      1.37007      0.64831     -3.27196     -2.25732      1.38935   -0.0771551    -0.322831    -0.246758      2.86783     0.401434      1.74796     -2.35205     0.157436      2.99915     -1.19622     -3.38202     -2.30156     -3.11651      1.14932    -0.362645     -2.72161     -1.29695     0.506517    -0.316401    -0.354713     -2.04861    0.0520066       2.8409    -0.612318    -0.423115     -1.09313    -0.420274    -0.471438    -0.176321     -2.43821        -1.29    -0.246553      1.06171     -0.34638     0.604882     -1.21508     0.116935     -1.60738     -4.17472     -1.17593    -0.621132    -0.794238
   -0.188464     0.883856    -0.466255      1.09669    0.0459146     -1.30246      0.23581     -1.54226      3.15442     -1.21888     -1.04904     -1.46952    0.0517151     0.240783     0.358075     0.100916      3.37825     -2.49357    -0.272542     -1.70899     -0.95227      2.72473     -3.13316      1.01621    -0.453682    -0.703102     -1.51742     -2.14748     0.373306   0.00304849    -0.368237    -0.311746     -2.88149    -0.812935    -0.342067    -0.669609    -0.247001 -1.17556e-05     -4.30453     0.535054    -0.184347     -2.00867     -1.04652     -1.42656     -1.61089    -0.458258     0.548978     -1.15332     -1.02668    0.0297052
    0.196006    -0.600918    0.0286773      1.22627     0.590827    -0.682279     -1.73911     0.508319   -0.0875373    -0.962324     0.941624     0.517935      1.00901      2.16335     -0.23369    -0.549055     0.494763     0.743002     -1.22687     -0.65115     -1.07124     0.632147   -0.0939293    -0.922496    -0.488807     0.680387    -0.851445     0.261623     0.306199    -0.372509    -0.523862      1.66665     -1.31303      1.31804     0.660077     -2.58504    -0.866781     -1.37644     -1.17858     -1.10201    -0.592717     -1.18507      1.21124     0.179486     0.124993    -0.327369     -2.22501    -0.540252    0.0784838     -1.38054
    -1.29922      -1.6547     0.539483     -1.12281    -0.421041     -1.16259    -0.567957     -2.03811    -0.692333    -0.379346    -0.127583     -1.24805     0.621716     -3.37875    -0.913733      2.21438    -0.944948     -0.65739     -1.03553     -1.86115     -1.08136     -1.17079     -1.40428      1.18286      1.86968    -0.215025      1.65604    -0.114349    -0.375542     -1.81707     -1.23596      1.10197     -1.13893      -1.2276    -0.349568    -0.930088     -1.35646     0.548221    -0.973338     0.316348     -1.36732     -0.28726      1.21595     -1.36546    -0.987702     0.496284    -0.394968    -0.120557     0.928129    -0.547499
   -0.112243     -1.04842    -0.123111     -5.93566    -0.880331     0.487268     -1.16839      2.56646     0.260469      -1.1291     0.308006    -0.970112      1.25635    -0.281394     -0.36546      0.85919      1.90049        1.034      1.85048     0.153204     0.835196      2.26155    -0.633768     -1.12206     -0.50852     -4.08129      0.15474    -0.642209      0.75174     -1.43837    -0.286921       1.7066     -1.15387    -0.836482   -0.0277523      -1.3392     -0.42939     0.304144    -0.486421      2.61103     -1.66269     -1.25476     -1.58739     0.796457     0.605173     0.258284     0.545249     0.038416     0.520273      1.20276
     1.93773     -1.79423    -0.700114    -0.672096    -0.219532      1.19172     -2.15778     0.128341     0.648763     -1.36501     0.150586     -1.45703     -1.33721      1.67952     -1.13761    -0.394631    -0.733843     0.576202      1.54865     -1.08435      1.24692    -0.210492      1.14961    -0.393507     -1.91905   -0.0440528     0.632692     -1.01486     -3.40413     0.746196     0.148833     -1.57833     0.884287      1.85419     -0.17498     0.828962      1.50381    -0.103568    0.0494808     -3.27207      6.21543     -0.95868    -0.926856     0.951402     0.130313    -0.968755     -1.18415     -1.85981     -2.41242     -1.32827
   -0.264039   -0.0231433   -0.0803966    -0.303997    -0.412306     0.113466    -0.015631    -0.322925    -0.223732    -0.115067    -0.501407    -0.259407      0.10861    -0.422366    -0.070146     0.326096    0.0261412    -0.166365   -0.0162847    -0.304536     0.161797   -0.0330251    -0.249484    -0.148957   -0.0520723    -0.144232     0.390667    -0.320663   -0.0941971    -0.348828    -0.261494    -0.359701    -0.118822    -0.235941    -0.266127    0.0214148    -0.192481     0.222308    -0.367989    -0.375763   -0.0128723    -0.160999    0.0359012    -0.144479      -0.4101    -0.271032    0.0377507    -0.339876    -0.237819    -0.277197
   -0.370331    -0.373303       0.5742   -0.0806913     0.147099    -0.734767    -0.482419    -0.864399     0.255472   -0.0648809    0.0980742    -0.590683     0.850107    -0.240207     0.524509    0.0256429     0.769755    -0.881347     0.314988     -0.92649     0.232622     0.529711      -1.7033     0.915252     0.490236    -0.869077     -0.29277    -0.638608     0.239402    0.0414101    -0.855438      0.69469    -0.826591    -0.215138     0.106446    -0.366551   -0.0498795     0.974941    -0.602402    -0.500012    -0.460603     -1.51778    -0.632121    -0.187955      -1.5994    -0.924559    -0.372963    -0.101843    -0.626972     0.590782
    -2.58039     -1.17223    0.0196758     0.366995     0.663966    -0.532106      0.39181     -2.15793      0.10381     0.253665      1.59534     0.584105     -1.56704     0.342724      1.83631     -1.75678    -0.124388    -0.577642     0.393873     0.837112      -1.6897     0.546592      1.38154      2.15911    0.0066973    -0.379448     -1.59302     -2.06858    -0.306419     -1.02013     -1.99613    -0.843765    -0.601296     0.517482      5.77764    -0.339663   -0.0550484      1.83921    -0.760771     -2.19017     -1.68606      -2.4767     -2.48029       3.7388       0.1874     0.939344      -3.3527     0.189436    -0.996059     0.513134
     -1.6179      1.41067    -0.294301    -0.595834    -0.430234     0.509182     0.912874     -1.10964     -1.12106      1.21309     0.121476     -1.28618     -1.07353     0.680079     0.832102    -0.671149     -1.48899    0.0922486    -0.183808       1.0952    -0.358423     -2.10116      1.06758      1.35431    -0.427028     0.823293    -0.432293    -0.378198    -0.440994     0.324153     -0.30391     -2.39048      1.45054     -1.45689    -0.330871     0.733146     -2.02388    -0.748722     0.408924      -1.3974     0.239522   -0.0428962    -0.246174     0.109627     -1.21949      0.06605     -0.53264      1.90033     -1.12039     -1.05783
    -2.20874    -0.153289     0.176732      -1.1643      1.70657    -0.877293      1.49463    -0.615718    -0.409966    -0.734967      1.42759     0.627356   -0.0278923     -3.35871    -0.694619     0.108165    -0.886491     0.791515     -1.08857     0.702859    -0.724199    -0.155422    -0.847996       1.5643      2.06926    -0.289685    -0.413877     0.843008     0.198213     -2.19615     -1.30858     0.873755     0.502482     -2.74397     -1.54647    -0.284371     -2.73477    -0.549699    -0.407395      1.16593     -1.10812     -0.42518     -1.19683     -2.26718     0.495888      1.57566     0.211616     0.659062      1.69034    -0.219558
   -0.544618     0.574826    -0.464564    -0.841041     0.307197    -0.313409    -0.729425     -0.27366    0.0783252    -0.799182    -0.908872    -0.674931     0.077081     0.192743    -0.087765    -0.848156     0.842809    -0.195622     0.412464      -1.2205     0.790463     0.250923    -0.900361   -0.0428665    -0.193261    -0.773869     -1.29688     -1.23827    -0.702997     0.034368    -0.116499    -0.430313    -0.780316     0.250502    -0.243638     0.472122     -1.18151    0.0999994     -1.07764      -1.2597     0.531864     -1.44675    -0.742942     0.288888    -0.697105    -0.910814    -0.486138    -0.930538    -0.758462     0.264882
    0.143062    -0.416016    -0.213441    -0.470429     -0.20977    -0.336378     -0.36734    -0.324523    -0.252296    -0.177272    -0.197693    -0.251208    0.0297986    -0.373088    -0.475509    -0.169649    0.0524997    -0.168504    -0.214057     0.084776    0.0371969    0.0881171     -0.17785    -0.320429   -0.0832035    -0.602916    -0.318738    -0.268025    0.0348788     0.090409   -0.0207721     0.235532    0.0198663     -0.42199   -0.0557693     -0.22073     0.467207   -0.0330568     -0.34751     -0.05069    0.0616665     -0.32961    -0.135577    -0.201955    -0.220707    -0.460871    0.0177889    -0.199732    -0.162829    -0.136081
     0.11393      1.34113    -0.474846    -0.767152    -0.317114     -1.13264      -1.5127     -0.27703     -1.44233    -0.256588    -0.377551    -0.548491     0.703173     0.648558    -0.859068      1.28055     0.694588    -0.397919    -0.838485     -1.05444    -0.218723    -0.364625   -0.0407435     -1.73187    -0.846729     -0.73649      1.33963     -1.03749     -1.02068    0.0856049    -0.215002     0.126835     -1.63161    -0.137329    -0.741814     -1.00803     -0.46739    -0.377142     -1.07382     -1.88751       1.6011     -1.23205     0.617723    -0.314454    -0.581396     -1.01079     -1.80658    -0.517486    -0.236583    -0.355149
   -0.776084     -1.16113     0.373131     0.285846     0.210959      -0.1844     0.195008     0.103705    -0.286248     0.920465     -1.43674     -1.47307    -0.419566    -0.223693    0.0446533    -0.705498    -0.870726     -1.06937     0.315603    -0.676676     0.468171    -0.956597     -1.13969    -0.340316     -0.51965    -0.457373    -0.462927     -1.00827     -1.17225   -0.0408574    -0.455204    -0.678156     0.896111      1.08469     0.579079   -0.0372803     -1.11791    -0.495752     0.719535     -1.16537     0.617768    -0.798769    -0.485211      0.94432     -1.96342   -0.0612129    -0.277669     0.426501    -0.299313    -0.905879
      1.3666    -0.905607      1.26784      2.18144    -0.115578     -1.97239    -0.608457    -0.681303    0.0177283     -2.85848      2.54204     0.158098     0.423674     0.739076    -0.392621     -1.37149     -1.42877      1.12496    -0.172068    -0.646142    -0.637387      1.80179     0.132731    -0.945429     0.727897    -0.693139      -1.4672     -1.60911       1.4105     -1.75747     -2.39017      3.75603     -3.08558      1.15076      0.97051     -3.60708    -0.564772     -1.23667     -2.31081    -0.905972     -1.36247     -1.53348    -0.119558      1.01355      2.53473   -0.0259512     -3.46953    -0.124286   -0.0229174    -0.745412
    -0.12936    -0.907754     0.448839     0.116619     0.704124    -0.786625     0.724994   -0.0662421    -0.767439    -0.191526    -0.343971     0.089703    -0.866766     -1.06676     0.975877     -1.03787     -1.58746    -0.474868    -0.493759      1.18562    -0.418043     -1.51277     -1.60786   -0.0568597    0.0140481     -1.29357     -1.45132     -1.11901    -0.416852    -0.135589     -1.80451    -0.821731    -0.954418    -0.396067    -0.559829    -0.570305    -0.205043     -1.19872    0.0255648     0.156962    -0.389092     -1.05559     -1.12539     -1.01491    -0.571022     -1.02954    -0.387428     0.674124     0.702385    -0.982276
    0.140619     0.464907     0.862732    -0.672764     0.808979     -1.49663      1.03755     -0.43035      3.62827      0.95502   -0.0201392    -0.854612       2.5925   -0.0664471     0.172913     0.367089      4.18059     -5.78934    -0.941935     -2.13121    -0.262472      1.97688     -1.47078    -0.429006      1.01948    -0.680786      1.25131     -3.30395     0.693802     0.549399      1.26461     0.522143   -0.0831944     0.332443      1.02838      1.39291    -0.147629      1.86916    -0.749946     0.496942      1.31142     -2.97011      2.28352   -0.0248845    -0.833093    -0.592097      1.16051    0.0721225     0.340737     0.849351
   -0.178628     0.243964    -0.145893    -0.228195    -0.299885     -0.23625     0.129879     0.125697    -0.279675   -0.0991405     -0.27717    -0.166419    -0.166125   -0.0866672    0.0737557    -0.458801     -0.14181    -0.105689    -0.277524     -0.25473    0.0354809   0.00821087    -0.597508    -0.126524     0.100156    -0.212004    -0.278054     -0.11949    -0.187991    -0.287215    -0.233468    -0.410471   -0.0815414   -0.0785194    -0.227691    -0.195855    -0.333909   -0.0876523    -0.120048   -0.0190699     0.266297    -0.132825    0.0628889    -0.130474   -0.0680287     -0.12439    -0.149842    -0.201085    -0.160857    -0.353439
   1.22778
   1.24605
 -0.770779
  0.833024
  -1.20882
  -2.83545
  0.206171
  0.967811
  0.277409
 -0.942617
  -1.22758
  -1.48418
 -0.462564
  0.547786
 -0.181406
-0.0901426
  -1.34296
   -1.2962
 -0.707873
 -0.149446
   -0.8758
 -0.685788
  -1.15403
  -1.06332
  -1.13258
  0.753482
   0.12204
-0.0310392
 -0.492201
  -1.90193
  -1.78398
   1.95109
  0.801842
 -0.322072
 -0.975903
  -1.92723
  -2.47278
 -0.989036
  -2.01958
  -1.34456
  -1.59744
-0.0658639
 -0.774884
  -1.25612
  -0.20715
  -1.24781
  -0.92394
  0.120685
    3.3859
  -1.21912
1
4
50 10
     2.08354      1.94961    -0.375505      1.61297       0.8735       0.2768      1.85729     0.841189      1.31037    -0.666009     0.693815   -0.0063771      1.00727     -2.72407      0.68859     -2.20661    -0.565854     0.706784     0.841445      1.09873      1.34868     0.575512     0.189471     0.590219     0.866262     -11.4628   0.00562146     0.743212    -0.307424    -0.842243    -0.634391      1.62987    -0.416493     -1.12601     -2.94191    -0.727075      2.05845     0.295167    -0.765766      2.17563      3.19387    -0.284029     0.497249     0.116044     -1.08832    -0.849109     -4.70539     0.126709     -1.35508      0.28132
    0.323142     0.251894       0.3827      1.98756     0.434765     -1.16385     0.458019     -1.08129      2.22664    -0.527517    -0.305572     0.368663      -6.6998    -0.999578      1.13508      2.46409      -4.0034     0.890802    -0.665305      1.18474     -1.51856     0.284551   -0.0929972     0.787393     0.378758     0.516989     0.535237     -10.4895      1.61282      -1.4009      1.38796      2.42567      1.92743      2.01026     -1.74019      3.26943      1.52138    -0.331812      1.49599      2.08011    -0.556261      1.86168     0.352366      0.67882    -0.857874    -0.498795    -0.798911    -0.135699    0.0921926     0.426594
    -3.82832     0.660836    -0.156181      2.13657       1.4167      1.10606    0.0557859    -0.446654     -1.58206      1.92177    -0.387605   -0.0232513      1.61686      0.55714     -1.35315     -1.26715     -1.46923      2.49643      1.59026     0.605433      0.74213    -0.653643     0.222971    -0.410011      1.62594      1.05284    -0.261705     0.928585     0.629157    -0.848488    -0.670399     0.108957    -0.943736      1.02977      1.72896     0.608758     0.318418    -0.301393      1.52299     -12.8179   -0.0909408      2.56949     0.904035    -0.282066    -0.692195    -0.683176     0.944333    -0.392776     -2.20189    0.0924964
    -1.60699   0.00795372    -0.450209     -9.17534    -0.119927      2.88505    -0.800416    -0.371631     -1.51509      2.41028    -0.700207    -0.146743     0.514551     0.763956    -0.708303     -1.40141     0.787495      2.09546    -0.514834     0.386681      0.38271    -0.289369    0.0391209     -1.27416      1.70444     0.943021    -0.525718      2.28891     0.200046    -0.746378     0.448144      1.55453     0.579152   0.00553732     -1.91776      1.30266     -8.18187    -0.291382    -0.669264      2.60338     0.665941      -4.2182    -0.209352   -0.0694323     0.136799    -0.511581     0.894777     -1.61023     -2.30623    -0.275107
     -0.4157     0.113857     0.139923     0.337312     -1.65445     0.871538   -0.0518737     0.849483      1.03577   -0.0290503     0.329481    0.0561393      2.01243    0.0627816      1.86442      1.10281      1.22236     -7.21496     0.421405     -9.45961     0.403409    -0.145196     0.601253     -1.61757      -2.0834      1.51847    0.0717241      1.77656     0.173143    -0.231572  -0.00113091      2.03463     0.263138    -0.763787     0.935764      2.91264      1.40732     0.302863     0.117869      1.39759      1.00648      1.76386    -0.579569    0.0733842     0.658736     -1.08504     0.910626    -0.763325     -1.51918     0.183599
     1.99791      -6.8265     0.227573   -0.0930447     0.701992      2.35716   -0.0609972      1.62284     -5.25012     -5.78403     0.785309    -0.201949      1.36681    -0.132691    -0.424545     -1.38722     0.741305     0.490267     -2.10226      1.01241     0.496271    -0.112934     0.270343     0.225506      0.24572      3.52438     0.133328      1.20092     -0.71135    -0.445997   -0.0720995      2.77864     0.457882    -0.139273      2.11945      1.15289      2.95224    0.0538533     0.851177    -0.457577    -0.452293     -2.80875    -0.263007     0.421756      1.06677     0.851136     0.349628     0.355516      -1.8082     -0.13533
     1.66732      2.78071     0.156153    -0.688351     0.158829     -1.75559     -2.97336     0.612985     0.268383     -0.22374     0.261153    -0.255866     -2.32912      1.37493     -1.16775      1.38209      3.15159      0.59646      1.78177      2.08505     -6.75002     0.373474    -0.267566     0.569929    -0.398128      2.90724     0.254963      3.57876     -1.31339      2.38737     0.220102     -12.2895      1.75657     -1.11402      2.52327       2.9881     0.847983    0.0337232     -1.23677     0.961179     -1.16066     0.924143      1.53921   -0.0525185      -1.5768     0.383405      1.02534     -1.34008     -0.69796     0.107893
   -0.516568    0.0531109     0.232513      0.80283    -0.448802     -3.73652      -1.2615      2.05888      1.72363     0.999457     -1.22223    -0.179331      1.69663     -2.96062     -0.89332      2.95924    -0.854978     0.999977     0.758576     0.438449      2.86245     0.157161    -0.111181     -1.01738     0.326848      0.47002    -0.473899     -1.83465    -0.728184      0.37805    -0.959926     0.240851     -4.40928    -0.467244    -0.488395    -0.415389     0.485531    -0.330652     -2.34392      2.31267      1.10834     0.131577     -2.19306    -0.647813     -1.71481      1.87563     0.122698      1.02609      11.4544    0.0190144
    0.710734     0.620211     0.146975      2.67569     -1.19862     -1.32531      2.27036     -3.84973      1.21827      2.13419     0.629464    0.0799389     0.036897      3.86846     0.770608     -1.75842      1.27628    -0.390122     -1.34671      3.17858      2.52592     0.171944    -0.157488      2.02758     -3.11603      0.34968    -0.230612        1.982     0.398297      1.66775     0.341143      1.58093     0.956302     0.775463     0.304201     -11.6639    -0.404567     0.273549     0.900589      1.87423     -2.94374    0.0598344      1.06576     0.136637      3.49953    -0.270888      1.50424      1.94705     -1.16114    -0.317822
-0.000506444   -0.0182514    -0.101115   0.00289685   -0.0192549  -0.00933536     0.029903  -0.00214094   0.00879748  0.000109353    0.0387396     0.194322  -0.00872583   0.00672477    0.0568895    0.0301451   -0.0145903   0.00767283    0.0157076  -0.00459291    0.0121602    0.0762301      0.28867  -0.00786626   0.00271776   0.00676563    0.0646544    0.0283546    0.0153998   0.00171064  -0.00652584  -0.00219821  -0.00066754   0.00572611   -0.0284026  0.000167968   -0.0049108    -0.106581  0.000763229   0.00837587    0.0132867   0.00404474    0.0186502      0.15468   0.00859875  -0.00915975   0.00432113  -0.00918083   -0.0018171    0.0223093
   3.00626
  0.657567
   2.49985
   2.71112
   1.47164
  0.169192
  0.357279
   -7.5235
  -1.50369
-0.0305489
