3 8 0.5 1100
1
1
9 50
  -1.66075    1.11394   -4.37222   -1.08506   -1.51081    3.68268   0.330192  0.0387963  -0.954872
 -0.926786  -0.480793  -0.405142  -0.402088  -0.737109    6.62995   -1.02894   -1.01201  -0.392891
  -1.59357  -0.689597   0.791734   0.423171    3.87453    1.99268   -2.81752  -0.435554  -0.886344
 -0.590032    1.49432 -0.0906694      2.498    1.33227    1.18891    2.35175  -0.518808   -6.92848
  0.203014   -2.89744   0.990516   0.847077    3.43903   -1.62168    2.19122   0.126526  -0.196086
   1.35606    3.06831   -1.41584   -2.78974  -0.538994   -3.39094    -2.8139    2.52243   0.859151
   1.66661   -1.02032     1.0863    3.51541    0.51675  -0.329085   -2.01659  -0.703243  -0.978567
 -0.214227   -2.41684   -2.85494   -1.36661    2.38897   -1.35123    2.42661   0.918009    2.95188
    0.6079   0.748078    1.57447  0.0479708   0.960198   -2.10846   0.119321   -4.02706   0.430623
    3.6859   -1.68174    2.19622    0.95617  -0.469768   0.306723  -0.893268   -1.54075    -2.3055
  -7.23032   0.952475    1.87246    1.24254   0.544067   0.827974   0.539087    2.54648   -1.00891
 -0.267503  -0.701961    1.54878   0.593381   -0.14925  -0.233591    3.69968    1.78211   0.286549
  -3.06209  0.0638778   -1.11363   -1.59212   -1.32595   -2.69225  -0.342978  -0.779631    3.02636
 -0.411938    1.21237    1.87709   -6.39134  -0.881596   0.696128   0.751172      1.748     2.6727
   2.01999  -0.785794    1.67392   0.766897    1.35594   0.822635   -2.30808   -2.64198  -0.319612
-0.0201352    4.25251  -0.461938 -0.0146749   0.427378   0.591582  -0.668757   -1.01428   0.390132
   0.81071   -2.66996    1.99281  -0.978447   -2.12893   0.135591    4.24932   -4.28694    2.43169
  -1.78854   0.163063   0.510856   -1.03673  -0.253727  -0.722297  -0.583124    5.82861  0.0951466
  0.573975   -1.33341    0.69339   -2.99729  0.0155203   -2.45802   -2.89131   0.113899    2.48427
   2.45247   -1.21477  -0.168463      1.647   -1.40379  -0.064449    -1.0458    2.51673    2.58608
 -0.114801   -1.77172   -1.22797  -0.938861   0.460768    2.70947   -3.49152   -1.11961    2.25365
 -0.753891    5.00057  -0.469724   0.891631   0.541355   0.120444    1.33773   -2.37188    1.80691
  0.751692    1.46477    1.62184  -0.771351   -4.78209   -0.42111    -1.6061    2.34806    2.24763
   1.51706   0.420794    5.57235    0.16333    -1.5552   -1.12239   -1.19292   0.712794   -1.54747
  -2.02467   0.271033   0.504527    2.96661  -0.724023   0.816168   -2.29777   0.451988  -0.333121
  -0.92185    1.82249    0.99954   0.675225   0.639907   -2.17753     1.4584    1.15161   -3.74314
 -0.666041    5.96342    -1.6303   -1.40453  -0.871016  -0.656315   -1.86163   0.270538   -1.49052
  0.821491  0.0582424   -2.18046   0.624305   -1.38898    -1.2053    1.13382    4.61942  -0.152025
  -2.38219  -0.272549  -0.652696    3.73489   -1.12824   -0.61597  -0.298238  -0.344282    1.59031
    1.6043   -1.02108  -0.774197   -1.56524    3.78965   0.239589  -0.291973   -1.35671    1.02675
   2.14794   0.481059   -1.26882   -1.36701  0.0713034   -4.49701    1.89802   0.939127   0.947068
  -4.49483    1.37732    1.94505  -0.872655   0.690089 -0.0371404  -0.874848    1.58176    1.14934
   2.65924   0.385333   0.974347  -0.266305   0.960309   0.450796   -1.11207   0.837204   -4.00171
  -1.55073    1.92534    2.77036   -2.53312    5.12106    1.84365  -0.931538    1.43886 -0.0160293
 -0.789647 0.00235548    5.39531  -0.840601  -0.112369  -0.761678  -0.251672   -1.10508  -0.265143
   3.83701  -0.420192   0.243381  -0.425248  -0.104497   0.695208  -0.122609 -0.0438515   -3.34336
   1.84373    0.37678  -0.705545  -0.822147  -0.387892    5.57722    1.38437   -0.66615     1.2407
   2.07769   0.357454    2.76218   -1.41121   -2.86774   -2.56634   -1.48879    -3.1358   0.104102
  0.699063   -5.10332   0.755426   0.467492   0.752966   0.349028   0.471992    1.67856   0.368427
    1.3488   -1.57723   -4.30303    1.90386  -0.951024   -1.16567  -0.467325  -0.628152    2.57013
   1.70372   0.864224  -0.352209   -6.09269  -0.620452  -0.439365   0.312474  -0.192743   0.627648
  0.366776    2.32688   -1.29696    1.50024  -0.180472   0.536251   -0.96411    3.64044   -2.61148
  -2.28519    2.80611   -1.17336  -0.825693   -1.95821  -0.581106   0.538875    1.51225   -3.31006
  -1.61193  -0.225613    4.31199    -3.0482   -1.42699   0.648223   -1.32104    1.21333     1.0287
  -2.72667  0.0662391  -0.488746    1.35598   -2.50711    3.39721    2.47044    2.89445    1.98346
  -1.41089    1.49712   0.254313   0.674391    1.26674   -1.68454  -0.882885    1.97658  0.0583893
   1.44769    1.35661   -3.12215   0.778709   0.489264   0.456253   -5.80328   -2.29256    0.14402
  0.075948  -0.621221    1.32964   0.453233 0.00991884  -0.518073   -5.97932   0.109359  -0.881925
 -0.309763  -0.358002     -1.418    2.12411    2.79314   0.905628   -0.83286    1.53859   0.628232
   1.09452   -1.23924    1.18335   0.348421   -2.76302    1.37576    0.42131   -1.62137    1.41535
-0.119717
 -3.92068
-0.121721
-0.501163
 -1.10057
 -1.02163
 -1.86707
 -3.65685
 -1.07429
 -2.28192
  1.09579
 -1.82891
 -1.12396
-0.308809
-0.830219
 -3.79162
-0.715677
 -2.80419
 -1.23374
  -1.9792
 -1.98121
 -1.24065
 -1.20137
 0.996238
 -2.07461
  -1.5963
 -1.51634
 -2.13246
 -1.10446
 -2.34466
  -2.7931
 -2.26505
 -2.16699
-0.703571
 -2.35361
 -2.48212
 0.861025
 -1.79432
 -3.20124
-0.213029
 -2.43294
 -1.09859
 -2.31839
 -1.39151
  1.17833
 -1.99957
 -2.10132
 -1.42146
 -1.73953
-0.767808
1
1
50 50
     2.98268     -3.43571     0.243472      1.06846     0.351239     0.965006     -1.02751      2.04191      0.61525     -2.44917     0.240897    -0.765682    -0.448163     -2.32814     -1.48333     0.899675     -1.96768    -0.521405    -0.555466   -0.0475814     0.258537    -0.195328    -0.573984      -3.7181    -0.562648   -0.0508001    -0.928083    0.0136296       -1.348     0.337113      1.94609    -0.929564     0.474868      -1.3683    -0.723957   -0.0216217      1.28771      -1.4354     -1.23448     0.636435      1.56018    -0.671167     -1.55006     -2.38556    -0.363436     -1.00086      1.98693     -2.91617     0.783426    -0.882758
     1.56298      7.04165    -0.270301     0.436348     -2.37801     -1.48784    -0.208905     -2.04445    -0.254611     0.121998     -1.14379     -1.02248     -1.70647      1.73987     -0.30243    -0.401359     -1.37484     -1.22684    -0.653458    -0.466099       2.0657     -0.93476      0.72812     -1.32531    -0.593137     -1.69487    -0.596207      -2.5946     -1.54302     0.280147     -2.96236     -1.39446    -0.132048     0.619789    -0.526608    -0.175053     0.713809     -0.50109    -0.133803     -1.93232     0.991179     0.404106     -1.45849   0.00934116      2.37317     -1.99545    -0.845759     -1.28194    -0.379348    -0.476924
  -0.0152885    -0.458986    -0.509922   0.00766802     -0.27982   -0.0574924   -0.0718456   -0.0749343    -0.457001  -0.00723728    -0.900587    -0.265478  -0.00387189    -0.244285    -0.121036    -0.333408     0.138897     -0.60776     -0.36202   -0.0266414    0.0541287    -0.208852    -0.153333    -0.428915    -0.434756    -0.258739     -0.13956      0.11213    -0.423923    -0.257426     0.023425     -0.42883    -0.273103    -0.119609   -0.0433864      0.22142    -0.388524     -0.21934     0.233911     -0.14319   -0.0562282    -0.131155    -0.180436    0.0223181    -0.359068    -0.313887    -0.229607    -0.470494   -0.0600063   -0.0885621
    -1.46187     -1.08663     0.345678     0.569417       0.6105     -1.49463      2.62567     -1.71638    -0.290881    0.0145401   -0.0321782     0.297169    -0.355012     -4.97377     0.618541     0.180833     -1.25768    -0.613916     -1.74169     0.782714     -2.54515     0.694559     -1.15559     0.936192      2.95213     -0.70152    -0.763625      0.38044      1.47159     -2.21217     -1.28156    -0.451401     -1.33438     -2.41492      -0.8444    -0.217211      -1.4209    -0.748159     -1.32992      1.41443     -2.24801   -0.0874243     -1.07934     -2.30832     0.336896      1.59183     0.480383       1.0597      1.88411     0.656947
   -0.859314    -0.571763    -0.844371     -1.08635     -1.01573     -1.32305     -0.20039    -0.967542    -0.705323      0.53423    -0.781452     0.488379    -0.516788    -0.286927   -0.0895698     -0.95471     0.757719    -0.977696     -0.96211     0.137338     -0.32261    -0.755185     0.945979      1.03568     0.177502    -0.470405    -0.730049    -0.149529    -0.421577     -1.56628    -0.546945     -0.80599     0.038191     -1.04058     0.578773    -0.457498      1.35092     0.787747      1.14599     -1.16276     0.102581    -0.889527    -0.227629      1.12896      1.27862     -1.06697     -0.46442    -0.455192    -0.860205     0.413086
     -1.6063     0.174659    -0.325697     0.612156    -0.397775     0.395897     0.300916     -0.81046     -1.87794     0.736441     -1.44829    -0.559498     -1.22381    -0.409996      1.27434    -0.218415     -1.83652      1.68281     0.151128   -0.0795972     0.047846      -1.0607    -0.193173    -0.170176   -0.0897833     0.416839     -1.20943     0.225073     -1.10083    0.0757099      -1.0867    -0.467658     0.254861     0.351355     0.623266      0.05265     0.129478     -1.29609     0.866523      -1.6236     -1.24789     0.958865     -1.26521     0.800262      0.39933    -0.347239     -1.90626      1.02158    -0.499211    -0.723631
  -0.0630364     -1.02405     -2.19478    -0.304084    -0.906569     -1.95789     -2.00961    -0.299123     -0.34141     -1.39151    -0.652581     0.195978     0.649439     0.051458     -2.07049      0.26923      1.05143    -0.830863    -0.514175     -1.68282     -1.45709   -0.0131064    -0.384728      -2.8359     -1.12563    -0.345043    -0.477109      -1.3751     -1.78753     0.981349     0.823225    -0.697167      -1.1367    -0.819232    -0.963864    -0.808814     0.401205     -1.30613    -0.432285     -1.58829      1.78725     -1.74877    -0.310919     -1.05745    -0.758416     -1.70298     -1.87654      -1.2365     -1.87307     -1.24212
   -0.656425     -1.65124    -0.828276        1.087    -0.585082     -2.27868      1.27625     -2.33479    -0.371009    -0.942038      2.70604    -0.515173     -2.95326    -0.206915    -0.307572    -0.345581      -1.4263    -0.299159     -2.50974    -0.492358     -1.06168     0.244364     0.352506     0.626077    -0.795688      2.89437     0.138995     0.492784      -1.5104     -1.57945    -0.786924     -1.76805      2.24945     0.370365    -0.739439     0.721309      1.37238     -1.75152     -1.47784      -1.5083   -0.0189006      1.26189     0.224088   -0.0676329    -0.469886    -0.553389     -1.49345     0.301215    -0.232384     -1.19162
    0.414297      4.41245    -0.872013     0.623193     -2.19691     -2.11354    -0.861305     -1.12835     -1.33829      -1.6554     0.611388    -0.688335     -1.60921     0.542177     -1.07899    -0.890436     -1.83584     -1.56802    -0.898924     -1.51255      1.56387      -0.9034      1.20112     -2.55692     0.172691     -1.06666    -0.646552     -1.90014    -0.812753     0.162703     -2.19754     -2.18041    -0.274505     0.645359    -0.209069     0.273557     0.319044    -0.696266    -0.660877     0.171594      2.02305    -0.134616    -0.621904    -0.473128      1.77539     -2.02511    -0.704042    -0.923222    -0.850954     -1.27708
    -3.31863    -0.970137     -0.79765      -1.1989      2.06933      1.31778    -0.270221      1.25022     0.594342    -0.528616     -1.14222     0.735544      1.74145     0.640003     0.288449     -0.13706    -0.571608     0.512089      1.73938     0.602014     -1.43059     0.318288    -0.300534      1.67325    -0.571704    0.0451035    -0.294298     0.634113     0.988484     0.459877       2.1853  -0.00584135      -1.1037    -0.192329     0.270018    -0.490313     -4.66861      2.31425     -0.45609    -0.438634     -2.68698    -0.704208    -0.285238    -0.595651     -2.01836      1.77182     0.952136      1.83993    -0.654768     0.292282
    0.253184    -0.153358    -0.815506    -0.752992     -0.29771   -0.0419392    -0.298884    -0.413116     0.570665    -0.345277    -0.523936    -0.539938    -0.104573    -0.132266    -0.637359     0.406384     0.116025    -0.244865     0.183932     -0.50445     0.150454   -0.0346268    -0.648233    -0.383071    -0.162351    -0.402764     0.467069    -0.679185    -0.423836     -0.51606  -0.00142553    -0.129569    -0.287976     0.109224    -0.295068     0.159236    0.0187097     0.541501    -0.287066    -0.423844     0.778272    -0.695461   0.00356372    -0.167665    -0.478678    -0.614634   -0.0708642    -0.826873    -0.388962     0.170531
   -0.204964   -0.0507305    -0.521314    -0.394144   -0.0835493    -0.356491    -0.063896   -0.0161727   -0.0712949    -0.314214   -0.0727238    0.0518136    -0.143981     -0.19267   -0.0247047    -0.263117    -0.336227    -0.119271    -0.335333    -0.493517    0.0552011   -0.0525193    -0.136218     -0.18499    0.0423858     -0.30639   -0.0671044    -0.135399    -0.341053    -0.139659    -0.321934    -0.144399    -0.185935     -0.10246   -0.0845288  0.000131109   -0.0354946    -0.244832    -0.277475   -0.0329644    -0.212189  -0.00526236    0.0585987     -0.21491    0.0808182    -0.243449    -0.168567   -0.0506007     0.262911   -0.0637247
   -0.290487     -1.71835    -0.701893    -0.611606      2.17238     -2.27433     0.252443       1.2658     -0.58028     0.822757        1.805      1.71204      -2.5323     0.522186      1.46382      -2.0516    -0.226339     0.652154     0.702397      2.96982     0.204637     -3.80045    -0.511074       0.1859    -0.629498     -1.14704     -1.76021    -0.930428     0.122464    -0.356723     -1.81589     -1.37763      1.03999     -1.39921    -0.947212     0.206724      1.23955     -1.96884        4.673    -0.385708     -1.10646     -1.06161     -2.29828     0.481714      1.43676    -0.161557     -2.24023      0.85962    0.0493838    -0.114497
   -0.751306    -0.163275      1.34451     0.504149     0.520903     -1.13743    -0.424284  -0.00655912     -1.25372     -1.51176     0.377523     -1.38666      1.15928    -0.976903     -0.85568     0.623427     -1.49028    -0.854334    -0.594788     -1.21989    -0.601343    -0.115278     -2.76774     -1.24293     0.789706    -0.996049    -0.302242     -1.12001     0.291649    -0.818874     0.490566      1.55058     -2.48563     -1.27231    -0.577145     -2.06112     -2.56815    -0.414172     -1.72051    -0.162859     -0.60846     -1.43512    -0.826959     -0.52602     -1.98237     0.128142    -0.158468    -0.362326     0.786426    -0.950101
   0.0320593    -0.203585    -0.822825    -0.395573     -1.05162     0.083294    -0.325649     0.245129     0.537268    -0.825074     -0.79219    -0.836825     0.400093    -0.203335     -1.30428    -0.214882   -0.0677377     -0.15008    -0.321504      -1.4084     0.227881      1.37163     -1.22909     -1.34491    -0.949588    -0.699663    -0.903832    -0.667008   0.00877707    -0.860539     0.417909     -0.29717     -1.11745    -0.186446    -0.409817      -1.1301    -0.849699     0.140897     -1.35598     0.650826    0.0539011    -0.719369      -1.0737    -0.138015     -1.23363   -0.0474862      1.20053    -0.934646    -0.639359    -0.610583
     -0.6822      1.80939     -1.74197     0.147133     -2.29413    -0.862663    -0.300044    -0.554126     -1.46437     0.712487     -3.97051    -0.623735     -1.62242     -0.30099    -0.626672    -0.849982   -0.0334743    -0.850232     0.413459     0.692362     0.704612     -0.92741     0.415144     -1.45858     -1.07495    -0.370863     0.158735     0.623956      -1.6565     0.614295    -0.468553     -1.76517     0.687634    -0.568472    -0.611292     0.876616    -0.987579    0.0281647     0.331493    -0.115915      1.55557     0.443748    -0.260074     -2.00436    -0.616507     -1.24562    0.0525422     -1.42225     -1.38583     -1.07869
     1.06963     -0.99082    -0.358496    -0.907516     -0.46898     0.567051     -1.13129    -0.227867    -0.634051    -0.564731     0.874111     -1.55815     0.437382     0.112137    -0.943131      2.45546     -1.12089    -0.694751      -1.0245     -1.11309     -1.07503    -0.126575     0.390908     -1.18847    -0.423911    -0.172065      2.80417    -0.662159    -0.416823    -0.217419     0.338671     0.953898    -0.878081    0.0585752      0.30534     -1.12878    -0.963404    -0.688228    -0.558976     -1.04595     0.250342    0.0751315      1.07766     0.026329      -1.5874    -0.674536     0.223739    -0.672136    -0.016215    -0.500938
   -0.478087     -2.96162       2.3335      0.86862      2.41366     0.616407     -0.28804     0.237898     0.561181    -0.323723     0.980231     0.440385     -1.45771     0.379414    -0.214646     0.212407     -2.23014    -0.995988     -0.33684     0.475122     0.444322     0.195273     -3.29638     0.246839     -1.04599     0.874409    -0.936256   -0.0379299    -0.565134      2.40034     0.133667     0.424015    -0.173789      4.11686     -1.07676    -0.369101     -0.58001     -3.14946    0.0472645      -2.6544    -0.664262     -0.88127    -0.817584    -0.886714     -2.75414     0.259082     0.975383     -1.91012      1.76154     -1.92223
    0.760528      1.71013     0.193201     0.762034    -0.545026     -2.11883   -0.0818318     -1.15755     -1.70505      1.00213     -1.15147    0.0291284    -0.413804    -0.411921     0.103257    -0.492251     -0.72355    0.0199701    -0.314809    0.0253028     0.616806    -0.606866    -0.528454     0.309821    -0.609007   -0.0524431    -0.247309     0.427204    -0.997551    -0.287885    -0.934457    -0.650048    -0.253272      1.38248    -0.945617    -0.168509    -0.504418    -0.912901      1.37554    -0.627884     0.401299      1.20243    -0.665074    -0.539563     0.167876     -1.23771    -0.400795     -1.31667     -0.40746    -0.436635
    -0.55879    -0.247113     -3.08519     -1.10146     -2.96674     0.556502    -0.715639     -2.77734     -1.60319     0.492378     -1.63192    -0.458092    -0.325358    -0.225249     -1.89033     -1.35643      1.63565    -0.129367    -0.573547     0.409551    -0.191459     0.785803      4.02509     0.128609     0.857731    0.0807847    -0.348734     0.135187     0.406486     -2.71535     0.140792    -0.935967     -0.66615     -2.18348    -0.284254 -0.000714176      1.97424      1.56368     -1.14932     0.576818      0.59234      0.83723     0.655671     0.422084      2.72998    -0.855559    -0.955439      -1.8195     -1.83835       2.6082
    -1.23408    -0.780538       1.0118    -0.650141     -0.92293      2.74356       1.1215     -1.69524    -0.528082    -0.659664     0.761494     -2.03413     -1.20423     0.421498     0.759315     0.114665     -3.45996    -0.108963      2.21161     0.991952     0.621487     -1.19311     -0.48793     0.967292     0.298113    -0.961364       1.3651     -1.32633    0.0430366    -0.629514     -1.46952     -1.45863     0.101207     0.277484    -0.570459     -1.60615     -0.56648     0.431558     0.134549    -0.239789      -1.0379     0.367341    -0.623043     0.225993     0.509707     0.514227      1.17303       4.4875    0.0871723     -1.09337
   -0.207017     0.100994    -0.112827   -0.0888337    -0.148668   -0.0705646    -0.231955    -0.339056    -0.189974    -0.364601    0.0483303    -0.433568     0.273193    -0.345204    -0.440635     -0.17034    -0.460039    -0.594468     0.148973    -0.318342     0.138683    -0.207173     0.131694    -0.845738   -0.0787611   -0.0114554    -0.100495    0.0053753    -0.379779   -0.0531657    0.0280167    -0.224649    0.0260843    -0.260974    -0.238383     0.222423    -0.396139    -0.104063   -0.0637579    -0.176436     0.121897    -0.137371    -0.224875    -0.018757    -0.522028    -0.474444     0.182665    -0.546278    -0.205088    -0.237412
  -0.0871459    -0.421246    -0.331498   -0.0592061    -0.240731     0.081744    -0.193587    -0.144205    -0.185328     -0.23343     -0.14477    -0.207715    -0.191452   0.00605059      0.21164    -0.114269    -0.253664    0.0357065    -0.297233     0.113053    -0.100936     -0.46431    0.0256497     0.197054    -0.244824    -0.324877    -0.125455     0.066325   -0.0582893    -0.284366    -0.456617    -0.272049     -0.30898    -0.241337    -0.140437    -0.186837    -0.179346    -0.317132     0.111537    -0.275602    0.0260896       0.0997    -0.158741     0.182253   -0.0535278    -0.198646   -0.0259602     0.145473    -0.466634    -0.155051
   -0.413582     0.141022    -0.767881     0.210877    -0.657309    -0.394766    -0.616545    -0.593826    -0.349028    -0.405125    -0.590884   -0.0951262     0.827113    -0.645814     -1.12964    -0.507655     0.557574    -0.383865    -0.900218    -0.400197    -0.350951     0.716746        1.578    -0.116618   -0.0740072    -0.303595    -0.817465    0.0486513    -0.130847     -0.83316     0.790864    -0.626028     -1.02394     -1.23164     -0.44761     0.183834     0.219726     0.661484    -0.769618      1.06943     0.307931    -0.192061   -0.0751088     -0.76156     0.355633    -0.412782    -0.428427     -1.05772     -0.60748     0.644479
    -2.72354     0.279193    0.0958613     -5.13073     0.279402     0.931346    -0.923653    0.0668869     0.768593     -1.10314      0.37265    -0.696246     0.535523   -0.0171352     0.114974    -0.518042    -0.951536    -0.897931      1.40643     0.561486     0.459912     0.117317     0.651197     0.387435     -1.02276     -1.58352    -0.843256     -1.23767    -0.662954     0.296706      1.50516     0.947367    -0.950277    -0.248319     -1.54362     -2.47514    -0.482793     0.169021     -1.42117      1.23063    -0.706076      -0.8869     -1.46532    -0.395559    -0.141536       1.0889    -0.801898      1.39151    -0.138578    0.0681021
   0.0137601    -0.987304     -2.13991   0.00369527    -0.391788      0.68383      1.12201    -0.437445     -0.41612      2.32057     -6.86965     -1.11226    -0.753562     0.635389   -0.0155189     -0.29652     0.141187     -1.68655     0.368468      1.00061      0.14823    -0.905918      1.16119     -0.39024     -2.18957     -0.17719     -1.25355    -0.410412     -1.95846    -0.392026      1.13288     -2.45655     0.635206     -1.56518     -1.03268      2.86579     0.116194     0.211317      1.37135    -0.774417     0.138301     0.678969    -0.700146      -1.5959    -0.917268      -1.2121     0.570665      0.61301       -1.793    -0.416788
   -0.321339    -0.361197    -0.232365    -0.535009    -0.247636   -0.0306203    -0.341159    -0.158707     0.159096    -0.263184    -0.670676    -0.396865    -0.391336     -0.48784      -0.1616    -0.333408    -0.194339    -0.354269    -0.185203    -0.421334      0.24289    0.0472045    -0.461312    -0.020921    0.0429412    -0.385392    -0.547601    -0.206226    -0.422313    -0.315074    -0.431237    -0.108765    -0.324354    -0.334562   -0.0874894     0.270164    -0.180004    -0.309418    -0.405619    -0.204808   -0.0477302    -0.143596    0.0075762     0.338551    -0.544998    -0.319835     0.115471     -0.61022    -0.227004    -0.224675
   -0.028945    -0.445891     -1.46189    -0.730475     -1.37755      1.10866    -0.640042     -1.18873    0.0564734      -1.3168     0.483571     -1.83409      0.92901    -0.018344     -1.63283      3.82709     0.149302     -1.24933   -0.0776016     -2.65195     -1.50798     0.442687    -0.435327    -0.596962     -0.61013     0.329755      5.00123    -0.748489    -0.828025    -0.361098     0.578867     0.342987     -1.56529    -0.198791    -0.701865     -1.26415     -1.42837     0.879595     -1.34726    -0.890414     0.768424    -0.415372      1.35874    -0.364106     -1.38011    0.0584143     0.565377    -0.422797    -0.587719    -0.212565
    -0.54672   -0.0974124     0.127061       -1.341  -0.00136736     -1.49406    -0.164054    -0.728508     0.461527    -0.725409    -0.209463    -0.701694    -0.279549    -0.145563     0.234261     -1.18917     0.663286    0.0561219    -0.456956    -0.783123     0.173067      1.53268    -0.319705     -0.63738    -0.243316    -0.935084     -2.02867    -0.405314     0.255275    -0.189624     -1.18143     -0.16538    -0.531075   -0.0393199    -0.764165    -0.347587    -0.189642      -1.4783      -1.6771     0.362428     -0.95886    -0.766352     -1.02604     -1.58282    -0.552172   -0.0363239     -1.11584   -0.0316846     0.680897   0.00220848
     1.02553    -0.448301      1.06409     0.811535     0.126245      -1.0922     -1.42427      1.70713   -0.0225125     -0.54962   -0.0322583    -0.401658    -0.342718      1.01162    -0.790594    -0.129636    -0.370499      0.28923    -0.058446      0.44165     0.544946      1.12592       -1.629     -2.59588     0.508731     -1.69582     -1.57743    -0.688565     0.451132     0.677329    -0.565602     0.779141    -0.981207     0.719403    -0.134714     -1.45934     0.116113     -1.83394   -0.0985007     -0.90446    -0.319298     -1.81276     -2.10882     -1.14014     0.838029     -0.56824     0.124011     -2.53483     0.920558     0.641255
   -0.533684    -0.396752      1.48653     -1.52222     0.627567     0.758095     -1.42724     0.813913    -0.199764     -1.38458    -0.383594    -0.594104    -0.698133     0.589824     0.900903    -0.435118     0.185983    -0.419867      1.80009     0.362119      1.51528     0.960145     -0.18988     0.398989    -0.579312     -1.62601     -1.66156     0.118715    -0.136832     0.578587   -0.0455835     0.578138    -0.602111      1.36211    -0.948915    -0.790412     0.957518     -0.60073     -1.09664     0.212589    -0.207469   -0.0395828     -1.31759    -0.417181   -0.0956319      0.12765     0.746725      1.17488     0.593559     0.609745
    0.143831    -0.379061     -2.49559      1.47031     0.691496     -3.22065     -2.23382      1.36479   -0.0517808    -0.316105    -0.182224      2.87917       0.4104      1.71383     -2.30629     0.106518      2.93034     -1.18689     -3.36009      -2.2908     -3.12205      1.13168     -0.39632     -2.61837     -1.27645     0.550217    -0.350845    -0.343471     -2.02341    0.0534502      2.84094    -0.604417    -0.417777     -1.04566    -0.404132    -0.493755    -0.144211     -2.44978     -1.28183    -0.232495      1.00115    -0.294142     0.578452     -1.19456     0.171075     -1.57376     -4.13084     -1.14714    -0.582995    -0.848026
  0.00285118     0.867722    -0.261545      1.31573     0.179964      -1.1907     0.305655     -1.52962      3.31207     -1.19345    -0.656283     -1.35591     0.216598     0.398589     0.441425    0.0990204      3.48945     -2.44369     -0.18385     -1.68252    -0.925483      2.82988     -2.95847      1.40568    -0.378943    -0.519064      -1.4538     -2.08016     0.510487      0.02243    -0.289935    -0.201967     -2.82737    -0.626418    -0.220566    -0.641913   -0.0111102    0.0876946     -4.32859     0.664352    -0.164284     -1.86556    -0.972093     -1.29596     -1.27787     -0.36459     0.556929      -1.0642    -0.981874     0.143381
     0.15869    -0.685144    0.0162001       1.3554     0.556937    -0.776024     -1.76504     0.424103   -0.0772655    -0.959202     0.890198     0.465867     0.926541      1.89569    -0.222757    -0.575018     0.453873     0.552276     -1.32793    -0.796348      -1.1057     0.661302    -0.241287    -0.987771    -0.535512     0.648206    -0.914863     0.130135     0.293554    -0.440025    -0.533866       1.5987     -1.32345      1.23256     0.592544     -2.60387    -0.860605     -1.41948     -1.27455     -1.06325    -0.786928     -1.26801      1.11552    0.0568612     0.117689    -0.376921     -2.19601    -0.606295    0.0938116     -1.41473
    -1.31889     -1.65587     0.517988     -1.14028    -0.427311     -1.16906    -0.573365     -2.03941    -0.706385    -0.374855    -0.157216     -1.25304     0.590666     -3.38531    -0.912959      2.20564    -0.953599    -0.660895     -1.04098     -1.85905     -1.08364     -1.19538     -1.41046      1.17544      1.84974    -0.225274      1.64457    -0.114411    -0.404834     -1.81707      -1.2368      1.07066     -1.13428     -1.24165    -0.355568    -0.927016     -1.36362     0.540403    -0.973434     0.301576     -1.36819    -0.294598      1.20106     -1.37154     -1.01465     0.481739     -0.40035    -0.125599     0.917334    -0.553831
   -0.475183     -1.13391    -0.107786     -6.20365    -0.917943     0.369405     -1.14487      2.33166     0.180669     -1.09911     0.322489     -1.04596      1.17551    -0.186607    -0.289602     0.751635      1.81889      1.00947      1.95909    0.0919128     0.744442      2.00264     -0.60796    -0.948774    -0.554035     -4.07536    0.0536834    -0.754635     0.630773     -1.59852    -0.427658      1.73795     -1.14649    -0.705584    0.0357484       -1.343    -0.674006     0.422435    -0.527898      2.18333     -1.62423     -1.38026       -1.701     0.923615     0.340354      0.24223     0.374274    0.0275752      0.43674      1.09433
     1.89803     -1.76976    -0.768073    -0.722132    -0.258862      1.11234     -2.19896     0.120483     0.615918     -1.41308    0.0989851     -1.46462     -1.34054      1.64306     -1.21081    -0.395604    -0.739896     0.540561      1.49928     -1.10843      1.21861     -0.22129      1.12834    -0.479793     -1.92873   -0.0831449     0.614253     -1.03999     -3.42055     0.695046     0.122147     -1.58834     0.821531      1.79234    -0.212732     0.765072      1.45194    -0.142284    0.0141038     -3.31312      6.18188     -1.02086    -0.916819     0.909238     0.105655    -0.984758     -1.22051     -1.91021     -2.43614     -1.33705
    -0.25639    -0.019119   -0.0753261    -0.310843      -0.4191     0.120097   -0.0153436    -0.317465    -0.215583    -0.116946    -0.491964    -0.260129     0.117164    -0.408454   -0.0653413     0.331796    0.0349727    -0.168921   -0.0113252    -0.304047     0.172751   -0.0278246    -0.244411    -0.140175   -0.0502136    -0.149316     0.399914     -0.32397   -0.0899566    -0.344498    -0.257016    -0.358943    -0.121761    -0.236068    -0.268246    0.0175212    -0.182792     0.224773    -0.370382    -0.362302  -0.00608849    -0.159475    0.0399704    -0.142389    -0.404346    -0.272289    0.0462793    -0.333584    -0.240793     -0.27009
   -0.271823    -0.405731     0.679539    0.0522189     0.268214    -0.672039    -0.488033    -0.772545     0.308007     -0.12129     0.192185    -0.540528     0.939116    -0.254503      0.51734    0.0810595     0.698631    -0.873187     0.331365    -0.911717     0.290875     0.645746     -1.65987     0.893727      0.55017    -0.851577    -0.243465    -0.634153     0.351877    0.0930432    -0.823029     0.750623    -0.835771    -0.130881     0.118097    -0.414177   -0.0329038     0.866336    -0.589421    -0.340377    -0.531207     -1.46519    -0.619796    -0.153087     -1.46267     -0.89155    -0.283058   -0.0826677     -0.51675     0.541336
    -2.78685     -1.19168    -0.223909     0.144287      0.87361    -0.418205      0.27042     -2.06039   -0.0907214     0.158929      1.61664     0.818939     -1.67311     0.405716      1.50998      -1.7769    -0.421057    -0.212827     0.496274      1.08263     -1.74787     0.297904      1.48693      2.17464    -0.140096    -0.334805     -1.66004     -1.68235    -0.489836     -1.09764     -1.85784    -0.960686    -0.602087     0.404496      5.66917    -0.357663    -0.283498      1.67944    -0.450951     -2.21174     -1.70857     -2.32123      -2.5145      3.77598     0.185748     0.948312     -3.51562     0.145785    -0.910365      0.28541
    -1.66792      1.37115    -0.369839    -0.651372    -0.331721     0.417477     0.845755     -1.09863     -1.11431       1.1272    0.0931281     -1.17791     -1.02273     0.746139     0.771189    -0.672327     -1.49213     0.134409    -0.187745      1.10453    -0.300423     -2.10147     0.967979      1.35702    -0.520624     0.762344    -0.563708    -0.377037    -0.468468     0.338646    -0.304955     -2.32734      1.39549     -1.41232    -0.303714      0.70163     -2.00977    -0.743369     0.508044      -1.4092      0.21478   -0.0774404    -0.325141     0.092021     -1.05287   0.00465753    -0.656125      1.83133      -1.1193     -1.03077
    -2.29086    -0.151168     0.241282     -1.17091      1.52933    -0.830159      1.62425    -0.689932    -0.482365    -0.654908      1.43871     0.457402   -0.0163649     -3.40252     -0.59816    0.0986304    -0.884499     0.795621     -1.00042      0.63508    -0.681572    -0.198374    -0.816296      1.56082      2.14849    -0.212012    -0.346034     0.700768      0.15037     -2.18797      -1.3024     0.988779     0.598363     -2.59945     -1.44218    -0.257899     -2.83891    -0.588544    -0.494707      1.04984     -1.11235    -0.456477     -1.10736     -2.09068     0.346562      1.66901     0.269771     0.841242      1.62045    -0.212972
   -0.530268     0.581258     -0.42832    -0.825042     0.314963    -0.311765    -0.715248    -0.268801     0.126854     -0.77896    -0.896674    -0.675682    0.0975005      0.20954   -0.0343405    -0.839042     0.898863    -0.195517     0.430364     -1.21864     0.812823     0.290683    -0.900662   -0.0146261    -0.188065    -0.771809     -1.28446     -1.23705    -0.687267    0.0611196    -0.120082    -0.422882    -0.774915     0.258737    -0.223207     0.481547       -1.145     0.133832     -1.07551     -1.23485     0.543473     -1.44686     -0.73888     0.286175    -0.687866    -0.909413    -0.447826    -0.916548    -0.758418     0.297303
    0.154549    -0.432021    -0.195985    -0.447161    -0.188612     -0.32252    -0.371063    -0.322915    -0.243059     -0.19054    -0.177557    -0.241967    0.0341743    -0.393336    -0.478558    -0.159285    0.0163244    -0.162207     -0.21544    0.0801969    0.0371734    0.0974652     -0.17748     -0.31098   -0.0808047    -0.594276    -0.307581    -0.266353    0.0443872    0.0834695   -0.0262397     0.233983     0.014802    -0.411518   -0.0587333    -0.239145     0.468079   -0.0548767    -0.347682   -0.0377981     0.034639    -0.314701    -0.135955    -0.200629    -0.206063    -0.452966    0.0326227    -0.195788    -0.146648    -0.160312
   0.0565525      1.24495    -0.483019    -0.748706    -0.286049     -1.12197     -1.51217    -0.249867     -1.43517    -0.254746    -0.518275    -0.551599     0.592724     0.580349    -0.847164      1.15753     0.631622    -0.403617     -0.86234     -1.05459     -0.23843    -0.429303    -0.106422     -1.74653    -0.850567    -0.746727      1.19521     -1.03048     -1.06094     0.159033    -0.145153    0.0123698       -1.624    -0.206167    -0.763663    -0.998844     -0.52028     -0.40958     -1.07054     -1.88995      1.55975     -1.23046     0.504849    -0.356137    -0.702729     -1.01649     -1.80909    -0.519974    -0.235668    -0.429422
   -0.787128     -1.16593     0.384391     0.295037     0.245897    -0.150954     0.222421      0.10568    -0.287298      0.95336     -1.47222     -1.46857    -0.420541    -0.211217    0.0719019    -0.705719    -0.873242     -1.02442     0.346819    -0.623376     0.470496     -0.95269      -1.1067    -0.321325    -0.512321    -0.442659    -0.478603    -0.969643     -1.16817   -0.0358881    -0.443803    -0.688446     0.928224      1.07745     0.599955   0.00406046     -1.10799    -0.462824     0.762608     -1.15846     0.640738    -0.772691    -0.497491     0.941776     -1.97415   -0.0481308    -0.278054     0.453091    -0.289972    -0.900889
     1.56608    -0.828747      1.27341      2.34854   0.00496513     -2.03333    -0.627829    -0.450221    0.0819377     -2.88563      2.49382     0.191186     0.482751     0.546774    -0.409643     -1.41839     -1.25131     0.930601    -0.277067    -0.821324    -0.786701      1.89811   -0.0582345     -1.08679     0.697707    -0.596653     -1.49133     -1.54154      1.57195     -1.63949     -2.26828      3.63296     -3.12028      1.03977     0.907262      -3.5706    -0.336858     -1.19068     -2.40283    -0.718577     -1.22139     -1.56839    -0.139289     0.914574      2.46763   -0.0151466     -3.47618    -0.241598    0.0493124    -0.783933
   -0.108751    -0.906097     0.453836     0.120039     0.725221    -0.788552      0.71265   -0.0460582    -0.749654    -0.190794    -0.376252    0.0858428    -0.864518     -1.07245     0.979384     -1.03479     -1.57721     -0.47984    -0.491649       1.1787    -0.404011     -1.49183     -1.61705   -0.0837555  -0.00647708     -1.30219      -1.4548     -1.11951    -0.434132    -0.108879     -1.80324    -0.828773    -0.954346    -0.398969    -0.563927    -0.563774    -0.186948     -1.19867    0.0316132     0.176482    -0.388573     -1.07768     -1.12724     -1.02178    -0.582219     -1.04086    -0.374286     0.656733     0.704551     -0.98227
    0.134739     0.466228     0.828565    -0.677263     0.839208     -1.45621      1.07449    -0.410612      3.60338      1.00957    -0.104815    -0.853721      2.58587   -0.0892516     0.189165     0.365567      4.16154     -5.73403    -0.909046     -2.07119    -0.265399      1.96775     -1.46684    -0.474103      1.02565    -0.661036      1.24518     -3.23901     0.684025     0.563434      1.29123     0.529965   -0.0362264     0.317171      1.07203      1.45981     -0.15632      1.89892    -0.689179      0.51179      1.33295     -2.92896      2.27433  -0.00468802    -0.888295    -0.575849      1.18292    0.0925119     0.365051     0.845506
   -0.197866     0.237498    -0.153404     -0.23819     -0.30301    -0.241895     0.130123     0.116168    -0.289345   -0.0993818    -0.281412    -0.169242    -0.174468   -0.0972888    0.0688375    -0.459806    -0.157679    -0.106884    -0.278015    -0.254773    0.0308276  -0.00530445    -0.598938    -0.128752    0.0988353    -0.212733     -0.28187    -0.125357    -0.194344    -0.297587    -0.237802    -0.409657   -0.0812344   -0.0811604    -0.228543    -0.198276    -0.353449   -0.0918253    -0.119187   -0.0348412     0.256437    -0.135494    0.0594754    -0.131488   -0.0783815    -0.126035    -0.157434    -0.200835    -0.162318    -0.362293
   1.20605
  0.994696
 -0.778231
   0.38583
   -1.1915
  -2.95248
  0.337085
  0.675821
  0.172127
  -1.08813
  -1.18565
  -1.47958
  -0.70116
  0.521158
 -0.108543
-0.0439503
  -1.55385
  -1.58747
 -0.739989
 -0.210946
 -0.506188
  -0.72401
  -1.12742
 -0.875994
  -1.05496
  0.554925
  0.119632
 0.0926977
 -0.828315
  -2.16753
  -1.73547
   2.05862
   1.25482
 -0.376054
  -1.00609
  -2.15527
  -2.57852
 -0.976666
    -1.888
  -1.53061
  -1.58694
 -0.150718
 -0.725445
  -1.23876
 -0.270509
  -1.22746
 -0.857249
  0.120906
   3.36892
  -1.23894
1
4
50 10
      1.6869      1.93411    -0.383626     0.924326     0.939817      0.27464      1.87402     0.771453      1.35967    -0.595842     0.712181  -0.00990335      1.02155       -2.726     0.678994     -2.20274    -0.577545     0.752926      0.96426      1.42608      1.32682     0.564505     0.215921     0.622654     0.986944      -11.208    -0.013837     0.802654    -0.449739     -1.00108    -0.329731      1.67568    -0.509311     -1.14399     -2.94148    -0.763157      2.14803     0.293532     -0.88625      1.88357      2.63875    -0.576909     0.494324    0.0941608    -0.967509    -0.809621     -4.46049     0.130104     -1.20813     0.278622
     0.46443    0.0601805     0.368208      1.77872     0.323158     -1.16201      0.42672    -0.990533       1.9407      -0.4034    -0.382416     0.364537     -6.69081    -0.979447      1.09889      2.41173     -3.99582      1.09905    -0.692144      1.04092     -1.48984     0.284005   -0.0998258       0.6164     0.448981     0.306627     0.517075     -10.4886      1.55551     -1.60314       1.1027      2.01852      1.45277       1.8089     -1.73783      2.94699      1.06849    -0.358616      1.19332      2.04553    -0.555964      1.85289     0.275221     0.635299    -0.902338     -0.50695    -0.575049     -0.10327    -0.337579     0.407737
    -3.78317     0.669235    -0.153405      2.67432       1.3982      1.18789    0.0560626    0.0911232     -1.56446      1.94038    -0.373197   -0.0223975      1.00421     0.591206     -1.33779     -1.26931     -1.43395      2.51729      1.36393     0.377067      1.25472    -0.643725      0.16801    -0.366608      1.61918      1.05459    -0.247872     0.932612     0.685251    -0.728454    -0.995087     0.204245    -0.767404     0.992693      1.70933     0.705922     0.209933    -0.282629      1.61512     -12.4203     0.422247       2.7059     0.909914    -0.268652    -0.677766    -0.686987     0.854181    -0.387129     -1.46585     0.101605
    -1.75388    0.0693056    -0.436636     -9.00747   -0.0940143      2.82731    -0.802223   -0.0370128     -1.52931      2.25502    -0.701383    -0.120714     0.798445     0.761123    -0.749093     -1.40199     0.858136      2.13762    -0.466374     0.611828     0.726932     -0.25968     0.105741     -1.30957      1.72295      1.19206     -0.49665      2.34154     0.107686    -0.870863     0.580194      1.37267     0.747662     0.119316     -1.91249     0.985479     -7.96675    -0.253636    -0.749346      2.36622     0.633512     -4.09765    -0.216619   -0.0556263     0.127243    -0.400071      1.28341     -1.60546     -1.74947    -0.248983
   -0.266715     0.124815      0.13151     0.250334     -1.66262     0.517945   -0.0437726     0.487581      1.04378    -0.263526     0.347567    0.0622015      2.14143    0.0646385      1.86655      1.12131      1.43429      -7.0778     0.575729     -9.41998     0.310678    -0.143132     0.620645     -1.67418     -2.07602     0.745438     0.057693      1.99737     0.144142    -0.253085   -0.0144756       2.1132     0.170017    -0.664887     0.936192       3.0108      1.39046     0.296929   -0.0383501        1.037     0.835728       1.7388    -0.597029    0.0708064      0.67507     -1.18269      1.07808    -0.755567     -1.64947     0.184075
     2.46373     -6.82785      0.23073  -0.00830526      0.64619      2.23326    -0.127347      1.37778     -5.24342     -5.97213      0.72252    -0.173525      1.17068    -0.131088    -0.251395     -1.42779     0.853701     0.560636     -2.16287      1.06962     0.336829   -0.0827258     0.282968     0.339391     0.236506      2.99685     0.178681      1.14595    -0.497126   -0.0913633      0.22778      2.81322      1.07866    0.0497998      2.12498      1.42048      2.47212     0.102075      1.11926    -0.523185    -0.764915     -2.84001    -0.216914     0.493702     0.920254     0.781767      0.61841     0.342981     -1.39148    -0.117121
    0.776663      3.02395     0.161727    -0.575183     0.271178      -1.7696     -2.96827     0.711885     0.433365    -0.199895     0.313163    -0.279251     -2.17089      1.32455     -1.35628       1.4188      2.70791     0.274145      1.77428      2.16897     -6.91903     0.327637    -0.277178     0.767579     -0.41925      3.25915     0.254817      3.38223       -1.253      2.23311     0.507766     -11.9839      1.45644     -1.26497      2.52062       3.1502       1.3812 -0.000939614     -0.75888      1.23313     -1.16729     0.825812      1.58971   -0.0731879     -1.42228     0.390207      0.59486     -1.36566    -0.942155    0.0977259
   -0.404334   -0.0693456      0.22801      1.06586    -0.433476     -3.16047      -1.2612       1.4443      1.79835      1.28479      -1.2219    -0.216244      1.98658     -2.96535    -0.890299      2.98025     -0.84933     0.886589      0.71617     0.345291      2.70506     0.126614     -0.17306     -1.00876     0.142184      1.29662    -0.511106     -1.82188    -0.743096      0.36556     -1.43718     0.303538     -4.56982    -0.511361    -0.490776    -0.385113     0.569588    -0.375393     -2.35426      2.70247      1.66693      0.42808     -2.18963    -0.671439     -1.70332      1.89484    -0.322679      1.01305      10.2303   -0.0141655
     1.23146     0.627277     0.157423       2.4936     -1.22444     -1.43362      2.33932      -3.6205      1.19712      2.18996     0.667076    0.0865204   -0.0386596      3.87068      0.85205     -1.74282      1.28817    -0.479362     -1.30864      2.91066      2.24082     0.188002    -0.149293       1.8946     -3.11108     0.176451     -0.22986      1.88287     0.403476       1.8669     0.417436      1.54737      1.11196       0.8252     0.314844     -11.6435     -0.26819     0.282595     0.732292       1.8048     -2.93827   -0.0373028      1.06466     0.149748      3.38248     -0.26891      1.17662      1.94421     -0.98917    -0.306841
  -0.0251057   -0.0467008   -0.0994998  -0.00509833   -0.0429605    0.0146367    0.0361006  -0.00820474   0.00812563   0.00273981    0.0493967     0.196319  -0.00255809   0.00736776    0.0721984    0.0441576   -0.0586724   0.00140289    0.0329856   -0.0149692   -0.0100578    0.0789727     0.293569    0.0118701   0.00097866    -0.010139    0.0665509    0.0250915    0.0384267    0.0188273   0.00462297    0.0109506    -0.012921  -0.00547779   -0.0296774  -0.00366521   0.00122219    -0.105819   0.00321991   0.00381738    0.0177992   0.00914103    0.0173731     0.160399    0.0315744   -0.0144079   0.00626009   -0.0145793   0.00259148    0.0233009
   2.79569
  0.218862
   2.52702
   3.46553
   1.58784
  0.472928
  0.231103
  -8.11177
  -1.34148
-0.0229455
