2 16 0.1 54
1
1
9 200
     1.06369   -0.0580871   -0.0507737    -0.368974     0.319545     0.118288     0.353054     0.127383    -0.105388
    -0.13778    -0.420506     -1.36127      0.96502     0.102593     0.237468     0.305925    0.0948142    -0.125272
    0.181649     0.484364     0.247899     0.231286    0.0514392     -1.66564    -0.109237     0.138964     0.217365
   -0.132176     0.234015    0.0671255     0.487305    -0.370356     0.206167   0.00437911    -0.137194    -0.187367
     3.37155    -0.510872    -0.194082    -0.614484    -0.540333    0.0396878    -0.300765    0.0739095    -0.520866
   -0.124463    -0.326144    -0.302588      0.34317    0.0530776      0.57918   -0.0655709     -1.30767     0.297408
  -0.0872803     0.204006    0.0933563    0.0842347     0.229165      1.98025    -0.091469     0.146124    -0.174697
    0.304364   -0.0654959     0.600625     0.715857     0.149686    -0.106364     -1.41906    0.0603127    -0.197007
  -0.0535485      1.07612   -0.0269886    -0.216089    -0.662534   -0.0770581    -0.570576     0.479839   -0.0601814
    0.587562     0.190989    -0.449164    -0.137142     0.603501    0.0771878     0.897958    0.0749259     0.439542
   -0.328959    -0.504688    -0.955487     0.184395     0.650155     0.304262    -0.191028    -0.050547     0.211746
  -0.0730246    -0.418493    -0.305357     -1.03451    -0.336752     0.220505    -0.226483    0.0878756    0.0481001
   -0.333105    -0.004849    0.0326976      2.48982    -0.338032     -0.36784    -0.385402     0.282517     0.497496
    0.379992    -0.227233   0.00142255   -0.0702261    -0.141819    0.0650226    -0.296195     0.151089    -0.328266
    0.499042     0.728263     0.463894     0.767335     0.476367     -2.91957     0.485077      0.44256     0.249073
   -0.459746     -0.56807    0.0272066    -0.319801    -0.178037    0.0464814     0.578577    -0.183207 -0.000559482
    0.546697   -0.0704128     0.197489     -0.10824     0.810283     0.418221      0.71685     0.866124    0.0755063
    0.597387     0.939179     -0.36506    -0.251719    -0.400699    -0.448726    -0.521299     0.920363   -0.0709134
  0.00913857     0.301118     -0.16193     0.627814    -0.221404    -0.155103     0.677852     0.439097     0.424538
    0.359226   -0.0909665    0.0144621     0.650242   -0.0882319     0.236005    -0.580297     0.499442   -0.0501368
    0.058436    -0.481444    -0.304257     0.438682    -0.866613   -0.0290548   -0.0341852    -0.391838    -0.523457
   0.0766889      -0.3205  -0.00784585   -0.0658858    -0.481135    -0.316158    -0.409716      1.75387     -0.37154
   -0.521402     0.100474     -1.35528    -0.204172    -0.086783     0.527196     0.139828     0.372898     0.158696
    0.543848    -0.509989      0.48125   -0.0210379     0.261143     0.654679    -0.182509    0.0191004    -0.542935
    0.572718    -0.173004     0.147962    -0.375551     -0.49813    -0.374254     0.275116    -0.181242     0.461645
   -0.423693    -0.159247    0.0586952     0.500684     0.610547     0.158962    -0.195659    -0.118604    -0.105855
    0.312896    -0.741928     0.293217     0.228314   -0.0255844     0.107633    -0.647943    -0.217314    -0.461784
   0.0185203    -0.208666     0.779385     -0.78486     0.232162     0.735252     0.494068      0.40493     0.730443
    0.140851    -0.819265     0.370174   -0.0970511     0.535229 -0.000965848    -0.243852     0.307132    -0.402776
   -0.505495     0.187342     0.456266     0.332929     0.273193     0.279135      0.50223     0.157438    -0.205881
    -0.47425   -0.0557674     0.153821    -0.180034   -0.0610692      0.25993    -0.823385     0.273536     0.556977
   -0.538353    -0.185595     -1.05793    -0.259251     0.176304     0.226144   -0.0860131      0.21078     -0.19375
    0.485828     0.232472   -0.0914116    -0.146705    0.0979757     0.331059     0.313665     0.486494     -0.25558
   -0.506034    -0.278747    -0.511181     0.389959    -0.152919   -0.0382204     0.026425     0.856731    -0.135259
     0.26773     -4.52381      0.28485      0.23605     0.262269      0.23382     0.137567     0.236235      0.16232
   -0.354311   -0.0714093      0.65853    0.0584882    -0.136142   -0.0739608    -0.479734     0.409433     0.172851
    0.100572    0.0348628    -0.178973    -0.515978     0.102834     0.407588     0.193854    0.0322811     -0.20789
   0.0854369     0.190763    0.0704182    0.0312758    0.0846887    -0.329962     0.106748     -1.41345    -0.301136
    0.171031    0.0130513    -0.228501    0.0508587    -0.306134   -0.0765863     0.262025    -0.259191    0.0172899
    0.435118    -0.516151     0.402752    0.0466357   -0.0333109    0.0462567    -0.226175      1.87223   -0.0689308
    0.437329     -1.69741    0.0606054    -0.233604      0.16562    -0.293919    -0.253471     0.813929     0.017778
   0.0284111    -0.272813    0.0740163    -0.246276   -0.0363973    -0.300433    -0.504705     -0.16837    -0.353587
    0.155143     0.514347    -0.589001    -0.429935    -0.235256    0.0613273      2.30607    -0.384793    -0.352459
   -0.313729     0.400357    -0.363158    -0.175451     0.174416    -0.132219     0.601536     0.111577    -0.354374
   -0.194896    -0.547293    -0.550031    -0.480025    -0.284089      2.24569     0.141838   -0.0666662    -0.452959
    0.427312      0.39244   -0.0395416     -1.75246     0.387016     0.408489     0.588315     0.168071     -0.50982
  -0.0422441   -0.0445032   -0.0848361    -0.363763     0.997428   -0.0984683     0.354536    -0.854704    -0.361888
   -0.133234     -0.34166    -0.194272     0.549911     0.224178     0.237431     0.587902    -0.240161     0.420659
   -0.385284    -0.598663    -0.273262    0.0225163    -0.180257  -0.00569742     0.170821      -1.4172      1.39071
    0.773209    -0.445244      0.15296     0.218122     0.273219      0.25163     0.305969      1.49556     -1.25487
    0.214378     0.585527     0.337591    -0.172288    0.0494051     0.292031    0.0632988     0.165553     -1.67401
    0.534642    -0.249264     0.284694      0.61163     0.184347     0.195988      0.29154      -0.7381     0.268448
    0.254503     -0.62084    -0.432759    -0.356532     -0.37052      1.15316    -0.452144    -0.821852     0.426501
    0.123147      0.35666    -0.442161    0.0402696    -0.235619     0.261348     0.129136     0.222385     0.512581
    0.197894   -0.0801843     0.550002     0.553495     0.533169     0.028703     -2.52721     0.535539      0.35416
    -1.19035     0.391222     0.464718     0.593853     0.127345    0.0292963     0.490271     -0.28024     0.162014
    -3.52072    -0.114454      0.16319     0.235374     0.218325     0.098861     0.312905     0.045405     0.552422
   -0.345104     0.192798      1.06735     -0.60246     0.116348    -0.148733     0.186936     0.454116     0.501752
   -0.748778      1.67196    -0.483263   -0.0675644    -0.102732    -0.080045      0.20563    -0.540006     0.220789
     -0.3528  0.000965642    -0.598719     0.398947   -0.0211675     0.364454   -0.0268298    -0.619771     0.332185
   -0.811513     0.280195     0.387561   -0.0092376     0.601106     0.365355     0.584981     0.687893   -0.0517446
   -0.310631     0.044552    -0.219584   -0.0321246    -0.365087    -0.511518    -0.299501    -0.594063      2.97639
     0.59157     0.045171     0.136645 -0.000980918     -0.51552     0.104883    -0.183367    -0.194613     -0.45504
  -0.0356585    -0.206553     0.358673     0.596659    -0.859828    -0.259006      0.40104    -0.130919      0.16284
   -0.170969   -0.0907959    -0.608622    -0.391685      2.98398    -0.746969    -0.351272     0.197534    -0.246139
    0.280432    0.0301799      0.19098     0.117646     0.276684    0.0774121    -0.038297      0.32373      0.23617
     1.25533    -0.490313     0.252036    -0.765353     0.264923     0.551605    -0.180629     0.653209     -1.75154
   -0.113685    -0.502713    0.0307305     0.362679    0.0992581    -0.181249     0.381914    -0.235841     -0.63167
    0.107721    -0.390199     0.325546    0.0537478    -0.236696     -0.43132    -0.290086     0.926106    -0.368023
  -0.0722835     0.630984   -0.0595487    -0.176196     0.190583   -0.0128331     0.351405     -2.10577      0.41643
   -0.476999     0.142307     0.337076     0.147463   -0.0941225    -0.211727       0.6708     0.350951    -0.179686
    0.373039    -0.163055     0.677763     0.320323     0.244668    -0.494877     0.124747    -0.122045    -0.530782
   -0.373176    -0.174688     0.920694     0.207489    0.0870737     -1.43301    -0.207829     0.320791  0.000257345
     0.16258    -0.302345     0.155569    -0.565191     0.148937     0.325831     0.502722     0.302055     0.570557
   -0.160961     0.576897     0.694244     -0.11732   -0.0822422    -0.355849     0.272756     0.464195    -0.455788
   -0.852194     0.361813   -0.0425702     0.476372     0.369352    -0.058184    -0.166463    -0.111841     0.520233
  -0.0604825    0.0313273    0.0679521    -0.118886     0.114698     0.337202    -0.735085     0.160809     0.154858
    0.385289    -0.339457    -0.191047     0.120279     0.251775    -0.075081    -0.119678    -0.569052    -0.498177
    0.163028     0.635126     0.650477    -0.190938     0.129397   -0.0316341      1.14022      -1.0329     0.189306
    0.304679      0.24686    -0.267176     0.726906   0.00381519     0.550803    -0.214626      0.26937     0.653507
   -0.378592    -0.351268   -0.0226006     0.475785    0.0189235     0.472424    0.0793571    -0.627638    -0.120137
   0.0683522     0.316898     0.289041    -0.637792     0.390023    -0.483676     0.279942    0.0522765   -0.0951978
   0.0891508     0.550723     0.166986     0.178917     0.481849    -0.394987    -0.349682    -0.413975    -0.053151
  -0.0300856   -0.0389175     0.238531       1.0103     0.126236    -0.912484     0.128591   -0.0642602     0.355596
    -0.26742     0.401638    0.0641161     0.351008      0.47773     0.381843     0.771035     0.339492     0.046657
    -0.23267      0.49462     0.237826     0.446143    -0.130239    -0.140001     0.234074   -0.0163678     0.428723
    0.294835     0.293036    -0.363727    0.0515733    -0.151139   -0.0638615      0.58022    -0.085963    -0.135618
    0.345275     0.279352    -0.172792     0.177103    -0.492727    0.0632713     0.146495    -0.133977    -0.135813
   -0.957605  0.000891212     0.129092     0.315172    -0.314323     0.167231    0.0592759    -0.207255   -0.0682639
    0.126591    -0.798243     0.590636     0.449527    -0.244482     0.778211     0.218668    -0.289331     0.719827
   -0.660486     0.117037    -0.296484      1.29648   -0.0388089       -1.056     -1.07416     0.374187     0.307071
   -0.091529     0.306719     0.913576    -0.528235     0.130769    -0.136272    -0.300475   -0.0384568    -0.333396
  -0.0354912    -0.182288     0.670705    -0.203844      0.40986     0.444524     0.418142    -0.488364     0.229069
   0.0492883   -0.0653427    -0.514051    -0.547217      0.23296     0.240414     0.438671    -0.482414    -0.250603
   -0.280983   -0.0520746    -0.273166    -0.158311    -0.221224    -0.207339    -0.195754   -0.0187457      4.54914
  0.00741498    -0.895691     0.625347      -0.4227    -0.441787   0.00229538    -0.595802      2.29581    -0.998467
   -0.221438    -0.456548      4.13177    0.0695376    -0.643805    -0.548254     -0.72216     0.146156    -0.277173
   0.0796211    0.0282075     0.189499     -0.14991    -0.170417    0.0928244    -0.439418     0.253619     0.151881
  -0.0636179      0.10854   -0.0172943    -0.424563   0.00023036      2.05077   -0.0914886    0.0349994    -0.094917
   -0.322995     0.314337    -0.040351    0.0284178    0.0898387    0.0516048     0.286713     -2.10081     0.341213
  -0.0972351    -0.263856     0.537213    0.0519264     0.085667     0.808184    -0.105339   -0.0784743    -0.208208
    0.770049     0.288028   -0.0162409     0.271005     0.132216   -0.0211272    -0.438041     0.546962     0.390361
   -0.557058    -0.624017    -0.470691    -0.150128    -0.264429     -0.25188      3.20348    -0.332616    -0.305968
    0.260873   -0.0128432     0.520032    -0.388261    -0.889994   -0.0831416     0.338036    -0.704052   -0.0889922
   -0.167184    -0.332131     0.826675     0.151421     0.274532    -0.508834    -0.787626     0.328661    -0.145855
    0.159681     0.208165    -0.394376   -0.0498914    -0.165257   0.00755635     0.144312    -0.312564      0.10748
   -0.441684    0.0629079    -0.117429    -0.249741    -0.452909     0.197681     0.444326    -0.936071     0.117335
    0.166964    -0.123602     0.800962   -0.0688398     0.204977     0.278467   -0.0107315     0.338539     0.216659
   -0.180324   -0.0742287    -0.275135    -0.543737     0.339952     0.323657     0.231334    -0.530966    -0.242056
  -0.0894061    0.0872112    -0.245489     -0.24959    -0.333618      0.46296    -0.257442     0.166185    0.0872039
   -0.430996    -0.489053  9.38861e-05     0.680325   -0.0535353      1.04085     0.200793     -0.21828   0.00773622
   0.0476197     0.359888    0.0305164     0.626871    0.0994156    -0.885749    0.0024389     0.211188     0.187168
   -0.222591     0.256113     0.135073    -0.493766    -0.362474      1.53861    0.0127697    -0.255131    -0.557288
    0.425374     0.307169    -0.160441    -0.254998    -0.283839    -0.705582      0.27143     0.207255    -0.317593
   -0.216575     0.412036    -0.054193     0.571484    0.0716045    -0.520073     0.415579   -0.0962751      1.85705
   -0.246037     0.373345    -0.148226    -0.481352    -0.205022    0.0665843    -0.324677    -0.232929     0.517677
    0.424682    -0.515397    -0.128281     0.320792     0.487862    -0.368147   0.00652625     -0.33465   -0.0660214
    0.372712   -0.0864163     0.310853      0.65663   -0.0191459     0.471249    -0.606918   0.00191176    -0.401519
    0.277051     0.230223     -0.33456    -0.349031   -0.0866692     0.418617    -0.187625    -0.335999    -0.150389
   -0.159812    -0.512251    0.0930156     0.172196      0.11843     0.590905    -0.605102     0.323526     0.108541
    0.483125     0.219152    -0.319843    -0.224226    -0.243308     0.195098    -0.135867     0.118163    -0.307118
   -0.447858    -0.530862    -0.790855   -0.0188958    0.0491498      0.32546      0.23178    -0.488606    -0.814521
   -0.759779      1.71528    -0.192164     0.123663    -0.186064      -0.0825    -0.096966     -0.35373    -0.205421
    0.511182     0.165648     0.527732     -1.01365    -0.106389     0.348081     -0.35185    -0.235868     0.852694
     0.40869    -0.855858    0.0522541    -0.399802    -0.347013    -0.163539    -0.860015      2.79951    -0.841275
     0.36668     -0.35823    -0.130643     -2.59737      0.21952     0.437387     0.269238    -0.322699    0.0468727
   -0.284938    -0.486979   -0.0245221    0.0545881      0.27139     0.181475   -0.0736376       -0.297   -0.0390956
    0.231565    -0.783556   -0.0408224    -0.467649   -0.0961709      0.66348    0.0196816   -0.0209647    0.0100705
   -0.308769      1.13795    -0.214227     0.548017    -0.415721    -0.432242    -0.244058    -0.161684     0.164638
   -0.408545   -0.0468263     0.886922    -0.329003    -0.306202    0.0761069    -0.168664     0.622686    -0.131637
  0.00430512  -0.00196573     0.106943    -0.120087    -0.131515    -0.581108     0.626099     0.626422    -0.163858
  -0.0130963     0.247863     0.611636    -0.248642    -0.366828    -0.055284    -0.624517     0.244912     0.278958
  -0.0585528      0.20582     0.135527     -1.52078    0.0377587    0.0793536    0.0419945     0.457528    -0.995016
   -0.105334   -0.0639082     0.296772    -0.842924     0.272396     -0.60323     0.562059     0.387632    -0.627891
   0.0188012    -0.318477   0.00336402     0.982409    -0.187222     -1.28508    -0.636562    -0.334983    0.0612354
  -0.0437124     0.939879    0.0199458     0.148137    -0.347123     0.176632    -0.293977      0.61261    -0.389652
   -0.058133    -0.256908     0.564543    -0.327764     0.399306     0.572758     0.467676    -0.482953     0.382498
   -0.272827     0.185099    -0.347336    -0.609372    0.0876663      1.03572     0.125028     0.950053    -0.263433
  -0.0567997    -0.164897    -0.298354    -0.101921     -0.43699     0.735225     0.306483    -0.123551    -0.277952
    0.118486    -0.436486     0.303691      0.11862     0.299391    0.0919978      -0.3197      1.00548     0.212111
   -0.120701    -0.175096    -0.907427    0.0224866     -0.08074      1.18119   -0.0654788     0.374387     0.402574
    0.264297    -0.167891    -0.049159   -0.0379725     0.265313     0.233254     0.176802     0.112147     0.599315
    0.403535     0.186479     0.643419    -0.177019      0.22933    -0.257101     -3.09334     0.154862     0.332303
   -0.828756      1.32669    -0.475496    -0.182551    -0.575112    -0.378636     0.166143    -0.676793   -0.0170537
    0.192377     0.401849     0.425425     0.586572     -2.46215     0.397824     0.557147     0.405261    0.0657937
   -0.310432     0.011981     0.486801    -0.148846    0.0510665    -0.176629    -0.346697     0.450201     0.495119
    0.111701     -0.02707     0.227001     -2.35729     0.385504     0.677276     0.345086     0.534177     0.527551
    -0.25155     0.198428    -0.288902      0.35265    -0.199012    -0.339036     0.727177     0.650119    -0.500281
   -0.336614    -0.153234      3.10381    -0.374095    -0.416993    -0.305897    -0.382522    0.0305593    -0.150767
    0.212189     0.338497    -0.284335     -0.26819    0.0165244    -0.324211  -0.00795559      0.15189   -0.0225299
    0.343996     0.244571   -0.0487889    -0.260259     0.370733     0.336482     0.222245    -0.351856     0.341298
   -0.506758     0.427528    -0.223714    -0.347951     0.221606    -0.364322    -0.238535      0.58637     0.383651
   -0.179501    -0.365696    0.0541927     0.508994     0.544136    -0.860686    -0.255527    -0.139627    -0.608551
   -0.257039    0.0419812     0.515688     0.258873     0.695542     -0.05843     -1.26233   0.00670557    -0.275058
    0.340078     0.195085    -0.321291      0.34445     0.139759   -0.0640035     0.393284     0.344294     0.116897
     1.32602    -0.312547     0.329464     0.117298     0.117339    -0.185373     0.268327    0.0257545    -0.409463
   -0.358257    -0.175488     0.426007     0.684162    -0.290085    -0.146671    -0.103995     0.572939     0.264669
   -0.617286    0.0830993    -0.194021   -0.0358021      1.04997     0.466512    -0.455715    0.0542881     0.107832
    0.275601   -0.0540596   -0.0311928    -0.337103     0.100029    -0.064672    0.0437807    -0.303324    -0.153405
    0.375356     0.198975    0.0943303     0.353435   -0.0350188    -0.014113    -0.914464   -0.0470615   -0.0621733
  -0.0177042     0.253351     -0.19702    -0.230432    -0.219102       0.4541     0.378832    -0.662832     0.133393
    0.010144    -0.326784     0.594319    -0.463014     -0.46141   -0.0975472    -0.297575     0.116246     0.350723
    0.333851    -0.209331     0.349274     0.227837     0.647872   -0.0684792   -0.0281192      0.26812    0.0887995
   -0.419335    -0.613528    -0.263561    -0.176192    -0.251722    -0.160719    -0.129004      3.00493    -0.153932
   -0.392828    -0.835168    -0.121957    -0.396494    -0.131996    0.0793499     0.485858      1.10061    -0.298665
     0.05496    -0.257465    -0.348529     0.388266    -0.277536    -0.360557     0.433906     0.772001    -0.294247
    0.185892     0.434244     0.381065   -0.0172269   -0.0306579     0.581475    0.0912411     0.163386    -0.694302
   0.0807841     0.741833    0.0822136     0.106719     -0.27279      0.55211     0.281042    -0.784922     0.494024
    0.217771     -1.02052     0.238927     0.622081     0.274383   -0.0211487     0.372396     0.221318     0.436731
   -0.182741     0.346516    -0.257504   -0.0597692     0.253923    0.0280089      0.71637     0.603515     0.407828
   -0.861344      3.38378    -0.815765    -0.333453    -0.257154    -0.430342    0.0810214    -0.757981     0.178809
   -0.124907   -0.0168701     0.008234     0.675737    -0.226878    0.0538887    -0.143006    0.0362242   -0.0921353
   -0.254383    0.0542468    -0.328632     -0.16619   -0.0244343    -0.108207    -0.385147    -0.337274    -0.213075
    0.560096     0.233743     0.421672     0.595914     0.263571     -2.19613     0.212208   -0.0179276      0.39162
   -0.380909    -0.248359     0.231303     0.021011     0.373041     0.131786     0.374496     0.165661     0.289351
    0.287959       0.1495     0.357337     -4.16769      0.26147     0.200041      0.31261     0.255462     0.512088
  -0.0587888     0.124599    -0.617652    -0.629011    -0.671596      4.00988    -0.271001  -0.00628057    -0.631806
    0.250729     0.108173      0.20082   0.00506992     0.175087    -0.400713   -0.0173931     0.111772    -0.148642
   -0.238768    -0.646697     0.130199     0.753524     -1.01713    -0.148308     0.158064  -0.00384803   0.00622286
   -0.434548      1.01198     0.338449   -0.0329896     0.457384    -0.186155     0.442183    -0.766928    0.0175668
     2.78754    -0.631034     0.133694    -0.193438     -0.31795     0.204455    -0.281478     -0.51794     -0.56999
   -0.215432     0.144048     0.316245   -0.0623626    -0.891067     0.598463      1.09511     0.257074      0.63595
     1.31077     0.113301    0.0590351   -0.0393421     -0.30767   0.00168628    -0.182183    -0.087025   -0.0467738
   -0.553507    -0.578927    -0.243208     -0.25072    -0.427574    -0.486166      1.56907    -0.273557    -0.482327
   -0.116968     -0.35095      1.51774     0.493263    -0.244412    0.0565578    -0.447064    -0.506781    -0.643912
   -0.530921    0.0717269     0.179097     0.220685     0.359286    -0.573451   -0.0610399    -0.240342    0.0338949
   -0.650441     0.413446    0.0998632    -0.877119     0.467083    0.0420003     0.351301    -0.255004    -0.380574
   -0.194359      0.43764    -0.102986    -0.379728    -0.245211   -0.0655675     0.334744     0.228415  -0.00860874
     1.54913     0.762867   -0.0416495     0.553513     0.156426     0.289755    -0.581852    -0.124127  -0.00996359
    -0.16473     0.371399   -0.0647165    0.0577452    -0.178322    0.0848779     -0.28299    -0.320155    -0.036226
   0.0829825    -0.176427   -0.0601884    -0.196285     0.367045     0.127303   -0.0809373     0.502769    -0.178846
    0.204844     0.141579   0.00573133     0.869469    0.0819684     0.223856     0.174081    -0.873905    -0.255888
    -2.38316     0.733302     0.392059     0.427613     0.252369    -0.184479     0.309001      0.11838     0.483629
   0.0814607     0.279716    -0.435716     0.421433    -0.309311     0.552169      1.41873     0.182281   -0.0472475
     0.52048    -0.224058    0.0465987    -0.284878   -0.0492254      0.30684    -0.240917    -0.402166   -0.0405898
   -0.099738     -1.94095     0.223696    -0.308578     0.075059     0.089593    -0.377306     0.489244    -0.316021
    0.470495   -0.0980537    -0.428307    -0.072717    -0.563672     0.238444   -0.0587831     0.440369    -0.449973
    0.391153    -0.193065    -0.132787      2.11473    -0.419105    -0.486558     0.378443     0.203984     0.325232
    -0.31744    -0.111406     0.294874     0.150821     0.631194      0.30564     0.554516    -0.348118    -0.226815
    -0.33359     0.868866    -0.110408     0.628936     0.243232    -0.310943    -0.349068     0.750967      0.35572
    -1.43012
     1.08944
    -1.44775
    -1.31036
     1.34801
     1.02821
    -1.46615
    -1.07816
    0.259276
   -0.660138
   -0.873725
     1.21358
     1.09525
   -0.975883
     2.40244
   -0.880337
   -0.300958
   -0.774455
 -0.00216184
   -0.192041
    -1.12203
    -1.78663
    -1.26595
     -1.2502
   -0.696861
   -0.316588
    -2.39881
    -1.23206
    0.749419
  -0.0876825
    0.226862
    0.229012
    0.161314
    -1.27463
      2.7192
    0.209087
     0.39159
    0.812844
   -0.947576
    -2.05638
     1.61855
   -0.493869
     1.19223
 -0.00255879
     1.00557
    -1.01464
    -1.33205
   -0.382158
    -1.98871
    -3.04932
    0.885998
    -1.35928
   -0.927668
    0.212751
    -1.52545
   -0.855039
     2.36307
    -1.16842
    0.960386
    0.369113
    0.964709
     1.23068
    -1.38073
    0.131227
     1.82802
   -0.281689
   -0.155114
   0.0343635
    -1.68488
     -1.3257
   -0.116985
   -0.239056
    -1.97515
    -1.01726
    0.955841
      -1.376
   -0.181165
  -0.0959782
    -1.21393
    -0.85732
   -0.573328
    0.255357
    -2.53669
    -1.94694
   -0.387805
   -0.807186
   0.0492266
   -0.980356
    0.426148
    0.261134
  -0.0396098
    -1.64503
  -0.0769139
   0.0481763
    -2.78137
     1.02853
     2.04292
    0.237288
    -1.76268
     1.84846
    -1.77583
    -1.17274
    -2.08485
   -0.434904
    -1.36291
   0.0668689
     0.27746
   -0.758242
    -1.10993
   -0.899811
   -0.297917
    -1.48066
     -1.9564
   -0.177258
    0.536262
   -0.959023
    0.100502
    0.366382
     1.31594
    -0.38033
     -0.2642
   -0.875403
    -2.07346
    0.354945
    0.873056
    -1.57555
   -0.300434
     0.28468
    0.802521
     -1.1033
   -0.453251
   -0.305234
     2.18419
   -0.606601
    -1.83468
     -0.1378
    0.131473
    -2.10724
    0.241312
    -1.14544
    0.932039
-4.35079e-05
     2.25707
    0.917591
     1.57483
   -0.339236
    -1.52926
    -0.87071
    -2.09045
    -0.40372
   -0.372911
  -0.0670789
    -1.16199
   -0.653733
  -0.0429661
    -1.39318
   -0.307721
    -1.35647
   -0.326059
    0.128857
  -0.0378933
   -0.415548
   -0.562526
    -2.12606
    0.480185
   -0.796543
    0.181762
     0.65413
    -1.50206
       0.406
      1.2353
   -0.980273
    0.921965
      1.7948
    0.308301
     2.24913
     1.71198
   -0.323419
    -1.29152
    -1.22628
    -2.47072
    -1.21018
   -0.916332
     1.65028
    -1.49719
    0.951923
   -0.362899
    -1.20859
   -0.613581
   -0.786891
    -1.47757
    0.499036
    -1.09923
    0.549278
    -1.14034
     1.65152
    0.090554
    -1.57244
   -0.593948
   -0.115868
1
4
200 10
   -0.661664   0.00478648      0.06824    0.0559296      3.24285     -0.16888    0.0773765     0.254082    0.0831546   0.00277467   -0.0440487  0.000827507     0.150959    -0.209321   -0.0244401    0.0861682     0.221823    -0.233722     0.113931    0.0107731    -0.122951     0.447109     0.264661     -0.24801    -0.393389     0.057851    -0.217629     0.164677     -0.13286     0.325623      0.10681    -0.074433      0.40974    0.0993006    -0.676427    0.0821186    0.0443107    -0.257826  -0.00650431     0.469117    -0.159641    -0.117653    -0.336516    0.0529608   -0.0252353    0.0240152      0.22961    -0.082752    0.0740266    -0.140344    0.0148937     -0.14773    -0.138312   -0.0144747     0.334865    -0.887315      3.16563   -0.0695612   -0.0333555   -0.0837735     0.452183    -0.460553    -0.449107    -0.152194    -0.234704     0.115802      1.02278   -0.0884603     0.471192      0.63085     0.370297    -0.300077     0.137048    0.0827107    0.0747776    -0.849945    -0.127385    -0.060449     0.367218      0.06298    -0.245404   -0.0836335   0.00322989    -0.230731     0.127712    -0.236476   -0.0968457   -0.0959983     0.413105     -0.19972      0.29073    0.0855279    0.0667236    -0.303379     0.275163    -0.783787    -0.223789   -0.0182479     0.184562    -0.407629  -0.00499973    -0.182065   -0.0111231    -0.131511     0.293287    -0.145518    -0.111095     0.145786     0.239741     0.097188     0.150525    0.0657606     0.462443   -0.0772362    -0.241827      0.10717    -0.134461   -0.0591599   0.00963712    0.0837589     0.052281     0.116988    -0.475874    -0.196943    -0.158449    -0.130384    0.0600459     0.230236    0.0114338     0.327965    0.0501265     0.010789     0.250037     0.188489     0.251914    0.0175739   -0.0419565     0.359927    -0.197015     0.308788   -0.0197226   -0.0853135    -0.537674   -0.0897812    -0.174038     0.108051     0.449289     0.259901     0.263197   -0.0572622    0.0470877     0.171468     0.107478     -0.15002    0.0464085     -0.80394     0.204888    -0.402109   -0.0334377    -0.137142     -0.27981     0.117428  -0.00901695      1.06102   -0.0768374     0.231692     0.048226    -0.381432     0.317088     0.263466    -0.400795    0.0997284    0.0211055    -0.379899     0.216132    -0.113639    -0.192491   -0.0239726      0.17825    -0.198373     -2.43187     0.230893     -0.75201   -0.0412467    0.0853679     0.288883      0.15696     0.125808    -0.703236    0.0431448  -0.00702631    -0.176977     -2.11677     0.018319    -0.409346    -0.412881     0.305458     0.171707   0.00466338  -0.00610837
    0.140651   -0.0400955   -0.0671444    -0.062566    -0.622047   -0.0979649    0.0719264     0.125815    -0.154806   -0.0119995    0.0222968    -0.210288    -0.512028    -0.381369   -0.0850736    0.0601215    -0.248155    -0.548509    -0.161887    -0.157145    0.0112061     -0.17164     0.290779    -0.547281     0.123698  -0.00145271    -0.370453   -0.0750274     0.341319    0.0188729    -0.123723    -0.191082    -0.117255     0.295654      4.53827    -0.244022    -0.113541    -0.100229    0.0761146    -0.553032      1.12742    -0.162055    -0.426524   0.00724398    -0.242901     0.194064      0.36352      0.31598     0.203942    -0.193601    -0.267665     0.339274     0.284481   -0.0953196   -0.0599867    0.0845281    -0.415205    0.0324558      1.38916     0.194288    -0.409856    0.0450319  -0.00165651    -0.184539    -0.631046   -0.0952375    -0.832296     0.202832    -0.172803   -0.0443896    -0.163206     -0.23214     0.337588    -0.154396    -0.246259   -0.0670071    -0.131492     0.135472   -0.0853146    0.0108083     0.208529    -0.199854   -0.0682243     0.184235   -0.0749912    -0.145858   -0.0875535   -0.0908276    0.0829621     0.290883   -0.0994969   -0.0170592    -0.042162    -0.135674    0.0870352    -0.250858    -0.538986    -0.339328     0.285284     0.325975    -0.163819    -0.115268     0.374384    -0.088207   -0.0128252  -0.00611009     0.340555    -0.318325     0.200222    0.0654553     0.156618    -0.108107     0.174043    -0.299524    -0.150077   -0.0873916    0.0360242    0.0233521   -0.0676356    -0.047624    -0.161945     0.244562     -1.51037    -0.163932    -0.571932     0.347831     0.159079     0.178263     0.543766     -0.12209    -0.122756    -0.237317    -0.389911    -0.200554     0.427784    -0.357975     0.088282     0.314162   -0.0530604    -0.457787    -0.101658   -0.0585844     -0.59239      1.04259    -0.267669    -0.142215    0.0125991   -0.0310107   -0.0106523    -0.206594    0.0262776    -0.313013   -0.0085446     0.171242    -0.213089    -0.566628    -0.152354    0.0679796    0.0179679    -0.156865     0.172334   -0.0707192    -0.382493    0.0451404    0.0590644   -0.0572162    -0.267577     0.375552      -0.5756    -0.104578      2.91715    0.0522328    -0.152903    -0.513275   -0.0699106    -0.612166    -0.597362    -0.202488    0.0763798    -0.551917    0.0339677     0.105704   -0.0673508   0.00198876     0.132984    -0.284844    -0.115487    -0.165795    -0.152388    -0.128005    -0.101937    0.0347898     0.274131    0.0295802    0.0431726      1.26225    -0.156294     0.104319     0.286215   -0.0530338
    0.240482     0.817878     0.332039    0.0457701    -0.493238      0.10745     0.253285    0.0933379    0.0556291    -0.408967    -0.224236   -0.0435593     -0.45193      0.11307    -0.989148  -0.00563846      0.21503     0.380663   -0.0187942    0.0796985     0.110748     0.223149    -0.816964    0.0580627  -0.00957358    0.0137571   -0.0611638     -0.12664    0.0572508    -0.139568     0.139323     0.505598   -0.0979991    0.0333427    -0.252374      0.38632   -0.0567234   -0.0128722    0.0239491     0.117331   -0.0505207    0.0486293    -0.136483  0.000857979    -0.256439     0.403025   -0.0697899    0.0197717     0.298265     0.623767    -0.175364    -0.009826    0.0566269      0.36228     0.569789      0.18852    -0.562239    -0.633516    -0.186542      0.12795     -0.22149    -0.321624   0.00494182   -0.0238412    -0.555114    0.0107198     0.146383   -0.0277245    -0.107725    -0.126324    -0.062111   -0.0581544    -0.523984   -0.0299997     0.148835     0.340313    0.0927248     0.120602    -0.127994     0.193826   -0.0222851   -0.0905546     0.413899      0.53034   -0.0470938     0.125537     0.134607     0.191314       -0.103   -0.0693728   -0.0589986    -0.457873    -0.302944   -0.0115548     0.657343     0.366872      4.19629   -0.0482295     0.340367    -0.469434    -0.175342     0.330849     0.283502    -0.156795    -0.411167     0.151274    -0.135106    -0.308967    -0.278878    0.0865433    0.0112674     0.440406  -0.00701913    0.0162308    0.0141999   -0.0987739    0.0251412    0.0587533    0.0817041   0.00352611     0.110123    -0.207535      0.49107   -0.0411707    -0.522517     0.575237   -0.0728926    -0.383964     -0.44888    -0.511805     0.102714    0.0285343    -0.837616    0.0312728      0.37119     0.113706    -0.209587    0.0242632     -0.11418    0.0573484     0.463837    0.0434176     0.111224    -0.125879    -0.628996   0.00814767     0.517858      0.01352     -2.79239    0.0929982    -0.229709    0.0957089     0.130122     0.162257     0.219996     0.103386     0.141866     0.231214    0.0530865     0.109783   -0.0301961   -0.0824973    0.0798324      0.37641    -0.104647      0.16255    -0.254737     -0.21696     -0.23823     0.212836    -0.137669    0.0643196      0.13268    -0.374109     0.012446    -0.675697    -0.901665    0.0146683     0.115433       0.2501     0.227075     0.396051    0.0223209    -0.431877     -1.21978    -0.100436    -0.119075    -0.126488     0.225847    0.0380685     0.254638  0.000946741     0.228253    -0.060557     0.146125   -0.0817751     0.009927     0.380077    0.0532946   0.00904858
   -0.317565     0.279631     0.152259    -0.260976    -0.472941    -0.302469     0.265889    -0.218511    0.0699959   -0.0864141   -0.0322247     0.516018       1.8946    0.0730808   0.00648401    0.0180224    -0.173675     0.100507    0.0410835    -0.187741   -0.0514926     0.270861     0.120244     0.391366     0.246251    -0.179049     0.265285    -0.471684    -0.264481    0.0802223    0.0236238    -0.124644    0.0389347    -0.264469    -0.737008   0.00861828     0.268849    -0.168677    -0.020783     0.420166     -0.22196    0.0331367    -0.134661   0.00530475     -0.18751     -1.48383    0.0709203    0.0554311     0.854126     0.473103    -0.192997    -0.155252    0.0635957     -0.17935     0.134838     0.103309     -0.56902     0.242831    -0.421206    -0.283117     0.201655    -0.676559     0.148093     0.234958    -0.268961     0.174244    0.0366704    -0.167221      0.32099     0.203115     0.032103    -0.261529  0.000535606    -0.325053    0.0283696      0.12315     0.035697    -0.308992     0.274333    -0.104169    -0.138416     0.343112    -0.109758    -0.603231     0.126567     0.197336    -0.290912   -0.0205894     0.108449   -0.0620183     0.804871    -0.016726     0.180563    0.0555436       1.4519     -0.58502      -0.6196     0.165557    -0.183187    -0.294827     0.223803    0.0060403     0.210843     0.210718     0.276154     -0.17169   -0.0586443     0.198887    -0.229124    0.0161419    -0.258781    -0.296613    0.0113075   0.00867469    0.0344879     0.214843    -0.197975    -0.391984    0.0645028   -0.0439876    -0.184265    -0.214357    0.0736861     0.652175    -0.170445     -2.13116     -0.18042   -0.0298527     0.121402     0.320842    0.0716923    0.0775404     0.885102   -0.0815903    -0.856955    0.0420117     0.221858    -0.417747    -0.232999     0.228496   -0.0870832     0.147448    -0.192795    -0.550954    -0.192472     0.242247     -1.94312    -0.221235     0.531046  -0.00802763    0.0129266    0.0369056    -0.280632    0.0149228   -0.0304999     0.405335     0.114352     0.149407   -0.0509055     0.044736   0.00470087     0.171208    0.0767727     0.212951    0.0644459    -0.116467    -0.140373    -0.124547    -0.275618    0.0222609    -0.477403    -0.402128   -0.0505879     0.136691     0.100504      4.05201     -0.54625    0.0317107    -0.501685     0.245747     0.715161     0.286735    0.0568848    -0.113393    -0.133315     0.153863     0.338656    0.0251301    -0.156637  -0.00892671     0.140351     0.117227     0.303459   -0.0890442   -0.0837168    -0.242552    -0.257468     -1.42657   -0.0900673     0.303672
    0.185869    -0.448011     0.288364    -0.125623   -0.0764627   0.00667194     0.379867     0.500803     0.235461     0.247199    -0.314467   -0.0994626    -0.270231    0.0661631    -0.430976    0.0553499     0.104553   -0.0539303     0.205008     0.284339     -0.36157    -0.239987     0.309368     0.133467    -0.271614     0.056064     0.255201     0.309848     0.140188     0.104445    -0.131389    -0.165083    0.0648559    0.0137935    -0.302399    -0.198005   -0.0429705    0.0484415    0.0241391     0.143294    -0.186875   -0.0289453      -0.4433    -0.106931    -0.249605     0.317448     -0.65943     0.180711     0.416419     0.378977    -0.134345     0.316796     0.113522    0.0767548     0.388927     0.406547    -0.449292     0.099752     -0.15646    -0.103268     0.222052    -0.067997    -0.128767      0.32692      2.49685     0.138203     0.203425     -0.11773   -0.0511682  -0.00817612     0.151637    0.0667927     0.257084     0.244895  -0.00620609     0.205275    0.0821278     0.052073    0.0728445     0.121033    0.0336968     0.170611  0.000146886      0.40595     0.138784     0.115797    0.0278565    -0.119813   -0.0511176     0.144695    -0.074756     0.294409    0.0491231    0.0562569     0.615335   -0.0723651    -0.842233   -0.0294232     0.483315    -0.229877     0.299034     0.202113     0.991984     -0.23113     0.122743   -0.0497768   -0.0325421     0.130378    -0.202896   -0.0621433    0.0928962     0.300692   -0.0498338    -0.052016    -0.173743   -0.0486383     0.206305    0.0806196    0.0114274    -0.042445    0.0114786    0.0118578     0.157911    -0.136995    -0.204806     0.537263    0.0713156    -0.234793    -0.043378     0.101454   -0.0599954    0.0484383     -0.41856     0.162818     0.418268     0.174706   0.00525996     0.405066    0.0854787    0.0592874    -0.150966     0.135952    -0.957262  -0.00940921      2.06246    0.0334923     0.443062    0.0777877     0.604671    -0.082036     0.126779    0.0322414    -0.400787     0.159145     0.103729     0.224707   -0.0205255    -0.667409   -0.0593973   -0.0930503     0.126014    -0.053725   -0.0760502    0.0767112    0.0907777     0.069265    0.0647561     0.179141    0.0596405   -0.0417435   -0.0383395   -0.0223093    0.0709372    -0.335645    0.0338319    -0.664567    -0.321664   -0.0728678    -0.640701     0.101183     0.238333    -0.654783    0.0468914    -0.249572     0.511905    0.0984901    -0.272229   -0.0685675     0.255359     0.133776    -0.041904   -0.0567884     0.303217   -0.0652947    0.0397063   -0.0849327    0.0493547    -0.233011  0.000979789      0.15981
    0.184232     -0.29806     -1.15162    0.0600171    -0.710001    -0.270262     -1.32868   0.00676028  -0.00287929       0.2312    -0.142144     0.112094    -0.254757   -0.0595437       2.6489   -0.0534177 -0.000159062     0.367734    0.0997993   -0.0898378     0.082576       0.5597    -0.360826   -0.0457996      0.18285    -0.258635     0.246813    -0.238837    -0.190149    -0.183498    -0.131089    0.0330874     0.102555    0.0506947    -0.635324    -0.148679    0.0893701     0.010643      0.17629     0.584479    -0.283982    0.0082578     -0.44505    -0.081599      1.70671     0.317399     0.254809    -0.124975     0.684938     0.604768   -0.0170249    -0.140751    -0.701079    -0.125401     0.323037     0.278949     -1.04299     0.120782    -0.404419    -0.353224    -0.032403    -0.366263    0.0577775    0.0485443     0.325007   -0.0451216    0.0607081   -0.0391624     0.204313     0.167309     0.136799     0.135478     -1.18624    0.0728788    0.0489798     0.197922    -0.102417    -0.157919     0.369008    -0.155532    -0.203649     0.196467   -0.0956976    -0.669702   -0.0670144    0.0658099     0.065278   -0.0908745    -0.253566    -0.190826    -0.544197     0.177539    -0.147196   -0.0291583     0.718791    -0.536496    -0.443396    -0.107261      -1.5781    -0.643917    -0.489655    0.0567576     0.463879    0.0953864    -0.114425   0.00557208     -0.32583   -0.0149012    -0.131065    -0.321057     -0.60906    -0.589271     -1.07081     0.286414    -0.126531     0.134826    0.0529361     -0.31046    0.0959981    -0.244488     0.108495    -0.273278     0.260441    -0.122835    -0.622007    -0.117062    -0.128947      0.18971    0.0884311   -0.0375611     0.444459    -0.112609   -0.0727421     0.251439    -0.857405   -0.0458874      -0.1615    -0.800639     0.296861     0.191984     0.570155   -0.0210791    0.0784793    -0.216242    -0.263318    0.0106003   -0.0752897     0.128742     0.257895     0.154194   -0.0966695    0.0633668    -0.145667    -0.225635    0.0528147     0.547337    -0.143976    -0.103663     0.060715   -0.0862043    -0.136796     0.158254 -0.000777102     0.224532     0.011188     0.243965    0.0842964     -0.37129   -0.0218192    0.0126099   -0.0803673    0.0360897    -0.110829      1.79026   -0.0460493    -0.524988      3.79395     0.119604     0.191979     0.286487     0.849275     0.104104     0.289723      0.08015    0.0595228     0.170843    -0.119355     0.206946    0.0168471    -0.108567    0.0475431    -0.335153     0.205278    -0.152538    -0.180702    -0.327675    0.0198584   -0.0277614   -0.0994881   -0.0883937
    0.084165    -0.261624     0.246678     0.199781    -0.581624     0.113756     0.425281    -0.982361    0.0738962    -0.130542     0.444937   -0.0874298    -0.408961    0.0852289    -0.657553    -0.297432    0.0313456    0.0421108   -0.0949773    0.0743838     0.101125    0.0821207     0.241811     0.267582   0.00869612     0.115656    -0.267612     0.174106     0.144622    0.0576416     0.409548      0.11398   -0.0198275    0.0230309    -0.211385    0.0617325   -0.0148635    -0.206791   -0.0565518     0.188822    0.0135761  -0.00201117      1.90072     0.228516   -0.0523011     0.313013   -0.0409251  -0.00174922     0.115346     0.484869    -0.244003    0.0388064      0.25116  0.000744414     -2.15621     0.158459    -0.296307     0.142746   -0.0648655    -0.210852    0.0853326    -0.364837      0.22907    -0.170581     -0.50684     0.132753    0.0993927   -0.0284662   -0.0641349     0.055542     -0.14092     0.105091    0.0242357    0.0131381    -0.139072     0.399906     0.332396    -0.161536    -0.565691     0.169751    0.0965853     -0.17326    0.0317885      0.64705    -0.064812     0.217525     0.290693   -0.0655634    -0.138236    -0.101867     -0.18059      0.17034    -0.045118     0.250314     0.513811   -0.0730956    -0.854317     0.264818     0.410648    -0.203019     0.214019    -0.269078     -2.83826   -0.0178003    -0.721668     0.211459     0.184385     0.145087    -0.119983     0.193695  2.35279e-05     0.236353     0.133119    -0.021258      -0.1418    0.0943191     -0.13396     0.407611    0.0384881    0.0161235   0.00231152   -0.0494421     0.567623   -0.0115697    -0.301055     0.320307    0.0494901    -0.210167    -0.298585      0.26317     -0.10006   -0.0889229    -0.873087  -0.00453343   -0.0706597     0.118103  -0.00125956     0.336852     0.127547    -0.301609    -0.128746    0.0878739      2.67787    0.0366732      -0.2708    -0.104477       0.7457    -0.300727     0.530156        0.046     0.011005    -0.112277    0.0649913    -0.590441     0.142755     0.408855     0.110488     0.235052    0.0437236     0.448623      0.21988   -0.0269309    0.0446761      0.16503    -0.319474      0.13069   -0.0816808    -0.021443   -0.0475362     0.277717    -0.228396    0.0490331     0.067681    -0.447244    0.0121601    -0.560663     -0.95765     0.137972     0.262317     0.333928     0.331896    -0.512925    0.0645873     0.919563   0.00553443    -0.198172    -0.197038    -0.227892     0.133422     0.166148     0.255079    0.0458776     0.382039      0.91291     0.206838    -0.173428    -0.136944     0.547178   -0.0539069     0.171906
    0.227649   -0.0340833     0.211145  -0.00849392  -0.00218406     0.543837    0.0714612     0.316007    -0.480485    0.0830183     0.104474    0.0911315    -0.398169   -0.0393347    -0.288203     0.235713   -0.0326742    -0.480142    -0.147495     0.161151     0.375866      -1.4236    -0.251124     0.237931     0.208156   -0.0290545     0.175305   -0.0347016     0.254478  -0.00399571    -0.280072    -0.162848   -0.0636277    -0.491347    -0.277799   -0.0918276    -0.203676     0.865115   -0.0171259     -1.54557       0.5455     0.223764    -0.141216     -0.23141    -0.333626     0.232961    -0.185234   -0.0150758     -1.29627     -1.24239    -0.180517    -0.199747     0.287867    -0.211398    0.0830345    -0.253197    0.0735626    0.0276913    0.0342778     0.274284     0.115142  -0.00720696    0.0735386  0.000755241    -0.324631    0.0207486     0.857694    0.0539895    -0.565738     -1.59397   -0.0616501    0.0956231     0.472851     0.107418   -0.0571566    -0.133865  -0.00501836     0.215173    -0.820817    0.0172829    0.0170554    -0.064251   -0.0729808      0.31541    -0.170981    -0.164655   -0.0826359     0.119506    0.0957663   -0.0651167  -0.00996651     0.149377     0.281281    0.0148264     0.259008      2.24472    -0.193399     0.114603     0.261785      1.74173    0.0774288     -0.16242    0.0776385     0.162784    0.0951256   0.00804523     0.330141   -0.0552164   -0.0146032  -0.00396569     0.288956     0.177218    0.0316787   0.00132492    -0.435801   -0.0947741    0.0667681     0.244189    -0.123624       0.1709     0.038942     0.287596   -0.0639478     0.120104      2.73884      0.52643     0.100916    0.0799426    -0.244362    -0.345208    -0.164209    -0.152845     0.327902   0.00814464     0.460677    -0.315914     0.288659    -0.342735    -0.115683    -0.543386    -0.140864   -0.0315755    -0.356519     0.050794    -0.448608    -0.195831    0.0459825    -0.316598     0.203056   -0.0277424   -0.0446925    -0.275311     0.319023     0.163963    -0.161479    0.0827135   -0.0234089    0.0474596     0.126582    0.0701054    0.0195842     0.161643   -0.0780647     -2.47014     0.531396    -0.274156   -0.0683785     0.277253     0.249946     -0.33492    -0.589469   0.00208044     0.142971    -0.253772   -0.0236828    -0.380675    -0.618423   -0.0265429     0.264838    -0.738365     0.202886    0.0544317     0.141383   -0.0660099     0.369369   -0.0350065     0.129232   -0.0297149     0.134633    -0.218781    -0.302698     0.511437     0.034073    -0.212619     0.086254     0.340058     0.156872     0.147365    0.0266366    -0.296512
  -0.0240423     0.101633     0.111825     0.165317    -0.261169    -0.140211    -0.190397     0.323446     0.123308     0.166198    -0.137441   -0.0776948     0.150024    -0.138574    0.0776428   -0.0734455    -0.282488     0.264888     0.129275    -0.057329    -0.150755     0.231775    0.0535961    -0.425777   -0.0160814   -0.0364942   -0.0585167 -0.000152637   -0.0372292     0.102914     0.189237   -0.0833851     0.186287     0.120787     -1.30866     -0.13733     0.097931   -0.0308911   -0.0118846     0.505768    -0.696225    0.0819715    -0.128841   -0.0339771    -0.245292    -0.353257     0.452348    0.0421536    -0.954027     -0.76107      1.21624    -0.171778     0.110165    0.0349716     0.370939    0.0259535     0.134726    -0.123971    -0.327906       0.1782   -0.0319383      2.68298   -0.0345634   -0.0443737    -0.472126  -0.00819773     -1.28716     0.218816     0.333732      0.56581   0.00910753     0.175916     0.375488    0.0657248     0.145292    -0.183566   -0.0476126    0.0437015     0.462107    -0.191174    0.0951087     0.089749     0.254573    -0.308295    0.0445648    0.0406691    0.0677035     0.138486    -0.084125    -0.203085    -0.160475   -0.0828404    0.0121809     0.110771     -4.49721    -0.400277     -0.63224     -0.11869    0.0484684    0.0459218   -0.0592325     0.189262    0.0968972    0.0648708     0.324947    0.0291953    -0.117466    0.0256097     0.151096     0.060983    -0.092361   -0.0804424      0.25552     0.141762      1.28799    -0.168197    -0.163112     0.134799     -0.14175   -0.0143143    0.0410058   -0.0834916     0.564957   0.00569841    -0.342677     0.222474    -0.132775    -0.318684     0.138188    0.0258919    -0.132267    0.0294756      1.16061    -0.183057     0.206281     0.280917     -0.17025    -0.127761   -0.0598658     0.299336    -0.310354    -0.133464    -0.244695     -0.27088    -0.212248   -0.0820845     0.140889    0.0296258     0.306808    0.0672624    0.0648244     0.176371     0.331157    0.0338911   -0.0173314    -0.227037    -0.247876    0.0672852   -0.0194964    0.0191058    0.0528545    0.0460469    0.0624767     0.508909    -0.278615   -0.0216497     0.394841   -0.0137224     0.291539    0.0422375    -0.892282     0.153156    0.0486715    0.0124054   -0.0482977    -0.227401    0.0902986     0.111956      0.22564     0.430272     0.158037     0.179925    0.0549275    0.0182016     0.178906     0.037553     0.157065     0.181023     0.299185   -0.0333952    -0.121039    0.0433163     0.361342   -0.0862996    0.0423802    -0.468233 -0.000955275    0.0744626     0.111746     0.218867
   0.0786347     0.408273    0.0523271   -0.0932103    0.0028442     0.277189    -0.195641    0.0621024     0.199784    0.0357813    -0.126786      0.16944    -0.105522     0.125218     0.142819    -0.126456    0.0172716     -0.23273     0.117506   0.00055629    -0.132637     0.105341   -0.0225122     0.391338    -0.123157  -0.00574659     0.139908    -0.309982     -0.26603     0.130899    0.0559729   -0.0200562   -0.0295708    -0.268464      0.31799   -0.0696005    -0.150887     0.206745    0.0645552     0.356157    -0.131551   -0.0279756    -0.224002    0.0215013    -0.114833     0.198057    -0.099062   0.00277569    0.0222684      0.42759    0.0457673    -0.330784    -0.123904     0.102223    0.0376664    0.0315623      0.26401    -0.285787    -0.238441    0.0246597     0.404612   -0.0229681    0.0115975   -0.0238526   -0.0173587    0.0202083     0.174437    0.0256067     0.249878  -0.00646241    0.0899277   -0.0498213     0.307884    -0.118182     0.278535     0.325438   -0.0177144    0.0296018    -0.147632    -0.202144    -0.141671     0.103117   -0.0796001     0.304425     0.104094     0.234777    0.0203762    0.0787593     0.093144     0.193304    -0.064933    -0.182924    0.0119636   -0.0557382    -0.469259    -0.467335   -0.0469378   -0.0682096   -0.0503625    -0.311519   -0.0642081     -0.15973    -0.362359    0.0255865     0.304984   -0.0210894    -0.146124    0.0429019    0.0292415   -0.0025712   -0.0187535     0.168245    -0.174593     0.026213    -0.107065    0.0354181    0.0177955     0.126259   -0.0146282  -0.00314118    -0.109632   -0.0280701     0.127586     0.300841    -0.211928     0.267253   -0.0896597   -0.0373873  -0.00474249 -0.000497428   -0.0855413    0.0685417    -0.378495    -0.116518     0.398538    0.0800131     0.061071    0.0358795   -0.0657229     0.105407     0.313822    0.0491797    0.0125626    -0.202261     0.179477   -0.0246821    -0.191758    -0.185662    -0.197504   -0.0734804   -0.0808761   0.00288535    0.0232066   -0.0453517     0.106873    0.0250237    0.0915679    -0.213709    0.0344483    0.0409088   -0.0796891   -0.0225483    0.0627612    -0.465205    0.0832921   -0.0287734    0.0142729   0.00484197    -0.240443     0.149081    -0.144085   -0.0541891    0.0112619     0.009465    0.0401302     0.347224     0.159185   -0.0814521    -0.103244     0.038055   0.00832894    0.0581411    -0.111643      0.39918   -0.0766193    -0.199611   -0.0837432   -0.0815616    -0.258257   0.00643333   -0.0652794     0.222423   -0.0418011     0.137584    -0.119933    -0.205348   -0.0686133    -0.212001   -0.0463112   -0.0699074
   -1.191
-0.397203
  1.43183
-0.459201
-0.815393
-0.778258
0.0276389
  -1.8934
-0.462496
 -1.86756
