3 8 0.5 1800
1
1
9 50
   -2.1842   0.804192    -4.6143   -1.50887   -1.28098    3.73765    0.33603   0.903863   -1.15283
 -0.621159  -0.129069   -1.02219  -0.174424  -0.989021    6.84704   -1.10849   -1.60833  -0.773144
  -1.52204   0.177416   0.160399   0.323714    3.96385    1.74866   -3.35914  -0.515362   0.359328
  0.235341    2.18405    1.00119    1.78144      1.395    1.10159    2.21084   -1.43277   -7.51405
-0.0576959   -2.50021   0.994943   0.798558    4.09787   -1.61764    2.18375   0.270086   0.164037
   1.15076     3.1791   -2.11832   -3.35333  -0.637559   -3.36164   -2.16125    2.06947    1.69572
   1.44209   -1.22981    1.30761    3.92041   0.997441  -0.407962   -1.92279  -0.548656  -0.735761
 -0.837442   -2.32453   -2.96851  -0.962378    3.23463   -2.44292    2.58844    1.65442    2.21958
   1.78883    0.46808     1.1816  -0.655803    0.39714   -1.46186    1.22371   -4.26835  -0.926246
   3.79859    -1.9769    2.28487   0.591388  -0.671117  -0.281776  -0.822736   -1.49082   -1.54108
  -7.49791  -0.144182    2.21993   0.198651    1.24254    1.37573   0.606526     2.5731   -1.06723
 -0.829911  -0.783371    1.90936    0.60983   0.430621  -0.684286    3.39452    2.50514   0.403765
    -2.988  -0.417256   -1.73071   -1.42367  -0.709255   -1.97765 -0.0165423   -1.36314    2.92623
  -1.17948   0.815418    1.95434   -7.32694  -0.134243  -0.326734  0.0709511    1.23798    3.10678
   1.76214   -1.41574    1.82473   0.562716   0.635441    1.82286   -2.36316   -3.35591  -0.107254
 -0.120609    4.31083  -0.498863    0.60055   0.415385    0.94211  -0.586408   -1.23615   0.621947
  0.691809   -4.06057    2.52807  -0.920301   -2.64337  -0.635207    4.06539   -3.86409    2.23761
  -1.51947   0.584946   0.650203   -2.09079    -1.2437  -0.666406  -0.438119    6.01309   0.516591
-0.0161578   -1.19381   0.269804   -2.95123    0.23433   -2.18638   -2.74255   0.575683    2.31383
   2.50242   -1.42666 -0.0610497    2.03325  -0.367681  -0.259958   -1.03186    2.89499    2.40459
 -0.457476   -2.36699   -2.28101   -1.85841  0.0949775    2.64513    -3.5959  -0.505807    2.36841
 -0.497592    5.36643  -0.149168     1.1898  -0.244655    0.34492   0.768847   -2.80746    1.34904
   1.39901    1.81743    2.32954   -1.58654   -5.67827  -0.198713   -1.34638    2.06592    1.80487
   1.07955   0.773047    6.19683    0.06882   -0.62486   -1.74821   -1.54731   0.497333   -1.27786
  -1.66668   0.573564   0.435341    3.28349  -0.618293    1.23976   -1.96427  -0.182681  -0.116985
 -0.434864    1.31829    1.01546   0.473759   0.937146   -2.96298   0.904283    1.66966   -4.16872
  -1.16118    6.46235  -0.905468  -0.706086  -0.493191   -2.37207   -2.59408   0.304663   -1.29947
   1.05156   0.596709   -2.72587   0.170099   -1.11565   -1.57488   0.766009    5.03016  -0.590549
  -2.33937  -0.801147  -0.233491    3.81402  -0.337982   -1.15698  -0.906721   0.348627    1.29488
   1.96926   -1.58057  -0.802526   -1.57434    4.80347   0.455784  -0.730743  -0.754463  -0.164845
   2.74091   0.821739   -1.34055   -1.67726   0.735573   -4.65584    2.92165   0.691211   0.326415
  -4.69629    1.82953    2.18139   -1.39682    1.12166   -1.12392 -0.0240413    2.03765    1.39574
   3.28366  -0.310396    1.61696   -1.36798   0.417045   0.270486   -1.05848   0.898906   -4.54764
  -1.35664    2.53805    2.20893   -3.13866    4.71673    1.63633  -0.458296   0.937523    0.80375
  -1.08636  -0.160931    6.08965   -1.15435  -0.139535   -0.61066  -0.554916  -0.679957  -0.822155
   4.32773   -1.10532   0.504071  -0.808344 -0.0904271   0.467868 -0.0561863   0.104164   -3.89937
   1.93178  -0.125073  -0.337904   -0.89768   -0.94126    5.86545   0.515566  -0.172362   0.806392
   1.04288    1.19958    2.95107  -0.807496   -3.02434   -2.64908   -1.34773   -3.25047  -0.216157
  0.255894   -5.19041    0.52594   0.180303   0.163945   0.274814     1.8965    2.41456  -0.614528
   1.53162   -1.38414    -3.1259    2.37901   -1.11242   -1.58699  -0.682287  0.0475685    3.30185
   1.35829   0.637307  -0.556468   -6.47493  -0.787705 -0.0228348   0.841746   0.062779  -0.366612
   1.14183    1.88397  -0.868525    1.15427  -0.439704  -0.331513   -1.31221    4.41897   -3.21777
  -2.78492     2.0038  -0.377427  -0.144406   -2.18545   -1.33092   0.638407    1.20432    -3.7252
  -1.80164  -0.552617    4.82921   -2.83927   -1.11645  -0.412295   -1.24154    1.66602   0.918624
  -3.27343    0.62178    0.46351    1.72395   -3.12544    3.04739   0.992538    3.15613    2.55495
 -0.933202     1.9317   0.328443    0.69104    1.58057   -2.16922  -0.552235    1.49499      0.447
   1.01089    1.17585    -3.5504    1.52019    0.65837  -0.913062   -6.22984  -0.453611   0.133058
  0.344819  -0.806147    1.42747   0.383655    0.47946  -0.306571   -6.26945  -0.279434  -0.345574
 -0.323683   0.816151   -1.31775     2.6679    3.06693    1.14755  -0.544522   0.966722    1.75341
   1.65121   -1.42207   0.787054   0.392543   -3.05248   0.716445 -0.0999036   -1.60862    1.74503
-0.218611
 -4.04615
 0.332414
 0.133002
 -2.27955
 -1.69704
 -1.74977
 -2.39047
-0.798176
 -2.97326
 0.273005
 -1.98251
 -2.15069
-0.782709
-0.897198
 -4.06688
 -2.43403
 -2.27606
 -3.17576
 -2.69921
 -1.94553
 -2.09834
 -2.18785
   0.5138
 -2.91122
 -1.92233
 -1.11861
 -1.66604
-0.217743
 -1.83036
 -1.96155
 -2.45829
 -1.64107
  -0.9843
 -2.47898
 -2.14313
  1.55225
 -2.25933
 -2.11246
 -2.39443
 -2.75512
 0.145914
 -2.76478
 -2.45762
 0.707571
 -2.03707
-0.956646
 -2.23194
  -1.5889
 -1.57365
1
1
50 50
    3.61075    -3.83712    0.308955     2.12822  -0.0989069     1.01443   -0.639609     1.35882    0.716808    -2.40241    0.851961   -0.753191    -1.07352     -2.1862     -1.6959    0.965204    -2.66557  -0.0604618    -0.58313    0.363919   -0.483179    0.273878   0.0707789    -2.86849   -0.141143  -0.0619987   -0.882283    0.680009    -1.18963   -0.262668     2.36748    -1.15278    0.139098    -1.37096   -0.640708   -0.445219     2.10449    -1.14111    -1.40789     1.16987     2.12806   0.0442407    -1.42946    -1.95974    0.351186    -1.00619     1.78548    -3.02891     0.66564   -0.718703
    1.74191       7.388  -0.0512738     1.38829    -2.52535    -2.03071   -0.427686    -1.82071    0.519745  -0.0951471    -1.68649    -1.09649    -1.65572     1.18661  -0.0775068    0.173081     -1.5042    -1.18398    -1.52375   -0.575369     1.71795   -0.211506   -0.114257    -1.33668    -0.67476    -1.93863   -0.368256    -3.09065    -1.32101    0.328447    -2.90994    -1.80397   -0.302129  -0.0467352   -0.486636   -0.328047    0.701037   -0.832459    0.258261     -1.7266    0.487701   -0.108622    -1.69141   -0.531844     2.17268    -2.09856   -0.446556     -1.3712   -0.676912   -0.525111
-0.00803094   -0.506402   -0.533653   0.0199942   -0.274651   -0.090643  -0.0515122  -0.0851012    -0.45479   0.0247151   -0.886555   -0.273935  -0.0449557   -0.276944  -0.0985857   -0.360544    0.121541    -0.61186   -0.373116 -0.00499804   0.0502717   -0.239505   -0.143086   -0.424378   -0.432833   -0.225786   -0.159705      0.1248   -0.417372   -0.279709   0.0482087   -0.422632   -0.251302   -0.155257  -0.0288635    0.257281   -0.382356    -0.19531    0.249163    -0.14154  -0.0740926  -0.0882126   -0.180579   0.0327149   -0.373527   -0.322138   -0.220857   -0.473904  -0.0362885  -0.0733758
   -1.29111    -1.14109    0.201614     1.05056  -0.0914485    -1.65995     2.64125    -2.38249    0.105209   -0.352025    0.673927    0.473491   -0.366273    -4.94027    0.541091    0.544174    -1.51419   -0.442972    -1.76942     1.09837    -3.33582     1.07702    -1.30606     1.35068     3.42572    -1.16416    -0.93097    0.632489     1.72437    -2.56321    -1.60105    -0.48583    -1.50607    -2.41321    -0.71562   -0.255488    -1.21947    -1.04246      -1.234     1.27694    -2.28224  -0.0638685   -0.759719     -2.2456    0.894409      1.5229    0.253605    0.707775     1.76653    0.793949
  -0.262288   -0.617276   -0.581103   -0.795187   -0.929781    -0.48563    -1.14023    -1.05315    -1.20385    -0.44123    0.437022    0.770577   -0.129113   -0.139731   -0.916469    -1.30344    0.829253   -0.511515   -0.924974   -0.413684   -0.427538    -1.22484    0.570928     1.95861  -0.0702662   -0.206822   -0.683669    0.268452   -0.680686    -1.44948   -0.702697    -1.08882   -0.638367    -1.16177   -0.307225   -0.859012     2.16082   -0.176327     1.29813   -0.558711    0.296922   -0.198167   0.0402301     1.13794     2.09865   -0.864104   -0.624106    -1.02146   -0.914794    0.142515
   -2.01618  -0.0274367   -0.436167    0.584425   -0.476336    0.296279    0.248893    -1.26333    -2.04975    0.735431    -1.37278   -0.282566    -1.27559   -0.538945      1.3719   -0.220511    -1.54136      1.4681   -0.184625  -0.0892298   -0.285361    -1.02743      0.0047   -0.240888   -0.155225    0.129675    -1.06928  0.00656612    -1.55758   -0.354484    -1.30821   -0.894454    0.118413     0.20673    0.880142    0.120689    0.161124    -1.39159    0.401977    -1.30967     -1.2018    0.640878    -1.10395    0.987602    0.295238   -0.521613    -1.86572     1.01221   -0.779398   -0.424641
  -0.132098   -0.915946    -2.17683    -0.35302   -0.899186    -1.91477    -2.00853   -0.328499   -0.506243    -1.39817    -0.58394     0.25715    0.507362   0.0639831    -2.07284    0.151178     0.95936   -0.781308   -0.626707    -1.68556    -1.43414   -0.129705    -0.38322    -2.86272    -1.12584   -0.334837   -0.551291    -1.36764    -1.79285    0.808483    0.652679   -0.627837    -1.11258    -0.60804   -0.954065   -0.835913    0.284603     -1.2873   -0.534158     -1.7428     1.76589    -1.76561   -0.368306   -0.994805   -0.689416    -1.70868    -1.91567    -1.23711    -1.91137    -1.30381
  -0.957511    -1.40166    -1.17916    0.577986   -0.629299    -2.18576     1.22277    -2.25464   -0.814172     0.09791     2.86996   -0.545563    -3.30089    0.094224    0.252938   -0.575798     -1.1556  -0.0421354    -2.22143   -0.346281   -0.835578   -0.362372    0.948845    0.375626   -0.757882     3.08387    0.358239    0.550904    -1.64838    -1.47075    -0.89763    -1.77025      3.5885     0.17255   -0.209123     1.67954     1.52238    -1.67714   -0.791327    -1.75049  -0.0308013     1.81106    0.512937    0.362022   -0.587694   -0.725023    -1.85917     0.57666   -0.738666   -0.985045
   0.378691     4.67573   -0.840149     0.91143    -2.38433     -2.0696   -0.877154   -0.938523   -0.694393    -1.55563    0.205601   -0.751695    -1.48326    0.734843   -0.858041   -0.961783    -1.37692    -1.46251   -0.925624    -1.36447     1.69439   -0.416221     1.27511    -2.78173 -0.00516754    -1.30095   -0.805292    -1.93096    -1.13102   0.0897549    -1.97457     -2.2508   -0.561588    0.942109   -0.112954    0.109716    0.442296   -0.543941   -0.806271   -0.135608      2.3903   -0.862036   -0.842834   -0.491536     1.61789    -2.17411   -0.906493   -0.908037    -1.25451    -1.16593
   -2.92158   -0.959256    -1.41622    -1.24988     2.57835    0.916573   -0.365363      1.6745    0.591014   -0.630031   -0.982189     1.37933     1.54275    0.401632   -0.183056   -0.129386   0.0228293    0.498537     1.32018    0.427804    -1.95412    0.173106   -0.849716     1.64695    -1.02806    0.165698   -0.398468    0.794151    0.920574    0.309193     3.05994   0.0117051    -1.16497   -0.728862   -0.273037   -0.305068     -4.7525     2.05671   -0.120867    0.120798    -2.83057   -0.447713    0.167574   -0.884163    -1.80952     1.84107   0.0774014     1.17185   -0.757063    0.424698
  -0.218541   -0.760195   -0.815361   -0.788504   -0.128199   -0.152073   -0.209469   -0.637912    0.793722   -0.207177   -0.795804   -0.769046   -0.044204   -0.602462   -0.308658    0.395362    0.380642   -0.449829    0.384829   -0.339118    0.456148   -0.143228    -1.07051   -0.146134   -0.443195    -0.57429    0.437091   -0.642571   -0.445687   -0.244079   -0.271079   -0.447466   -0.301418   -0.309797   -0.365163   0.0367041   0.0898124    0.400541   -0.148315   -0.403942     0.38229   -0.913792    0.076977   -0.342141   -0.634184    -0.70099    0.183675   -0.825577   -0.579805    0.290992
  -0.220429 -0.00770403   -0.488051   -0.408159   -0.132249    -0.35429   -0.069345  -0.0271355  -0.0896869   -0.303902  -0.0301782   0.0278425   -0.213242   -0.196835  -0.0399141   -0.283344   -0.400367   -0.123068   -0.333992   -0.490911   0.0960099   -0.074195   -0.184107   -0.182214   0.0162335   -0.334292  -0.0930752   -0.145791   -0.383253   -0.125579   -0.294785   -0.159901   -0.205153  -0.0959714  -0.0958932  -0.0113159  -0.0127341   -0.242708   -0.297613  -0.0312074   -0.228689  0.00881488   0.0116629   -0.227247    0.104308   -0.248636   -0.154861  -0.0690148    0.293477   -0.107728
   0.113807     -1.1089   -0.390553    -0.18719     2.38535    -2.51752    0.309591     1.11355    -0.42311    0.721765     1.58279     1.76551    -2.36188    0.494978     2.21012    -2.05997 -0.00697591    0.313618    0.568956     3.12623   0.0862177    -3.91471   -0.766913   0.0824652   -0.536924    -1.45179    -1.74258    -1.24166   -0.517228    0.269046    -1.64096    -1.90775    0.830376    -1.14817   -0.923807  -0.0848826     1.62964    -1.77203     5.05211   -0.387723   -0.352644    -1.50422    -2.51144    0.573364     0.94461   -0.517728    -1.90217     1.00304   0.0683503   -0.507266
  -0.446093   -0.249677     1.44761     0.40792    0.503029    -1.45075   -0.624061     0.31978    -1.06192    -1.51173      0.3117    -1.60914     1.24844   -0.626471    -0.87045    0.850626    -1.52626   -0.904701   -0.759775    -1.22561   -0.723488   -0.131226    -2.76626    -1.22997    0.370943    -1.15847     -0.1764    -1.28722   -0.188515   -0.641813    0.458525      1.5638     -2.4845   -0.907237   -0.417529    -2.07133    -2.69369   -0.260948    -1.72554   -0.455484   -0.358723    -1.85355   -0.848762   -0.247646    -2.06749   0.0567521   -0.453785   -0.531705    0.517375   -0.917344
   0.121427   -0.196139    -1.15716   -0.215237   -0.981712   -0.337016   -0.285562    0.417361    0.352266   -0.777562   -0.810299   -0.741049     0.24824   0.0182868     -1.5375   -0.578771    0.227699   -0.137751   -0.646792    -1.39515   -0.123753     1.18453    -1.24071    -1.32615   -0.950636   -0.681168     -1.2634   -0.597254    -0.23892   -0.868063    0.637412   -0.374648    -1.08397   -0.110623   -0.406428    -1.01887   -0.679323    0.094112    -1.33781    0.325536    0.377298   -0.746605    -1.06945   -0.195893    -1.30275   -0.223247    0.452147    -0.96871   -0.776525   -0.602328
  -0.825986     1.64685    -1.67253   0.0906594    -2.21238   -0.774687   -0.507926   -0.486487    -1.40212    0.303192    -4.06782   -0.566344    -1.47954   -0.178744   -0.888963    -1.03914   -0.154959   -0.923094    0.438652    0.421415    0.384754     -1.0204    0.164576    -1.75645    -1.22926   -0.260526    0.139672    0.717983    -1.74897    0.560119   0.0900017    -1.76938    0.545911    -0.75648   -0.686139    0.792548    -1.12233   0.0161489 -0.00361559    0.089632     1.60841    0.438251    -0.16873    -2.35627   -0.582864    -1.27002   -0.350381    -1.72314     -1.3411    -1.40399
   0.990173    -1.48445  -0.0400926   -0.932471  -0.0662375   -0.122316    -1.31214   -0.370001   -0.530484   -0.508684     0.73101    -1.44758    0.349996   -0.728378   -0.675552     1.99554    -1.49621   -0.980137    -1.21079    -1.20628    -1.15825   -0.897347  -0.0468974    -1.51515   -0.746111   -0.211513     2.15448   -0.921253    -0.43188   -0.205352   0.0315991    0.937296   -0.912308    0.135509     0.33409    -1.27845    -1.06635    -1.06862   -0.625944   -0.913196   -0.491829   -0.276481    0.518007   -0.272812    -1.84168     -0.8852   0.0561671   -0.998885  -0.0869737    -0.67308
  -0.413539    -2.47331     2.87508     1.23663     2.65088    0.999709   -0.246147    0.269871    0.647376   -0.722862     1.19067    0.411927    -1.38658    0.315103  -0.0751468   -0.174749    -2.21349   -0.437737   0.0224946    0.181217    0.511139    0.282389    -3.49111    0.450544   -0.813314    0.250553    -1.76358     0.24035    -1.00359     2.84422    0.336875     0.48988   -0.785942     3.78706    -1.29026   -0.839492   -0.390767    -3.48708    0.146553    -2.70327   -0.324548   -0.976261    -1.97572    -0.72967    -2.73162    0.738767     1.38656    -1.63915     2.83235    -2.21522
    1.44818     2.17292    0.205282    0.691332    -0.79356    -1.83901   -0.495691   -0.660012    -2.42014    0.681194    -1.34317    0.238697    -0.16033   -0.078856   -0.253661   -0.873837   -0.583392    0.814252   -0.517048    0.365479     1.24306     -1.1094    0.205881    0.739446    -0.93822    0.099267   -0.208903     1.10032   -0.884841   -0.539674    -1.50796   -0.975629  -0.0539971     1.49273    -1.56591    0.199848   -0.411229    -0.93979     1.56291   -0.827523    0.889035     1.42539   -0.435554   -0.906543    0.957896    -1.25615   -0.443572    -1.28065   -0.668926   -0.502212
  -0.414608   -0.601426    -2.92407    -1.69774    -3.26341    0.648339   -0.710987    -2.61108    -1.84167   0.0727315   -0.944671   -0.566874   -0.256948  -0.0531159    -1.79819    -1.29567     1.63805     0.10786   -0.411994    0.424202   -0.369631     0.34541     4.21395    0.245327     1.30223   -0.194125   -0.210678  -0.0880709    0.455275    -3.47582   -0.433453    -1.11435   -0.560671    -1.93412   -0.554534   -0.235015     1.81916     1.71591    -1.26481    0.715029  -0.0679701    0.492547      1.1344    0.241232     2.62565    -1.27577   -0.788825    -1.54832    -1.81327     2.83003
   -1.40022   0.0383343     1.39467    -1.12188    -1.14934     1.99289     1.16588    -1.68348   -0.686452   -0.771169    0.587957    -2.11234    -1.74225    0.923159    0.894688    -0.15851    -3.30376   -0.387613     2.11958     1.16737     1.33713    -1.59066    -1.06282       1.069    0.316691    -1.47888     0.59879    -1.53623   0.0374403   -0.351628    -1.76954    -1.78574   -0.590506    0.325099   -0.822886    -2.14434    0.129462    0.268047  -0.0160349   -0.643827    -0.90749   -0.261536     -1.8249     0.25235     1.20208  -0.0997236      1.0131     4.71316   0.0810078   -0.592648
 -0.0429813    0.129523  -0.0650534  -0.0303574   -0.233208  -0.0349419   -0.275509     -0.2658   -0.163813   -0.386648   0.0250342   -0.458781    0.415033   -0.348276   -0.441858  -0.0783721   -0.476344   -0.601296    0.119701   -0.340126    0.206582  -0.0841293      0.1023   -0.945537  -0.0880303  -0.0877368  -0.0471694   0.0447092   -0.342011   -0.045179   0.0699747   -0.249372  -0.0884365   -0.224363   -0.271749    0.154205   -0.295327  -0.0998286  -0.0729661  -0.0667078    0.160397   -0.151925   -0.193655  -0.0351243   -0.467124    -0.46894    0.335069    -0.58822   -0.134074   -0.260234
  -0.171582   -0.457424   -0.312149   -0.242073   -0.240971   0.0691981   -0.201209   -0.198463    -0.27782   -0.241234   -0.168155   -0.256311   -0.225249   -0.031252    0.189359   -0.176695   -0.321609   0.0215659   -0.253669    0.180424   -0.046262   -0.538816   0.0452006    0.213564   -0.266351    -0.36586   -0.175575   0.0649172  -0.0558939    -0.29626   -0.438755   -0.346662   -0.324368   -0.280987   -0.173061   -0.225378   -0.237181   -0.385698    0.115381   -0.253351 -0.00753081   0.0978783   -0.202399    0.174289   -0.101211   -0.236196  -0.0962035    0.154577   -0.529811   -0.176014
  -0.875477   0.0900974   -0.853347    0.273085   -0.687055   -0.825255   -0.590713   -0.719503    -0.56209   -0.594148   -0.729671   0.0676471    0.472999    -1.12075    -1.34251   -0.403289  -0.0155844   -0.548829    -1.15292   -0.553889   -0.514975    0.591086     1.30116   -0.520963  -0.0438921   -0.306691   -0.882976  -0.0933086   -0.278547    -1.13558    0.543944   -0.632826    -1.24411     -1.3165   -0.514626   0.0682481    -0.38195    0.490924   -0.826824    0.747887   0.0434924   -0.387792   -0.112226    -1.15536    0.145622   -0.450796   -0.520237     -1.1165   -0.631218    0.393906
   -2.62619    0.461719     0.13893     -4.8928  0.00865237    0.445761    -1.20005    0.240571    0.523404     -1.7736   -0.163273   -0.307872    0.709455  -0.0690698   -0.232546   -0.507466   -0.183457    -1.18836     1.19033    0.584794    0.512512  -0.0590907    0.847205   0.0904256   -0.664169    -1.92107     -1.0117    -1.77377    -1.09958    0.422937    0.759566    0.829464    -1.48292   -0.205305    -2.10556    -2.84944     0.19807   -0.222777    -1.12899     1.55017   -0.522226    -1.18855    -1.63661   -0.665463    0.223253    0.730254    -1.02456     1.07424  -0.0996726    0.718255
   0.445159    -2.01107    -2.01003    0.316274  -0.0456359     0.74571    0.857561   -0.562396   -0.333465     1.92882    -6.72056    -1.14042    -1.28208    0.485507  -0.0429823   -0.372239   -0.337695    -1.70385    0.587507    0.888742   0.0884584    -1.02264     1.54335 -0.00730145    -2.31301    0.374218    -1.40479    -0.19506    -1.63171   -0.414161     1.55471     -2.4608      1.1329    -2.10866    -1.52284     3.15091      0.1533   0.0840804     1.15344   -0.418934   0.0850562      1.1426   -0.768653    -1.95511   -0.856816    -1.15193    0.498505    0.456643    -1.51522   -0.611594
  -0.030159   -0.352661   -0.145529    -0.49314   -0.282687 -0.00906374    -0.40086  -0.0911708    0.155802   -0.244172   -0.525297   -0.464171    -0.36317   -0.475693   -0.176543   -0.362954   -0.247929    -0.38114   -0.161505   -0.451949    0.467674   0.0245044   -0.515678  -0.0902261   0.0141166   -0.434391   -0.518329   -0.177097    -0.45129   -0.123144    -0.30382   -0.115952   -0.284319   -0.291079   -0.119822    0.339001   0.0356208   -0.431247   -0.432252  -0.0311952   0.0247518  -0.0147696   0.0405851     0.34055   -0.484905   -0.333892     0.28187   -0.647925   -0.134799    -0.27107
   0.518527   -0.207735    -1.41002  -0.0852469    -1.14727     1.65338   -0.837904    -1.55564   -0.115356    -1.60152   0.0185021    -1.59313    0.278412    -0.70966    -1.60464     4.35576   -0.838755    -1.20355   -0.515502    -2.57876    -1.50758    0.403943   -0.603645   -0.565333   -0.948586    0.278965     5.28203   -0.210659   -0.407876   0.0895709     0.14139    0.220979    -1.60626  -0.0842811   -0.687179    -1.52436     -1.2755  -0.0927306    -1.33973   -0.969898  -0.0467021    -0.08043     1.43514   -0.625029   -0.542606    0.357434     1.02886   -0.721853   -0.386076   -0.582321
  -0.617282    -0.19875   -0.321747    -1.58493   0.0317938    -1.45902   -0.219302   -0.416978    0.298297   -0.618085   -0.379216   -0.610171   -0.352748   -0.202282  -0.0790252    -1.26485    0.679467   0.0720213    -0.58775   -0.782083     -0.1769     1.39942   -0.375316    -0.74863   -0.473327   -0.972459    -2.12196   -0.399556   0.0974072   -0.301744   -0.980865   -0.330882   -0.507209   -0.265327   -0.816772   -0.231704   -0.240229    -1.38301    -1.62089    0.397215   -0.787411   -0.826796    -1.10369    -1.74296   -0.563731  -0.0688136    -1.45128  -0.0962479    0.624502  -0.0590248
    1.59983    -1.10604     1.46378     1.39242   -0.127638    -0.50542    -1.27172     1.71996   0.0485068   -0.412678   -0.332045   -0.880761   -0.261754    0.544762   -0.642628   0.0111099   -0.712849    0.264175    0.394276    0.392716    0.502605     1.47196    -1.42459    -2.77288    0.726605    -1.69271    -1.32879   -0.413909    0.739409    0.462218   -0.363144    0.705242   -0.916031    0.506452   -0.496991    -1.39192    0.164138    -1.92342   -0.342286   -0.227833   -0.373102    -1.17525    -1.40094    -1.42615    0.766062   -0.296405     1.31323    -2.61668      1.3196    0.636625
   0.581373   -0.585907    0.710332    -1.60449    -0.14945     1.00706     -2.1788    0.569012    -1.02674    -1.77532    -0.86406   -0.757774   -0.790347   0.0621922  -0.0865224   -0.853767   -0.322807   -0.596273     1.21971 -0.00425161     1.62824    0.588779   -0.264028   -0.359193   -0.877332     -1.8588    -1.56431     0.40286  -0.0608775    0.214742  -0.0909223    0.291891   -0.864813    0.407239    -1.40835   -0.644651     1.66549   -0.874719    -1.84128    0.496047   -0.387996    0.660614    -1.21354    -0.83595    0.258534   -0.392947     1.29041    0.557987    0.511326    0.477009
   0.458285    0.114903    -2.07341      1.3169     0.68764    -3.40003    -2.28409     1.43114    0.704279   -0.465418   -0.209737     2.74198  -0.0855857      1.9923    -1.93515   0.0869897     3.65676    -1.65465    -3.50293    -2.52558    -2.99868     1.46787   -0.719704    -3.38566    -1.33956    0.402144   -0.726409    -0.31163     -1.9761    0.532143     2.78595   -0.494026    -0.44229   -0.487004   -0.466154   -0.397952    0.106676    -2.23014    -1.73754   -0.199713     1.17885    -0.81843    0.130169    -1.62783   0.0706816    -1.70938    -4.57719    -1.31456   -0.524434   -0.510442
  -0.268204    0.299855    0.977944    0.877517  -0.0473043    -1.48043    0.131965    -1.99858     3.27831    -1.33141   -0.409202    -1.71787     0.29858   -0.604271     1.03023    0.400177     3.12363    -2.57931   -0.380628    -2.27742   -0.283343     3.04046     -3.0613     2.19382   -0.334312    -1.01848    -1.07116    -2.80092    0.192201    0.973263    -1.16382   -0.606515    -2.88161   -0.489836   0.0564966   -0.681084      1.1738    0.500711    -3.89886    0.634574   -0.660622    -2.43018    -1.36593    -1.46081    -1.76956   -0.832588     1.20794   -0.898574    -1.49571    0.473986
  -0.525042   -0.646354    -0.17758     1.16929    0.890562   -0.916956    -1.90465    0.552837    0.925688   -0.890554     0.59036    0.391462     1.05916     1.90301  -0.0368626   -0.838518     0.84466    0.802109    -1.32764   -0.758949   -0.991846    0.985523   -0.200076   -0.798002   -0.746469    0.580609    -1.34271  -0.0469633    0.594788    -0.41349   -0.738173     1.74283    -1.56875     0.88258    0.611305    -2.74571    -1.29901   -0.779724    -1.29609    -1.43575    -1.34091    -1.82199    0.995915   -0.116744   -0.700307   -0.443587    -2.26446   -0.754656   -0.324772    -1.32403
   -1.31063    -1.44244    0.353261     -1.5467   -0.242673    -1.30946   -0.336199    -1.99778   0.0712371   -0.358745    0.178579    -1.33157     1.09315    -3.45457   -0.749639     2.75778   -0.358842    -0.87902    -1.01554    -1.68083    -1.05773   -0.814189    -1.19347     1.02052     2.00007   -0.305685     2.19977   -0.314807    -0.29222    -1.75812    -1.44817     1.29248    -1.14898    -1.23157  -0.0939375   -0.909578    -1.20454    0.793943   -0.980566    0.407283    -1.39431   -0.672085    0.997738    -1.26346   -0.972406    0.471156   -0.318047   0.0596465     1.12416   -0.170637
   -0.10225    -0.84831   -0.615617    -6.17397   -0.796744     0.76287    -1.06744     2.28322    0.531198    -1.15106    0.605752   -0.712796     1.30769  -0.0567401   -0.751677    0.299292     2.27903       1.357     2.27243    0.333915     1.08038     1.95351  -0.0713087    -0.70868   -0.590848    -4.16531   -0.107312   -0.378621    0.737631    -1.59811   -0.102962     1.68622    -1.28615   -0.466843   0.0353298    -1.48972    -0.73453    0.635753   -0.764792     2.75081    -1.44443    -1.25701    -1.78917      1.1101    0.681906    0.360573   -0.056552    0.318231    0.321398     1.52896
    2.03055    -1.81406    -1.05425   -0.546352  -0.0476832    0.793027    -2.36644    0.326229    0.679404     -1.0813   0.0766095    -1.12385    -1.67078     1.59528    -1.17225   -0.623417 -0.00335775    0.548381     1.47567    -1.42745      1.3608   -0.150818     1.76107   -0.978649    -1.81028   0.0240095    0.538754    -1.19007    -3.50902    0.728499    0.127679    -1.23457    0.904979     1.67172    0.188107     1.01829     1.51189  0.00236871  -0.0209014    -3.14683      6.3261    -1.06718   -0.359364      1.5488    0.160086    -1.14582    -1.40123     -1.9344    -2.30647    -1.07588
  -0.277196  -0.0446727     -0.1053   -0.451477   -0.442341    0.130973  -0.0624873   -0.324214   -0.238468   -0.162118   -0.552255   -0.324507    0.121919   -0.438377   -0.111818    0.351212 -0.00604758   -0.238642  0.00367175    -0.27781    0.224215  -0.0785489   -0.313107   -0.193513   -0.085903   -0.201727     0.39575    -0.29439  -0.0727314   -0.339833   -0.276216   -0.458436   -0.175191    -0.27255   -0.297515  -0.0294192   -0.215156     0.15487   -0.403201   -0.291294 -0.00760783   -0.181247  0.00326394   -0.167921   -0.414383   -0.254016   0.0680992   -0.343483   -0.268889   -0.270213
   0.151828   -0.187411     0.54191    0.384862    0.472522   -0.850502   -0.342545   -0.891076    0.816527  -0.0283264   -0.265682   -0.773031     1.01848    -0.64349    0.650754  -0.0198311     1.34664    -1.10183 -0.00658424    -1.15768   0.0470328    0.859257    -2.02756    0.906373    0.366838   -0.866325   -0.274039   -0.251792    0.448026   0.0455104   -0.635018    0.332508   -0.893695    -0.39434    -0.11525   -0.387447  -0.0843065     1.37907   -0.930476  -0.0338877   -0.747319    -1.51491   -0.460149   -0.593838     -1.5826   -0.913024  -0.0700738   -0.400938   -0.692908    0.715134
   -3.14831     -1.0587   -0.343387    0.322358    0.377231   -0.484286    0.558861    -2.53858   -0.569735    0.355276    0.722294    0.599042    -1.81227     0.36272     1.75134    -1.62806    -0.79582   -0.268551    0.697886     1.49128    -1.58939    0.215979     1.21048     1.90885     0.52704   -0.564476    -1.70861    -1.89687   -0.131896    -1.31994    -2.12125   -0.735749   -0.650879    0.327832     6.17214    -0.43174   -0.848394     1.35731   0.0156965    -2.37836    -1.64479    -2.48785    -2.25013     3.74439    0.321538     1.12698      -3.347     0.45134   -0.899921    0.404429
   -1.45922     1.60313  0.00471903   -0.803605     -0.3204    0.553366     1.09219   -0.898068   -0.921209     1.63177   -0.245805    -1.53751   -0.443745   -0.105792     1.78222   -0.688219    -1.34394   -0.545905     0.39085    0.991143    0.210892    -2.27606    0.909611     1.68073   -0.699032    0.686638   -0.359946   -0.980651   -0.866244     0.69961   -0.139587    -2.99804      1.2099    -1.79594   -0.854485    0.940632    -1.76231   -0.939851     1.10352    -1.34653   -0.072151   -0.881107   -0.485045   -0.239845    -1.70343   -0.268541   0.0731156     2.12563    -1.29036   -0.983312
   -2.59154   -0.260327    -0.28323     -1.7598     1.82893    -0.92649     1.39473   -0.970201     0.14725    -1.21644     1.19051    0.196239    -0.19518    -3.73385   -0.784451    0.210162    -1.31171    0.240984     -1.1416    0.862015   -0.640696   0.0790866    -1.16941     1.62343     2.12078    -0.50892   -0.304746    0.628279  -0.0514679    -2.38314     -1.2179    0.522221    0.359552    -3.01169     -1.5315   -0.775893    -3.15536     0.12244   -0.802413     1.05454    -1.15741   -0.343297    -1.29287    -2.40083   -0.166455     1.16196  -0.0351753    0.585107     1.29123   -0.832792
  -0.498896    0.367402   -0.389602   -0.720092    0.402251  -0.0752113   -0.702328  -0.0301883    0.528128   -0.562962   -0.822981   -0.679951    0.378783    0.659169    0.246458   -0.799589     1.33852   -0.133831    0.890763    -1.15598     1.05937    0.452395   -0.776152     0.34624   -0.170375   -0.792098    -1.22246    -1.18002   -0.510917    0.239288    0.379649   -0.372291   -0.592257      0.3624   -0.219638    0.640935   -0.808872     0.58554   -0.992282    -1.06849    0.866918    -1.47745   -0.690611    0.374581   -0.588739   -0.873057   -0.239135    -0.84216   -0.767539    0.569957
   0.267089    -0.48353  -0.0466565   -0.406067    -0.37492   -0.315205   -0.354347   -0.348172   -0.270015   -0.128574 -0.00682101   -0.307338   -0.201012   -0.527411   -0.436378   -0.182371   -0.215244   -0.226325   -0.160285    0.093252    0.195626   0.0483137   -0.299543   -0.237328  -0.0702966   -0.698432   -0.281753    -0.27128  -0.0240118    0.158857    0.105572    0.151997 -0.00161264   -0.479904  -0.0744805   -0.206939    0.611388  -0.0337219   -0.433228   0.0414444  -0.0746762   -0.264043   -0.144803   -0.218422   -0.201352   -0.508638    0.281161   -0.148379 -0.00431028   -0.250112
 -0.0962874     1.37176   -0.208271   -0.710858   -0.353766    -1.23416    -1.51212   -0.518541    -1.49919   -0.250113  -0.0156372   -0.748878    0.444718    0.206622   -0.929531     1.71243    0.300149   -0.464752   -0.872253     -1.0554   -0.404155   -0.304735   0.0492542    -1.77672   -0.869635   -0.816866     1.58412    -1.19194   -0.981088   -0.136962   -0.230435    0.430868    -1.70954   -0.201216   -0.830724    -1.04924   -0.671051   -0.349961    -1.07547    -1.91164     1.35777    -1.35043    0.506594   -0.556854   -0.574881   -0.968003    -1.82393   -0.518529     0.03479   -0.377328
  -0.679113    -1.19882    0.085701    0.163094      0.5932   -0.363759   -0.119417    0.497802   -0.302333    0.728291    -1.66422    -1.40198   -0.328802    0.100772   -0.104217   -0.693278   -0.335264    -1.09913    0.318732   -0.575862    0.482914   -0.877737    -1.19101   -0.579811   -0.656487   -0.763479   -0.771259   -0.808324    -1.15673     0.07475   -0.301778   -0.706678    0.746168    0.950643    0.281082   -0.095043   -0.650487   -0.861432     1.22234    -1.09766    0.861234    -1.14782   -0.622553    0.936433    -1.92658   -0.159957   -0.728072  -0.0489515   -0.416271   -0.787335
   0.835935    -2.10669     1.67988     1.35256    0.769547    -2.05739   -0.688786   -0.384644  -0.0457818    -2.74441     3.01027    0.477121    0.452185    0.618126   -0.549594    -1.39877    -2.12899     1.56236    0.108384   -0.347925   -0.888046     1.81775   -0.137036   -0.349744    0.626269   -0.180883     -1.6919    -1.33509     1.22287    -1.71197    -2.07361     4.12426    -2.61006    0.369278    0.962415    -3.64141     -0.4805    -1.07136    -2.09938    -1.40257     -1.8128     -1.3471   -0.211997     1.12064     2.28934  -0.0624414    -3.69932  -0.0142856  -0.0282112   -0.710856
  -0.159947   -0.856532     0.35762    0.302146     0.41143   -0.791304    0.728659  -0.0817545   -0.844369   -0.337472   -0.377547    0.108332   -0.995392    -1.05746    0.919114    -1.01342    -1.71003   -0.522754   -0.701464     1.07884   -0.615297    -1.49094    -1.61377   -0.106992    0.122564    -1.33366    -1.35993    -1.10256   -0.351237   -0.370835    -1.84985   -0.873093   -0.915308    -0.28825   -0.611021   -0.566294   -0.119868    -1.16835   -0.309403   -0.149218   -0.427734   -0.917234    -1.11423    -1.07261   -0.480282    -1.03889   -0.503854    0.588571    0.758808     -1.0492
   0.828096    0.175364    0.537477   -0.868897     0.50475    -1.97853    0.889266   -0.492858     3.54744    0.773725  -0.0568073   -0.740873     2.40508   -0.599026   0.0028051    0.539473     4.28194     -6.2106   -0.979199    -2.46725    0.206977     2.31229    -1.15535   -0.561662     1.05433   -0.899606     1.42032    -3.48066    0.419515    0.337259     1.03084    0.851376   -0.153621   -0.199314    0.882246     1.39091     0.45103      1.9978   -0.951697    0.243764     1.09986    -2.97054     2.52942   -0.180424   -0.904835    -1.02876     1.45244   0.0114137    0.192628    0.834506
  -0.112129    0.292722   -0.155883   -0.205174   -0.326032   -0.248413    0.104626    0.181542   -0.270713   -0.103458   -0.260714   -0.174046   -0.158432  -0.0595584   0.0592597   -0.482809   -0.123476   -0.114958   -0.300111   -0.266973    0.088277   0.0231117   -0.634745   -0.174986   0.0795267   -0.241915   -0.301785   -0.126751   -0.221843   -0.230037     -0.1679   -0.430661      -0.108  -0.0525701   -0.252376   -0.204367   -0.279645   -0.119081   -0.115867   0.0137566    0.302181   -0.137408    0.051352   -0.153635  -0.0361529   -0.134892   -0.170363   -0.232101   -0.141551   -0.391997
  1.87542
 0.705152
-0.770017
 0.503939
-0.401199
 -3.14232
 0.235602
  0.53533
0.0585288
-0.944755
 -1.03209
 -1.49737
-0.488041
 0.337371
-0.216929
-0.197609
 -1.56564
 -1.31194
-0.495149
-0.440067
-0.676452
-0.646262
 -1.20728
 -1.48926
 -1.19011
 0.566088
 0.292593
 0.438764
 -1.01034
 -1.78482
  -1.8113
  1.92761
  1.47593
-0.736266
-0.869253
 -1.86601
 -2.61481
 -1.00726
 -1.71546
 -2.15723
 -1.61675
-0.538558
-0.234174
 -1.18515
-0.398606
 -1.17616
  -1.0267
0.0102548
  3.27437
 -1.19434
1
4
50 10
    0.289834      2.34118    -0.357608      1.80806     0.555299    0.0790745      2.13633    -0.362903     0.799134    -0.961347      1.11886   -0.0455435     0.823493     -2.78309     0.833714     -2.23807    -0.228303      2.12343      1.69772     0.706449    -0.311031     0.608471    0.0177087     0.615862      1.27248     -11.6744    0.0646237      1.46725      -0.2719     0.836912    -0.158137      3.11117    0.0831359     -1.07366     -3.00657     0.274838      1.54823     0.402786    -0.338378      1.04712      2.62478    -0.738358      0.37683     0.172619    -0.563102    -0.685834      -4.6798     0.183267     -2.41098     0.343775
      1.4491      1.52568     0.383259      2.10434    -0.690223     -1.19653     0.395828   -0.0587092      2.62539     -0.19871    -0.174511     0.431522     -5.82803    -0.499586      1.34453        1.778     -3.54811      1.41098     -1.48241      1.35279    -0.805605     0.268781   -0.0814275      1.15744    -0.394774      1.62932     0.377277     -10.9521      1.38408    -0.180697   0.00202413      3.01869      1.11824      1.54099     -1.70523      2.92775     0.463559    -0.409585      1.01427      1.08176    -0.356579      1.06629      1.12093     0.577817     -1.23237    -0.559181     0.728894    -0.163132    -0.928222     0.473354
    -2.39104     0.346554    -0.183746      1.95571       1.2134       1.0613    0.0546233      1.05358     -1.55278       1.4768    -0.833612   -0.0131234      1.93434     0.446018     -1.29577     -1.41826     -1.36365      2.82377      1.85521      1.01011      2.03739    -0.713176     0.185871    -0.593258      1.13198     0.915379    -0.366937     0.500506     0.503092    -0.638048    -0.586846    -0.624311    -0.517037      0.51034      2.20481      0.86268      -1.5897    -0.442754      1.88073     -13.8188    -0.196996     0.896838     0.789491    -0.293476    -0.791719     -1.13452      2.08015    -0.412873     -1.43328    0.0788635
    -1.46523     0.447033    -0.488429     -9.47004     0.142337      1.28887    -0.812691    -0.879811    -0.842679      2.80784     -0.87514    -0.131883    -0.439935     0.582599    -0.824493     -1.32673     0.899616      1.77857    -0.191064     0.185885      1.27703    -0.288088     0.202601     -1.40216       1.5271     0.782147    -0.585281       2.3323     0.151438     -2.02141     -0.15398      1.42469      1.74193      1.04489     -2.05486      2.16445     -8.30527   -0.0205411    -0.856444      1.65423    -0.507521     -3.84515    -0.307568   0.00497374     0.388212    -0.258614       1.7256     -1.53241     -1.45693    -0.263048
    0.325397     0.161784     0.253265      0.10489    -0.957215      1.14298     0.183536     0.958918      1.42175      1.29321   -0.0669676     0.101821      2.27985     0.212134      1.77183      1.74791       1.9269     -9.00861    -0.145652     -10.0468     0.741056    -0.105562     0.663567     -1.48014     -1.84132      1.12606     0.130814      1.88208     0.466297    -0.904831     0.561594      2.69427   -0.0584299     -1.15125      1.52875      2.62223     0.885183     0.124697     0.314015      2.24317      2.02033      2.50243    -0.285214     0.182847      0.43095     -1.03644     0.439222    -0.745855     -1.66957     0.248747
     2.11825     -7.40403     0.180676     0.789199     0.803052      2.85929    -0.122797      1.22103     -5.98035      -6.6288     0.870027    -0.184639    -0.208398    -0.340314    -0.909675      -1.4747      1.33997      1.43029     -2.07671      1.52938    -0.692769   -0.0857463     0.299919   -0.0137652      0.77072      3.85229     0.325545      0.86488    -0.726034     -0.48625     0.355248      2.43223     0.200426    -0.529843      1.93155     0.868668      4.04037     0.136402     0.570097     0.432142     -0.49426     -2.72321    -0.144321     0.278531     0.824178      1.26113     -1.38398     0.099499     -1.67849    -0.172389
      1.7515      1.91836     0.205058    -0.745974   -0.0753156     -1.13831     -2.98296    -0.119408      0.66551      -1.1336     0.433351    -0.221112     -1.99109      1.46159    -0.628717      1.69598      1.55024      1.21214      1.89278      1.84323     -7.12403     0.590522    -0.282564     0.477743     0.345269      1.26917     0.565459       2.5349    -0.854695      1.46437      2.37866     -13.4005      1.98774    -0.674247      2.33598      2.09165      2.92775    0.0346719     -0.95538      1.91351    -0.585086     0.999756      1.43341     0.370104     -1.72932     0.424711    -0.937823     -1.23901    -0.602986     0.136588
    -1.23449    -0.126534     0.184692      1.32301     -1.67295     -3.80716     -1.20504      1.66566     0.971341      1.86163     -1.15593    -0.287413     0.982379     -2.86731    -0.923179      2.80115     -0.80023    0.0356247      0.35296     0.851623      2.22849   -0.0465065    -0.255821     -1.06811    -0.544661      1.07527    -0.793748    -0.939177    -0.814922     0.359151     -1.64779     0.620109     -5.32742     -1.01125     0.343802     0.292177     0.863493    -0.493289     -2.18225      3.19254     0.311898       1.1052      -2.6092     -1.03291     -1.62168      1.38573     0.786391      1.25662      11.6763    -0.111608
   -0.428247     0.401653     0.126774        1.727     0.845607    -0.774177      1.84647     -3.24228      1.32847      1.71832     0.767528    0.0415958      1.66993      3.59828     0.543387     -1.67784     0.509114      -1.1351      -1.1385      3.09787      3.14247     0.132807   -0.0559264      2.18789      -2.7164     0.844612    -0.208813      2.48417     0.115758      1.48839    -0.691362     0.788159     0.942389      1.55474     -1.05485     -12.6764     0.171257      0.37153     0.426236      2.38357     -2.04583     0.735803     0.739273     0.114302      3.72668    -0.185402      1.48867      1.76716    -0.998884    -0.351628
  -0.0036889   -0.0413765    -0.149262  -0.00621308  -0.00652443  -0.00173264   0.00193999   0.00162343    0.0382397   0.00319777     0.031097     0.156302  -0.00110463   0.00512072   0.00296571   0.00554011  -0.00671247   0.00931767 -0.000442398   0.00590929  -0.00293257    0.0358345     0.311996  0.000816067   0.00535717  -0.00094064    0.0803966    0.0112468  -0.00691149  -0.00614875    -0.020646  0.000251798  -0.00469103   0.00688168   0.00226362  -0.00078563  -0.00198935   -0.0714918   0.00525254   0.00453946    0.0026286    0.0114304   0.00664085    0.0170513  0.000685538   -0.0119651 -0.000934242   -0.0235928   0.00316311    0.0178909
   1.39493
   1.46068
   3.05143
   2.95467
   2.17715
  0.053409
  0.316209
  -8.95025
 -0.612524
-0.0183094
