3 8 0.5 2000
1
1
9 50
   -2.45403    0.584281    -4.60729    -1.07613   -0.278322     3.94963    0.391494     1.44601    -0.81423
   -0.70226   -0.305651   -0.722198  -0.0392614   -0.998792     6.81825    -1.30726    -1.18927   -0.963748
   -1.64697   -0.557431   -0.389205    0.458765      4.1587     1.45961    -3.15199   -0.617995    0.471323
  0.0274639     1.80596     1.09676     2.23357     1.43716    0.924729     2.36811   -0.815818    -7.60634
  -0.130601    -2.56902    0.998316     1.35145     4.25772    -1.83645      2.0468  -0.0554881    0.136934
   0.998212      2.9985    -1.47402    -3.61859   -0.487557    -3.70077     -2.7316     1.78676     1.71417
    1.49859    -0.97401    0.783325     3.67346     1.09391    0.127519    -1.79868    -1.13882   -0.718043
   -1.17285    -1.91288    -2.53913   -0.325567     3.03128    -3.16575     1.79063     1.99536     2.55244
     1.5578    0.202741     1.16793   -0.738549    0.586555    -1.16125     1.08602     -4.5086    0.178373
    4.00819    -1.67705     2.07661    0.333993    -0.65293 -0.00857356   -0.813039    -1.99353    -1.95115
    -7.7258   -0.295597    0.833354    0.220028      1.1919     1.18491     1.87898     2.22295     -1.4958
  -0.884037   -0.895721     2.07272    0.876922    0.192749      -1.284     3.26862     2.78036    0.405815
   -3.32412   -0.691945    -1.43407    -2.15877   -0.724071    -2.35262      0.5064   -0.970267     2.87746
   -1.05831     0.95661     2.09504    -7.49269      0.4807   -0.550692    0.606421     1.03876     2.90895
    1.60035    -1.40521     1.98268    0.801617    0.312691     1.36618    -2.60189    -3.19568   -0.681341
  -0.236244     4.55248   -0.285085    0.972705   0.0670729    0.537982   -0.765373   -0.968576    0.791672
   0.128939    -3.25855     1.80604    -1.34914    -2.41302   -0.710462     4.49657    -4.38091      2.6825
   -1.76429    0.713826    0.554378     -2.3151   -0.799582    -1.03634    -0.44907     6.00156    0.718297
   0.202861    -1.18576    0.557904    -3.23586    0.176855    -2.42813    -2.73026  -0.0151572     2.29742
    2.51958    -1.26614   -0.222272     2.37172   -0.833836   -0.650733    -1.16142     2.86365     2.27243
  -0.388717    -1.93987    -2.00435     -1.8435   -0.156708     2.92521     -3.6831    -1.13692     2.41045
  -0.328603     5.40156  -0.0107032    0.323968    0.168694    0.398486     1.23649    -2.67404    0.947179
    1.35276      2.2303     2.12399    -1.84365    -5.65607    0.298547    -1.60779     1.99294     1.33315
   0.932435     1.04982     6.20351   -0.306748   -0.764834    -2.10653     -1.4445   -0.137931    -2.00834
   -1.96446    0.190923    0.394869     3.38356    -0.75581     1.31711    -1.64864   0.0962839   -0.227056
  -0.670361     1.37678       1.029    0.262147    0.745344    -2.64021     1.33217     1.79289    -4.36452
   -1.02377     6.54898   -0.678426   -0.885446     -1.2387     -0.8617    -2.59868    0.149109     -1.6258
   0.864726    0.426185    -3.26151    0.329419    -1.37966    -1.46045      1.2362      4.8781   -0.625177
   -2.46824    -1.00887   -0.488013      3.7934   -0.739913    -1.50985   -0.235807    0.425007     1.16913
    1.69454    -1.20416   -0.726155    -1.29831     4.78762   -0.111606   -0.226066    -1.31196    0.337609
    2.94638    0.745229   -0.864258    -1.64049     0.73743    -4.67919     2.56515     1.32343    0.661716
    -5.0238     1.78937     1.75904    -1.39727    0.698976   -0.574048   -0.406615     2.38332     2.11863
    3.55966    0.163663    0.781985    -1.67065     1.16703    0.106694    -1.03501    0.436409     -4.6293
   -1.23452     3.02192     2.11301    -3.33981     4.46533     1.34271    0.175832     0.79582    0.692226
   -1.26476    0.100234     6.09648    -1.07796    -0.21435   -0.371456    -1.25283   -0.584027    -1.23973
    4.53005   -0.437139    0.195995   -0.719881    0.208694  -0.0436557   -0.216864   -0.122304    -3.76914
     1.3924   -0.139556   -0.836516   -0.751871   -0.779765      5.9126    0.800039   0.0356796      1.4129
    1.89251     1.00326     2.90151    -1.77975    -2.78684    -2.39683      -1.379    -3.21693    -1.01722
     0.1643    -5.28806    0.774983    0.460751    0.528914   -0.387422      1.5103     2.16705   -0.438192
    1.92602    -1.39454    -2.85661     2.52954    -1.62657    -1.05399    -1.43228    0.430096     3.30199
    1.60601    0.938032   -0.402685    -6.44229   -0.650899    -0.15181    0.437635    0.193777   -0.335598
    0.84641     2.32213   -0.958986     1.33805   -0.785331   -0.269805    -1.08108     4.46966    -3.19084
   -2.41865     1.62678   -0.159687   -0.284088    -2.49451      -1.119    0.823436     1.40482    -3.89151
   -2.43813   -0.364897     4.98182    -3.28449   -0.938993   -0.161604     -1.7286     1.96679    0.497427
   -3.09105    0.413441   0.0458444     1.64994    -3.26553     3.16749     1.48048     3.01209     1.91356
  -0.763852     1.73978    0.657071     0.57939     1.44346    -2.10325   -0.542447     1.62433    0.111218
   0.885387     1.48768    -3.60152     1.63943    0.477886    -1.02844    -6.38917   -0.549239    0.226479
   0.377679   -0.814909     1.30917     0.11966    0.315282   -0.201448    -6.31248   -0.566021   -0.379934
  -0.179079    0.978317    -1.64819      2.5746     3.88641     1.29763   -0.105483    0.228959     1.14247
    1.78727    -1.47606    0.641474     0.44102    -2.91107    0.382482  -0.0942088     -1.5454     1.98915
 0.187884
  -4.1047
 0.776278
 0.210759
 -1.90771
 -1.33052
 -2.19347
 -2.39794
-0.487458
 -2.61348
 0.207031
 -1.63468
 -1.57127
 -1.37135
 -1.29433
  -4.1076
 -2.01515
 -2.55423
 -3.15397
 -2.69528
 -1.96938
 -1.96118
 -1.84543
  1.52447
 -2.50789
 -2.19353
 -1.33013
 -1.41252
-0.143908
 -2.21688
 -2.13246
 -2.35368
 -1.36426
-0.587453
 -1.86242
 -2.77562
  1.93638
 -1.82009
 -2.70014
 -2.41182
 -2.97957
-0.336115
 -3.11665
 -1.42273
  0.99816
 -2.44077
-0.199418
 -2.36337
 -0.98571
 -1.42709
1
1
50 50
    3.40605      -3.691    0.569996     1.31986   -0.199182     1.00941   -0.182758     1.11408    0.485199    -2.40637    0.593185   -0.754345    -1.64974    -2.36634    -1.40062     1.17949    -2.52863    0.240835   -0.621471     1.25924    0.267314    0.197185     0.44409    -2.91616   -0.160179    -1.00257    -1.16458     1.16081   -0.905429  -0.0617524     1.98374    -1.58327    0.240042    -1.67248   -0.880333   -0.516778     2.26105    -1.20757   -0.734969     2.31757     1.77023   -0.083689    -2.18585    -2.23248    0.313679    -1.03043     2.91314    -2.53706     1.00586    -0.27978
    1.77997     7.43316    0.103709     1.73136    -2.43063     -2.1726   -0.525181    -1.92814    0.374888   -0.166761    -1.45555    -1.03098    -1.75847     1.08321   -0.271061    0.224923    -1.70951    -1.18487    -1.67093   -0.658435     1.42961   -0.206716   -0.469291    -1.48615   -0.771559    -1.62795   -0.447984    -3.04455    -1.39374    0.254706    -3.06657    -1.78346   -0.192959   0.0241116    -0.49769   -0.236865    0.507301    -1.29914    0.312306    -1.83928    0.359762   0.0692797    -1.68328   -0.783824     2.01712    -2.02536   -0.541192    -1.52674   -0.403851   -0.937799
 -0.0257185   -0.519259   -0.535438   0.0204062   -0.251013   -0.109115  -0.0530917  -0.0870913   -0.478471   0.0153424   -0.867408    -0.25731  -0.0617604   -0.294114   -0.101069   -0.358988    0.102612   -0.610341   -0.385952  -0.0111109   0.0252181   -0.249735   -0.163625   -0.431931    -0.42825   -0.211667   -0.168679    0.110381   -0.411551    -0.29621   0.0418824   -0.420361   -0.265375   -0.147068  -0.0280734    0.241053   -0.414023   -0.206247    0.261424    -0.16312   -0.087348   -0.097086   -0.188907   0.0249752    -0.38652    -0.31264   -0.244045   -0.469853  -0.0432254  -0.0966649
   -1.49887    -1.15328    0.295004    0.728705    0.247597    -2.00856       2.708    -2.13435   0.0859626   -0.335553    0.944525     0.71356  0.00979078    -5.07841    0.360713    0.645414    -1.58971   -0.349477    -1.65621     1.39481    -3.14985    0.834622    -1.50476     1.20778     3.41178    -1.36734    -1.44685    0.560559     1.80165    -2.20491    -1.67449    -0.23452     -1.7442    -2.46162   -0.994126   -0.205913    -1.58307    -1.53533   -0.892243     1.51301    -2.37987   -0.355759   -0.992037    -2.36708    0.820168      1.4353    0.443458    0.692482     1.91598    0.618532
  -0.101009   -0.712508   -0.206641   -0.436164   -0.835661  -0.0560674    -1.05656   -0.754865    -1.09788   -0.549477    0.810564     1.02565    -0.17032    0.149952   -0.916393    -1.40174    0.484028    -0.25034   -0.606675   -0.288543   0.0186539    -1.14993    0.698773     2.65435   -0.281736    0.221519   -0.228597    0.734683   -0.226491    -1.24136   -0.461914    -1.22395   -0.330074   -0.927596   -0.164159   -0.771269     2.60949   0.0385065     1.38601   -0.535165    0.212016    0.670473    0.164191     1.55437     2.13598   -0.546069    0.110912   -0.832799   -0.791227   0.0524966
   -2.16846   -0.365065   -0.461883   0.0748065   -0.532631    0.339306    0.384104     -1.2372    -2.12417    0.686376    -1.44434   -0.264331    -1.25104   -0.465276     1.31531   -0.224678    -1.60482      1.6769    0.183264     0.31835   -0.220344    -1.02952    0.230012   -0.147986   -0.142795 -0.00944155    -1.14486     0.32024    -1.19142   -0.465455    -1.25834   -0.725612    0.126795   0.0309537    0.841898   -0.218617    0.128365    -1.28498    0.566567    -1.21624     -1.3804    0.494075    -1.10708     1.11181    0.361696   -0.405503    -1.71099     1.08019   -0.901677   -0.146746
  -0.135383   -0.877982    -2.17956     -0.3674   -0.868006    -1.97808    -2.00733   -0.302477   -0.558264    -1.39506   -0.521125    0.302489    0.470431   0.0398409    -2.06376   0.0836317    0.970522   -0.770967   -0.631243      -1.685    -1.39815   -0.211278   -0.377104    -2.85569    -1.12554   -0.334873   -0.640419     -1.3129    -1.77514    0.825284    0.599095    -0.63436    -1.10637   -0.675149   -0.945782    -0.83014    0.285738    -1.33367    -0.48703    -1.74311     1.73269    -1.75035   -0.383188   -0.984577   -0.631774    -1.71065    -1.91952    -1.23703    -1.90877     -1.2844
  -0.727958    -1.27523    -1.11286    0.842797   -0.443353    -2.35301    0.770543    -2.18726   -0.700461  -0.0350489     3.03028   -0.460091    -3.17206   -0.177641    0.295885   -0.599081   -0.847371   -0.120132    -2.55224   -0.680186   -0.823502   -0.025642    0.696211   0.0813207    -1.09396     2.85439    0.218199    0.513428    -1.85538     -1.3634    -1.00346    -2.00624     3.42633   0.0647134   -0.514875     1.64835      1.8989    -1.62349   -0.868944    -1.99832  -0.0555511     1.61349    0.539588   0.0487113   -0.437931   -0.969464    -2.01021    0.331114   -0.689941   -0.980965
   0.353482     4.69375   -0.853083    0.577772    -2.42791    -2.06315   -0.932316   -0.929309    -0.59951    -1.66791   0.0139301   -0.645526    -1.24085    0.817061   -0.790194    -0.89093    -1.03454    -1.44607   -0.916161    -1.32492     1.90695    -0.18289     1.56714    -2.83507   0.0547535     -1.5014   -0.836013    -1.89636   -0.905269  -0.0691021    -1.86692    -2.15615   -0.918589    0.925982   0.0867648   -0.290501    0.498941   -0.332851   -0.788824   0.0399232     2.43637    -1.14432   -0.932791   -0.396381     1.84981    -2.17337   -0.933684   -0.847427    -1.22723   -0.840231
   -3.14834   -0.954162    -1.36049    -1.26404     2.45398     1.16711    -0.35848     1.49005    0.544861   -0.758893    -1.13772     1.35672      1.5974    0.610339   -0.169864   0.0705227   0.0930013    0.529781     1.48279    0.399432    -1.98225   0.0856334   -0.795162     1.80259   -0.847161     0.26516   -0.143096    0.881355     1.10063  -0.0194638       3.075  -0.0786202    -1.31523   -0.935656   -0.218975   -0.463353    -4.88369     2.13451  -0.0859766    0.226895    -2.83982   -0.465513    0.173006   -0.812403    -1.75225     2.01092    0.384969     1.32075   -0.869812     0.41129
  -0.141606   -0.820074   -0.651686   -0.288878    0.131755      -0.136   -0.137345   -0.568397    0.998221   -0.272146   -0.698951   -0.714673  -0.0781098   -0.722825   -0.308879    0.352139    0.260741   -0.451918    0.325545   -0.363121    0.311498    0.130702    -1.35309   -0.305053   -0.459486   -0.528913    0.374958   -0.693106   -0.575545   0.0546937   -0.076222   -0.483538   -0.288945  -0.0695976   -0.413224     0.11864    0.157379    0.307948   -0.244228   -0.468572    0.276507   -0.996627   0.0519222   -0.461447   -0.915509   -0.653578    0.272097   -0.867849     -0.3607     0.11718
   -0.21354  -0.0196079   -0.495047   -0.424876   -0.146658   -0.359291   -0.075758  -0.0276174   -0.106678   -0.315502  -0.0367539   0.0252186   -0.202555   -0.195666  -0.0601346   -0.290821   -0.419005   -0.133367   -0.343116   -0.501855   0.0770476   -0.083332   -0.187061   -0.196757   0.0236039   -0.330526  -0.0966088   -0.139038   -0.380722   -0.141652   -0.298893   -0.147753    -0.21473   -0.101463  -0.0962551  -0.0201671  -0.0423449   -0.256138   -0.331317  -0.0191582   -0.214671    0.018356   0.0140934   -0.235521    0.105933   -0.241961   -0.158072  -0.0769751     0.30029   -0.129019
  -0.332395    -1.20364   -0.827902   -0.325473     2.41647    -2.50968    0.557615     1.29376   -0.151132    0.558263     1.07708     1.70696    -2.36083    0.248633      1.9553    -2.06727    0.321424    0.386339    0.673383     3.15398  -0.0116868    -3.79279   -0.881515   -0.273691   -0.583973    -1.58836    -1.93839    -1.06998   -0.786023    0.271759    -1.70501    -2.24014    0.516547    -1.29558   -0.972954   -0.222127       1.092    -1.68407     5.11901   -0.173103    -0.58058    -1.91004     -2.4461    0.589048    0.415934   -0.643974    -1.97982    0.802345   -0.168602   -0.430642
  -0.753364   -0.248552     1.45354    0.195952    0.344363    -1.35958   -0.295442    0.184778    -1.18793    -1.50049    0.371736    -1.75473     1.18002   -0.620435   -0.922055     1.09015    -1.77046   -0.852014   -0.716202    -1.20075   -0.796648   -0.267127     -2.7619   -0.792652    0.583718   -0.916092    0.221468    -1.36548   -0.216859   -0.719097    0.455878     1.67944    -2.48085   -0.909221   -0.455972    -2.07266    -2.90073   -0.235931    -1.72564   -0.496768     -0.3006    -1.73131   -0.750584   -0.290863    -2.19687    0.442787   -0.139378   -0.300605    0.555665   -0.897623
  0.0642921   -0.207965    -1.14477   -0.203737    -1.00056   -0.589163   -0.284363    0.276406    0.203201   -0.806638   -0.759063    -0.70229    0.104953   -0.240456    -1.55802   -0.611915    0.124639   -0.127968   -0.707386     -1.4141   -0.216908     1.00261    -1.21885    -1.31751   -0.938984   -0.680793     -1.3275   -0.597882   -0.264731    -1.03899     0.45518   -0.359671    -1.11931     -0.2035   -0.390491    -1.10557   -0.753295   0.0312328    -1.31905    0.250627    0.166651   -0.719602    -1.09668   -0.206033    -1.22465   -0.232547    0.451745   -0.971778   -0.781843   -0.736901
  -0.962996     1.74216    -1.48742    0.320045    -2.11933   -0.786754   -0.631927   -0.487602    -1.31826    0.440425    -4.10031   -0.587165    -1.57785   -0.118591   -0.672672     -1.0042   -0.224503    -0.94007    0.475317    0.328631    0.453719   -0.976552   -0.011884    -1.61583     -1.2312  -0.0990921     0.21535    0.577101    -1.76426    0.704074   0.0998704    -1.76971    0.690176    -0.63947   -0.635784    0.875533      -1.118    0.148292    0.102578  -0.0688971      1.8037    0.477352   -0.212092    -2.25278   -0.718664    -1.27371   -0.346221    -1.64465    -1.28211    -1.56221
    1.15567     -1.4818  -0.0834406    -1.21015  -0.0708978  -0.0656634    -1.32471  -0.0751961   -0.436813   -0.507145     1.11511     -1.4316    0.600647   -0.562496   -0.781693     2.25366    -1.14818   -0.955271    -1.18814    -1.20405    -1.17529   -0.694066   0.0248578    -1.51326   -0.626745   -0.273156     2.37771   -0.861476   -0.167064   -0.269934    0.211688     1.29319    -0.91514    0.236261    0.310809    -1.28391   -0.942577    -1.08486   -0.634687   -0.618893    -0.44343   -0.267832    0.644464   -0.265654    -1.44846   -0.767707  -0.0458356    -1.00118   0.0945491    -0.50168
  -0.713534    -2.40454     2.79219    0.905331     2.91091    0.698802    -0.40446    0.346964    0.615283   -0.874076    0.659481    0.432986    -1.64023  -0.0203212  -0.0568445  -0.0781923    -2.48477   -0.471351    0.230722    0.352379    0.239824    0.296916     -3.5683    0.321251    -1.00043    0.264063    -1.82565    0.134719     -1.2748     3.08328    0.237217   0.0914536    -1.11101     3.39378    -1.24313    -1.23452   -0.759049    -3.46277    0.272863    -2.55303   -0.331319    -1.43361    -2.05849   -0.634095    -3.37572    0.639996     1.02712    -1.67332     2.81993    -2.34898
   0.815922     2.33054    0.236154     0.39966    -1.07173    -1.61721   -0.712648     -1.1797    -2.28155    0.880993     -1.7558   -0.365318   -0.487524      0.1691  -0.0225586   -0.835016   -0.470746    0.348122   -0.241591    0.301738     1.43307    -0.92181    0.253959    0.822763   -0.761961   -0.626942   -0.322962    0.873097    -1.23254   -0.493658    -1.29147    -1.09301   -0.282386     1.26468    -1.73165    0.257409   -0.535243    -1.04905     1.16655    -1.02882     1.06596     1.26981   -0.545617    -1.31183    0.664415    -1.42852   -0.168653   -0.950834   -0.725785   -0.511133
  -0.413382    -0.80194    -3.22511    -2.02609    -3.21172    0.771047    -0.70512    -2.42681     -2.0218   0.0194014   -0.937514   -0.350167   -0.238792   -0.134657    -1.89588    -1.31751     1.71781    0.411008   -0.267599    0.648098   -0.277736    0.264599     4.30137    0.139126     1.36535   -0.038739   -0.123161    0.242745    0.434055    -3.51132   -0.320531    -1.00229   -0.412094    -2.05467   -0.565848   -0.206162     1.48207     1.59953    -1.05322    0.940841   -0.153426    0.483753     1.41176    0.345649     2.55709    -1.19729    -0.79825    -1.45489      -1.822     2.84845
   -1.32472    0.559851     1.34618   -0.828431    -1.29091     1.55681     1.27094    -1.54568   -0.736278   -0.876829   0.0448606    -2.35333    -2.14544   -0.215963      1.2052   -0.187901    -3.33698   -0.764196     1.83762     1.13036     1.69269    -1.53203    -0.96385    0.770739    0.496842    -1.59473    0.778678    -1.13218   -0.107159   -0.506291    -2.11122    -2.16746    -1.01482   -0.694558   -0.851649    -2.20523   -0.185191   0.0219028   -0.237951   0.0650356    -1.47408    0.150316    -1.75271    0.161373    0.986878   -0.138194      1.3769     4.96681   -0.120904     -0.6863
  0.0335594    0.211374    0.016101    0.146033   -0.253912  -0.0267806   -0.273348    -0.28986   -0.054823   -0.373676 -0.00542123   -0.487056    0.440503   -0.365052   -0.426607   -0.012919   -0.483166   -0.658741    0.105544   -0.319352    0.187559   0.0332698   0.0610456    -0.97408  -0.0873935  -0.0251106  0.00142451    0.108125   -0.312414  0.00672973    0.112371   -0.268013  -0.0835027    -0.17742   -0.283476    0.171033    -0.29818  -0.0480119   -0.107583  -0.0758107    0.164254   -0.131035   -0.206793  -0.0850822    -0.52187    -0.41405     0.48909   -0.607291  0.00317211    -0.29574
  -0.145294   -0.471447   -0.316441   -0.214255   -0.263225   0.0587941   -0.216957   -0.245099      -0.269   -0.243856   -0.144808   -0.250412   -0.236475   0.0123658    0.165089   -0.175352   -0.364047   0.0386801   -0.262275    0.148381  -0.0828115      -0.536   0.0559531    0.227284   -0.296991   -0.340768   -0.184643   0.0605776   -0.113636   -0.295508   -0.448405   -0.343928   -0.290044   -0.243383   -0.154449   -0.214026   -0.205985   -0.373774   0.0922611   -0.307843   0.0120303   0.0879319   -0.193043    0.188414   -0.101813   -0.259172   -0.140732    0.104454   -0.558111   -0.198872
  -0.728311     0.11171   -0.846799    0.308377   -0.667382   -0.939466   -0.566789   -0.567713   -0.559297   -0.622367   -0.641695    0.136976    0.560688    -1.11289    -1.35264   -0.497898   0.0559048   -0.556888    -1.15691   -0.549183   -0.477136     0.67257     1.23275   -0.710608   0.0140101   -0.322976    -1.01096  -0.0294886   -0.189856    -1.11019    0.640587   -0.614075    -1.25611    -1.32047   -0.542855   0.0605949   -0.316182     0.35417   -0.830652    0.903954   0.0542249   -0.391805   -0.149414    -1.17646    0.169807   -0.430876   -0.593897    -1.12851   -0.575826    0.408817
   -2.45699    0.379343  -0.0487408    -4.89426  -0.0107638    0.611664    -1.29489    0.134416    0.509285    -1.72831   -0.495135   -0.334642    0.699855   0.0223826   -0.312936   -0.476307  -0.0793254     -1.2094     1.16806    0.726266    0.569676   -0.142086    0.901972  0.00210942   -0.925676    -1.93134    -1.02629    -1.64052    -1.12075    0.412255    0.969596    0.492853    -1.46323   -0.279012    -2.24574    -2.82635     0.39593    -0.22449    -1.00218     1.62687   -0.504086    -1.13118    -1.64907   -0.704044    0.121275    0.541207    -1.11899    0.887806   -0.249943    0.885215
    0.11543    -1.73529    -1.75507   0.0906313  -0.0726618      1.0621     1.02407   -0.596178   -0.167788     2.03968    -7.07577    -1.16425    -1.38113     0.85581    0.448826   -0.103311   -0.403183    -1.83251    0.677444     0.88486    0.469591   -0.950146     1.35226   -0.212383    -2.32241  -0.0650762    -1.28406   -0.689385    -1.83912  -0.0589743     1.65692    -2.48311     1.27472    -1.51513    -1.56328     3.13242 -0.00382453   0.0798167     1.29798   -0.632159    0.529727    0.662817    -1.21411    -1.90994    -1.34523    -1.17327    0.663659    0.753754    -1.46408   -0.645724
   -0.19456   -0.372313   -0.205059   -0.527785   -0.295959   -0.108539   -0.409444   -0.229103    0.116903   -0.275542   -0.507047   -0.459327    -0.42065   -0.413341   -0.214926   -0.356721   -0.359709   -0.375075   -0.178454   -0.489708    0.340647   0.0074431   -0.560595  -0.0803315   0.0143612   -0.397779   -0.547812   -0.274623   -0.531908   -0.145466    -0.38253  -0.0558436   -0.296544   -0.196972   -0.112356    0.309055   -0.138575   -0.410678   -0.504078   -0.172846   0.0412346  -0.0961527   0.0392619    0.319568   -0.573513   -0.307517    0.176661   -0.691658   -0.195972    -0.36926
   0.679182  -0.0345292    -1.95359    0.140024     -1.3612     1.16089   -0.937555    -2.03329   0.0198888    -1.70469   0.0564307    -1.67628  -0.0840907   -0.449707     -1.6192     4.57216   -0.486163    -1.02821    -0.58377    -2.55431    -1.55626    0.731875    -0.16591   -0.802909   -0.912061    -0.09824     4.99936   -0.731501    -1.10296   0.0988357 -0.00970742   0.0823782    -1.56552   0.0865722   -0.628823     -1.4976   -0.786331   -0.158796    -1.46102    -1.34126    0.321059   -0.347452     1.38647   -0.357166   -0.703624   0.0675582    0.428688   -0.651626   -0.696182   -0.266696
  -0.422786   -0.105186     -0.2485    -1.65197   0.0304968    -1.51246   -0.233332   -0.340753    0.387212   -0.627438     -0.2704   -0.575054    -0.19912   -0.108058  -0.0950204    -1.23481    0.804121   0.0707937    -0.60264   -0.786414  -0.0629528     1.50933   -0.360901   -0.762644    -0.47454   -0.968408    -2.13407   -0.410498    0.210796   -0.268266    -1.01393   -0.223906   -0.507341   -0.194956    -0.80982   -0.236287    -0.10594    -1.42245    -1.61777    0.474442   -0.761367   -0.824988    -1.09964    -1.73598    -0.34258  -0.0747783     -1.4448   -0.101966     0.73342   0.0249954
      1.898     -1.1718     1.11627     1.71285   -0.180122   -0.820629    -1.30055      1.5615    0.840468   -0.397229    0.119382   -0.927181    0.128187    0.457982   -0.831418    0.249222   0.0223482   0.0492186    0.173716    0.410772    0.347063     1.77748    -1.25406    -2.62839    0.765552    -1.67028    -1.31773   -0.495884     1.00413    0.512227   -0.198062    0.612335   -0.953401    0.429495    -0.40169    -1.29936    0.600506    -1.71218   -0.222631   0.0278947   -0.490594    -1.42286    -1.59421     -1.4301     1.02626   -0.292686     1.32831    -2.76155     1.54164    0.936444
   0.190804   -0.670185    0.382844     -1.5956  -0.0822569     0.92232    -2.30698    0.459837    -1.19651    -1.92149   -0.906794   -0.834445   -0.929296  -0.0514226   -0.392536   -0.703775   -0.448281   -0.692776     1.02894   -0.136475     1.12857    0.705789   -0.392348   -0.692824    -1.04566      -1.762    -1.53817    0.319349    -0.23754   0.0374895  -0.0807303    0.181744    -1.12835    0.619998    -1.49864   -0.834213     1.13918   -0.982406    -2.05776    0.117365   -0.474724    0.564733    -1.23029    -1.13944   -0.100503   -0.261755     1.03927    0.314784    0.474541    0.248597
   0.364228    0.136401    -2.25345     1.05213    0.474692    -3.25728    -2.32034     1.23086    0.513836   -0.560826 1.87174e-07     2.68215   0.0587161      2.0298    -2.32157   0.0839735     3.59418    -1.54945    -3.57719    -2.59318    -2.98825     1.49812   -0.518992    -3.54991    -1.31513    0.381282   -0.881479   -0.423908    -1.84385    0.432148     2.77725   -0.194611   -0.490324   -0.567195   -0.543442    -0.50067   -0.112882    -2.37137    -2.16766   -0.200724     1.06205   -0.881593   0.0967671    -1.52057    0.398921     -1.6129    -4.82762    -1.33799   -0.432935    -0.42989
 -0.0454099   -0.173613     1.00226    0.647154   -0.449426     -1.4711   -0.237421    -1.81618     3.30482    -1.32297   -0.126779     -1.7854     0.51671   -0.747896    0.869347    0.504673     2.75735    -2.68996   -0.411808    -2.20958   -0.754446     3.13458    -3.15047     2.10214   -0.276316    -1.45109   -0.938378    -2.65959     1.00712    0.348665    -1.09266   -0.533757    -3.33126    -1.10288    -0.22864    -1.09595     1.52446     0.58267    -3.99379    0.511136    -1.03218    -2.44625    -1.14314    -1.62773    -1.17729   -0.940148       1.086    -1.27496    -1.92209    0.578782
  -0.956244   -0.505149   -0.625179    0.999799    0.785161   -0.866708    -2.05011    0.328242     1.03239   -0.869251    0.327888    0.232286    0.902443     1.86558   0.0439609   -0.853316    0.994885    0.580548    -1.38885   -0.778015     -1.0689    0.976583   -0.208412   -0.879355   -0.917253    0.513858    -1.53054   0.0380756    0.377522   -0.393342   -0.863744      1.4667    -1.58271    0.518218    0.587694    -2.74108    -1.66818   -0.789774    -1.32187      -1.531    -1.42633    -1.96224    0.880133   -0.447945    -0.97637   -0.592471    -2.33375   -0.790005   -0.507047    -1.16751
   -1.32728    -1.41472 -0.00711212     -1.6404   -0.293293    -1.38881   -0.597806    -1.87166   -0.210894   -0.463845    0.275899    -1.22001    0.946322    -3.75432     -1.1046     2.81649   -0.720918   -0.690298    -1.12622    -1.89548    -1.03542   -0.792956    -1.11756     1.05117     1.84909   -0.286844     2.19332   -0.285262   -0.607995    -1.77777    -1.61708     1.31968    -1.12248    -1.37892   -0.310127   -0.897015    -1.00062    0.691688   -0.965728     0.12809    -1.39096   -0.540577     1.18265    -1.55972   -0.731249    0.442243   -0.466957   -0.105836    0.926804   -0.157022
  -0.628199   -0.680679     -0.4321    -6.66643   -0.955878    0.741658      -1.047     1.83107     0.46403    -1.09638    0.136524   -0.909904    0.835108   0.0446851   -0.572536    0.263858     2.05661     1.06096     2.33487    0.369939     1.01489     1.60552   -0.448479   -0.865312   -0.829058    -4.34982   -0.224591   -0.878841   0.0999015    -1.67076    -0.30566     1.41668    -1.24748   -0.289908 -0.00503024    -1.50492    -1.26325    0.684484   -0.860299     2.40843    -1.10581    -1.67676    -2.29993      1.1173   0.0144762    0.242416   -0.449568    0.212192  0.00830356     1.37499
     1.8361      -1.805    -1.08276   -0.783199 -0.00801347    0.868813    -2.41555    0.244433    0.552281    -1.19892    0.128621   -0.965767    -1.86394     1.58846     -1.2568   -0.585542   -0.240538    0.733205     1.53553    -1.34715     1.31184   -0.246026     1.60928    -1.00715    -1.83531    0.055537    0.501832    -1.03689    -3.64135    0.759495  -0.0218163     -1.1298    0.904569     1.77561    0.129195     0.94707     1.16453   -0.163362    0.192913    -3.32511     6.31666    -1.17027     -0.3689     1.52328 0.000236957    -1.02895    -1.32032    -1.88181    -2.38141    -1.28252
   -0.27087  -0.0541813   -0.105093   -0.355777   -0.444225    0.101216  -0.0652867   -0.345848   -0.165465   -0.153026   -0.544157   -0.329262    0.110397   -0.450549   -0.111361    0.377196  -0.0241169   -0.237634 -0.00820884   -0.294494    0.175215  -0.0186565   -0.353192    -0.25898    -0.10229   -0.182651    0.378827   -0.307346   -0.139672    -0.30244   -0.261241   -0.460529   -0.171561   -0.252902   -0.291581  -0.0137529   -0.228397    0.164742   -0.427309   -0.301823  -0.0161897   -0.230637  -0.0128359   -0.173339   -0.484476   -0.249521   0.0582862   -0.377684   -0.249554   -0.303084
 -0.0515234   -0.401157     0.52423    0.161323    0.829805   -0.813182   -0.231844   -0.636908    0.737089    0.121787   -0.420551    -0.77225    0.903768   -0.743245    0.739087   -0.341972     1.35812     -1.0588    0.126431    -1.12161  -0.0476786    0.536389    -2.16561    0.673732    0.241022    -1.14647    -0.64766   -0.278549    0.185096    0.505103   -0.398706   0.0803677   -0.829902   -0.419624   -0.179812   -0.328749   -0.376048     1.14569    -0.78134    0.069642   -0.627548    -1.61512   -0.656416   -0.549254    -2.01578   -0.863146  -0.0435875   -0.310298   -0.728969      0.5418
   -2.70342    -1.03587   0.0604373    0.400671    0.110276   -0.200806    0.350582    -2.81192   -0.627316   -0.034882    0.992025    0.342446    -2.02546    0.282236     1.90707    -1.64006   -0.823555   -0.295464    0.551728     1.19203    -1.45416    0.178106     1.38382     2.05569    0.386877   -0.391865    -1.03276    -2.06242   -0.230098    -1.42733    -2.37151   -0.958907    -0.48779    0.344668     6.21467   -0.351736   -0.634817     1.45416   -0.343268    -2.70104    -2.00818    -2.28842    -2.04233     3.89671    0.274593     1.14775    -2.99751    0.875214   -0.983397    0.232196
   -1.24335     1.13445   -0.576798    -0.69318   -0.547262    0.437318    0.607456    -1.00205    -1.09365     1.48479   -0.346806    -1.65033   -0.281004   -0.184595     1.23501   -0.846694    -1.51414   -0.372281    0.379447    0.439498   -0.065656    -2.51795    0.912294     1.73215   -0.681411    0.865274   -0.316981   -0.900291    -1.05974    0.442992   -0.137557    -3.23296      1.1921    -2.35178    -1.04863     1.02293     -1.7713   -0.820407    0.827668    -1.56054    0.120853   -0.707271   -0.368416   -0.328644    -1.75917   -0.657924  -0.0607406     2.01276    -1.56005   -0.868655
   -2.73008    -0.26504   -0.418849    -2.14028     1.48675   -0.742708     1.28654    -1.39761    0.164428    -1.24741    0.892013 -0.00420792   -0.440069    -3.69198   -0.625302    0.223971    -1.38458    0.240711      -1.225    0.869064   -0.731003  -0.0141156    -0.88562     1.50348     2.09292   -0.647892   -0.175585    0.445036     -0.1714    -2.41037    -1.39755    0.421752    0.218556    -3.05284    -1.51517    -1.01957    -3.13265    0.297939   -0.880187    0.931317     -1.1476   -0.483129    -1.36607    -2.25078   -0.294397     1.03887   -0.182367     0.67046     1.07299   -0.795247
  -0.441768    0.209896  0.00310746    -1.26147    0.440159    0.189496   -0.557865    0.023793    0.442152   -0.548062    -0.81899    -0.77022    0.716556    0.559476    0.155341   -0.966458    0.994729  -0.0588261     1.27633    -1.11287     1.21201    0.445285   -0.540981    0.348638   -0.192851   -0.871875     -1.1392    -1.09755   0.0613048 -0.00499883    0.366647   -0.357628   -0.470362    0.497116   -0.227656    0.451691   -0.950541    0.650847    -1.29014    -0.90563    0.609606    -1.32955   -0.739904    0.490745   -0.371883   -0.867974   0.0392128   -0.720938   -0.740564     0.67577
   0.186815   -0.513395   -0.092628   -0.425572   -0.408346   -0.366224   -0.355226   -0.404449   -0.314436   -0.150585  -0.0358749   -0.313983   -0.230835   -0.504969   -0.493534   -0.169495   -0.360197   -0.226325   -0.177693   0.0537527   0.0813909   0.0390481   -0.362468   -0.303265  -0.0543653   -0.653039   -0.294894   -0.282505  -0.0845094    0.149591   0.0605486     0.20358  -0.0106624   -0.443524  -0.0634656   -0.222558    0.431317  -0.0547533   -0.519524  0.00888263  -0.0485052   -0.294534   -0.130965   -0.249413    -0.29859   -0.474296    0.250673   -0.192014  0.00721006   -0.380422
   0.028484     1.24737   -0.365928   -0.484524   -0.393539     -1.3169    -1.52685   -0.590196    -1.29249   -0.271282     0.10466   -0.734448      0.4627   0.0479336   -0.931247      1.9268    0.494382   -0.457881   -0.896307    -1.05609   -0.434074   -0.196463  0.00321312    -1.88665   -0.895528   -0.783887     1.76282    -1.18279   -0.924051  -0.0530619   -0.174528    0.434749     -1.7419   -0.302481   -0.867528    -1.11172   -0.695494   -0.466123    -1.09137     -1.7815     1.20857    -1.43562    0.614087   -0.649609   -0.636833   -0.902773    -1.81289   -0.532428    0.193976   -0.367272
  -0.478168    -1.02545    0.152688    0.302332    0.721873   -0.375195    -0.22128    0.721551   -0.160967    0.560662    -1.46691      -1.404   -0.312224    0.105348   -0.142635   -0.685869   -0.225805    -1.25738    0.149059   -0.686748    0.516709   -0.827415    -1.26401   -0.691894   -0.668353   -0.871727   -0.754355   -0.852149    -1.07841    0.217774    -0.34916   -0.734152    0.642861     1.06195     0.20785   -0.111578   -0.530652   -0.991151     1.19806     -1.0533    0.932924    -1.17664     -0.6227    0.853021    -1.97974   -0.165204   -0.850249    -0.13194   -0.203627   -0.815937
    1.41215    -2.22531     1.66925    0.755348    0.871231    -1.73273   -0.672591    0.174549   -0.387875    -2.78457     3.11166    0.600381    0.894321    0.724624   -0.822186    -1.20716    -2.07949     1.67643    0.186664   -0.134322   -0.652628     1.73746   -0.165907   -0.911982    0.530066   -0.399163    -1.74348    -1.21787     1.52566    -1.86514     -1.9571     4.20769    -2.45441    0.109287    0.867635     -3.7975  -0.0656648     -1.6692    -1.75239    -1.30937    -1.76118    -1.26198   -0.214787     1.35971     2.41163   -0.181545    -4.18254  -0.0154356 -0.00135849   -0.584997
  -0.167628   -0.851222    0.329453    0.278388    0.473325   -0.783607     0.70945  -0.0287367   -0.836853   -0.307747   -0.444394    0.119397   -0.953128    -1.06215    0.909485    -1.01945    -1.64847   -0.522162   -0.685337     1.13679   -0.596559    -1.49703    -1.61897   -0.172073   0.0959121    -1.34851    -1.41013    -1.09727   -0.365941   -0.357366    -1.85509   -0.900917   -0.935017    -0.32635   -0.607935   -0.555907    -0.12188    -1.16027   -0.209219  -0.0846465   -0.429894    -1.03347    -1.12648    -1.06868   -0.489323    -1.06174   -0.554628    0.554499    0.752287   -0.975116
   0.950725  -0.0219826    0.325873   -0.943983     0.37616    -2.09444    0.398025   -0.682023     3.39905    0.855353   -0.542504   -0.948758     2.25113   -0.750776   0.0351072    0.559936     4.24282    -6.36573    -1.11122    -2.58864   0.0575484     2.35829    -1.10999   -0.844167    0.823953    -1.41665     1.03109    -3.63595    0.103006    0.356707    0.903966    0.704537   -0.400964    -0.45934    0.780446     1.43782    0.753385     1.67208    -1.02772   0.0685825    0.964981    -3.17201       2.201   -0.328091   -0.774416    -1.31413     1.35083   -0.102518    0.441557      1.0459
 -0.0963909    0.312839   -0.135072   -0.212294   -0.354336   -0.252429   0.0854963    0.152215   -0.303737   -0.124099   -0.238451   -0.176144   -0.145722  -0.0320548   0.0294044    -0.48728   -0.175422   -0.117444   -0.305059   -0.291007    0.073502    0.011904   -0.629199   -0.162759   0.0926839   -0.232251   -0.296936   -0.102612   -0.219141   -0.253608   -0.183579   -0.400774   -0.121853  -0.0317017   -0.253982   -0.218745   -0.305325   -0.112086   -0.163409 -0.00735589     0.33597   -0.110182   0.0635714   -0.161497   0.0106469    -0.12861   -0.167281   -0.240657   -0.131739   -0.429849
    2.05748
   0.574799
  -0.787747
   0.360515
   0.313592
   -3.05113
   0.238896
   0.527846
   0.122692
  -0.888187
  -0.896442
   -1.51391
   -1.11247
   0.326405
  -0.336091
  -0.174712
   -1.36737
   -1.82713
   -0.89333
  -0.711488
   -1.00701
  -0.555697
   -1.20034
   -1.42212
     -1.182
   0.304741
    0.14841
   0.256145
  -0.908894
   -1.28066
   -2.26356
    1.82935
     1.8159
   -1.13746
   -1.06666
   -2.49355
   -2.90813
   -1.01687
   -1.86496
   -2.05472
   -1.80875
  -0.768427
-0.00553258
   -1.32453
  -0.352179
   -1.06257
  -0.912388
 -0.0048199
    3.03925
   -1.19691
1
4
50 10
    0.63108     2.30072   -0.374367     1.98645    0.605723   -0.137741     2.20391    0.955397     1.08662   -0.555005     1.01385  -0.0156501     1.11143    -2.77923    0.833155    -2.23553   -0.267412      2.0875    0.573147    0.464146     0.71287    0.878273 -0.00360079    0.641742     1.13177    -12.3229    0.169987     1.05864   -0.252799      0.1696   -0.210489     2.73742   -0.666691    -1.30707     -2.7669   -0.106625      1.9499    0.420498   -0.251243      1.5384     2.31767    -1.04985    0.392787    0.247936   -0.707735   -0.661204    -4.09491    0.103814    -2.18612    0.384293
   0.299734     1.10825    0.313915     3.58741      -1.016    -1.24733    0.314943    0.411762     3.11532   -0.314046   -0.313982    0.414084    -6.50847   -0.211552    0.979641     2.21876    -3.58025     1.60773   -0.907395    0.827104    -1.01203    0.200938   -0.112625     1.10122   -0.235322     1.46565    0.261719    -11.2687     1.47232   -0.375626    0.528754     3.72726   -0.168821     3.07603    -1.47447     2.80717     0.90692   -0.427347   -0.549717     1.19904   -0.220238     2.08045    0.950914    0.544498    -1.28908   -0.734874    0.493226  -0.0423438   -0.479265    0.441409
    -3.5812    0.304719   -0.205205      1.4112      1.7988     1.56671   0.0558211    0.979913    -1.51143      1.3578   -0.817807  -0.0399698     1.94165    0.227282    -1.30421    -1.48345    -1.45123     2.16454      1.5209    0.947929     1.83972   -0.786175    0.153248   -0.449194     1.39957     1.25339   -0.424821    0.480137    0.515151   -0.720169   -0.884505   -0.858287  -0.0338091   0.0358951     2.23041     1.19686    -1.00286   -0.500164     1.35179    -13.8461   -0.516671    0.772605      1.0767   -0.394684   -0.790023    -1.04538     2.03058   -0.565805   -0.804535   0.0457989
   -1.37482    0.404633   -0.457492    -9.45216    0.141866    0.836783   -0.811231   -0.505371   -0.879778      1.6268   -0.941218   -0.147725    0.458755    0.364754   -0.806255     -1.3042    0.988427      1.2861   -0.219531     1.18853     1.55534   -0.254085    0.181586    -1.46336     1.35441     1.50022    -0.59867     2.79633    0.166824   -0.934408   0.0833961     1.59714     1.45025    0.601352    -2.22942     2.83388    -8.30893  -0.0408327   -0.619256     2.76487    0.182623    -3.88582   -0.696845 -0.00528144    0.402819    -0.18789     1.21972     -1.5142    -1.91484   -0.274597
   0.743521    0.185809    0.274239    0.160226    -1.38428     1.70851    0.187354    0.231799     1.69994     0.65023   -0.283154    0.145952    0.219956    0.393841     1.94676     1.29051     1.99217     -9.1734    0.496126    -10.1898   -0.181938   -0.142421      0.6773    -1.45598    -1.89201     1.62655    0.303428     1.34561    0.397498    -1.35415    0.652378     1.87852     0.61359    -0.79613    0.776476     1.93626     1.69608    0.156488    0.579563     1.79395     1.55037     1.99039  -0.0263245     0.26684    0.475037    -1.16088       0.755   -0.734208    -2.39882    0.292011
    2.28996    -7.71392    0.153479   -0.571275    0.494891     2.44316  -0.0984023     1.04226    -6.08254    -6.72097     1.03139   -0.167666     1.09974    -0.21162   -0.898138    -1.46574     1.26348     1.48449    -1.76685     1.86382   -0.730329   -0.137237    0.397969   -0.171135    0.561032     3.21491     0.31265     1.74581   -0.792888   -0.296892  -0.0719682     1.90055     0.23013   -0.667708     2.04178     1.44898     2.90938    0.161911    0.764404     1.31802    -1.27323     -2.7231    0.152148    0.279122    0.788166      1.2008    -1.07569    0.166199    -1.00963    -0.17083
   0.904835     2.82812    0.183148  -0.0972735    0.229233   -0.927277     -2.9839   -0.350463    0.288533    0.059661    0.786892    -0.25205     -1.4412     1.28115    -0.62908     2.07265     1.28731     1.52512     1.86082     1.60177    -6.93402    0.537259   -0.335131    0.557351    0.700187       1.261    0.375905      2.7394   -0.891916      1.1509     1.55897    -13.4725     2.08667    -1.02966     3.01779     2.14286     2.39296   0.0541118   -0.358941     1.59886   -0.354005    0.931222     1.01042    0.218126    -1.56019    0.510527   -0.394823    -1.24424   -0.612501    0.114743
   0.159195    0.235346    0.248413    0.879788    0.111476    -3.77723    -1.17145     1.44086    0.453867    0.694864    -1.10599   -0.246988     1.81956    -2.93998   -0.915736     2.51816   -0.825774    0.147819    0.463101     1.07892     1.63253  -0.0998812   -0.132252    -1.12163   -0.732328     1.36189   -0.684564    -1.46289   -0.812359    0.878136   -0.828126    0.593513    -4.31459    -1.01122   0.0157589    0.107983    0.284682   -0.443482     -2.2506     1.49828    0.851009    0.339082    -2.69711   -0.900566    -1.66137     1.37458   -0.227197     1.30797     11.2716   -0.066967
    0.34278  -0.0419921    0.167808     1.69182   -0.817735   -0.950253     1.79626    -3.97006     1.26525       3.436    0.713626  0.00123542    0.521124     3.68566    0.705475    -1.72371    0.878863   -0.458813    -1.25597     2.74805     3.61086    0.164833   -0.132568     2.24249    -2.73688    0.459229   -0.206698     2.74046    0.151283     1.40022   -0.769001     1.96093    0.974251     1.30922    -1.08803    -12.9393    0.176744    0.322735      1.2069     2.26396     -1.7668     1.54462    0.950945    0.118823      3.7742  -0.0840722     1.54142     1.73609    -1.36898   -0.383206
  0.0375827  -0.0730986   -0.149404   0.0823165   0.0944467   0.0169807 0.000212749   0.0418434  -0.0129374   0.0383293  0.00851086    0.156027 -0.00817634   0.0154566   0.0478586   0.0175707   0.0323826  -0.0329244    0.122854    -0.14085  0.00928276   0.0303877    0.306952   0.0295083   -0.062255  -0.0892185   0.0870067  -0.0344316   0.0235804   0.0575392  -0.0164468  -0.0740936   0.0240787   0.0427107  0.00908509    0.104646  -0.0623311  -0.0624026  -0.0808227   0.0138893   0.0797031   0.0831052    0.106118   0.0363271   0.0187517   0.0223306  0.00581965   -0.042802   0.0922031   0.0177619
   1.88148
  0.825827
   2.95726
   3.05861
   1.39039
   1.61374
  0.520031
  -9.38637
  -1.01527
-0.0872122
