3 8 0.5 2100
1
1
9 50
   -2.69808    0.619833    -4.48375    -1.16874     -0.1598     4.13941    0.731364    0.557691   -0.840779
  -0.582357  -0.0628233   -0.892093    -0.31875   -0.903627     6.95728    -1.43463    -1.20955    -1.11849
   -1.55722  -0.0753476   -0.588427   -0.365754      4.2475       1.369     -3.0399   -0.608047    0.495839
 -0.0914502     1.93657    0.490291     1.86572     1.66299    0.823153     2.49544   -0.816374    -7.67347
  -0.178075    -2.39745     1.04878     1.86065     4.33938     -2.2165     1.57622    0.224241   0.0170784
    1.07787     2.82305    -1.49532    -3.91745     0.26368    -3.59363    -2.78204     1.81424     1.37641
    1.60289    -1.00038    0.947404     3.69288      0.7628     0.20576    -1.97692    -1.05471   -0.570384
   -1.62523    -1.58312    -2.73468   -0.354004     3.04882    -3.09976     1.62941     2.00145     2.74247
    1.63181    0.203366    0.931571   -0.339463    0.768486    -1.53463     1.05571    -4.58094  -0.0587669
    4.03795    -2.04325     2.23571    0.450149    -1.30152    0.264537    -1.19647    -1.46924    -2.29408
   -7.75686    0.136637     1.34795   -0.032139     1.34101    0.847469     1.67585     2.94187    -1.82241
  -0.459931   -0.851271     2.05342    0.936903    0.156678    -1.01405     3.22643     2.93203    0.526332
   -3.35486   -0.302735    -1.86514    -2.14911   -0.741989    -1.75327    0.694039    -1.40855     3.00613
   -1.23537     1.70088     1.76093    -7.55967    0.789999  -0.0635508    0.443553    0.997571     2.79813
    1.64171    -1.55453     2.05017    0.431611    0.447538     1.40632    -3.00007    -3.07071    -1.13724
  -0.176365      4.7496   -0.312858    0.832281   0.0624509    0.246994   -0.457729    -1.08827    0.795689
   0.136214    -3.52214     1.92749   -0.622514    -2.64116    -0.10254     4.41275     -4.7364     2.63337
   -1.75264    0.707693    0.461664    -1.86112     -0.3587    -1.23767   -0.775477     6.16603    0.130657
  -0.123341    -1.04486    0.412628    -3.22898     0.33101    -2.41027    -2.74161   -0.137031      2.6166
    2.49939    -1.07923   -0.213487     1.92566     -1.0255   -0.613996    -1.22078       2.898     2.59739
  -0.585899     -2.1342     -1.9373    -1.93171   -0.228554     3.03738    -3.67794    -1.17877     2.49318
  -0.758672     5.44027   -0.235835    0.616934      0.7581    0.500904     1.27421    -3.12655     1.35572
    1.45273     2.15344     2.30401    -1.67737     -5.6443    0.462938    -1.80855      1.7845     1.54068
     1.1995    0.773122     6.23452    0.089431    -0.34022    -2.45854    -1.25743    0.117325    -2.28788
    -1.7911   -0.498317    0.532411     3.55615   -0.653212     1.21747    -1.74831   0.0745888   -0.417962
  -0.785684     1.58705    0.803646    0.164801    0.850807    -2.20679     1.45508     1.90829    -4.05561
   -1.56076     6.66236  -0.0784393    -1.07346    -1.28857   -0.924275    -2.68967    0.298723     -1.1485
   0.916147      0.8077    -3.32905    0.120119    -1.46322     -1.7152     1.37525      4.9915   -0.690932
   -2.42313   -0.645432    -1.35675     3.92017   -0.502165    -1.03164   -0.108509    0.140203     1.05553
    2.01354    -1.33427   -0.790924    -1.53349     4.80975   -0.326355   -0.251139   -0.840752    0.256215
    3.34445    0.831545   -0.587385      -1.277    0.808054    -4.93511     2.64288     1.10471    0.202125
   -5.08336       2.231     1.62512    -1.35262    0.896081   -0.450769   -0.445284      2.2967     2.03768
    3.56927   -0.328461     1.20686    -1.54366    0.558479    0.378516    -1.40665    0.738364     -4.6726
   -1.01071     2.94344     1.79424    -3.47826     4.54364      1.5867    0.100155     1.57513    0.387731
  -0.739629    0.161536     6.16541   -0.867154 -0.00775084   -0.576817   -0.511136   -0.812183    -1.02347
     4.5938   -0.978253    0.335353   -0.230625    0.012925   -0.147231   -0.555949   0.0905021    -3.92506
    1.63257   -0.150762   -0.193558    -1.17541    -1.44242     5.96324    0.893932    0.256788     1.51626
    2.06599     1.22489     2.48645    -1.67186    -2.23919     -1.8302   -0.836811    -3.73358    -1.19488
 -0.0163644    -5.45431     1.14351    0.267614    0.677789   -0.222684     1.33729     2.15137   -0.514547
    1.82314    -1.20047    -3.04766     2.40573    -1.95722   -0.885951    -1.48319   -0.053981      3.4305
    1.61369     1.22348   -0.392315    -6.53519   -0.603903   -0.196674    0.339106   -0.171517   -0.278542
   0.890153     2.29931    -1.32839    0.943159    -1.13384    -0.31225    -1.17493     4.62801    -2.91557
   -2.88091     1.13063  -0.0255394 -0.00448376    -2.69687    -1.02163    0.743358      1.5064    -3.80216
   -1.75291   -0.213597     4.93492    -3.53001   -0.841608    0.132953    -1.40966     2.01854    0.446953
   -2.95518     1.00565   0.0815733     1.37604    -3.29161      3.5252     1.55278     2.49047     1.83629
  -0.692144     1.53273    0.828147    0.799187      1.3701    -2.22306   -0.824478     1.94986    0.167919
    1.09543     1.61537    -3.88625     1.41571    0.626404   -0.950066    -6.17583    -0.94597   -0.173624
   0.242232    -1.01206     1.44755   -0.364172    0.161882   0.0879252     -6.4049   -0.381519   -0.437348
  -0.141621    0.966098    -1.34924     2.33882     3.70043     1.10221   -0.643915    0.682026     1.42149
    1.74248    -1.34072      0.4939    0.753219    -2.75427    0.385636    0.276931    -2.36429     2.00107
-0.323451
 -3.76257
  0.86873
 0.471093
 -1.24063
   -0.635
 -2.45788
 -2.42733
-0.496987
 -1.61997
-0.510816
 -2.05447
 -1.43812
 -1.16627
-0.276675
 -4.04227
 -0.80127
 -2.67099
 -3.00092
 -2.79902
 -1.62707
 -1.07132
 -1.71949
  1.95438
  -2.4654
 -3.03199
 -1.59614
 -1.47545
-0.348286
 -2.20751
 -2.34271
 -2.38827
 -1.05006
-0.258475
 -2.00945
 -2.54913
 0.556846
 -2.19233
 -2.84147
 -2.24106
 -2.86192
-0.571221
 -3.03462
 -1.15044
 0.487518
 -2.08858
  -1.5152
 -1.48771
 -1.73651
-0.795846
1
1
50 50
     3.13957     -3.53543    0.0975959      1.01833    -0.408459     0.930198    -0.400079      1.39055     0.872926     -2.31811       0.2243     -1.13643     -1.32262     -2.34758     -1.70015      1.08193     -2.84374    -0.412691    -0.622919     0.676222     0.382169    -0.140882    -0.243572     -3.57225    -0.525657    -0.834771     -1.45067      1.13658     -1.01051   -0.0974244      2.43606     -1.41946     0.218653     -1.92004     -1.02051    -0.426639      1.82696     -0.89629     -1.06992      2.11638      1.64839    -0.270493     -2.58494     -2.79251    -0.590243     -1.03566      2.90709     -2.67765     0.761725     -0.62872
     1.70542      7.60622    -0.188555      1.58229     -2.69726      -2.0025    -0.622482     -2.06267     0.109607    -0.193051     -1.49284     -1.06199     -1.76758      1.15172    -0.429043      0.52168     -1.77752      -1.1027     -1.65491    -0.683843      1.38413   -0.0926885    -0.396693     -1.85842    -0.705443     -1.67179    -0.124625      -2.9259     -1.56336     0.170595     -3.07768     -1.71358    -0.191175   -0.0143368    -0.396473    -0.124585     0.262332      -1.1084     0.356438     -1.85302     0.531761    0.0377193     -1.55167    -0.817015      1.86091     -2.02639    -0.500997     -1.51896    -0.446997     -1.01324
  -0.0235363    -0.515447    -0.529044     0.012556    -0.246193    -0.121677   -0.0508082   -0.0916281    -0.488357    0.0121947    -0.871772    -0.267674   -0.0597639    -0.308583    -0.104238    -0.358096    0.0992545    -0.603893    -0.390642   -0.0140996    0.0449479    -0.247638    -0.163725     -0.46137    -0.430497    -0.204072    -0.170067      0.11987    -0.415655    -0.293031    0.0241051    -0.417843    -0.267908    -0.151564   -0.0353411     0.240764    -0.419373     -0.21648     0.268568    -0.164406   -0.0912406   -0.0951518    -0.181088     0.022223    -0.391448    -0.316037    -0.233581    -0.468945   -0.0369563    -0.107246
    -1.89326      -1.3218    -0.170053     0.424764     0.234966     -1.80592      2.82627     -2.06557     0.116462    -0.422722     0.566394     0.763274    0.0616738     -5.32523     0.316589     0.248552     -1.59554    -0.173171      -1.7207       1.6367     -3.02262     0.799102     -1.12581       0.9413      3.46018     -1.05505     -1.56918      1.02549      1.80208     -2.12853     -1.41877    -0.248741      -1.7667     -2.83221     -1.06393    -0.148032     -2.01999     -1.42988     -1.03328      1.65252     -2.38403     -0.26926    -0.775073     -2.17277     0.249102      1.40583     0.759332     0.689031      1.62828     0.537525
   -0.920125      -1.0174     -1.15456    -0.847463    -0.722263    -0.597677    -0.944116    -0.922895     -1.22727    -0.576119     0.422145      1.16935    -0.505016    0.0266713     -1.29263     -1.49536     0.583082    -0.613558    -0.670009   -0.0827322    -0.521454     -1.47708     0.650455        2.435    -0.216064 -0.000886929    -0.572256     0.303982    -0.406596     -1.33433    -0.452611     -1.49018    -0.624117     -1.31353    -0.282043    -0.796376      1.74328   -0.0513149      1.48723    -0.451464     0.187037     0.206644    0.0336562       1.2644      1.42868    -0.606799    -0.465817    -0.983496     -1.07123    0.0634432
    -2.21903    -0.701821    -0.431853    -0.152927    -0.496953     0.537435     0.166056     -1.21177     -2.15439     0.759365     -1.58722    -0.228495      -1.2278    -0.253531      1.31126    -0.223892      -1.7541      1.87618     0.353621     0.487509    -0.300992     -1.02538     0.421607    -0.120973    -0.332234    0.0954863      -1.0978     0.405933     -1.14211    -0.362997     -1.12134    -0.672156    0.0875756    0.0370955     0.675348    -0.358333   -0.0177517     -1.28291     0.462189     -1.25809     -1.26597      0.54653     -1.10394      1.02916     0.245789    -0.366441     -1.57257       1.0177     -0.92315    -0.202347
    -0.15187    -0.894815     -2.19641    -0.384884    -0.869536     -1.99082     -2.00693    -0.294502    -0.570056     -1.39255    -0.493073     0.318385     0.455018    0.0278035     -2.05993    0.0755031     0.961905    -0.757431    -0.628825     -1.68488     -1.40948    -0.239278    -0.386976     -2.83992     -1.12549    -0.332353    -0.659008     -1.30683     -1.77155     0.821868     0.602367    -0.635828     -1.10057    -0.690487    -0.940047    -0.825467     0.280756     -1.33094    -0.474119     -1.74322      1.72005      -1.7477    -0.385026    -0.975381    -0.625067      -1.7107     -1.91946     -1.23704     -1.92242     -1.28656
    -1.35611     -1.71306     -1.46841     0.263335    -0.606871      -2.3805     0.727595     -2.28048     -1.00572    -0.175961      2.88094    -0.306288     -3.30641    -0.369956    0.0817479    -0.628483     -1.17875    0.0044557     -2.52528    -0.451232     -1.10912    -0.330693     0.740221    -0.105082    -0.932766      2.92191     0.229378     0.446017     -1.73525     -1.64517     -1.04094     -1.90464      3.13443    -0.315657    -0.373674      1.41984      1.25107     -1.76428    -0.894804     -2.00119    -0.316005      1.48384     0.720814     0.103854    -0.644503    -0.889675     -2.10232     0.280077    -0.874401     -1.12916
    0.347504       4.7828    -0.786508      0.63587     -2.37822      -2.0549    -0.930502    -0.911175    -0.606328     -1.59763    -0.140791    -0.707858     -1.26242     0.764575    -0.799622    -0.907416     -1.01856     -1.33498    -0.917108     -1.26027      1.91169    -0.112328      1.66944     -2.93347   0.00552872     -1.47881    -0.826051     -1.81497      -0.9173    -0.162677     -1.80696      -2.1879    -0.895613     0.844509    0.0840284    -0.229782     0.493422    -0.230765     -0.82516     0.114168      2.47007     -1.14116    -0.787422     -0.56134      1.96799     -2.17711    -0.813955    -0.831215     -1.20538    -0.838355
    -2.99581    -0.948782     -1.48669      -1.0517      2.71659      1.02752  -0.00566094      1.69422     0.815301    -0.685563     -1.29318      1.20227      1.57626     0.444246    -0.112943    0.0818493     0.186334      0.40141      1.34363     0.304943      -2.1385     0.310415     -1.07713      1.49701    -0.786984     0.197745    -0.265516      0.84729      1.36868     0.141074      3.20204     -0.16517     -1.40482    -0.924696    -0.409352     -0.33282     -4.82745      2.02276    -0.166595     0.482433     -2.99632    -0.506453  -0.00680688      -1.1091      -1.8459      1.96132     0.564647      1.24979    -0.465922     0.433294
   -0.158915    -0.826075    -0.765693    -0.330576     0.166057    -0.279452    -0.141779    -0.580431     0.917472     -0.24964    -0.671668    -0.703845    -0.149578    -0.776205    -0.359707     0.242588     0.230495    -0.462953     0.264403    -0.365032     0.284314    0.0601286     -1.38122    -0.390244    -0.454887    -0.511471     0.222906    -0.684623    -0.591901    0.0367885    -0.136107    -0.494114    -0.297475    -0.145327     -0.46026     0.144748     0.159121     0.161122    -0.242257    -0.512421     0.241579    -0.978904    0.0486283    -0.501095    -0.908623    -0.684908     0.154847    -0.885465    -0.391192    0.0903135
   -0.214294   -0.0333172    -0.493731    -0.427624    -0.144039    -0.357829    -0.073751   -0.0163473    -0.096493    -0.313267   -0.0469665        0.017    -0.196506    -0.192073   -0.0485664     -0.29493    -0.412487    -0.129394    -0.341591    -0.501387     0.073833    -0.079656    -0.187496    -0.208243    0.0129758     -0.33609    -0.103872    -0.141068    -0.387745    -0.128712      -0.3019    -0.151221    -0.217076   -0.0897776   -0.0949233   -0.0216596   -0.0502269    -0.251318    -0.338475   -0.0212882     -0.21636   0.00399028    0.0132955      -0.2334    0.0946059    -0.245372    -0.157732   -0.0752735     0.294531    -0.131694
    0.104389    -0.729158    -0.713116    0.0844486      2.13478     -2.63815     0.405925     0.954169   -0.0461115     0.644115      1.57425      1.58072     -2.54155     0.403741      2.17319     -2.05755      0.49254     0.488421     0.605449      3.13193 -0.000521415      -3.6813    -0.952673    0.0528359    -0.540743      -1.4013     -1.86268     -1.34868    -0.782223     0.179452     -1.99789     -2.45695     0.754695     -1.28319    -0.913345    0.0731411      1.69023     -1.68036       5.2137    -0.189112    -0.343066     -1.66278     -2.28078     0.786127     0.542081    -0.806688     -2.17906     0.674503    -0.282316    -0.220404
   -0.650038    -0.439049       1.5353     0.527125    0.0504681     -1.34995     -0.17729    0.0421275      -1.0137     -1.48307     0.461544     -1.84662      1.21682    -0.570933    -0.940893      1.16324     -1.77528    -0.918412    -0.850497     -1.20563     -1.02333    -0.135789     -2.68843    -0.508119     0.727952    -0.833111     0.663893     -1.26914   -0.0687794    -0.950209     0.531012      1.85656      -2.5152     -1.02434    -0.287099     -2.07989     -2.86802     0.151369     -1.84513    -0.610287    -0.106217     -1.64178    -0.727453    -0.188594     -2.00671     0.428816   -0.0666973    -0.289095     0.394457    -0.847081
   0.0620703    -0.208143     -1.12444    -0.198024     -1.01164    -0.586286    -0.281659     0.264293     0.197194    -0.804786    -0.754281    -0.703778     0.096118    -0.250059     -1.54796    -0.602143     0.107256    -0.126228    -0.700042     -1.41442    -0.215045     0.995472     -1.21646     -1.32082    -0.937158    -0.681874     -1.31234    -0.593363    -0.261066     -1.04349     0.440336    -0.356878     -1.11992    -0.204609    -0.390046     -1.10503    -0.756853    0.0427503     -1.31915     0.249688     0.159038    -0.714424       -1.095    -0.203652     -1.22894    -0.230373     0.478995    -0.969655    -0.780154    -0.742911
   -0.882534      1.98357     -1.50565     0.457977     -2.05595    -0.779737    -0.636472    -0.501166     -1.45531     0.254011     -4.11966    -0.611506     -1.57032    -0.292016    -0.905827    -0.951923    -0.216853    -0.957786     0.385546     0.272075     0.373233    -0.746852     0.103562     -1.99277      -1.2248    -0.185592     0.386673     0.738046     -1.75317     0.484333    0.0908386     -1.77022     0.586302    -0.788297    -0.672165     0.788092     -1.15952     0.050285     0.100865    -0.141306      1.73201     0.454485   0.00682327     -2.38831    -0.441456     -1.28227    -0.443485     -1.67884     -1.20626      -1.5674
     1.23482     -1.42962    -0.339977     -1.23587   -0.0812616     -0.22548      -1.3588   -0.0877043    -0.437546    -0.507596      1.03167     -1.42725     0.551805    -0.730085    -0.819484      2.25479     -1.10843     -1.01544     -1.22199     -1.19488     -1.21957    -0.743287    0.0366839     -1.73134    -0.662313    -0.281333      2.34017    -0.827559    -0.205322    -0.303972     0.290088      1.16642    -0.921137    0.0337896     0.218433     -1.28773    -0.898193     -1.15927    -0.636288    -0.469618    -0.449351    -0.284632     0.668484     -0.32935     -1.50037    -0.851857    -0.170818     -1.00973  -0.00163643    -0.455426
    -0.93611     -2.43221      2.56035     0.683294      2.84567       1.0755    -0.492413     0.456277     0.319772    -0.879554     0.842409      0.50854     -1.56451     0.170996    -0.311828     0.182231     -2.73128    -0.121172     0.355257     0.509364    0.0655428     0.492132     -3.42178     0.441829    -0.973688     0.580712     -1.46105     0.420594      -1.2707      3.10068     0.641186     0.399545    -0.979139      3.43612     -1.34607     -1.17588    -0.937943      -3.6364     0.270959     -2.51686    -0.181733     -1.06602     -1.99998    -0.453013     -3.21235      0.99616      1.01801     -1.61989      2.86307     -2.56604
    0.805292      2.47037     0.147008    0.0628785     -1.08487     -1.63647    -0.868594     -1.17378      -2.4094     0.600916     -1.73338    -0.320513    -0.573213    0.0269572    -0.290058    -0.827236    -0.713312     0.303104    -0.252006      0.24884      1.53241    -0.948939     0.218762     0.375225    -0.759396    -0.869784    -0.399484     0.791077     -1.23566    -0.409002      -1.5194     -1.17773    -0.450325      1.02238     -1.81697     0.159284    -0.773815     -1.14496      1.29786     -1.04149     0.988413      1.00685    -0.561871     -1.42438     0.446683     -1.47977    -0.201514     -1.01951    -0.570699    -0.613104
   -0.248554    -0.404989     -2.79467     -1.32369     -2.98753     0.686034     -0.62912     -2.59121     -1.69454     0.142124    -0.933909    -0.412319    -0.355354   -0.0983278     -1.44033     -1.57745      2.16384     0.309402    -0.323756     0.556616    0.0820816     0.717175      4.31071     0.613486      1.37092    0.0260101    -0.220308      0.41436     0.605697     -3.45316    -0.393099     -1.23126    -0.245477     -1.94424    -0.603216    -0.198283      1.93067      1.56547     -1.15862     0.738465    -0.202319     0.666798      1.38682     0.251137      2.87799     -1.23503    -0.576869     -1.42723     -1.69104      3.17148
    -1.08749     0.107155      1.50107     -1.14729     -1.04323      1.91572      1.61278     -1.18403    -0.364758    -0.687219      0.21685     -2.47037     -1.71307     0.506136      1.46703    -0.202188     -2.96338    -0.536693      2.24881      1.21715      1.71086     -1.68446    -0.856533      1.26014     0.529471     -1.61234     0.733593     -1.35393    -0.282791    -0.148843     -2.03293     -2.18109    -0.482218   -0.0846397    -0.573642     -2.03098    -0.105489    0.0897142    0.0621103     0.250317    -0.768137    -0.157801     -1.77419      1.07072       0.8147   -0.0307783      1.03758      5.24019    -0.394076    -0.517243
   0.0622216     0.242427     0.100776     0.228882     -0.27807    0.0483388    -0.336877    -0.222608   -0.0265747    -0.395119     0.199057    -0.492553     0.454239    -0.361244     -0.42093   -0.0626096    -0.571053    -0.636795     0.138766    -0.364879     0.187953    0.0466932   -0.0230661     -0.95867    -0.135782     0.070952   -0.0285771     0.151912    -0.301748    0.0225359     0.103623    -0.206038    0.0264843   -0.0975012    -0.274795     0.263181    -0.291559  0.000326008    -0.155579   -0.0967404     0.167653    -0.073594    -0.170409    -0.094049    -0.532105    -0.381692     0.551276    -0.654881   -0.0123589    -0.403059
   -0.150483    -0.480275    -0.314559     -0.18944    -0.264376    0.0522159    -0.220627    -0.250838    -0.248296    -0.230885    -0.158922    -0.256667    -0.245149   0.00655811     0.171908    -0.171406    -0.362372    0.0259176    -0.277988     0.142731    -0.113711    -0.528693    0.0496924     0.237273    -0.307818    -0.340458    -0.186872     0.054772     -0.11654     -0.29892    -0.437018    -0.346484    -0.291565    -0.244103    -0.157842     -0.20639    -0.196952    -0.361877    0.0701582    -0.306969  -0.00390056    0.0899925    -0.194622     0.160686   -0.0977933    -0.257255    -0.147023    0.0854729    -0.558097     -0.19467
   -0.687071     0.134724    -0.821567     0.477978    -0.640126    -0.992768    -0.598667    -0.564059    -0.387737    -0.633508    -0.610512     0.156841     0.665401     -1.13312     -1.31026    -0.463838     0.209998    -0.567055     -1.16929     -0.60659     -0.47502     0.807593      1.21798    -0.688316   -0.0512553     -0.30463     -1.05264   -0.0920967    -0.225123     -1.09096     0.634896    -0.640049     -1.27837     -1.31474    -0.516919    0.0402355      -0.2099     0.465186    -0.830244     0.788899    0.0715833    -0.492745    -0.172471     -1.18722     0.200939    -0.474543    -0.633706     -1.13367    -0.546242     0.452498
     -2.4857     0.387667    0.0411224     -4.89546  0.000761997     0.718643     -1.21208     0.278006     0.309417     -1.77489     -0.27491    -0.317503     0.794613    -0.172677    -0.467752    -0.361642    -0.208292     -1.17919      1.14679     0.857936     0.540844    -0.155933     0.957893     0.193876    -0.640489     -1.92862    -0.771092     -1.62489     -1.03014     0.305055     0.863047     0.767143     -1.46156    -0.377972     -2.17432     -2.83567     0.386673    -0.342374      -1.0295      1.82685    -0.509492     -1.06144     -1.62888    -0.688158     0.442565     0.774535    -0.847985      1.05427   -0.0382447     0.813759
    0.185684     -1.74238     -1.80546   -0.0211334    0.0469146     0.708825       1.0105    -0.479358    -0.104441      2.12283     -7.19417     -1.35574     -1.38635     0.798011     0.411786     -0.12196    -0.439263     -2.05966     0.548512     0.786144     0.620422      -1.0657      1.50619      -0.1428      -2.3424  -0.00854231     -1.32464    -0.570205     -1.67603   -0.0750152      1.61487     -2.58452      1.28932     -1.55318     -1.49232      3.05419     0.155024     0.206673      1.33071    -0.656422     0.494601     0.564228     -1.11321     -1.77228       -1.218     -1.26297     0.583456     0.586918     -1.47093    -0.388217
   -0.242505    -0.413172    -0.193884    -0.559529    -0.264257    -0.154694    -0.373958    -0.188604     0.171302    -0.200756    -0.577395    -0.469593    -0.422655    -0.437913    -0.151301    -0.356665      -0.3385    -0.390528     -0.19277    -0.473829     0.362493    0.0404422    -0.596288    -0.125085   0.00125283    -0.411008    -0.607403    -0.281752    -0.522271    -0.101405    -0.390481   -0.0464372    -0.303748     -0.23368     -0.14996     0.340418     -0.10302    -0.382398    -0.473246    -0.148719    0.0140835    -0.132072   0.00125239     0.263301    -0.611755    -0.327367     0.206102    -0.703146    -0.186568    -0.348235
     0.56466    -0.532592     -1.63409     0.581021     -0.73001      1.31692    -0.871384     -1.75652     0.516182     -1.76264     0.497209     -1.36813   -0.0484441    -0.627548      -1.6287      4.72335    -0.502752    -0.813669    -0.596568     -2.56022     -2.23417      1.11201    -0.474235    -0.348393     -0.72127    0.0705123      5.13012     -1.01758    -0.796672    0.0327125      0.48102     0.501762     -1.56215     0.138557    -0.397478      -1.4692    -0.842123   -0.0137832      -1.4132     -1.60069    0.0963936    -0.643662      1.33625   -0.0135046    -0.916279     0.261386     0.120663    -0.641012     -0.35265    -0.652383
   -0.431141   -0.0414244    -0.180006     -1.67021    -0.032418     -1.51619    -0.202644    -0.421785     0.308969    -0.624267    -0.321041    -0.606367    -0.305808    -0.173042   -0.0134258      -1.2494     0.677921    0.0720153    -0.615775    -0.791786    0.0241076      1.42148    -0.363098    -0.797916    -0.453251    -0.972477      -2.1485    -0.423323     0.122034    -0.261226     -1.09504    -0.265106    -0.504093    -0.184467    -0.820878    -0.244626    -0.196934     -1.44232     -1.62683     0.452244    -0.784356    -0.831237     -1.10212      -1.7418    -0.389008   -0.0834666     -1.33273   -0.0839534     0.738204   -0.0392725
     1.68752     -1.23706     0.756234       1.6953   -0.0643778     -1.04895      -1.2965       1.4746      1.03984    -0.439098   -0.0602567      -1.0361     0.246163     0.386388    -0.859095     0.148044     0.546811   -0.0564029     0.185874      0.28854     0.305716      2.14587     -1.26259     -2.84273     0.568617     -1.83667     -1.54388    -0.645297     0.890626     0.393868    -0.158845     0.366224     -1.14501     0.140759     -0.49838     -1.47686     0.467344     -1.47697    -0.422775    -0.102928    -0.512918     -1.66984     -1.69979     -1.57229     0.820799    -0.455814      1.07958     -2.84813      1.40414     0.986864
    0.394157    -0.577713       0.5983     -1.37264   -0.0736712      1.10119     -2.30835     0.516255     -1.15236      -1.9222    -0.845702    -0.832059    -0.816887  0.000590696    -0.379742    -0.574581    -0.431361    -0.713343     0.985505    -0.137634      1.21046     0.873673    -0.362486    -0.692692     -1.03381     -1.75132     -1.37372     0.479754   -0.0910135    0.0918654    -0.137097      0.24523     -1.10045      0.75503     -1.49746    -0.838774      1.32623     -0.96348     -2.05339     0.184312    -0.412818     0.765791     -1.20512     -1.15224    0.0766115    -0.244956      1.24932     0.283397     0.612287     0.273817
    0.449262     0.139012     -2.44687     0.992314     0.375464     -3.39302     -2.33976      1.13591     0.465028    -0.507242   -0.0405257      2.64948    0.0178373      1.91903     -2.17377   -0.0222476      3.55011      -1.6338     -3.56105     -2.58088       -3.014      1.18054    -0.278455     -3.38926     -1.22978     0.290849    -0.957187    -0.526686     -1.79015     0.317462      2.85674    -0.418209    -0.436964    -0.796658    -0.530311    -0.486463    -0.084241     -2.36482     -2.25426   -0.0532284      1.02138    -0.897206    0.0465983     -1.36136     0.549358     -1.57741     -4.92973     -1.34961    -0.547697    -0.288388
    0.081697   -0.0111892      1.24522      1.01668    0.0100407     -1.56902     -0.13612     -1.54485        3.402     -1.25317   -0.0771853     -1.52188     0.492772    -0.640464     0.863403       0.3879      2.80993      -2.8047    -0.463854     -2.35851    -0.761704      3.11137     -3.83623      1.67242    -0.494562     -1.35139     -1.33286     -2.54322     0.960756     0.589939    -0.917438    -0.781735     -3.26133     -1.08328    -0.307506    -0.955227      1.56108     0.383182     -3.74108     0.453162    -0.930751      -2.6554      -1.2834     -1.94444     -1.25716     -1.05006      1.06807     -1.45694     -1.61283       0.4033
   0.0816647    -0.398446     0.390756      1.69303      1.38304    -0.803082     -1.83225     0.806338      1.14612    -0.893866     0.717273      0.20102      1.32741      1.86658     0.450333     -1.07837     0.952862     0.778702     -1.46076    -0.714739    -0.372424      1.23524    -0.161108     -1.01329    -0.812575     0.368967     -1.68371      0.19918     0.754087     0.281393     -1.11873      1.70303     -1.50359      1.16934     0.582351     -2.76265     -1.38642     -1.08445     -1.33975      -1.3974     -1.50282     -1.90365     0.791667    -0.208852    -0.640652    -0.600288     -1.53878    -0.661362     0.295393     -1.34301
    -1.50014     -1.42455    -0.129203     -1.92333    -0.244094      -1.3047    -0.687133     -1.61416    -0.234158    -0.483177     0.359293     -1.09885      1.01732     -3.75851     -1.28676      2.75864    -0.717329    -0.667614     -1.12188     -1.88149     -1.10876    -0.861963     -1.11466       1.0413      1.82813    -0.299002      2.05964    -0.389098    -0.641394      -1.7571     -1.59889      1.42754     -1.12655     -1.39098    -0.321658    -0.896967     -1.13999     0.578642    -0.966418     0.213745     -1.41163    -0.628288      1.10288     -1.55997    -0.733538     0.537052    -0.520347    -0.169947     0.877395    -0.167798
   -0.740847     -0.69518    -0.330975     -6.72742     -0.83836      1.05908     -1.01153      1.86388     0.546292    -0.938795     0.188104    -0.802774     0.818007    0.0393012    -0.425518     0.485297       1.9437      1.21968      2.52363     0.526075     0.915195      1.74289    -0.244728    -0.776393    -0.807243     -4.25094     0.155554    -0.929288     0.192139     -1.70285   -0.0580748      1.62248      -1.1189    -0.386091     0.223566     -1.50526     -1.45829     0.947038    -0.859294      2.32195     -1.26639     -1.49132      -2.2316      1.15506    -0.099384     0.547727    -0.137681     0.434702    0.0872848      1.37835
     1.83833     -1.78909    -0.992537    -0.812447    0.0796817     0.933742     -2.41285     0.381668     0.616789     -1.15924     0.265842    -0.930552     -1.78356      1.68201     -1.26114    -0.510402    -0.209306     0.797597       1.6452     -1.34242      1.33355    -0.174306      1.54562    -0.984711     -1.84043     0.121884     0.576803    -0.999407     -3.61149     0.887833    0.0792602     -1.02995     0.978617      1.89453     0.192972      1.03906      1.10611    -0.116693     0.271849     -3.34245      6.41074     -1.16002    -0.333793      1.59647   -0.0580273    -0.924013     -1.24951      -1.8893     -2.30301     -1.33301
   -0.292124    -0.053951     -0.12898    -0.337236    -0.435872    0.0777018   -0.0485842    -0.332672    -0.136258    -0.128199    -0.555043    -0.327327     0.100071    -0.467025    -0.110708     0.368165    -0.023525    -0.240183   -0.0180189    -0.286453     0.145627  -0.00719962    -0.382752    -0.277033    -0.105253    -0.165081     0.345124    -0.291499    -0.131334    -0.304764    -0.238582    -0.471565    -0.171665      -0.2908    -0.304407    0.0104606    -0.223317      0.18987    -0.425548      -0.2792   -0.0208564    -0.232825   -0.0221307     -0.20292    -0.523975     -0.24294    0.0513121    -0.393357    -0.246813     -0.29014
   0.0241198    -0.371745     0.352617       0.6815     0.711314    -0.650759    -0.242902    -0.696888     0.872747    0.0187181    -0.575625    -0.744474     0.934465    -0.865358     0.652365     -0.14375      1.32248     -1.07767    -0.159197     -1.25783    -0.210872     0.832402     -2.23593     0.882363    0.0849438     -1.06073    -0.259075    -0.142861     0.316177     0.310753    -0.218625  -0.00429751    -0.943502    -0.619966    -0.439978     -0.37219    -0.240909      1.34533    -0.934088   -0.0879752    -0.734458      -1.4447    -0.591271    -0.859471     -2.04798    -0.886966     0.053753    -0.515948    -0.808248     0.561702
     -2.8277     -1.17738     0.545167     0.732629     0.257511    -0.200562     0.269317     -2.67734    -0.242707    -0.116122      1.21085     0.493303     -2.17619     0.318853      1.84127     -1.61148    -0.706441    -0.433356      0.50026      1.14236      -1.8208      0.33784      1.02355      2.41608     0.184535    -0.429671     -1.32856     -1.92708    -0.180993     -1.67155     -2.17455     -1.02133    -0.265411      0.38913      6.11585     -0.42467    -0.431354       1.2294    -0.322912     -2.72019     -2.00308     -2.33679     -2.24867      3.59209      0.49322      1.27774     -3.10758     0.620402    -0.998839  -0.00502779
    -1.12502      1.21947    -0.482221    -0.257563     -0.57484     0.822719     0.560399     -1.11283    -0.914472      2.09704     0.197661     -1.35211    -0.330684   0.00918679      1.75979    -0.845359     -1.27104  -0.00471098     0.577544     0.646865     0.072609     -2.48663      1.47781      2.47473    -0.579116     0.806339    0.0511284    -0.688285    -0.968714     0.440149    -0.110848     -3.00365      1.80853     -2.34797    -0.538727      1.55986       -1.034    -0.445805      1.15581     -1.56742     0.135321    -0.296565    0.0226398    0.0951719     -1.19418    -0.644901    0.0886552      2.36006     -1.68689    -0.495997
    -2.87077    -0.254401    -0.139905     -2.22041      1.98593    -0.593323      1.69982    -0.990366       0.2197    -0.989859      1.34685     0.475932    -0.248357     -3.53031    -0.260672     0.120131     -1.16384     0.426417    -0.902214      1.19588    -0.484861    -0.136676     -0.78335      1.93636      2.34637    -0.804052    -0.381513     0.373105     0.270356     -2.35285     -1.43506     0.667502     0.259808     -2.96598     -1.13438    -0.971866     -3.04053     0.127782    -0.402891      1.11769       -1.205    -0.459248      -1.4621     -1.85503     0.143473      1.21223    -0.136166     0.861238      1.18107    -0.588222
   -0.856429    0.0756298   -0.0958367     -1.30272     0.443024    -0.184443    -0.548432   -0.0753878     0.521406    -0.608277    -0.864574    -0.849993     0.598088     0.301472    0.0752713    -0.834652      1.01867    -0.251845      1.10637     -1.13767     0.924989       0.8038    -0.793831    0.0803119    -0.159165    -0.959375     -1.26066     -1.32342     0.190022    -0.173471    0.0341813   -0.0612609    -0.875424     0.289624    -0.242233     0.359136     -1.43511     0.618212     -1.51408     -1.01928    0.0290607     -1.56867     -0.80016   0.00473548     -0.43495    -0.786152    0.0496209    -0.848056    -0.651862     0.640805
    0.216251    -0.531174   -0.0530231    -0.407999    -0.369958    -0.365139    -0.330694    -0.340943     -0.26543    -0.117516   -0.0370281     -0.31846     -0.21129    -0.505458    -0.461021    -0.169796    -0.346554    -0.227354    -0.182836    0.0655719    0.0967043    0.0657138    -0.395333    -0.340955   -0.0639229     -0.65388    -0.328738    -0.255045   -0.0645656     0.197688    0.0792526     0.204865     0.002651    -0.442553   -0.0776391    -0.191983     0.469586   -0.0508848    -0.501181    0.0511525   -0.0551392    -0.305111    -0.147881    -0.277583    -0.300717    -0.480602     0.292147     -0.19578     0.040754    -0.366053
 -0.00462671      1.16906    -0.477313    -0.556247    -0.399468     -1.35598     -1.52717    -0.524166     -1.27782    -0.271883    0.0295671    -0.743948     0.461236   -0.0257763    -0.971351      1.94777     0.594903    -0.464217    -0.907217     -1.05596    -0.474081    -0.275601    0.0269737     -1.91929    -0.946633    -0.843505      1.71529     -1.16198    -0.928157   -0.0834864    -0.163503     0.390414     -1.81343    -0.486809    -0.895695     -1.14512    -0.725722    -0.473086     -1.09091     -1.71699      1.20673     -1.49692     0.487472    -0.645356    -0.613116    -0.904446     -1.85018    -0.538973     0.194313    -0.258453
   -0.779669     -1.18377     0.447924     0.410848      1.00519    -0.610591    0.0654801     0.810273   -0.0964901      0.88319     -1.32235     -1.19324    -0.214242    -0.037918     0.203775    -0.751971     0.147174     -1.21017     0.197559    -0.451952     0.693206    -0.960299     -1.29269   -0.0624078    -0.372828    -0.775722    -0.935233     -0.82463    -0.654409     0.154172      -0.4363    -0.750918     0.599544     0.854536     0.546035   -0.0636932    -0.367701    -0.958892      1.88677    -0.914649     0.863145      -1.0844    -0.592124      1.31454     -1.93066   -0.0669118    -0.783508     0.197444    -0.345376    -0.405872
     1.27556     -2.30245      1.42064     0.952043     0.761015     -1.63964    -0.651863    -0.293855    -0.276939      -2.9437      2.91913     0.370827     0.899167     0.398125    -0.974691     -1.09882     -2.20709      1.60234   -0.0097182    -0.170354    -0.950045      2.01956   -0.0614024    -0.672494     0.675418    -0.345615     -1.30686     -1.21577      1.55403     -1.99865     -2.18673      4.32899     -2.66766   -0.0685521      0.73002     -3.88835    -0.144948     -1.42945     -2.27428     -1.28118      -1.9773     -1.09328   -0.0538883      1.16515      2.29589   -0.0747855     -4.00857   -0.0648312      0.11869    -0.532113
   -0.195434    -0.860225     0.201374     0.229335     0.413199    -0.786946     0.593729   -0.0464894    -0.830946    -0.341214    -0.510904    0.0932414    -0.964081     -1.06628     0.801543     -1.02125     -1.68481     -0.52029    -0.702664      1.04939    -0.671507     -1.49437     -1.62505    -0.266846   -0.0301128     -1.34648     -1.42663     -1.10102    -0.499532    -0.352784      -1.8478    -0.920545    -0.940488     -0.33917     -0.61703    -0.549983    -0.227735     -1.16023     -0.28038    -0.188015    -0.426539     -1.06015     -1.13078     -1.07637    -0.638798     -1.06927    -0.649089     0.467448     0.648215     -1.06123
    0.822187    -0.017773       0.5704    -0.808845      0.60765     -2.01203      0.70232     -1.04895      3.53809       1.1967    -0.369884    -0.825927      2.43891     -0.62395     0.372666     0.688728      4.28117     -6.28012    -0.884921     -2.57452    0.0306258      2.49421    -0.780355    -0.439386      1.11025     -1.31736      1.29158     -3.79069     0.303055     0.278723     0.965364     0.960243    -0.159828    -0.554007     0.871818       1.6398     0.652111      1.85771    -0.867793   -0.0213996       1.2137     -3.04824      2.23791    -0.220771    -0.508334     -1.29848      1.21659   -0.0915331     0.350269      1.22615
  -0.0895711     0.290528    -0.129582      -0.2185    -0.372644    -0.247864    0.0749766     0.157574    -0.298915    -0.127424    -0.251474     -0.19357    -0.141868   -0.0188592     0.053087    -0.485947    -0.179879    -0.114953    -0.305216    -0.294319    0.0597486    0.0290939    -0.631872    -0.190024    0.0740669    -0.242651    -0.290351    -0.119665    -0.249049    -0.234839     -0.20181    -0.397186    -0.105713  -0.00112047    -0.252021    -0.204362    -0.311706    -0.102608     -0.18781   -0.0212443     0.342268    -0.135347    0.0815179    -0.170428   -0.0109434    -0.141725    -0.191114     -0.23868     -0.15497     -0.45567
    1.6568
   0.21533
 -0.794823
-0.0169925
 -0.547855
  -3.03986
  0.235834
-0.0678865
  0.120065
 -0.874265
 -0.985793
  -1.52178
 -0.828447
  0.533884
 -0.335837
 -0.240898
  -1.43161
  -1.86437
  -1.21555
 -0.165614
 -0.740253
 -0.500885
  -1.19294
  -1.34437
   -1.1115
  0.458272
  0.133126
   0.42569
 -0.993218
  -1.48263
  -2.02141
   1.91964
   1.87222
 -0.413153
  -1.15991
  -2.39474
  -2.86249
   -1.0222
  -1.70754
  -1.65837
  -1.20567
 -0.369682
 -0.429842
  -1.29011
 -0.381364
 -0.695262
 -0.957455
 -0.141022
   3.29198
  -1.22905
1
4
50 10
    0.424715      1.54223    -0.396191      1.64962     0.431584  -0.00274133      2.21489      2.44245     0.884695    -0.958281      1.06446     -0.04878      1.12071     -2.77714     0.836197     -2.25951    -0.271338      1.78212     0.723856      1.06616     0.112557     0.751968   0.00961579     0.519762      1.19939     -12.3562     0.166928      1.08939    -0.260059    -0.165394    -0.100077      2.84439     -1.04703     -1.39619     -2.77188     0.143749      2.26506     0.390265    0.0789914      1.70278      2.73498     -1.05641     0.191809     0.212322    -0.847085     0.187311     -4.33241    0.0726494     -3.20805     0.377639
   0.0786173      1.02879     0.294385      3.09744    -0.790998     -1.22354     0.317276    -0.364509      2.99454    -0.993825    -0.330036      0.41145     -7.32569    -0.200389     0.960519       2.2314     -3.59071      1.79001     -1.14027     0.813192     -1.20061     0.295209    -0.108466      1.19653     0.494764      1.18036     0.244872     -11.6074      1.43408     0.794713     0.577409      2.79433      0.18551      3.35446     -1.56878      3.40342     0.470302     -0.42928    -0.897436     0.794416    -0.216523     0.958122      1.40375     0.533171     -1.27598    -0.996651     0.775802   -0.0126948    -0.792798     0.445944
    -4.10518     0.767088    -0.202236      2.09879       1.5342      1.69796    0.0558801     0.316349     -1.32966      1.52157    -0.864763   -0.0633184      3.29708     0.457316     -1.31093     -1.52239     -1.51032      2.32046       1.8761      1.48787       1.4615     -1.07985     0.187513    -0.405259     0.880247       2.1743    -0.498559     0.739419     0.404871     -1.12101    -0.979495    -0.900414     -1.06657     -0.06034      2.62755     0.792181      -0.9428    -0.543603     0.472488     -13.8704     0.311882      2.15389     0.730627     -0.45911    -0.831419    -0.526541      2.07521    -0.483166     -1.03242   0.00140245
      -1.048     0.245817    -0.435675     -9.59905      0.30204     0.478487    -0.811853    -0.903864    -0.892067      2.50684    -0.920266    -0.116091    -0.795523      0.56289    -0.795193     -1.30737     0.765262      2.22438    -0.433291      1.46251      1.67928    -0.169981     0.238728     -1.50246      1.27734      1.00101    -0.538154      2.26663      0.10908     -1.61347     0.253034      1.32748      1.32043      0.26921     -2.25748      2.04655        -8.38    0.0157833    -0.473089      3.10108    -0.463317     -4.02723    -0.944402    0.0297962     0.471206    -0.977568      1.21542     -1.49941    -0.967453    -0.228551
    0.614285     0.510384     0.269804     -0.47729     -1.60269      1.72869     0.179607    -0.165793      1.50378     0.661212    -0.102914     0.147822     -0.14232     0.349581      1.94609      1.40435      1.94442     -9.17877     0.336059     -10.1451     0.304527     0.121989     0.639469     -1.47313     -1.84261       1.7672     0.340659      2.22371     0.422426     -1.07264      0.79979      2.10473      1.92169    -0.704351     0.619203      2.28492      1.66569     0.266406      1.61533      2.86347     0.877518      1.82154     0.271332     0.323785      0.48366      -1.4765     0.564797    -0.745815     -1.97938     0.298359
     2.30229      -8.1328     0.204977    -0.862025    -0.109219      2.52068   -0.0805397      1.13882     -6.26289     -7.07461     0.933352    -0.156403      1.58609    -0.704952     -0.89131     -1.49713      1.35568     0.921112     -1.95862     0.796982    -0.903501    -0.363071      0.39318     -0.16623     0.365319      3.49703     0.399241      1.29425    -0.748596    -0.484753    -0.397128      2.35014      1.46203    -0.744346      2.13409      1.45963      1.74577      0.12266    0.0824313      1.01384    -0.905334     -2.69201    -0.684114     0.288369      0.86013      1.15038     -1.26411     0.169013     -1.42145    -0.159477
      1.0664      3.35301     0.157089     0.239827     0.178981    -0.902923     -2.98425    -0.272455     0.394829    -0.123408     0.744153    -0.258301     -1.24506      1.55004    -0.641437      1.93078      1.38366      1.27481      2.14739      1.41108     -6.73209     0.564253    -0.386207     0.547348     0.706729      1.55791       0.2919      2.91809    -0.887185      1.67913      1.55547     -13.6846      1.64647    -0.556471      2.68437      2.25813      2.18553     0.019388    -0.466759      1.54522    -0.442724     0.664135      1.34026     0.209625      -1.5508      0.32516    -0.135426     -1.24375    -0.480122     0.068704
    -0.24665     0.357408     0.247232     0.948177     0.745131     -3.67219     -1.17561       2.0713     0.533259     0.631287     -1.11495    -0.238897       2.0737     -2.81977    -0.916641      2.78699    -0.821011     0.749812     0.170023      1.40984      2.42527    0.0803746   -0.0882559     -1.11861    -0.776336     0.756237     -0.67752      -0.9329    -0.815429     0.164632    -0.973245      0.88304     -4.38424     -1.06315    0.0219102     0.227114      1.71551    -0.413659     -2.40916      1.81515     0.550817    0.0572231     -2.15238    -0.910994     -1.65665      1.92675   0.00670257      1.23514      11.7738   -0.0564722
     1.32861   -0.0602546     0.164554       2.5007    -0.525046      -1.1091      1.77791     -4.02621      1.60929      4.06455     0.674566    0.0137412     0.653561      3.39274      0.72432     -1.87967      1.02993     -1.21285    -0.956901       2.2279      3.34608     0.160615     -0.19165      2.28356     -2.75443     0.242101    -0.220431       2.1836     0.293929       1.7364    -0.676353      2.34544     0.132685       1.1119    -0.965617     -13.1876     0.279822     0.275959      1.87011      1.16371     -1.67657      2.12035     0.956759     0.147849      3.77877    -0.400749      1.34133       1.7213     -1.39516    -0.364894
  -0.0112661  -0.00886795    -0.160625 -0.000825012   -0.0011861   0.00072487    -0.007571   0.00390248   -0.0026756   0.00779412    0.0515713     0.149649  -0.00801763   0.00241086     0.046642   0.00644695  -0.00964135    0.0030565    0.0174272   0.00410335  -0.00427481    0.0438373     0.311101   0.00373821   -0.0302775   0.00238468     0.105413   0.00338638    0.0141835    0.0145931   -0.0193883  0.000775611   -0.0102418    -0.006487   0.00224502      0.01447  -0.00199414   -0.0644894   -0.0103148   0.00848914    0.0036186  -0.00181109    0.0157346    0.0336728    0.0109824    0.0061544   0.00944331   -0.0589597   0.00197332    0.0185954
   2.12784
  0.945064
   2.63712
   3.49401
   2.15149
  0.989826
 -0.205397
  -8.77348
  -1.52077
-0.0189805
