3 8 0.5 600
1
1
9 50
 -0.496742   0.137151   -3.59433   -1.45626  -0.741456    3.87787  -0.474256  0.0902885   -1.35843
 -0.567827  -0.646709  -0.522786  -0.429278  -0.513649    6.31263  -0.581166  -0.583012  -0.701186
  -1.21041  -0.325494   0.293581  0.0608846    3.03691    2.19229   -2.42011  -0.195864 -0.0336455
  -0.23104   0.847704   0.813295    1.38776    1.64695  -0.454934    1.05845 -0.0243996   -6.77855
-0.0785355   -2.15094    0.75337  -0.125228    3.14539   -1.66998    2.27888   -0.20758   0.239155
   1.29593    3.41325   -1.60465   -2.77415  -0.715241   -1.74391   -2.69832    2.52657    0.53581
  0.631478  -0.266382   0.880114    3.41444 -0.0318364  -0.133889   -1.73115  -0.862216   -1.42995
  0.183324   -2.40195   -1.96724    -1.0353    1.72863   -2.53473    1.66606    1.06045    3.73637
  0.211445   0.517358    1.11746   0.407025    1.29992   -0.46126  -0.326859   -3.30252   0.488004
   2.83045   -1.05739    1.46555   0.582987  -0.236383  -0.195255  0.0178764  -0.962843   -1.98759
  -6.81084   0.935698    1.55522   0.483117   0.331237    1.43866   0.339316    2.14549  -0.933164
  -0.05889   -1.02252    1.38627   0.813559  -0.188074  -0.716262    3.35379    1.29235   0.410047
  -1.98526    1.12302  -0.947662   -1.10023   -2.08716   -2.34914   0.136412   -1.49507    2.94628
 -0.310753   0.885739    1.99129    -5.3113    1.42234 -0.0338808    1.37585   0.944722    1.95316
    1.0564  -0.581773    1.29047   0.495377    1.57333   0.761661   -1.86392   -2.01425   0.574247
 0.0255984    3.69909  -0.313852   0.673791   0.957339   0.432694   -1.04159   -1.46354   0.703437
   1.30423   -1.53453    1.63821  -0.462752   -1.82324 -0.0848946    3.93833   -4.10105    1.48633
  -2.16077    0.38094   0.222632   -1.97237  -0.461887  -0.325183  -0.336985    5.29617   0.557754
  0.939496  -0.678379   0.382718    -2.1091   0.339963    -2.4255     -2.852   0.441397    2.33281
   2.02504   -1.65713     -0.104    1.36039  -0.102312  -0.779018   -1.01939    2.35369    2.24625
  0.787259   -1.41473  -0.722402   -1.91752     1.0291    2.67698   -2.49246  -0.576273    1.62133
 -0.177306    5.01857  -0.185379   0.389295 -0.0932228   0.360857    1.39379   -1.91033    1.12913
  0.857676    1.20482    1.35449  -0.894452     -4.604   0.587721   -1.30254    3.36235    1.21823
  0.445095    1.20825    5.03184  -0.321967   -1.10591   0.148466  -0.802633  -0.766786   -2.25542
   -1.8959   0.191587    0.34284    2.57136   -1.08713   0.630611   -1.77855   0.388001  -0.707223
 -0.517594    1.80057    0.96798   0.114592   0.493081    -1.5199   0.753177   0.919752   -3.28871
  -1.24755     5.2998  -0.784779  -0.622015   -1.00821  -0.643964   -1.05256   0.124313   -1.25797
  0.997443  -0.134003   -1.42679   0.333485  -0.363249   -2.16151   0.879544    4.45044   -1.66874
  -2.14536  -0.870554   0.119079    3.29452  -0.842656  -0.741918   -1.30712   0.626502    1.41301
   1.17657   -1.38031  -0.775057   -1.86951    4.04088  -0.176247 -0.0874812  -0.797474   0.317079
   2.11267   0.240046   -1.42478  -0.393304 -0.0998136   -3.74841    1.80761   0.487166  0.0243771
  -3.62359    1.78135   0.670443  -0.374667   0.796419   0.183408  -0.702604   0.346859    1.47553
   2.21463   0.195456   0.479317   -1.56013   0.743815  -0.176994  -0.561872    2.00123   -3.43589
   -1.2229    1.63927    2.36718    -3.0587    4.34724    1.82018   0.188628   0.581073   0.551297
 -0.223915   0.355215     4.8408   -1.06922  0.0366193  -0.449741  -0.221936  -0.716782  -0.517814
   3.42879 -0.0014195   0.164788  -0.544904  -0.322055   0.907566    0.20631  -0.554673   -2.86016
   1.81373   0.162346  -0.843211   -1.32151   -1.03928    5.04504   0.397167   -0.20156   0.789833
  0.539593    1.46582    2.51229   -0.96011   -3.21279   -1.27359   -1.65421   -2.70306   0.369529
  0.863312   -4.49666   0.579283  0.0887222   0.513799  -0.108423   0.826743     1.1013   0.904549
  0.490108   -1.68399   -3.17611    2.82543   -2.21027   -1.26304  0.0800589 -0.0551097    2.80059
   1.43974   0.623659  -0.488517   -5.32125  0.0134889   0.329522  0.0908261  -0.106503    1.11213
   1.36878    2.18665   -1.92446   0.594929  0.0665494   0.235526  -0.876074    3.83243   -2.07819
  -1.73569    2.91081  -0.728612  -0.557885   -1.57994 -0.0154846   0.860836   0.768062    -3.2667
 -0.891739    0.39418    4.17172   -2.89021  -0.554722   0.368144   -1.17229   0.691385   0.388987
  -2.14986  -0.467298  -0.776023    1.07444   -2.23674    2.35912    1.52897    3.18427    2.54321
  -1.41195    1.55409   0.503692   0.965824    1.33538   -2.18436   -1.40718    1.76412   0.530792
   2.27352     1.3503   -3.19583   0.588081   0.289155  -0.136803   -4.43111   -1.04753  0.0394913
  0.335922   0.474227   0.694928 -0.0458447   0.263088  -0.804926   -5.10726   -0.18941   0.243212
 -0.764333  -0.291484     -1.722    2.21687    2.22855   0.892594   -1.28566    1.16811   0.408049
  0.296804  -0.562402   0.558138    0.36295   -2.55672   0.638567   0.408176  -0.631795    2.13037
   1.17527
  -3.59578
 -0.691996
  0.944297
  -1.02845
   -1.2348
  -1.00029
  -1.29664
  0.202541
  -2.21147
  0.490678
  -1.31925
 -0.876295
  0.760904
 -0.363405
  -3.40263
  -1.37907
  -1.49628
  -1.98726
   -1.1676
  -2.25701
-0.0708354
 -0.615794
  0.212235
  -1.70484
  -1.73963
  -2.69078
  -1.55401
 -0.372957
  -1.33335
  -2.42078
  -1.81621
  -1.03981
  -1.50127
  -2.49236
  -1.66234
  0.945419
  -1.52446
  -2.18165
  -1.03871
  -2.10513
  -0.27454
  -1.68629
  -2.12071
   1.53619
  -1.33563
  -1.86128
  -2.25708
  -1.12867
  -1.34508
1
1
50 50
     2.16132     -2.42308     0.195488   0.00880615    -0.434686     0.373201    -0.769999     0.830013   0.00176991     -1.86112    -0.198184     -1.08129    -0.594163     -2.01543     -1.07295      1.11345     -2.21998     -0.26173    -0.106285    -0.137483     0.360597    0.0117724      -0.1949     -3.23059    -0.116027    -0.062614     -0.83022    0.0846734     -1.33135      0.78408      1.08433    -0.496693     0.441314     -1.06021    -0.739614     0.324546      1.38501    -0.261156      -1.1934     0.439532      1.34728    -0.137539    -0.960002     -2.05736     -1.58967     -1.28736      2.67317     -2.19705      0.41484    -0.484381
     1.50296      6.07294     0.404103      1.17383     -1.94006     -2.63324    0.0219895     -1.81434     -0.16122    -0.062858      -0.8065     -1.23016     -1.31999      1.47705    -0.116858    -0.505405    -0.783684     -1.41837     -1.18521     -0.55113      1.58296     -0.20561     0.893902     -1.11986    -0.385276     -1.28428     -1.21419     -2.94028       -1.164     0.120778     -2.73271    -0.955588    -0.745501      0.87293    -0.602884    -0.310645     0.436269     -1.20339    -0.414363     -1.52398      1.01246    0.0811881     -1.29449   -0.0542283      2.30366      -1.9847    -0.865639     -1.79785     0.074378    -0.646308
   0.0413783    -0.443284    -0.463817  -0.00455249    -0.295351    0.0245587   -0.0634833   -0.0843873    -0.405923   -0.0192289    -0.879053    -0.301537    0.0585615    -0.172432   -0.0984737    -0.304157     0.140885    -0.591572    -0.305771   -0.0319761    0.0775394    -0.144622    -0.128367    -0.390062    -0.416569    -0.252038   -0.0830767     0.108071    -0.366979    -0.213603    0.0627818    -0.430293    -0.290579   -0.0151493   -0.0145094     0.200409    -0.327773    -0.172187       0.2106    -0.117628   0.00536623   -0.0906003    -0.180827    0.0916415    -0.317429    -0.289692    -0.158766    -0.457227   -0.0311227   -0.0737592
    -1.82131    -0.945751     0.441638     0.363803     0.423986    -0.624171      2.22168     -1.72899    -0.596569   -0.0621168    -0.223926     0.477973     0.205575     -4.48486     0.575783    -0.140637     -1.38026    -0.825816     -1.26678     0.638053     -2.04836     0.158313     -1.39648     0.270891      2.58649    -0.552227     -0.78656    -0.232729      1.72112     -2.26476    -0.942646    -0.589011     -1.36647     -2.69114    -0.948493    -0.486523     -1.76914    -0.788617     -1.13033      1.99864      -1.9157     -0.38631    -0.636274     -2.34969     0.247965       1.6989     0.948254     0.949807      1.74635     0.582744
   -0.974124    -0.235129    -0.790053    -0.412663     -1.25017     -1.14435     0.363941     -1.29545    -0.733703     0.515468     -1.47419   -0.0178855    -0.896044    -0.568982   -0.0810363    -0.742739     0.183961    -0.802053     -1.27438     0.370213    -0.525914    -0.756265     0.428133     0.376704     0.216234    -0.307795    -0.522155     0.105326    -0.641467     -1.42973    -0.771245    -0.784006      0.50372    -0.925754     0.215734     0.292655     0.826456     0.158648     0.859482      -0.5268    0.0473177    -0.122637    -0.152276     0.465599     0.931647    -0.738535    -0.539219    -0.394561    -0.823901   0.00411281
    -1.44541     0.476576    -0.478085    0.0287088    -0.998253     0.733583    0.0739559    -0.806847     -1.71032     0.276087     -1.17109    -0.819544    -0.937628    -0.382401     0.667393    -0.202394      -1.7886      1.51845     0.449249     -0.20539   -0.0990578     -1.05046     0.294391    -0.288441    -0.138112     0.248627    -0.417606     0.130261     -0.91549    -0.345564     -1.04149    -0.284489    0.0342922     0.111494     0.419795    -0.141801    -0.246316    -0.717874   -0.0992019     -1.62683     -1.15554     0.700568    -0.870561     0.472791     0.619129    0.0209356     -1.41108     0.954538    -0.521006    -0.427174
    0.507775     -1.21076     -2.12161     0.537041    -0.272118     -2.05757     -1.96636     0.369394    0.0608469      -1.2912    -0.329977      0.95599      1.22106     0.336519     -1.93167    -0.276566       1.7549    -0.785342    -0.371886     -1.55931     -1.35382     0.738566    -0.597393     -2.29521     -1.06439    -0.222957     -1.04669    -0.880086     -1.56898      1.13825      1.26614    -0.485095     -1.09539     -1.04188    -0.927878    -0.788392     0.754191     -1.32013    -0.511733    -0.908458      1.62338     -1.45716    -0.142994     -1.13168     0.111035     -1.49457     -1.88604     -1.20573      -1.7511       -1.028
   0.0331985     -1.74867     -1.23313     0.709738     -1.06235     -1.77211     0.735316     -2.15235    -0.870861    -0.713718      2.05931    -0.175527     -2.62698    0.0843488    -0.199759      -1.0704     -1.16335     0.218093      -2.2941     -0.43307    -0.821182    -0.947082     0.840656     0.849156    -0.611496      1.59158     -1.18543     0.601938     -1.07787     -1.32464      -1.0241     -1.88216      2.11477    -0.527254    -0.518125     0.765857      1.89236     -1.01316     -1.02749     -1.54458    -0.481179       1.1447    -0.363659    -0.057136     0.939984     -1.31476      -1.3744   -0.0295266    -0.731263    -0.561905
     1.01798       4.1245    -0.580796     0.371372     -2.12036     -1.49083    -0.607925     -1.04536     -1.04153     -1.37903     0.720795    -0.405482     -1.51093     0.430637    -0.798916    -0.575427     -1.25582     -1.12807    -0.156759     -1.25142      1.86846    -0.564659      1.60653     -2.44336    -0.144581    -0.778619    -0.145803      -1.5862     -1.22103      0.36498     -1.92458     -1.47371     0.425487     0.872133    -0.358622      0.11725     0.507071    -0.477059    -0.591651    0.0367547      2.32171     0.277404   -0.0249294    0.0902957      1.80301     -1.54019    -0.838293     -1.00712    -0.956583    -0.709046
    -2.90318    -0.896569    -0.568306     -1.30752      2.49046     0.488906    -0.519238      1.74288   -0.0353129    -0.659981    -0.353117      0.96179      1.67293       0.9763   -0.0352733    -0.540743    -0.407872     0.810515      1.57186     0.843406    -0.774283     0.344413    -0.375358       1.4202    -0.354519    -0.240588    -0.656428     0.951041      1.10261    0.0281849      1.89125       0.2223    -0.933372   -0.0730775    0.0572373    -0.968506     -3.98058      1.07822     -0.59221     0.346392     -2.27089     -1.26326    -0.244789    -0.734828     -1.39443      1.89449     0.358708      1.90994    -0.519964     0.599895
    0.222423    -0.129913    -0.464871    -0.387514    -0.275274      0.16425   -0.0759312    -0.647917     0.455432   -0.0995505    -0.374715    -0.538913     -0.25086    -0.293623    -0.269537     0.121067    -0.185027     -0.17178     0.151239    -0.322437     0.381032     -0.16276    -0.560423    -0.365985    -0.131774    -0.153005     0.096291    -0.338807    -0.204585    -0.285994   -0.0477967    -0.176067    -0.126978    0.0762772    -0.260509     0.257058    0.0793851     0.343014    -0.351522   -0.0571892     0.477915     -0.39728     -0.13436   -0.0966034    -0.562125    -0.518527     0.181149    -0.542877    -0.184543   -0.0479877
   -0.213835   -0.0135779     -0.51647    -0.365276   -0.0819173    -0.404836   -0.0456454   -0.0414507    -0.077104    -0.281152   -0.0727279    0.0593366    -0.172103    -0.230902   -0.0303482    -0.259316    -0.313446    -0.126419    -0.330682    -0.512667    0.0492028   -0.0695125    -0.121861    -0.205315    0.0680531    -0.285259    -0.055958    -0.169347    -0.334404    -0.126537    -0.327295    -0.121969    -0.151184   -0.0922133   -0.0871379     0.031466   -0.0633136    -0.229458    -0.245124   -0.0494789    -0.224065   -0.0183059    0.0887142    -0.216216    0.0760893    -0.231097    -0.180469   -0.0517878      0.26541   -0.0485404
   -0.927445     -1.05024    -0.632063    -0.533941        1.628     -2.29025     0.386717      1.63612     0.132041     0.427462      1.69498      1.63868     -1.97954      0.55064      1.58899     -1.95345    -0.717529     0.399643       1.0221      3.06681     0.215296     -3.07706    -0.211966     0.400378     -0.32281     -1.32403     -1.43216     -1.69609    -0.273132    -0.575281     -1.63721     -1.28093      1.01985     -1.35848    -0.671846   -0.0164793      1.08685     -1.70539      3.41872    -0.437294    -0.970728      -1.4098     -2.46615    -0.276625       1.8018    0.0242028     -2.10081     0.304869    -0.211859    -0.172578
   -0.393992    -0.100882      1.04534     0.137659  -0.00987729      -1.2373    -0.708627   -0.0824174     -1.09374     -1.32239    -0.143863     -1.08357      1.15777     -1.32964    -0.945974      1.12553     -1.22332    -0.918418    -0.905236     -1.08729    -0.276109     0.164163     -2.68011     -1.17261     0.367299     -1.21645     0.178676     -0.79603   0.00864136      -0.9425     0.458104     0.871782     -2.46115     -1.18222    -0.759389     -1.99658     -2.01777    -0.362651     -1.71099    -0.302058    -0.595159     -1.51657    -0.553693    -0.512836     -1.96137    -0.495068     0.119102    -0.425621     0.472071    -0.797339
   -0.186533     0.326056    -0.968531    -0.718957      -0.5292    -0.225388    -0.456738     0.945827     0.546961    -0.699133    -0.658406   -0.0176266     0.199785    -0.315305     -1.35494    -0.369963    0.0821027   -0.0604511   -0.0832173    -0.590466     0.438516      1.32305    -0.277675     -1.85828    -0.597375    -0.571836    -0.852789    -0.140558      0.23609    -0.311646      1.06185   0.00551118    -0.679805    -0.637424    -0.821089    -0.488838    -0.643284    -0.577636     -1.01391      1.29025   -0.0343869    -0.223587    -0.751389     -0.59221    -0.169949     0.490158     0.772958    -0.957651    -0.288693    0.0699702
   -0.235765      1.44563     -1.60623     0.413156     -2.07782     -1.26897    -0.344565    -0.648256     -1.10959      0.69195     -3.28508    -0.375849     -1.68336    -0.315775    -0.525631    -0.733311    0.0676999    -0.787686    0.0951656      0.13634     0.457698    -0.846343    -0.217929     -1.44948     -1.18275    -0.175562    -0.232664     0.473967      -1.5835     0.139057    -0.686946      -1.7299     0.467054    -0.140456    -0.664041     0.930805    -0.621109    -0.341431      0.47818    -0.326805      1.49643      0.22007    -0.129691     -1.31654    -0.436481     -1.48379    -0.321736      -1.7131     -1.52608     -1.17866
    0.905251    -0.909162    -0.304067    -0.580374    -0.736251     0.638677     -1.10149    -0.704918     -1.06933    -0.503291     0.322995     -1.46976     0.289524   -0.0724083     -1.11906      2.05954     -1.13176    -0.278599      -1.0149     -1.10412     -1.05619    -0.319099    0.0294653    -0.976087    -0.459615   -0.0740148      2.28977     -0.59067    -0.523354     -0.50883    0.0736869     0.144435    -0.765291      0.25909     0.392994    -0.778019    -0.386649    -0.916123    -0.560464     -1.16332     0.384388     0.287865      0.84629     0.363874     -1.70443     -1.04433     0.171666    -0.605427    0.0634881    -0.907357
   0.0927415     -2.34812      2.05176      1.05505      2.14979     0.933715    -0.292463     0.336666      0.37951    -0.799681      1.29925     0.329803     -1.64635    0.0214408    0.0580011  -0.00212806     -1.85653     -1.38348     0.735934     0.800818     0.875361     -0.83402     -3.15298   -0.0541516    -0.675661     0.258411    -0.529559    -0.715086     0.096467      2.09128    -0.284731    -0.319104      0.64127      3.22039    -0.841401    0.0125088   -0.0409914     -2.92861      0.54372     -1.20628    -0.684859    -0.885199    -0.514818    -0.872075     -1.78541     0.231695     0.766617     -1.19371      1.75519     -1.74674
    0.591281      1.18126    -0.534317     0.684141    -0.623724     -1.65608    -0.183134    -0.937539     -1.27561     0.956907     -1.67651    0.0150014    -0.373386    -0.233253     0.303378    -0.337707    -0.559447     0.243235    -0.284114     0.404051     0.604224    -0.501853   -0.0181906     0.331525    -0.781388    0.0358481    0.0472355     0.437827     -1.12048   -0.0237997    -0.751442    -0.613865    -0.332732      1.04163    -0.733277    -0.098366    -0.499941      -0.7059       1.0912    -0.432463     0.799105     0.587527    -0.712605    -0.390145    -0.178159     -1.07885    -0.413413     -1.22169    -0.607965    -0.382664
   -0.530823      -1.3849     -2.63572     -2.27511     -2.00173    0.0947354    -0.763829     -1.83557     -1.02554   -0.0112192    -0.926174    -0.304688  -0.00536027   -0.0502672     -1.31535     -1.24533      1.56521   -0.0316206    -0.496038     0.521128    -0.450727     0.109878      3.73758     0.308942    0.0878524    -0.630714    -0.461353    -0.278301     0.236743     -3.12404     0.228659    -0.860757    -0.817043     -2.36607     0.143709     -0.67572      2.09261      1.84161    -0.250472      1.10838    -0.200087     0.710522     0.591308     0.823478      2.36671     -1.22214    -0.647775     -2.02786      -1.6971      2.36855
    -1.04961    -0.409095      0.54376     -1.27893       -0.769      1.75325       1.2383    -0.462484    -0.373521    -0.458572     0.516178     -1.77554     -1.45489      0.41497     0.596007    -0.198318     -2.64195    -0.196536      1.94371      1.18157      1.02842      -1.3785     -0.16439     0.968604     0.287672     -1.49754     0.498457     -1.26468    -0.333709    -0.359928     -1.59388    -0.872699     0.421152    -0.253161    -0.395231     -1.27988    -0.197017       0.6096     0.655098    -0.198179    -0.431016     0.113007    -0.632875     0.391657     0.654211     0.508867      1.18565      3.18439    -0.165786    -0.527058
   -0.227295    0.0622881     -0.10053   -0.0317223   -0.0865448   -0.0840186    -0.196964    -0.386552    -0.110177    -0.343238     0.114236    -0.406813     0.284273    -0.391606    -0.404212    -0.182805    -0.450841     -0.59867     0.130405    -0.355709    0.0619641    -0.157089    0.0807441    -0.757936   -0.0815152    0.0792055   -0.0939107   -0.0257722    -0.376111   -0.0813019    0.0429074    -0.222619    0.0675515    -0.235272    -0.206805     0.228284     -0.43278   -0.0708735    -0.109911    -0.191502    0.0797731     -0.10695    -0.181784    0.0353313     -0.55049    -0.446696     0.138662    -0.534175    -0.199724    -0.244049
    -0.11141    -0.335106     -0.29125   -0.0757645    -0.263587     0.116869    -0.203667     -0.10016    -0.173381    -0.225826    -0.166505     -0.18303    -0.152689    0.0161151     0.204569   -0.0950551    -0.231151    0.0454493    -0.287398    0.0734933   -0.0517418    -0.466269     0.125567      0.12459    -0.220128    -0.291015    -0.082929    0.0345103   -0.0468642    -0.294591    -0.394947    -0.166462    -0.291318    -0.194502   -0.0663751     -0.13291    -0.223023    -0.317135    0.0610463    -0.291343    0.0257161    0.0884114   -0.0880068     0.183629     -0.05521    -0.153575    0.0336444     0.161948     -0.43385    -0.114735
   -0.791763    -0.199547    -0.609187    -0.214977     -0.84897     -0.70248    -0.265706    -0.913729    -0.506204    -0.318956    -0.796349    -0.299663     0.504351     -1.02952    -0.855787    -0.700889     0.206456    -0.486979    -0.940236    -0.368057    -0.275946     0.183878       1.4716    -0.221981   -0.0316832    -0.448514    -0.956891    -0.278383    -0.220165    -0.946769     0.622397    -0.838893     -1.06657     -1.21875    -0.383104    0.0248076   -0.0343817     0.753619    -0.638477     0.555215    0.0938342    -0.402987    -0.263685    -0.705604    -0.130923    -0.485429    -0.337973    -0.895442     -0.63791     0.294634
    -1.76098     0.178049     0.225981     -4.67131     0.169548     0.248783     -1.03804      0.55069     0.290734     -1.35135     0.331342    -0.863393     0.578753     0.295418     0.193069   -0.0356076     -0.39789     -1.10625     0.662498     0.412007     0.461197     0.882784      1.03109     -0.31804    -0.833996     -2.23369    -0.764638     -1.40206    -0.180131    0.0951884     0.860677      1.19951     -1.20175     -0.14939     -1.52723     -2.22118   -0.0104925      0.25695     -1.43691      1.54066    -0.353674    -0.673799     -1.05884    -0.291362     0.481567     0.449961    -0.854679     0.673006    0.0722224     0.381262
    0.361493     -1.28991     -1.87491     0.363551    -0.691858     0.733996      1.02799    -0.488502    -0.435126      2.03839      -6.2217     -1.48995     -0.72985      0.85459      0.34974    -0.736181     -0.18453     -1.64271     0.535068     0.329763     0.120063     -1.08616     0.548703     0.213939     -2.01171      0.11953    -0.990331   -0.0300891     -1.46398    0.0247453     0.633537     -2.23716     0.518881     -1.11648    -0.977668      2.51322      0.63795    -0.179729     0.956486    -0.683652     0.302296      1.34198    -0.508516     -1.41062     -1.10321      -1.1234     0.725192     0.532239     -1.48264    -0.738154
   -0.327334    -0.390568    -0.240671    -0.413182    -0.195446   0.00539084    -0.264316    -0.193195     0.206219    -0.207507     -0.62828    -0.348825    -0.350559     -0.49017    -0.136998    -0.317276     -0.16993    -0.347504    -0.173477    -0.404994     0.168798     0.121889    -0.434263    0.0302865    0.0761873    -0.350518     -0.51798    -0.172832    -0.323029    -0.343546    -0.337422    -0.135083    -0.355962    -0.301077   -0.0211761     0.252868    -0.156032    -0.253122    -0.389152    -0.127281   -0.0799165   -0.0981659    0.0190344     0.401295    -0.480905    -0.291471     0.121111    -0.543886    -0.184407    -0.198333
    0.390328    -0.155772    -0.962466    -0.316943     -1.80376     0.607687    -0.907708      -1.5706    -0.485794    -0.743534     0.318995     -1.57408      1.10065   0.00104433     -1.29566      3.08507   -0.0478656     -0.42541    -0.762707     -2.11318     -1.06075      0.15426    -0.752885    -0.727532    -0.112993     0.228725      4.39631     -0.40603     0.110309     -1.19719     0.243061     0.905097     -1.34419    -0.265395    -0.673229     -1.13293     -1.46357      0.61936      -1.2949    -0.740851   0.00195237    -0.226823      1.54615    0.0972347     -1.18491   -0.0968235     0.875515    -0.499428    -0.547606   -0.0943691
   -0.156203     0.125849    0.0654885    -0.986005    -0.102984     -1.40775    -0.239872    -0.776852    -0.330252    -0.726127    -0.412163    -0.649804    -0.831106      0.25501    0.0776909     -1.38889     0.136187     0.149481    -0.132125    -0.740117     0.151941      1.01182   -0.0430143     -0.62716    -0.347846     -0.93242     -1.97523     -0.32872     0.159835     0.292484    -0.798143    -0.300626    -0.540018     0.280463    -0.736404    -0.375282    -0.179795     -1.39518     -1.53387     0.248655    -0.768357    -0.430693    -0.990584      -1.2172    -0.342276     0.158462     -1.26745    0.0737444     0.674316    -0.203137
     1.45462    -0.893396      1.11783      0.57753      0.54654    0.0974944     -1.31039      1.81259      0.15505    -0.506317     0.373918    -0.125848     0.149151      1.26528    -0.652566     -0.27476    -0.583556      1.02036     0.408138     0.565121     0.523542      1.03005     -1.24916     -2.11188    -0.238887     -1.26573     -1.46086    -0.287326     0.219895      1.13493   -0.0724815     0.357378    -0.370642      1.11181    -0.552908     -1.08417     0.820824     -1.82628    -0.173404    -0.267866     0.243062      -1.0626     -1.69101    -0.847449     0.321821    -0.448295     0.236915     -2.35918      1.06492      0.28838
    -1.44555    -0.594349     0.788955       -1.725     0.525734     0.254004     -1.17458     0.482379   -0.0641414     -1.02325    -0.717755    -0.692913    -0.635396      0.22401     0.788495    -0.673967   -0.0116046    -0.652991      1.58052     0.365299     0.800146     0.255803    -0.246219    0.0261009     -0.62206     -1.38764     -1.74768   -0.0878315     0.228341   -0.0509374     0.290509      0.90936    -0.552776     0.668888    -0.479635     -0.65581    -0.427349    -0.548848    -0.969701     0.135869    -0.815924    -0.323266     -1.30847    -0.295947    -0.458267     0.584123     0.202057       1.1559     0.141487     0.546419
      0.2112    -0.325261       -2.136     0.732387   -0.0376137     -3.59176     -2.10456     0.783115    -0.207049    -0.347381    -0.129954      2.46261     0.321917      0.85681     -2.05115   -0.0136855      3.12888     -1.44598     -3.11602     -2.03274     -2.69698     0.877515    -0.410711     -2.23699     -1.36138     0.705063   -0.0427429    -0.365515     -2.06026     0.397219      1.81328    -0.573742    -0.208766     -0.74088    -0.252863    -0.644909     0.149692     -1.70724     -1.29244    -0.256464      0.36885    -0.612241      1.16752     -1.36428    0.0170003       -1.697     -3.50009    -0.985942      -1.1966    -0.818194
     1.22119     0.966744     0.493687      1.40289    -0.138001     -1.22081     0.263886     -1.68717       2.4788    -0.180773    -0.347327     -1.81882     0.361713     0.631952     0.691302    0.0986289      2.92761     -1.91302    -0.374143     -1.43546    -0.651685      2.71759     -2.74642     0.738765    -0.112558     -1.23879     -1.61256     -1.97647     0.949208     0.847015    -0.773927    0.0348368     -2.68335     -0.87136    0.0504362    -0.238916     0.990787    -0.300796     -3.06818   -0.0984982    -0.885384     -1.66198    -0.768544     -1.00044     -1.73656     -0.62965    0.0916584   -0.0209167    -0.422957     0.223982
    0.426245    -0.132605     0.183353     0.877582     0.636153     -1.09293     -1.15112     0.401708    -0.304119    -0.557743      1.25576     0.766119     0.138921      1.44396    0.0364419    -0.889325     0.564656     0.915132     -1.05259    -0.960897    -0.673245    0.0866274     0.310682    -0.593934    -0.261578     0.523904     -1.00297    -0.378033     0.499058     0.315867     -0.54845       1.2763    -0.680431      1.04894     0.570476     -2.04125    -0.585816    -0.781883    -0.590083    -0.997573     -0.50957     -1.37861     0.885889     0.535083     0.564522    -0.370138     -2.25896    -0.564565 -0.000864725    -0.544969
    -1.30145     -1.46462    -0.154288     -1.40045    -0.270988     -1.39477    -0.680551     -1.70698    -0.338736    -0.475582     0.155346    -0.380995      1.06051     -3.01296     -0.90526      2.34145    -0.601294    -0.783867     -1.76924     -2.06238     -0.77934    -0.504298     -1.51234     0.549253      1.43189    -0.420805      1.55078    0.0959905    0.0418802     -1.93422    -0.412794      1.00464     -1.12749     -1.37803    -0.554266    -0.900822    -0.952094    0.0752599     -1.15366     0.646981     -1.14702    -0.591501     0.779617     -1.51276    -0.341123     0.327693    -0.220385    -0.447567     0.648593    0.0481728
   -0.429518    -0.392501   -0.0548096     -6.09844    -0.689281     0.368427     -1.33697      2.09636     -0.30449    -0.943952    -0.178164    -0.747016     0.505019   -0.0486777    -0.233684     0.468283      1.51711     0.241925      1.53529    -0.223719     0.668963      1.31201     -1.13443     -1.00699    -0.433022     -3.43991   -0.0874284     -1.02303     0.716929     -1.20945   -0.0228769      1.22998     -1.11542    -0.246991    -0.367522     -1.02872    -0.191719     0.149036    -0.831666       1.8282    -0.895646     -1.40166     -1.61307     0.733472  -0.00440194    0.0179814     0.280233    -0.292011     0.499507      1.37682
     1.84061     -1.62648    -0.549014     -1.22125    -0.553175      1.12357     -1.96749    -0.308075     0.530001     -1.61355     0.789604     -1.19645     -1.63037      1.42925     -1.36969    -0.718407    -0.584361     0.864534      1.38448      -1.2428      1.23349     0.142779      1.44705    -0.815164     -1.35087    -0.104534     0.107842    -0.896372     -3.02577     0.386846    -0.585623    -0.803253       0.6805      1.98597    -0.252148     0.734615      1.15998    0.0395521    -0.615701     -3.13965      5.01466    -0.934579    -0.784188     0.878515     0.612617    -0.546522     -1.66654     -1.73811     -2.28881    -0.999052
     -0.2974   -0.0121999   -0.0408645    -0.215467    -0.336262     0.111373   -0.0462153    -0.307462    -0.225427   -0.0902072    -0.401862    -0.236431     0.119813    -0.435202    -0.069791     0.240868   -0.0270487    -0.111035    -0.073405    -0.277638      0.13868   -0.0934055     -0.25058    -0.152301   -0.0612456   -0.0826883     0.309167    -0.245379   -0.0781492    -0.314071    -0.261257    -0.316521   -0.0739683    -0.253693     -0.23811    0.0407221    -0.231515      0.14037    -0.352422     -0.34868     -0.04414    -0.116749    0.0605337    -0.121313    -0.392718    -0.221559   -0.0172918    -0.354883    -0.217074    -0.337625
    0.261351     -0.43617     0.372247     0.291118     0.370636    -0.596538    -0.340227    -0.584528     0.388562    0.0527244       0.3166     -0.52308     0.996275     0.120776     0.487587     0.253568      1.03702    -0.802345     0.146513    -0.883934     0.237677     0.680221     -1.42465      1.00328     0.513289    -0.658371  -0.00959681    -0.563758     0.592588     0.354125    -0.667969     0.565398    -0.831911    -0.158496    -0.149515    -0.188667     0.292119       1.1295    -0.268519    -0.222564    -0.489262     -1.40668    -0.430708    -0.417077     -1.31587    -0.701453    -0.355562    -0.187943     -0.55606     0.595977
    -2.43365    -0.686235   -0.0496762     0.371394      0.88633    -0.399752     0.676916     -2.23003    -0.269871        0.467      1.14176     0.642918     -1.29727      -0.3381      1.87615     -1.69731     -0.07165    0.0627096     0.306808      1.21185     -1.61602     0.155046      1.40532      1.73558    -0.237857     0.188537     -1.70155     -1.77854    -0.475386     -1.23449     -1.96435      -1.1253     -0.51859     0.143926      5.06565   -0.0928109     -1.09706      1.91067     0.106401     -2.60042     -1.91714     -2.42037     -2.14646      3.47644   -0.0607416      1.20569        -2.99     0.594087    -0.526781     0.342325
    -1.18987      1.20694     0.288742    -0.434794    -0.304446     0.493983     0.768169     -1.00201     -1.00027    0.0566348     0.251891     -1.00183     -1.12221      -0.1699     0.398476    -0.642304     -1.37152     0.107132    -0.434872     0.525632   -0.0582177     -1.99939    0.0997612      1.36017    -0.399125     0.467821    -0.735298    -0.546602    -0.715762    0.0873298    -0.835182     -1.45214      1.07123    -0.746167    -0.420045     0.503219     -1.25256     -1.41909   -0.0134626     -1.23243    -0.763123     0.323564   0.00848447    -0.102848    -0.684584   -0.0226854    -0.598237      1.44899    -0.560679     -1.29485
    -1.73821    -0.304978   -0.0516886    -0.961675     0.614164    -0.744254      1.56841     -0.67772     -0.27307     -0.22821     0.825511     0.151332    -0.444725     -3.17142    0.0928986     0.103658    -0.143252     0.477275     -1.42203    -0.949452    -0.987368     0.501039    -0.979696     0.903229      1.59268    -0.227274     0.044789    0.0805287    -0.150335     -1.81873     -0.69705      0.88522     0.572515     -2.73158     -1.03702    -0.138632     -2.17758    -0.698966     -1.21492      1.15726    -0.827216    -0.121537    -0.768444     -1.88651   -0.0269313       1.3887      0.11338     0.647187      1.31744     0.170786
   -0.134404     0.036472    -0.301966    -0.521201    0.0519352    -0.260604    -0.507234    -0.142921    0.0600147    -0.606758    -0.561629    -0.483227     0.394391    -0.253771     0.059796    -0.726543     0.505126    -0.211026  -0.00178176    -0.755721     0.368846     0.676745    -0.470845   0.00822385    -0.304607    -0.766921     -0.97089    -0.419697    -0.330763    0.0385535     0.198871    -0.386776    -0.941637    -0.219157    -0.257641     0.452109    -0.572166    0.0843174    -0.965842    -0.248468   -0.0270213    -0.958232    -0.662418   -0.0517871    -0.874149    -0.909598    -0.161154    -0.580329    -0.468274     0.160917
    0.101945    -0.411354     -0.23944    -0.398482      -0.1235    -0.382252    -0.359278    -0.373392    -0.283576    -0.201841    -0.183347    -0.167919    0.0482868    -0.403114    -0.532895    -0.184294    0.0639399    -0.166015    -0.256266    0.0429633   -0.0711002    0.0576609    -0.129195    -0.280725   -0.0643264    -0.592217    -0.316849     -0.26139     0.128313    0.0819347 -0.000513812     0.188201   -0.0307461    -0.393433   -0.0502622     -0.27334      0.41573   0.00717156     -0.27786   -0.0558035   -0.0268411    -0.324235    -0.128236    -0.195382    -0.161998    -0.439855   -0.0737192     -0.19649    -0.164511    -0.132394
   0.0622535     0.478316    -0.255168    -0.419598    -0.399081      -1.2527     -1.49121    -0.275645    -0.929632    -0.253185    -0.749567    -0.604736     0.983783   -0.0156633    -0.780845     0.920462     0.297446    -0.336315    -0.815321    -0.973396   -0.0813618    -0.357797     -0.31863     -1.54418     -0.65512    -0.642791     0.926227      -1.0925    -0.888191    0.0322155    -0.278031     0.206647     -1.56078    -0.152212    -0.612776     -1.12462    -0.752528    -0.391425     -1.10552     -1.66445     0.978633     -1.35923     0.430166     -0.28605    -0.627751     -1.01531     -1.63089    -0.522703    -0.200701    -0.842255
   -0.495512     -1.04755     0.226858      0.15416     0.466105    0.0493395   -0.0891045     0.350071    -0.311698      1.13301     -2.09923     -1.06477      -0.7108     0.285325     0.246321    -0.622031     -0.64063    -0.694723     0.427026    -0.314263     0.661587    -0.808701    -0.731106     -0.22675    -0.654345    -0.299588    -0.376075     -0.74642     -1.52208     0.398512    -0.295053    -0.807355      1.15837     0.996326     0.423575     0.645481    -0.490747     -0.47835      1.24203     -0.91093      1.17478    -0.546326    -0.538878     0.815419     -1.58433    -0.295481    -0.228281     0.287183    -0.400808    -0.523269
    0.974452     -1.92494      1.39852      1.85405      0.15942     -1.30722    -0.106349    -0.274252     0.849182     -2.14979      1.97512    0.0304157       1.2262     0.633185     0.273842     -1.21564     -1.60001     0.844683     0.232302    -0.274774    -0.755997      2.10028   -0.0115617    -0.540686      1.08664    -0.594747     -1.30225     -1.32344      1.87081     -1.04712     -1.66341      2.85784     -2.98312      1.07964     0.837773     -3.57233     -0.16293    -0.829694     -2.36086    -0.852725     -1.66834     -1.33045    -0.890773     0.873974      1.54968    0.0573927     -1.63649    -0.090081     0.591765    -0.426014
   -0.703331    -0.599104     0.435871  -0.00213062     0.518366    -0.579939      1.12376    -0.306681    -0.100581   0.00349517     0.188192   -0.0759413    -0.471573      -1.3112      0.87488    -0.672468     -1.50747    -0.216183    -0.142936      1.06432    -0.615771    -0.986445     -1.27581     0.440604     0.531074    -0.758795     -1.03125    -0.679493    -0.335709    -0.470501     -1.53018    -0.370615    -0.831456    -0.236301    0.0666373    -0.637237    -0.944437    -0.322906     -0.11137     0.437235    -0.439671     -1.15411    -0.717233     -0.68276    -0.841295    -0.554489    -0.503864     0.764812     0.423767    -0.973015
    0.768411    -0.102578       1.0818    -0.499973        1.011     -1.56682     0.731047    0.0758678      3.37838     0.429145    -0.337035    -0.784707      2.17593      0.13306     0.240442     0.169161      3.88253     -5.00772      -0.9549     -1.50123    -0.300185      1.71503     -1.44684    -0.205522      1.03296    -0.725859     0.761831     -3.44372     0.544441     0.754897      1.23245     0.121404    -0.194387   -0.0771997      1.13918      1.41631     0.280913      1.53456     0.125469     0.564523     0.940779     -2.71417       1.5737     0.155287     -1.14717     -1.09941      0.76928     0.266749     0.155591     0.661318
   -0.161003     0.287316    -0.114187    -0.139956    -0.309846    -0.227566     0.175287     0.080588    -0.270509   -0.0512216    -0.248329    -0.155495    -0.204736    -0.114718     0.104822    -0.427478    -0.125987    -0.115723    -0.251931    -0.264588    0.0405266    0.0392159    -0.580887    -0.118696     0.138355    -0.179089    -0.244695    -0.159804    -0.143301    -0.313737    -0.234661    -0.369116   -0.0429923     -0.05349    -0.196154    -0.157079      -0.3239    -0.072849    -0.115051  -0.00697801     0.244731    -0.105771    0.0874946    -0.106865   -0.0204795   -0.0890322    -0.129823    -0.164591    -0.121296    -0.317338
  0.704389
   1.33972
 -0.695912
  0.398308
  -1.33415
  -2.92799
   1.21029
  0.660125
  0.499009
  -1.03169
  -1.01685
   -1.4962
 -0.427318
  0.481986
  0.270456
-0.0545307
  -1.56248
 -0.810718
 -0.747994
 -0.154944
 -0.631446
 -0.698603
  -1.13174
  -1.38777
 -0.943135
   1.37482
  0.223885
  0.251428
 -0.739716
  -1.34017
  -2.37709
   1.84202
   1.27101
-0.0378412
  -0.57658
   -1.9525
  -2.59851
 -0.980218
  -1.59631
  -1.75447
  -1.44391
 0.0504867
 -0.194603
  -1.24576
 -0.340151
 -0.890776
  -0.21705
 0.0649439
   3.26725
  -1.17839
1
4
50 10
   0.989236    0.724473   -0.510915    0.777708    0.629126 -0.00738212     1.60713      1.7941     1.71322   -0.557606    0.226107  0.00717988     1.30396    -2.72948    0.183448    -2.26209   -0.439459     1.47855   0.0722911    0.814188    0.981349    0.481835    0.147636    0.537181    0.161185    -10.7694   -0.173328    0.249389   -0.162747    -0.74677     0.36716    0.879971    0.955099    -1.70671    -2.74782 -0.00970155     2.63298    0.151529    -1.39267     1.89408    0.902231    0.211807   -0.715539  -0.0503707    -1.01303    -1.37607    -3.87937    -0.14518    -1.72488    0.277306
    1.84994    0.583674    0.381859     2.36867    0.242224   -0.918428   -0.394463  -0.0112831     2.03435   -0.187423    0.345849    0.317402    -6.18215   -0.711381     0.97762     1.29857    -3.85476     1.48992   -0.363193     1.38386     -1.3066    0.258546   -0.218346    0.847794    0.493012     1.38849    0.436882    -9.02369     1.86628   -0.400245    0.372929     2.84866     1.46964      1.0991    -2.29075      1.1963    0.783858   -0.341777     1.51179     1.60738   -0.040275     2.35762    0.316234    0.591374   -0.883454  -0.0962761     1.06179    0.431467    -0.72228    0.360039
   -4.46468      1.1819    -0.10405     1.54537     1.08879     1.64849   0.0356767    0.594487    -2.03099     1.53992   -0.360686    0.015284     1.69657    0.392999    -1.65112   -0.532227    -1.19314     1.60076     1.11404     1.11741     1.66117     -0.6118    0.189766   -0.812468     2.47417     1.45086   -0.280017     1.46418    0.645005    -1.69592    0.289092   -0.129211   -0.914365    0.457563     2.88447    0.475541   -0.692134   -0.138412     1.76689    -11.1157     1.29902     1.35953     0.67072   -0.172707   -0.573444   -0.281533   -0.175342   -0.516442    -1.28313    0.127923
   -2.20721    0.868247   -0.363887    -7.86597    0.719966     1.23732   -0.150819   0.0615852    -1.69465      1.7126   -0.823967   -0.113803    0.616352     1.15216   -0.679548      -1.192     1.55943     1.04074   -0.346166    0.836417    0.722852   -0.300537   0.0583632   -0.800981    0.966329     1.00561   -0.471164     2.06819 -0.00815169    0.165015    0.919726      1.7812     1.80008    0.743701    -2.51701     1.75864    -6.02172   -0.335749   -0.332066      1.5659    0.445796    -3.19678   -0.134468  0.00565455   0.0849998    -1.61386     1.79681    -1.63289    -1.46015   -0.258744
  -0.041098     0.71629    0.147254   -0.589473    -2.21249    0.544506    0.614031    0.673031     0.94475    0.374786    0.161139  -0.0456365     1.87854    0.230185     1.57989     1.35828   -0.540466    -5.83708   0.0717632    -9.24645    0.551692   -0.147739     0.41956    -1.53428    -1.61102     2.41151  -0.0689944     1.86224    0.210493   -0.572771  -0.0860758     1.56404   -0.308565   -0.516378     1.25062     3.15403    0.461671    0.070819   -0.168217     1.77105    0.409688     2.00571   0.0445361  -0.0550434    0.567096   -0.475194   -0.388166   -0.616732   -0.875189    0.067431
    2.73312    -7.29666    0.139094    0.225112     1.21654     2.49022   0.0560087     1.49369      -4.425    -5.12732     0.35181   -0.147248    0.450116   0.0461245   -0.934574    -1.88988     1.29408    0.971439    -1.97667     1.49224     1.54503  -0.0772551    0.369874    -0.13244   -0.520974     1.87408      0.1194     1.11275    -0.39372    0.112085   -0.753332    0.967627     0.63681  -0.0587697     2.29917      1.5197     2.31694   0.0989799    0.900783    0.487975   -0.154037    -3.07803   -0.235488    0.509279     1.24186    0.772244    0.183739  -0.0654861   -0.359016  -0.0618189
    1.32994      2.6357     0.30059   -0.287063    0.183169    -1.83735     -2.9675  -0.0739898   -0.604934   -0.679339    0.582393   -0.179042    -1.32837    0.938252  -0.0565965      2.3273        2.87    0.561421     1.96375     1.33307     -6.0565    0.438851  -0.0106954    0.544809    0.411958     1.17714    0.560972     1.62523     -1.1286     1.67861   0.0224623    -10.2066    0.580572    -1.61972     2.84371     1.86468     1.32033    0.230145   -0.904864     1.21201   -0.550872    0.967929     1.24965   0.0545792    -1.22217  -0.0488371    0.445707    -1.77569    -1.02929    0.220235
  -0.358118   -0.148654    0.186754    0.816434   -0.171956    -2.28749    -1.28332    -1.15482     2.75376   -0.475654   -0.431954   -0.213485    0.707163    -2.92405   -0.530479     2.34341   -0.679117    0.810419      1.0424    0.223652     1.34805    0.147286   -0.128511    -1.02698    0.300833     1.31992   -0.422587   -0.929699    -1.01744    0.292201   -0.728217     1.75547    -4.35982    0.415079   -0.922672   -0.373106     0.74956   -0.229367    -2.08243     2.03309    0.989118    0.533476    -1.24149   -0.636361    -1.50975     2.32018   -0.629011    0.995819     8.96002  0.00790756
   0.583934    0.346712    0.127243     2.60541    -1.53138    -1.35455     1.97656    -3.14073    0.745283     3.63541   0.0329176   0.0505734   0.0803551      3.4155     1.02298    -1.56393     1.26898    -1.44509   -0.813864     2.57606     1.04593    0.172316   -0.133719     2.25887    -3.12508  -0.0383507   -0.192223     1.74624  -0.0580058     1.08538   -0.344348    0.603315    0.311531     1.39684   -0.276306     -10.158    -0.54661     0.19775    0.573679    0.673543    -2.52994    -1.16166     1.15948    0.128408     2.73973   0.0109264     1.83118     2.53839    -1.00919   -0.357624
  0.0238502  -0.0420187   -0.125635  -0.0158833  -0.0354428    0.038241   0.0398938   0.0566868  0.00815375   0.0248253   0.0268607    0.167425   0.0189359   0.0105324  -0.0365158   0.0210426   0.0242467 -0.00586835   0.0200558   0.0461338 -0.00208677   0.0461598    0.131511   0.0106025 -0.00816513  -0.0215843   0.0252457 -0.00192337   0.0236848 0.000668528     0.02434 -0.00220588   0.0411099 -0.00395105   0.0388164  -0.0372486   0.0661998  -0.0962005    -0.02368   0.0590003   0.0574438  0.00850611   0.0122769    0.130997    0.028102   0.0292214   0.0322928   0.0104593   0.0177438  -0.0155183
   2.71471
  -1.02887
   2.34944
   2.75945
  0.493721
   1.38525
   1.17983
  -6.55337
  -1.45443
-0.0403586
