3 8 0.5 100
1
1
9 50
 -0.144795    1.27745   -2.87729   -1.51684 -0.0569623    2.43434   0.166803  -0.897852  -0.567894
 -0.718525  -0.116495  -0.198104  -0.639182  -0.379881    3.84839  -0.887901  0.0954898  -0.176666
  -1.61333  -0.619068   0.714374    0.61555    1.53737   0.928711    -1.5594  -0.025254   0.754069
 -0.435578   0.624528  0.0393212   0.828178   0.427528   0.156234   0.825287 -0.0736218   -4.73941
 -0.868208   -1.23849   0.733028   0.394704    1.51265   -2.24717    1.85183  0.0986716   0.617049
   1.57568    2.67135  -0.372682   -1.55921   0.771673   -1.90895   -2.40616    1.75165    1.02236
  0.528141  -0.448797   0.938895    2.27755   0.103141   0.408981   -1.49261   0.160867  -0.819491
 -0.303113    -1.5981   -1.25528   -1.01753    1.36287  -0.819192 -0.0070078    1.73946    2.93931
 -0.225147    1.06919   0.249839   0.391741   0.982484 -0.0532876  -0.148487   -2.34672   0.834277
   2.05303    -1.1848   0.795534   0.439216  -0.289988  -0.148883  -0.202152 -0.0494079  -0.459533
  -4.33106   0.250877   0.717219  0.0483625   0.451661   0.572016   0.509285   0.206692   0.353541
  -1.08955  -0.740089 -0.0946618   0.332649   0.400308  -0.482917    2.72592    1.38695 -0.0707774
 -0.533387     1.6347  -0.761415  -0.427302  -0.311497   -2.12404    1.05277  -0.948661     1.7868
  0.460341   0.489908  0.0467861   -3.34493    1.39994   0.798394 -0.0219256  0.0137805    1.10707
  -0.21457   -1.43232    1.61034   0.731461    1.47728   0.108812    -1.1433  -0.439146   0.719933
 0.0440134    2.56648   -0.29371  0.0950564 -0.0746481   0.376734  -0.588673   -1.00374   0.832607
   1.44972  -0.222811   0.604877   0.188063  -0.795157   -1.73819    3.13731   -1.40828    1.12037
  -1.26332  -0.601266   0.730943   -1.46868    0.58213  -0.488699   0.420397    3.36915  -0.235353
   0.58626  -0.438775   0.217163   -2.26148    1.10992  -0.736615   -2.42076  0.0197016    2.60215
   1.21619   -1.76704   0.925303    1.05084   0.497988   -0.19747   -1.59219    1.64113    1.40893
   0.07057    -0.9359  -0.170638   -1.37394   0.817026    1.35615   -2.41098   0.159964    1.22216
 -0.237496    3.00291   0.213501   -0.45588  -0.567701  -0.702668   0.923688   -1.07805    1.46008
  0.109138    1.83719   0.694731   -1.27565   -2.11725   0.521031 -0.0695865    1.66718    -0.3686
  0.587536    0.38048    3.17788   0.308749  -0.883485  -0.493543 0.00196058  -0.583167   -0.96052
   -1.2038  0.0208386   0.448372    1.37874 -0.0303813   0.346067  -0.564416 -0.0504718  -0.497725
  -0.51001    2.60781   0.535409  -0.191697  -0.375209  -0.997315    1.29781   0.564843   -2.67593
 -0.567784    3.73149  -0.283842    -0.3248  -0.589894   0.032025   -1.04622  -0.710877 -0.0226659
  0.520459    1.06399   -1.02132  -0.198607 -0.0245757   -1.45957   0.806748    3.33558  -0.694353
 -0.340406 -0.0341047    0.62903    2.57311  -0.747598 -0.0668123   -1.05669  -0.101759   0.919323
  0.553768  -0.507279  -0.334206   -2.31052    1.95068 -0.0261256  0.0662785  -0.554147   0.974245
   1.33417    0.38243   -1.35686  -0.877993   0.127176   -2.80762    2.05119   0.897504     1.3485
  -1.92441    1.20113   0.887658   -1.18132    0.19075   0.342706  -0.274628  -0.281878     1.4611
   1.97534  -0.516791   0.163443   -1.22292   0.227533   0.802027  -0.530972    1.46564   -1.33741
 -0.407769   0.934006    1.23503   -2.45053    1.86551    1.24269  -0.407751   0.339839   0.484782
 0.0224305  -0.176986    3.57304  -0.811525  -0.328012  -0.976679   0.164534  -0.768048   -1.15808
   2.39158   0.390508  0.0886131  0.0124961 -0.0311188  -0.326981 -0.0558746  -0.386767   -1.85478
   1.20274   0.104532  -0.655057  -0.848728   -1.27505    2.87178    0.39376  -0.364461   0.665663
  0.462355    1.23267    2.12905  -0.622964   -1.30956    -1.0091   -1.11236   -1.42238  0.0113221
   1.60598   -2.43639   0.836894  -0.581952   0.800879  -0.254813 -0.0587201    1.45531  -0.110483
  0.510675  -0.803657   -2.30707    2.22245  -0.760883  -0.496477   0.156035   0.486845    2.48201
    1.0937   0.222327  -0.806614    -3.5232   0.329368 0.00622319  -0.760036   0.605218   0.559943
   1.16988    1.20679   -1.17994    0.47612  -0.245422   0.424145  -0.589544     3.2914  -0.321863
  -1.00826    2.38516 -0.0146137   0.205184  -0.897019   0.154231   0.637108  -0.559634   -1.52181
 -0.749264    1.10765     3.2847   -2.45567  -0.359463   0.180289  -0.775233  -0.232857   0.256231
  -1.53586  -0.104731   0.197302     0.2258  -0.225685     1.7846   0.317402    1.55767 -0.0186031
  -1.62508    1.08054    1.47939   0.900498   0.781146   -1.38647   -1.03151    1.53967    0.84279
   1.65341    1.39829   -2.07776   0.338858  -0.248357  -0.586077   -2.82345   0.418103   0.404078
  -0.16023   -1.03634    1.68943   0.428834    1.72795   -1.69126   -3.23275    1.14708   0.311248
   -1.2595  -0.430945  -0.693702    1.45496    1.07937   0.752779  -0.794066   0.407614    0.92005
  0.191078   0.119106   0.821484    1.19324   -0.59965  -0.697102  -0.200282  0.0271716     1.5169
   0.215431
   -2.05998
  -0.582654
   0.986756
   0.371625
  -0.841045
  -0.356307
  -0.463162
     1.8504
   -1.65883
    1.90437
  0.0671565
   -1.11096
    1.18243
  -0.114522
   -3.04002
-0.00965446
   -1.27811
  -0.573407
   0.141772
   -0.69668
   0.936965
  -0.266998
    1.37513
   -1.35242
  0.0487741
   -2.96805
    -1.8396
   0.521403
  0.0918041
  -0.927662
  -0.553594
   0.359398
  -0.243713
  -0.926746
   0.219532
    1.48658
  -0.442375
  -0.729277
  -0.922363
   -1.74521
   -1.37889
   -1.66699
  -0.930386
   0.314902
  -0.307353
  -0.811755
   -1.07735
   -0.27196
   0.496581
1
1
50 50
     1.52279    -0.534399    -0.527017     0.510366     -1.06404      0.17936    -0.482384     0.270441      0.20897    -0.765155    -0.264672    -0.700848      0.44919     -0.43668    -0.979109     0.268738    -0.856473    -0.269843       0.1079     -0.67378    0.0340857      0.70293    -0.404027      -1.6542  -0.00857661   -0.0902343    -0.343749     0.429044    -0.293931    0.0348869     0.417506    -0.235251    -0.117677    -0.542003    -0.621724     0.330662     0.625183   -0.0229101    -0.927916     0.280235     0.867619     0.695584    -0.168735    -0.681068    -0.589402    -0.942081      1.68671     -1.22388    0.0257275    -0.390494
     1.48081      3.24134     0.266862      1.23825      -2.1381     -1.81796     0.239135      -1.6079    -0.272278    0.0143948    -0.113497     -1.48237      -1.2138     0.202792    -0.506662    -0.341387    -0.872382     -0.85459     -1.01386    -0.964722      1.08262    -0.538782     0.362163    -0.250848    0.0245762    -0.531177    -0.532845     -2.00617     -0.69701     0.144482     -2.16185     -0.32522    -0.137578     0.415788    -0.426302     0.103716    0.0750512     -0.33673    -0.587845    -0.481114     0.446006     0.184513    -0.135317     0.302095      1.03268     -1.44548    -0.548899     -1.70218    -0.189132    -0.727942
    0.137767    -0.359191    -0.456188     0.054304    -0.269717   -0.0209527    -0.044931   -0.0602539    -0.375608   -0.0278578    -0.753542    -0.252672    0.0904985    -0.110024   -0.0542658     -0.28379     0.196187    -0.591613    -0.270394    0.0420477    0.0910651    -0.154248   -0.0393117    -0.305626    -0.387291    -0.219773   -0.0346702    0.0594089    -0.268467    -0.177253     0.040484    -0.386325    -0.296856   -0.0236692   -0.0330883     0.197841    -0.243293    -0.117053     0.282192   -0.0517323   -0.0376558   -0.0966135    -0.178127     0.109146    -0.206218     -0.27615     -0.17982    -0.442355   -0.0195949   -0.0396632
    -1.21633    -0.232062     0.665423     0.250665     0.758549     -0.83049      1.70032     -1.10268    -0.148005     -0.18826     0.119043     0.568232     0.367416     -2.84009     0.895747    -0.152534    -0.553242    -0.698519     -1.32991      1.00977    -0.838409    -0.112276     -1.35953   0.00247004      1.36745   -0.0294766    -0.414401     0.339365     0.753601     -2.14343     -1.26975    -0.349341    -0.912706     -1.77285    -0.702146     -0.25948       -1.291     -1.11504    -0.712791      1.38423     -1.61846    -0.172841   -0.0253401      -1.7981     -0.30153     0.790812     0.545783       1.3038      1.22603     0.217119
   -0.357982    -0.530214    -0.619549    0.0723287     -1.15153    -0.746661     0.362409     -1.14509    -0.209562     0.272106     -1.29422    -0.256628    -0.667216     -0.41661    -0.208354    -0.709971     0.485672     -1.15996     -1.07795     0.161317    -0.397858    -0.480279     0.260571     0.466242     0.192327     0.118805    -0.477122    0.0456311    -0.355116      -0.6197    -0.392412    -0.730138      0.51636    -0.284876     -0.18433     0.565569     0.759196    0.0282606     0.325022     -0.27796     0.335075     0.108562     0.198275    -0.166887     0.445405    -0.527432   0.00945653    -0.581386    -0.541831    -0.197545
    -1.20307     0.134312    -0.180191    -0.440748    -0.267999     0.620512   -0.0251318    0.0970543     -1.14561     0.286611    -0.686532    -0.378828     -1.01788     0.138359     0.845386    -0.203213     -1.14763      1.11569     0.835654   -0.0234317      0.15822     -1.14456  -0.00981499    -0.304931    -0.339099    -0.380737    -0.458816     0.206996    -0.718428     0.236947    -0.567432    -0.405577     0.310597     0.358307     0.399086   -0.0293257    -0.189575    -0.570034     0.439502    -0.987884    -0.567579    -0.121697    -0.775534     0.514168     0.404851    0.0657954    -0.930506     0.864496    -0.261339    -0.155604
     0.68911     -0.89379     -1.29418     0.501886    -0.171349     -1.66536     -1.21882      0.33196    -0.609212    -0.649019    -0.478642     0.728495     0.818987    -0.174482     -1.22698    -0.213146      1.27501    -0.068228     -1.01535      -1.1861     -1.23986     0.688894    -0.337431     -1.02335    -0.571224     0.513295    -0.690488      -0.1543     -1.22178     0.528389      1.22212    -0.439994     -0.44441    -0.585764    -0.406927    0.0517297     0.465404    -0.638094    -0.556246    -0.601309      0.97259    -0.413754     0.149914    -0.578924    -0.281545     -1.53401     -1.24017     -1.08575    -0.844089    -0.483946
    0.761298    -0.282427    0.0205088      1.45408    -0.385353     -1.98465     0.770301    -0.874931    -0.167209    -0.230065      1.38637     0.517835     -1.34158     0.134911     0.275192    -0.632808    -0.432412     0.218602     -1.68154      -0.1836    -0.170989    -0.339547     0.233325     0.895455    0.0379179     0.722379    -0.609365    -0.194752  -0.00258114     0.152926     -1.32626    -0.671132      1.04327     0.124983    -0.152946     0.902226       1.7211    -0.620569   -0.0884446    -0.622634    -0.737683     0.278309     0.370235     -0.39992      1.19649    -0.809226      -1.1188     -0.44454      0.21095    -0.169709
      1.0507      2.34318   -0.0562468     0.487341     -1.12117     -1.24565    -0.343323    -0.186867    -0.468941     -1.05999     0.381416    -0.375047     -1.28599      0.21225    -0.803996    -0.861364      -1.3211     -0.20771    0.0608885     -1.31177       1.7375     -0.31895     0.226212      -1.5731     -0.04364    -0.649086    -0.378802     -1.10324     -0.82512     0.865778     -2.05592    -0.208625     0.283191     0.920901    -0.370105    -0.512735    0.0635864    -0.566594     -1.06583    -0.278168      1.59202     0.299439     -0.42937     0.603374     0.938167    -0.784289     -1.09326    -0.919882    -0.422668    -0.666159
    -1.70427    -0.324551     0.140115     -1.28311     0.861298     0.904121    -0.461107       1.5305    -0.470629    -0.622006    -0.206997     0.294864      0.88598     0.424613     0.236635   -0.0876007     -1.43111     0.673634     0.836204     0.664959     0.156215     0.195094    -0.752953     0.131447    -0.264078     -0.48691    -0.556317     0.693928    -0.106444     0.451069     0.652786     0.623236    -0.614407    0.0247462    -0.471259    -0.984862     -1.48621    -0.315906    -0.587464     0.702812    -0.556065    -0.398751    -0.629602    -0.735772    -0.486996     0.963799  -0.00652808      1.50553     0.286775    -0.106882
    0.314536   -0.0160461    -0.386232    -0.252486    -0.278728    0.0130029    0.0261452    -0.476751     0.348603   -0.0784207    -0.187077    -0.346278    -0.168162    -0.121308    -0.214653   -0.0112973    -0.236805    -0.114396     0.206875    -0.177661     0.376917    -0.208558    -0.458807    -0.323932   -0.0861507     -0.22493   -0.0370463     -0.28532  -0.00333015    -0.257121    -0.149457   -0.0807442   -0.0963803  -0.00784358     -0.20012     0.163324     0.145067     0.300579    -0.193155     0.116348     0.336652    -0.129755    -0.180796   -0.0434239    -0.226923    -0.393526    0.0849108    -0.432369   -0.0381639   -0.0337147
   -0.184622   -0.0116115      -0.4909    -0.320125   -0.0390009    -0.406616   -0.0280465   -0.0114846   -0.0365333    -0.267819  -0.00043009    0.0911002    -0.141886    -0.196534  -0.00683154     -0.22476     -0.28622   -0.0985088    -0.328889    -0.494839    0.0536764   -0.0469449    -0.118701    -0.185199    0.0908313    -0.227768    0.0132871    -0.137794    -0.307933    -0.113669    -0.310423   -0.0772189       -0.116   -0.0729806   -0.0803613     0.046915   -0.0294258    -0.214157    -0.208127   -0.0431755    -0.234856   0.00134379     0.129311    -0.202012     0.100401    -0.211544    -0.164495   -0.0334216     0.310334     -0.03378
   -0.372885    -0.282116     -0.50085   -0.0921267     0.250253     -0.99571     0.988879     0.968204    -0.136557     0.417217     0.068444       1.0016     -1.56006     0.372781      1.03445     -1.48399    -0.597649     0.494108     0.871552      1.72842     0.587982     -2.10095    -0.646958    0.0419213    -0.159601    -0.580524     -0.92978    -0.983409    -0.208921     0.187282     -1.26024     -1.23471     0.760814    -0.460705    -0.550534     0.531098      1.12301     -1.13888      1.56026   0.00764569    -0.315218    -0.435123    -0.792388    -0.846358       1.2625     0.297028     -1.01934      0.13752    -0.331115    -0.203548
   -0.654824    -0.519364     0.731827    -0.799154   -0.0145657     -1.39036     -1.00002      0.69154    -0.432719    -0.992458    -0.424871    -0.514635      1.41226    -0.982408    -0.484092     0.813029    -0.111581    -0.364765    -0.501307    -0.524794    -0.214632     0.696257     -2.03833    -0.784424     0.223243     -1.55813    -0.206577    -0.675499    0.0570328    -0.654027      0.88324     0.765321     -2.39409    -0.667679     -0.55169     -2.01306    -0.954532    -0.526881     -1.49246     0.425723    -0.400782     -1.46448    -0.822844    -0.392314     -1.10535    -0.823591    -0.371751    -0.395597     0.620771    -0.115079
    0.228014     0.292716    -0.379864     0.123505    -0.359955    -0.406745    -0.341292     0.550244    -0.246254    -0.233821    -0.361896    -0.275099    -0.536901   -0.0227087    -0.606643    -0.390363     -0.40964     0.364749    0.0462783    -0.182385     0.518182    0.0774285   -0.0165933    -0.791103    -0.398871    -0.160823    -0.340921    -0.154009    -0.499176    -0.228175    -0.177576   -0.0990223   -0.0265823   -0.0903466    -0.503978    -0.309776    -0.413667    -0.316972   -0.0555456    0.0986775     0.342836    -0.168992    -0.211069     -0.11999       -0.205    0.0920107     0.114334    -0.532159    -0.221887    -0.509728
    0.211214       1.0205     -1.54486   -0.0882648     -1.40052    -0.691416    -0.199183    -0.225951    -0.740143     0.689449     -1.88418      -0.6754     -1.30039    -0.408305    -0.137397    -0.569678    -0.411593    -0.657279     0.500861     0.461825     0.868475     -1.12905     0.311959    -0.864107    -0.907341    -0.160953    -0.317485    -0.355306     -1.52207     0.343503      -0.8894      -1.1754     0.186022    0.0260409    -0.587367      1.05196    -0.306475    -0.214601     0.503409    -0.226938      1.11159     0.335023    -0.319029    -0.406327    -0.306702     -1.23723    -0.111931     -1.55514     -1.53096    -0.805029
    0.741134     0.112628     0.109794     0.236096      -1.0405     0.670925    -0.673884    -0.790724    -0.333734    -0.257283    -0.044277    -0.949621     0.720441   -0.0590739    -0.513411      1.68945    -0.149179    -0.245795    -0.769136    -0.837459    -0.712486    0.0497591    0.0564412    -0.583806     0.247479  -0.00787925       1.5169    -0.166043     0.162973    -0.250157    -0.093146     0.604837    -0.940412     0.266067     0.732961    -0.553652    -0.230166    -0.128296     -0.46075    -0.814684     0.217308     0.060438     0.837696     0.464584     -0.62181    -0.610987     0.432706    -0.281019     0.243098    -0.573111
  -0.0716172    0.0446472     0.373214    0.0263628   -0.0971309    -0.376828     0.431398     -0.30588     0.702758     0.259452     0.348015    -0.342572    -0.583441      0.28247     0.611189    -0.650318   -0.0294794    -0.661168    0.0753085     0.330526     0.383912    -0.607025    -0.632682     0.228754     0.105065    -0.479466    -0.698002    -0.819778     0.250429    0.0139669    -0.411308    -0.294673     0.552062    0.0183733     0.148495     0.455557    0.0835784    -0.348832     0.387971    -0.479888     -0.13965   -0.0990937    -0.278948     -0.36082      0.26774   -0.0371461    -0.105391 -0.000856009     0.209283    -0.217729
    0.628684     0.702939     -1.00207     0.254352    -0.797414      -1.1229    0.0367003    -0.796791    -0.573203     0.649266     -1.10552    -0.160219     -0.34988    -0.260202    -0.238346    -0.378938    -0.274416    -0.318931    -0.539999    0.0933247     0.430619    -0.621453     0.243747    -0.215803    -0.401334    0.0856109    -0.106061    -0.195257      -1.0465     0.136381    -0.693793    -0.565856    -0.242484      0.11215    -0.241122     0.275917    -0.125014    -0.269065    0.0907564    -0.254161     0.357243     0.573893    0.0171514    -0.230536    -0.130801    -0.850502   -0.0702786     -1.72383    -0.801276     -0.23841
   -0.211357    -0.715209     -1.31503    -0.440721     -1.39433    -0.587967     0.135937     -1.16551    -0.671428     0.633362     -1.69792    -0.398174    -0.374227    -0.233546    -0.413664    -0.662781     0.451364    -0.813436    -0.621758     0.101083    -0.145393    -0.679594     0.775767     0.413837    -0.264131     0.201731    -0.718576    -0.251073     -0.30712    -0.672032     -0.37245    -0.766077      0.18439     -0.67631     0.335727      0.76836     0.528743     0.376104     0.373443    -0.177312     0.411388     0.380677    -0.180378   -0.0706577     0.215552    -0.942186    -0.167376      -1.2859     -0.88308     0.228906
   -0.746246    0.0589185     0.768037      -1.0355     0.378285     0.785613     0.694958     0.283667    0.0559538    -0.125601     0.553625    -0.829383    -0.539003     0.144091     0.469491    -0.320077      -1.3837     0.168382       1.0686     0.570075     0.282873    -0.462905    -0.277531     0.488188     0.221949    -0.919787    0.0734513    -0.874863    -0.254038    -0.282739    -0.575935     -0.29985     0.238258    0.0964936    -0.208852      -0.6039    -0.615561     0.025603     0.485464     -0.19394    -0.292199    -0.542472    -0.484365     0.166184     0.120474     0.451266     0.274747      1.50686    0.0197168   -0.0771911
  -0.0155113       0.1271   -0.0780595    0.0896542     -0.09351    -0.218777   -0.0833451    -0.391076   0.00389595    -0.211907     0.268684    -0.320205      0.22789     -0.18754    -0.323737    -0.273398    -0.327376    -0.569931     0.179385    -0.341865     0.126589    -0.152554     0.155309    -0.459162   -0.0185781     0.116807    -0.177441   -0.0314222    -0.311994    0.0369373   -0.0543469    -0.132919     0.225881     -0.17351    -0.116196      0.30969    -0.181804  -0.00150729    -0.031031    -0.232098    0.0509058    0.0512992    -0.117364     0.210758     -0.37777    -0.426487     0.115543    -0.482632     -0.17502    -0.242811
  -0.0831695     -0.21688    -0.263479     -0.03827    -0.239064     0.126454    -0.216413   -0.0683672    -0.153795    -0.198813    -0.202735     -0.12659   -0.0773938    0.0383684     0.183341   -0.0844256    -0.164394    0.0291735    -0.302826    0.0867943   -0.0142585    -0.386616     0.111177    0.0376612    -0.215956    -0.290865   -0.0643044     0.042835   -0.0440553    -0.259008    -0.359559    -0.118436     -0.32689    -0.137831   -0.0323826    -0.104191    -0.206674    -0.310373     0.122207    -0.197186     0.106367    0.0688592   -0.0183555      0.19114     0.010856    -0.193513     0.056763     0.124229    -0.409238   -0.0409005
   -0.159279    -0.100586    0.0627987     0.198013   -0.0281318    -0.613967     0.153278    -0.366879      0.17286    0.0208832     0.111752    -0.174595     0.469893    -0.438345    0.0534493   -0.0849693     0.543004    -0.425619    -0.417689    -0.138844   -0.0118802     0.259702    0.0562337   -0.0105151     0.254001     -0.13085    -0.251554     -0.24216     0.146396   -0.0780996    0.0457713   -0.0126764    -0.574453    -0.350712    0.0205635     0.152306     0.121654     0.275631    -0.182367     0.305695    -0.129305    -0.440818   -0.0524217    -0.196283    -0.121365    -0.213152    0.0132805    -0.444031    -0.001756    0.0925423
    -1.42507      0.41791     0.414511     -2.72642   -0.0849431    -0.662826     0.108603     0.243113     0.390797    -0.668641     0.460538    -0.249003     0.174571    -0.120315     -0.19869    -0.232169    -0.136297     -1.52642    0.0223517     0.383641     0.600431     0.578992     0.156049     0.393985    -0.365631     -1.82578     -1.00118    -0.890004      0.29524    -0.013825     0.232124     0.520044    -0.688553    -0.370142     -1.61474     -1.50214    0.0760127     0.053709    -0.821887      1.33017    -0.586611    -0.792506    -0.848649     -1.06842    -0.223253     0.153793    -0.226082     0.115867     0.298465     0.409871
    -0.26293    -0.579934     -1.95567     0.187945     -1.06541     0.849691     0.935366    -0.597918    -0.990889      1.50091      -4.2768     -1.08302     -0.87405    -0.211827     0.256693    -0.813973   -0.0569284    -0.974299      0.23752     0.471344   -0.0536113     -1.30947     0.729497   -0.0273848     -1.12925   -0.0860045    -0.908657      0.25023     -0.96701   -0.0810041    0.0524724     -1.93616     0.366666    -0.813674    -0.612459      2.05333     0.194803    -0.160928       1.1369    -0.478599     0.390891      1.09696    -0.643584     -1.00009    -0.822778     -1.05817     0.826117     0.378273     -1.35809    -0.360932
   -0.118168    -0.264397    -0.236649     -0.15842   -0.0991746    -0.120289     -0.17326   -0.0906254     0.291686    -0.106088    -0.426951    -0.204175    -0.150823    -0.299463   -0.0569746     -0.24637    0.0293285    -0.374627    -0.113495    -0.304557     0.224876      0.18739    -0.331004     0.162646     0.110584    -0.328255    -0.391197    -0.191343    -0.123806    -0.252484    -0.319219   -0.0706864    -0.293903     -0.34248    0.0417296     0.335656     0.118431   -0.0724173    -0.189485     0.131308   -0.0818318    0.0634825    0.0982571     0.473485    -0.248894    -0.320146     0.182118    -0.468795    -0.117729   -0.0447604
    0.371603    0.0866339   -0.0576272    -0.097514     -1.55469      1.19616    -0.880594     -0.71922    -0.356309    -0.417333      0.11597      -1.7076      1.17153    -0.348364     -1.09319      2.15592    0.0637774    -0.332125     -0.53039     -1.72027    -0.283035     0.612908    -0.909347    -0.465993  -0.00714253     0.490312      2.68391    -0.206951     0.139626    -0.533714     0.309121      0.76177     -1.11063     0.225584 -1.49305e-05    -0.743888    -0.969313      0.55233     -1.07266    -0.850255     0.380749     -0.30225      1.05159     0.667242     -1.35094    -0.172831      1.03482    -0.343745    -0.205132    -0.240697
    0.179461     0.233262    -0.052577    -0.355547     0.102299     -1.02997     -0.45234    -0.322753     -0.35088    -0.553851   -0.0448314    -0.315919    -0.801937     0.506593    0.0614363      -1.4378     0.102781     0.434863   -0.0134117    -0.565867     0.256848     0.865408   -0.0670323    -0.505404    -0.392425    -0.733901     -1.68139   -0.0705277    -0.136134     0.401378    -0.488556    -0.400201    -0.148245     0.254192    -0.711633    -0.361462     0.304028     -1.01852     -1.18515     0.290251    -0.639686    -0.132845     -1.02411    -0.974905    -0.249486   -0.0387588     -1.17187     0.122549     0.399932    -0.205513
     1.65449     0.107123     0.714436     -0.10174    0.0930263    -0.351859    -0.907817     0.887383     0.406022    -0.557653     0.406664    -0.494714     0.878807     0.510356    -0.699352     0.392295     0.493714   -0.0512768     0.188269    -0.407056      0.35543      0.80392    -0.908687     -1.76343    0.0105892    -0.808811   -0.0368313    -0.329735     0.266899      0.76068    0.0750375     0.654327    -0.507098     0.551903    -0.517595    -0.755211     0.439229    -0.917495    -0.770638     0.471316     0.506443     0.057633    -0.340309    -0.504536   -0.0720196    -0.541392      0.75919     -1.34978     0.975694  -0.00561856
   -0.496746    -0.399394     0.373633     -1.02144     0.284038    -0.581225    -0.673376     0.873006    -0.041856    -0.595226     0.128914     0.331216     0.172351     0.200117      0.19792    -0.335493     0.202245      -0.4318     0.119976    0.0682931    0.0165635     0.681479    -0.339203    -0.217819   -0.0364445     -1.24051    -0.844795    0.0999002     0.490372    -0.309406      0.18648     0.578162    -0.426041   -0.0968107    -0.264326    -0.432478     0.131397    -0.316027    -0.706382     0.495614    -0.642338    -0.120597    -0.577341   0.00491303      0.13789     0.261102    -0.380311     0.498448     0.339324     0.645662
     0.15525     -0.78508     -1.07661     0.806141      0.81797     -2.71691     -1.54625      1.26409    -0.289625    -0.250138     0.123453      1.57007     0.848317   -0.0611634      -1.3447    -0.072505      2.47604     -0.71997     -2.20891     -1.53157     -1.49614     0.833832    -0.952796     -1.83374    -0.768027     0.541157    -0.151409   -0.0268455     -1.41977     0.873809      1.54328    -0.112978    -0.613748     -0.40898    -0.425843    -0.665757  -0.00389328     -1.45014    -0.801546     0.262008     0.546645    -0.596042     0.582744     -1.38163    0.0503722     -1.35784     -1.87629    -0.675669    -0.487149    -0.698452
  -0.0187666     -0.47491   -0.0300668     0.356756     0.866137    -0.785912    0.0244763    0.0613225     0.811267    -0.118779    -0.348427    -0.271504     0.532566   -0.0435386     0.329177    -0.817728       1.4552     -0.59718    -0.102962    -0.170945    -0.350264      1.13457     -1.73992    -0.339365    -0.198336    -0.705299     -2.05544    -0.586252     0.697871     0.412473     0.261566     -0.17394    -0.758987    -0.748282    -0.203217     0.306936   -0.0987431    -0.607114     -1.06877     0.685813    -0.754056    -0.635039     -1.34461    -0.814411    -0.852232    -0.490055    -0.116238      0.13777     0.269527     0.372701
   -0.130288     0.236953    -0.268687     0.333421    -0.217352     -1.24739    -0.779987   -0.0419977    -0.330483    -0.468095     0.510412    -0.378186   -0.0534978     0.700551    -0.128333     -0.32081    0.0904575    0.0677975    -0.903696    -0.608009    -0.792798     0.210878    -0.140664    -0.764488    -0.262858      0.52822    -0.254849    -0.377602    0.0558675    -0.140762    -0.366414    0.0952699    -0.500413     0.109477   0.00509266     -1.08526    -0.223797    -0.570858    -0.566625    -0.113561    -0.636234    -0.919647     0.416498    -0.232555    -0.169746    -0.478483     -1.04698    -0.243883     0.112081    -0.346858
    -1.04057    -0.949323    0.0717402     0.169366    -0.318682    -0.461142    -0.462977     -1.56631    -0.280779    -0.394456     -0.18898     -0.28684     0.829772     -2.03435     -0.88611      1.58549    -0.791036    -0.367354     -1.44611      -1.5596     -0.59939    -0.402905     -1.30962     0.666932     0.772201    0.0564553     0.903139     0.310399     0.235736     -1.95369     0.329682     0.759678     -1.05054     -1.33249    -0.232877    -0.681132     -1.09781    0.0497934     -1.09508   -0.0134468     -1.06695    -0.524144     0.729286     -1.04767    -0.611641     0.536854   -0.0438647    -0.226794     0.176374     -0.45852
    0.160708    -0.439641     0.595734       -4.323     0.186068     0.786271     -1.25761      2.22651   -0.0103778    -0.717765    0.0697452    -0.359156     0.415551     0.455719    -0.147792     0.414962     0.793617   -0.0662373      1.45652    -0.285224     0.302528      0.97615     -1.34043     -1.05026    -0.580323     -2.80187    -0.125599      -1.3193     0.634036    -0.381728     0.409096       1.3375     -1.37092     0.684229    -0.839275     -1.01716     -0.55198   -0.0783442    -0.608564      1.36828    -0.628262     -1.22824     -1.24613     0.400816     -0.62788     0.396284     0.796674    -0.231866     0.774755     0.712358
     2.50129    -0.947363    -0.380305    0.0565948    -0.154517     0.696366     -1.24795     0.421898    -0.211129     -1.09461     0.530221    -0.484771     -1.44638      1.29576     -1.28666     -1.21574    -0.794673     0.826727      1.07465      -1.3783      1.13905 -0.000118592      1.01523    -0.987812    -0.803972     0.270192    -0.506922    0.0260259     -2.28038      1.10088    -0.922462    -0.428878     0.972578      2.08291    -0.177022     0.468758     0.810033     0.225755     -0.39334     -2.36197      3.05314  -0.00126466     -0.64329      1.13966     0.431026      -1.0435    -0.849645     -2.09032     -1.46743     -1.05642
   -0.208015    0.0371098   -0.0131698     -0.14345     -0.33901     0.112414   0.00367351    -0.280086    -0.180913   -0.0837107    -0.286477     -0.12763     0.138998    -0.358723   -0.0302915     0.222267    0.0236308   -0.0728289   -0.0486725     -0.23495     0.143675   -0.0161475    -0.210962    -0.110575  -0.00283226   -0.0653191     0.273228    -0.186322    0.0416335    -0.288739    -0.254928    -0.210845    -0.034697    -0.209545    -0.187043    0.0591352    -0.161514     0.122169    -0.326452    -0.267543   -0.0931813    0.0210481     0.118517   -0.0967651    -0.207235    -0.128469   0.00222818    -0.289514    -0.152143     -0.28975
  -0.0499654    -0.399119     -0.13509     0.566998     0.483868    -0.149048    -0.112028    -0.374177    -0.100898    -0.160824     0.276356     0.284492     0.603919    -0.295149    -0.242175     0.157987     0.333287    -0.142104    -0.351228    -0.464441    -0.221658     0.425079    -0.686729     0.484612     0.376094     0.214952   -0.0228026    0.0618714    0.0578213    -0.365215     0.267313     0.304496    -0.348471    -0.151515    0.0764613    -0.283087    -0.192953     0.220893    -0.178439    -0.119785    -0.367946    -0.668025    -0.102572    -0.390524    -0.409864    -0.345072    -0.410798   -0.0543329    -0.185029     0.178979
    -1.18932    -0.410102    0.0566048     0.269174      0.58708    -0.317009     0.712613     -1.80472     0.244058     0.556625     0.733311       0.3088    -0.650541    -0.763003      1.53176     -1.40841     0.261376     0.194297     0.386127     0.597375     -1.11283     0.263013      1.12902      1.57068   -0.0290971     0.147227     -1.31948      -1.6965     0.534346    -0.610983     -1.77861    -0.315985    -0.464969   -0.0771501      3.43783     0.316473    -0.587496      2.35178    -0.122574     -2.08846     -1.72571     -2.42619     -0.59176      2.50334    -0.363006     0.742374     -1.91104      0.64611    -0.489886     0.230662
   -0.553188     0.694727     0.612868    -0.211705     0.223349     0.325643     0.666133    -0.129514    -0.507377      0.62698     0.034853    -0.353125    -0.547529    0.0292007     0.906992    -0.414699    -0.656858     0.514468     0.123906     0.528386     0.145823     -1.07003     0.260244      0.51266    -0.207888    -0.466356    -0.266656    -0.302042    -0.198552     0.187443    -0.114371    -0.684279     0.556498    -0.300207    -0.136036    0.0473226    -0.539671    -0.793715     0.276552    -0.378173    -0.448104    -0.179427    -0.213159    -0.107017    -0.291921     0.303328    -0.207319     0.967514    0.0481057    -0.429219
   -0.961097    -0.324096    -0.250972    -0.222279     0.786121   -0.0232539     0.474321    -0.580369    -0.454078    -0.454452     0.131506      0.95948   -0.0847126     -1.56077    -0.428086    -0.293134     0.366466     0.418278     -1.24062   -0.0674978    -0.717835     0.130747    -0.226766     0.836298     0.434594     0.296338     -0.18665      1.02291   -0.0925047     -1.13217     0.332465   -0.0190755     0.275925     -1.65606    -0.560361   -0.0267769     -1.33621    -0.604207    -0.671807     0.728795    -0.701057     0.388219    -0.187949     -1.19767   -0.0272716     0.842766    -0.283612     0.288644     0.330571     0.161016
    0.284862    0.0453099   -0.0983267     0.185986     0.069028      -0.3894   -0.0476628    -0.187681    -0.044416    -0.388243    -0.123786     -0.17486      0.19227     -0.14993     0.329715    -0.485767     0.353585    -0.157731    -0.167994    -0.452958     0.199054     0.362667    -0.333133    0.0149157   -0.0385088    -0.416966     -0.49963    -0.255774     0.124937    -0.192553    -0.149045  -0.00811654    -0.455213    -0.206721    0.0141918     0.412819    -0.167551  -0.00982246     -0.52145     0.220824    -0.285429    -0.261415    -0.348623    0.0982784    -0.306272    -0.725071   0.00276614    -0.250867   -0.0369834     0.183108
   0.0552036     -0.36615    -0.212874    -0.086432     0.118658    -0.319022    -0.279702    -0.191321    -0.139056    -0.139191   -0.0607458   -0.0569929     0.173583    -0.152703    -0.444828    -0.217339      0.11756    -0.142888    -0.154268     0.162245   -0.0493995     0.188623    -0.215056    -0.172927    -0.100576    -0.464826     -0.19534    -0.148796     0.200719     0.191954     0.041891     0.257769   -0.0210772    -0.252576   -0.0476275    -0.221137     0.328725    0.0468188    -0.195306   -0.0262901   -0.0198624    -0.212664    -0.113026    -0.152838    -0.107542    -0.258121    0.0323246     -0.12307    -0.111762    -0.153233
    0.425915     0.141075    -0.240166      0.15222    -0.484246     -1.05965     -1.28746    -0.116142    -0.589498    -0.404104     -0.18524    -0.349896      0.65815    0.0567621    -0.685885     0.697693     0.123562   0.00564827     -0.81894    -0.989791    -0.292857     0.103222    -0.531468     -1.31933    -0.393722     0.153866     0.880985    -0.512294    -0.521686    -0.127786    0.0874882     0.201654     -1.33655     0.297003    -0.422596    -0.971273    -0.315538    -0.493449     -1.12515     -1.17213     0.561602    -0.741705     0.674889     0.035552   -0.0980425     -1.04935     -1.04251    -0.611317    -0.169145     -0.81299
    0.192448    -0.277285    -0.349025    -0.335476    -0.395416   0.00928086    -0.278443    0.0634825    0.0606523   0.00130498     -0.96095    -0.558325    -0.150089   -0.0757007      -0.2279    -0.316616   -0.0883011     -0.23865     0.153922   -0.0127335     0.370079    -0.103599    0.0458258    -0.487054    -0.089741    -0.150953     -0.14499    -0.117063    -0.456627    -0.246317   0.00302459    -0.295499    0.0591296     0.204646   -0.0138454      0.21764  -0.00126595    0.0321406     0.391431    -0.189352     0.620292     -0.13879    -0.313087     0.199122   -0.0729686    -0.316508      0.22528    -0.208429    -0.445044    0.0636783
    0.430107   -0.0357516     0.747652     0.721688     0.508957    -0.882546    -0.295496    -0.492265     0.405723     -1.24629      1.05496   -0.0757343     0.137645      0.40171     0.525661    -0.741179    -0.867903     0.639741    -0.376351    -0.757504     -0.12469     0.893683    -0.160335    -0.633471     0.592102     0.245658    -0.934995     -1.11087   -0.0932794    -0.230605     -1.26216      1.42801     -1.38548     0.778852      1.22106     -1.56804    -0.653225     0.119924     -1.38576    -0.975523    -0.361374      -1.3322    -0.248205      1.26553     0.328232    0.0839763      -1.4418    -0.114164     0.516309    -0.215416
   -0.418601    -0.358969     0.556364    -0.260427     0.199542    -0.783733      1.09336    -0.339889    -0.143534    -0.180613     0.595401    -0.149806    -0.499609     -1.21342     0.727444     -0.73739     -1.34087     -0.25454    -0.406265      1.02279    -0.153412    -0.766065    -0.867094    0.0317529     0.449301    -0.535257     -1.03211    -0.755237    -0.302421    -0.634585      -1.1976    -0.464283    -0.493054    -0.378328    -0.327139    -0.499532    -0.648645    -0.447713    -0.338034     0.233056    -0.457438    -0.998775    -0.494864    -0.776911    -0.189673    -0.444412    -0.308008     0.630409     0.536265    -0.595721
    0.282241    -0.683356      0.51985    -0.418811     0.645912    -0.899499     0.259199    -0.406657      2.64614    -0.138243    -0.538432    -0.830891      1.63533     0.572943   -0.0293619   -0.0841867      2.21085     -3.66471    -0.572402    -0.351708   -0.0946689      1.21606     -1.62905      0.93371     0.182486     -1.21541    -0.440517     -2.86087    -0.143184     0.422464     0.913573      0.19931    -0.708565     0.248037     0.241271     0.858223     0.167565      1.29814     -0.30224     0.157844     0.730866     -2.28318     0.314528     0.222468     -1.08683    -0.967691     0.161477     0.253688    -0.231834      0.41061
   -0.117082     0.296457   -0.0955078    -0.132361    -0.282283    -0.261599     0.179237     0.155754    -0.250575   -0.0393196    -0.192044    -0.137643    -0.108196   -0.0502895     0.136073    -0.402004   -0.0728541    -0.107092    -0.195931    -0.234306    0.0949472    0.0565433    -0.545456    -0.113431     0.152736    -0.252096    -0.217611    -0.180585   -0.0914316    -0.282882    -0.232671    -0.305039   -0.0561544   -0.0431505     -0.16454    -0.190239    -0.264282  -0.00527893   -0.0533825    0.0548466     0.252433    -0.118362    0.0844762   -0.0575401    0.0389041   -0.0972783    -0.129096    -0.133871    -0.105375    -0.252966
  0.839686
   1.66484
 -0.602856
  0.849171
 -0.966035
  -2.50641
   1.35509
    1.5671
   0.60644
  -1.30226
 -0.811293
   -1.4374
 -0.408485
  0.941958
  0.180164
  0.332325
 -0.784634
-0.0920479
 -0.477315
-0.0349668
 -0.479442
  -0.47881
  -1.09461
 -0.738763
 -0.555193
   1.15843
  0.552732
  0.587948
 -0.323024
  -1.17875
  -1.76509
   2.24946
  0.782942
 -0.404515
 -0.256117
  -1.55661
  -2.02025
 -0.851832
  -1.66562
 -0.993554
 -0.699934
  0.267445
  0.348452
  -1.06184
 0.0533376
 -0.522911
 -0.120747
  0.214409
   2.27504
  -1.09823
1
4
50 10
   0.549778     1.02077    -0.54153     1.10598   -0.949483     1.03523     1.05861     1.54457     2.49452    -1.40088    0.207788   0.0580704     1.10057     -2.8491    0.305061    -2.35724   -0.645466    0.928208   -0.157526    -1.76261      1.3271    0.325199    0.090427   -0.335304    0.174087    -7.79833   -0.115154   -0.340846    0.410933  -0.0633591   -0.421643    0.789736    -0.68726   -0.194639    -2.48418    -0.68309     1.23415   0.0203406   -0.570597     2.27038     1.45409   0.0607708  -0.0731873  -0.0411299    -1.14188    -1.15002    -2.78354      1.3703    -2.65519    0.369609
   0.386636     1.02041    0.398714     2.09102    0.382383   -0.956288    0.737757     1.40633     1.30498    0.716015    0.361092    0.285124    -4.25671    0.640158    0.461657    0.117789     -2.7662    0.564633    0.109289    0.560455    -0.64775    0.325228    -0.18572    0.870176     1.28405    0.977177     0.63779    -5.69095     1.95064     2.35774     1.08943     1.12006     2.23374    0.760559    -1.80709    0.650814     0.71181   -0.228312    0.464327    0.824409   -0.630211    0.976167     1.17565    0.614668    -1.14183   0.0743918     2.05247    0.221244    0.415996    0.324659
   -2.97652   0.0736334  -0.0928989  -0.0243877    0.639503    0.706349   -0.661258     2.26455    -1.37241     1.92625   -0.344308   0.0435502     1.76436   -0.284789   -0.989224    -0.27114    -1.04578    0.631208    0.428248     0.79424    0.887265   -0.512058     0.13601   -0.127582     1.54903    0.511551   -0.367826     1.01475    0.526621    -2.91528    0.368155   -0.405037  -0.0583634   -0.351368     3.31154   -0.536416   -0.610113   -0.109677    0.719089    -7.97618     1.21314     1.02691   -0.186563    -0.12482   -0.593804   -0.194925    -1.55447   -0.649388     -0.3242    0.114977
    -1.0734    0.540452   -0.265331     -6.6699  -0.0695693     1.64072   -0.323256     -1.3429    -2.24079     2.23579   -0.541847   -0.159236    -1.54413     1.00883   -0.729127   -0.853826     1.18064    0.431242   -0.433085   -0.365899     1.14152   -0.236767   0.0594458   -0.656181   -0.789419     2.53945   -0.461506    0.846831    0.238434    -1.46099   -0.084978    0.925459    0.789816     1.59275    -1.79797     1.22803    -4.88142   -0.262301    -0.75242    0.480075    0.777536    -2.70315  -0.0013948   0.0121609    0.429381    -0.42811    0.622289    -1.70133    -1.37392   -0.269726
   -0.26483  -0.0448419   0.0169015      1.6026    -1.46255    0.210854     1.27045     0.58027      1.4543  -0.0681554    -0.10782   -0.141084    0.840227    0.768176    0.525072     1.04246     0.30263    -1.03655   -0.399801     -1.7759   -0.683523   -0.294202    0.242247    -0.41605    -1.68977     1.91346   -0.213609     1.99454   -0.344362   0.0243631   -0.142909    0.764598    0.368419   -0.769985    0.310082     2.87754    0.620619  -0.0229521    0.296123     1.96132    0.467694     1.53519   -0.116696   -0.311624    0.304122  -0.0357901   0.0477073   -0.313755    -1.10958  -0.0424257
    1.54948    -5.77054    0.207627   -0.510531      1.1854    0.407958    0.403787    0.870126    -3.84562    -2.12196  -0.0193274   -0.211429     1.09917   -0.377596    -0.10501    -1.59869     1.67371   -0.323957    -1.42618     1.83453   -0.535542   -0.114845    0.267176  -0.0521104   -0.240428     1.32961   -0.112361      1.6966   -0.488269     1.54411    0.721678    0.216649   -0.511614   0.0477711    0.878149     2.32866     3.23513   -0.076539   -0.311834   -0.241365    -0.11424    -2.32511   -0.175714    0.296518     1.25156    0.398545    0.290658  -0.0341577   -0.670148   -0.043781
    1.54477     1.38089    0.332674    -1.13861    0.910373    -1.50851    -3.62596     -1.0019    0.072189    -1.48299    0.796806   -0.197458   -0.265061     1.13089    0.435114     3.00465     1.45971   0.0221469     2.14805     1.65013    -2.80724    0.641852   0.0513287    0.666425    0.780587    0.534556    0.602018     2.08193   -0.549105     1.74414    0.528575    -6.45471    0.163335    -1.09957     3.03455     1.20315     2.05495     0.38484    0.179252    0.909556    -1.51162    0.848185    0.883968    0.165717   -0.982438    0.335526     0.12082    -1.98782    -1.29464    0.176419
   -1.37195    0.379548    0.208791     1.49611    0.520733    -1.39049   -0.372276    -1.02373    0.860612    0.187367  -0.0634288   -0.148343     1.02431    -2.88481   -0.141731     1.84379   -0.768452    0.551694    0.743954   0.0643823    0.987142    0.114953   0.0264878    -0.49761     0.35228    0.132691    -0.17825    -2.03086    -1.40811     -1.2189    -1.35709     2.02705    -3.04061   -0.399657    -1.24308   -0.431953    0.134068  -0.0847642    -1.11469     1.25478  -0.0748331    0.243803   -0.685066   -0.403442   -0.994177    0.403687   -0.642821     0.74746     7.21711    0.059155
    2.07111     1.01134   0.0389928     1.64392   -0.992805   -0.630489     1.00543    -3.06124    0.708011     0.24393   -0.205348     0.16203   -0.540201     2.65855    0.149804    -1.04036     0.89478    -1.09754   -0.248616   -0.468866    0.824027    0.112139  0.00652574    0.429735       -1.87   -0.320366   -0.282161    0.602824   -0.383671  -0.0942129   -0.641811     1.08071    0.913528    0.624832    0.321378    -7.20871     -1.4943   0.0832832    0.963641    0.646337   -0.810826    0.336822    0.292648    0.166765     2.30091   -0.191719     2.09423     1.56069    0.291464   -0.306231
 -0.0307979  -0.0216481  -0.0636773  -0.0179227 -0.00917445 -0.00402972  -0.0156715   0.0401687   0.0106576   -0.010051  -0.0416849    0.143314  -0.0127177   0.0229078 -0.00576519   0.0364892   0.0135385  -0.0320423 -0.00919923  -0.0559394    0.039457  0.00435034   0.0892317   0.0184635   0.0460909  0.00997641  -0.0135631   0.0560094   0.0304883  -0.0240954  0.00407176 -0.00942022   0.0378949   0.0137775  0.00930542  -0.0271515   0.0462354  -0.0760583   0.0485669 -0.00926583  0.00310963   0.0426578   0.0282239  -0.0306435   0.0662172  -0.0610102 -0.00146597 -0.00729323   0.0560476  -0.0353364
  0.959104
  -2.13646
   2.01435
   3.34671
 -0.277305
-0.0918292
  0.176496
  -2.79478
  0.649463
 0.0232756
