3 8 0.5 700
1
1
9 50
  -1.51424   0.290175   -4.06427  -0.675173  -0.811729    3.17753 -0.0327774   0.252743   -1.14314
 -0.674882  -0.945919  -0.633516   -0.58769  -0.565515    6.43381  -0.909959  -0.625477  -0.884531
  -1.34258  -0.287172   0.251518 -0.0141758    3.00448    2.25053   -2.20247   -0.67898   0.128979
 -0.304667   0.941464   0.737646    1.61223    1.32348  -0.440537     1.1747  -0.125706   -6.83404
  0.575965    -1.8595    0.81785   0.116857    3.08942   -1.82265     2.0988  -0.235324   0.568086
  0.792881    3.46652  -0.726559   -2.48975  -0.606518   -2.10233   -3.02457     2.4499   0.824212
  0.868736  -0.438975    1.33104    3.28469  0.0658244  -0.312524   -1.75572   -1.10071   -1.31351
  0.661277   -2.23956   -2.26352  -0.844519    1.80095    -2.3921    1.46579    1.33777    3.62894
  0.568671   0.782984   0.581272   0.468713    1.47228   -0.63058 -0.0729414    -3.7141   0.253613
   3.28944   -1.14046    1.27494    1.06683  -0.222556  -0.494987  -0.248657    -1.2912    -1.9741
  -6.94548   0.695855    1.74593   0.180295     1.2625    1.35734   0.883274    1.46168   -1.22136
  0.209975  -0.964297    1.46431   0.510911  -0.249851  -0.494345    3.19181    1.40326   0.766595
  -1.93591   0.980021  -0.993352   -1.54255   -1.79241   -2.24575  -0.438739   -1.81177    3.01138
 -0.164404   0.923666    1.49934   -5.64787    1.39764   -0.18835   0.799631    1.09043    2.13918
   1.42599   -1.02634    1.28563   0.660379    1.71292   0.720751   -2.13218   -1.70294   0.136011
 -0.220398    3.62091  -0.471693   0.997517   0.840353   0.403496  -0.892325   -1.44044   0.942971
   1.52894    -1.4537    1.34841  -0.514325   -1.97932   0.362074    4.27796   -4.02654    1.38918
  -1.94631   0.577653    0.78051    -2.0446  -0.281073  -0.963622  -0.348332    5.42456   0.915209
  0.680068   -0.42415  0.0624594   -2.62222   0.157329   -2.23534   -2.90702    0.33818    2.48912
   2.49613    -1.7551 -0.0553591    1.25318  -0.513516   -1.01675  -0.938516    2.71373    2.10159
  0.528883   -1.75586   -1.05795   -1.63839   0.592056    2.48485   -2.98606  -0.499865    1.82324
 -0.619234    4.92926  -0.284553   0.691139   0.424027  -0.428993     1.3791    -2.2681    1.51945
  0.169703    1.08899    1.78543   -1.06829   -4.59758   0.775158   -1.30614    3.48189    1.10706
   1.17661   0.966903    5.18116   0.248848  -0.971544  -0.627483  -0.788414  -0.982579    -1.8512
  -2.08637 -0.0687871    0.48026    2.81974   -1.44616   0.369244   -1.45875   0.197671  -0.451876
 -0.648823    1.81982     1.0525   0.207356   0.721853   -1.65166    1.14896     1.2065   -3.03076
  -1.27616    5.28764  -0.605318  -0.730993   -0.90055  -0.556459  -0.992586   0.364286   -1.47216
    1.0616   0.207236   -1.45043   0.328951  -0.670996   -2.01617    1.60934    4.45827  -0.997629
  -2.22497  -0.905385  0.0753804    3.21808   -1.19567  -0.742596  -0.926326   0.888664    0.86372
   1.46827   -1.29492  -0.602706   -1.86399    3.87475  -0.304483  -0.451566  -0.865825   0.535808
   2.22204   0.400439   -1.81192  -0.580704 -0.0929615    -3.6067    1.99502   0.829229   0.454991
  -3.72685    1.74625   0.832937  -0.684015    1.30549   0.157201  -0.573231    0.34312     0.8994
   2.22514   0.220505   0.874771   -1.31251   0.744792   0.279441  -0.248846    2.04383   -3.60447
  -1.56677     2.3442    2.10734   -2.99516    4.16621    1.97165  0.0886595   0.102966   0.672818
 -0.203781   0.269379    4.80935   -1.15084  0.0995925  -0.252055  -0.215698  -0.775196  -0.407173
   3.60833  0.0500886   0.244787  0.0678467  -0.671651   0.555352    0.36497   0.380292   -3.45338
   1.85801   0.188712   -0.52534  -0.854996  -0.776041    5.13697   0.878441  -0.286511   0.647407
   1.24407    1.31587    2.63416   -1.09258     -3.555   -1.28981   -1.87642   -2.80117  0.0700303
  0.922639    -4.4819   0.521002   0.406759   0.587532  -0.418618    0.74065    1.28945   0.629391
  0.341218   -1.48226    -3.0221    2.93643   -2.48365   -1.06235   0.190853  -0.361047    2.75919
   1.98571   0.592998  -0.658361   -5.47172  0.0315203   0.140144   0.012312  -0.473721    1.15307
   1.31314    2.26529    -1.8486   0.484418  -0.148863   0.479455  -0.353595    3.96094   -2.05356
  -1.68282    2.61876  -0.568139   -0.60857   -1.72969 -0.0481242   0.947455    1.14695   -3.31443
 -0.889191 -0.0137054      4.093    -3.0788  -0.464272   0.699131  -0.763638   0.794826 -0.0847962
  -2.63177  -0.165978   -1.02878   0.332824   -2.28617     2.7267    2.13448    3.06246    2.27408
  -1.26363    1.34184   0.732799   0.770795    1.65764   -2.06891   -1.27668    1.66202   0.222794
   2.42992    1.30623   -3.19104   0.423432   0.369712   0.201017   -4.38382   -1.62762  -0.489064
  0.498188   0.110811   0.999318   0.184592   0.358265  -0.776951   -5.39575  -0.467728   0.329024
 -0.938439  -0.487832   -1.53095    2.29351    2.45037   0.824533  -0.853103   0.869009   0.479084
  0.314806  -0.512729   0.577771   0.250472   -2.64094   0.628497   0.430925  -0.820234    2.18299
  1.97762
 -3.24454
 -1.07077
  1.39267
 -1.36611
 -1.02887
  -1.3653
 -1.92031
-0.530106
 -1.64731
  1.43176
 -1.24452
-0.511443
 0.747368
-0.525376
  -3.2462
 -2.09681
-0.777534
 -1.72127
-0.942219
 -2.00949
-0.325325
 -1.05535
 0.869865
 -1.67005
 -1.48297
 -2.22952
 -1.01825
-0.197803
 -1.39541
 -2.06963
 -1.86297
 -1.08212
 -1.15099
 -2.62407
  -1.6915
  1.11461
 -1.21629
 -2.26955
 -1.81183
 -1.98407
-0.480119
 -1.74858
 -2.26807
  1.75191
 -1.44208
 -2.09705
 -2.03867
 -1.12047
 -1.55386
1
1
50 50
     3.26631     -2.18876     0.269384     0.528802    -0.667953      1.06579    -0.952991     0.930753     0.230765     -1.85076     0.514705     -0.85253    -0.182116      -1.5446     -1.26536      1.40118     -2.25437   -0.0149579    -0.295754    -0.375213     0.361963     0.188964    0.0873347     -3.07556    0.0606412     0.438982    0.0473874     0.341803     -1.08556     0.501068      1.39076     0.250967      0.96873    -0.820643    -0.764676     0.702342      2.07085    -0.936507     -1.32785     0.490504      1.75302     0.239454    -0.224233     -1.89084    -0.342484     -1.02411      2.31627     -2.69729     0.508512    -0.419388
     1.35569        6.415    0.0628671     0.678336     -2.60424     -2.52334     0.116625     -2.04636    -0.600142    -0.107691     -1.06318     -1.41175     -1.55416     0.946672    -0.513478    -0.525183     -1.17061     -1.52459     -1.22693    -0.537047      1.68652    -0.767233     0.790677     -1.73797    -0.267155     -1.28233    -0.952467     -2.78937     -1.20688    -0.407283     -2.73455    -0.988353    -0.617571     0.160002    -0.776317    -0.283186    0.0818209     -1.30669    -0.396104     -1.41056     0.982937     0.352335     -1.01739    -0.222279      2.20324     -2.02187    -0.685069     -1.60925   0.00572478     -0.76001
   0.0228628    -0.465244    -0.486849   -0.0100769    -0.314156    0.0172678   -0.0797631   -0.0953023    -0.417349   -0.0335569    -0.885668    -0.286436    0.0441826    -0.189105    -0.132153    -0.293694     0.101253    -0.592509    -0.319449   -0.0324786    0.0479007    -0.155366    -0.135284    -0.417363    -0.423144    -0.247195   -0.0755795     0.116147    -0.387594    -0.259387    0.0608613    -0.425911     -0.29271   -0.0497564   -0.0197534     0.198035    -0.353262    -0.200508     0.196026    -0.126552   -0.0189497   -0.0878574    -0.176254    0.0706603    -0.305285    -0.290865    -0.174025    -0.459107   -0.0362155    -0.082864
    -1.95677    -0.798597     0.451588     0.565347     0.411302    -0.920729       2.2713     -1.88436    -0.472109   -0.0322224   -0.0624963     0.422167     0.184704     -4.53034      0.51436   0.00284196     -1.39677    -0.952709     -1.36826     0.606245     -2.11355     0.337335     -1.53095     0.449975      2.73789    -0.618501    -0.850788    -0.494731       1.6763     -2.35184     -1.10604    -0.440202     -1.42942     -2.62441    -0.876052    -0.422036     -1.70299    -0.825235     -1.13543      1.85511     -1.99991    -0.569883    -0.668052     -2.24915     0.266856      1.59071     0.398254       0.9651      1.60326      0.57476
   -0.914344    -0.128888    -0.685795    -0.337836     -1.24219     -1.24355     0.381063     -1.28565    -0.783013     0.619671     -1.36064   -0.0112685    -0.976497    -0.496473    0.0295497    -0.752031     0.243279    -0.771396     -1.24525     0.425012    -0.455318    -0.767444     0.432733     0.554301     0.246388    -0.256104    -0.532562     0.159396    -0.657347     -1.35405    -0.727805    -0.785646     0.648161    -0.880894     0.257962     0.362992     0.839918     0.104301     0.968355    -0.647809     0.185724   -0.0593644     -0.13453     0.630863      1.08573    -0.716353    -0.704381    -0.344592    -0.846389    0.0249676
    -1.38134     0.588105    -0.431996     0.161231    -0.974153     0.817163     0.236975    -0.814495     -1.69876     0.419944        -1.25    -0.841015     -0.94211    -0.342451     0.817213     -0.20297     -1.80346      1.57277     0.547565   -0.0452246    0.0477769      -1.0526     0.366776    -0.193401   -0.0623422      0.23028    -0.428073     0.175852    -0.837638    -0.273509     -1.02846    -0.307988      0.11256     0.116784     0.489322   -0.0583611    -0.153536     -0.59262     0.019556     -1.56965     -1.15132     0.799333    -0.905705     0.568118     0.619262    0.0293448     -1.29116       1.1418    -0.526475    -0.360236
     0.39181    -0.964489     -2.06005     0.130445    -0.444295     -1.93249     -1.99655     0.165874    0.0865224     -1.36827    -0.262127     0.581189      1.04149     0.363587     -1.94545   -0.0921648      1.56569     -0.79301    -0.470155     -1.64467      -1.3244     0.469204    -0.570174      -2.3805     -1.15048    -0.288071    -0.707407     -1.17289     -1.84551      1.16621       1.1227    -0.497645     -1.00908    -0.732905    -0.868366    -0.781826     0.787734     -1.29059    -0.491099     -1.32461      2.08451     -1.62607    -0.132516    -0.939869   -0.0882227      -1.5825     -1.91595      -1.2231     -1.85277     -1.12005
  -0.0785491     -1.75351    -0.965825      1.00841    -0.764276     -1.83051     0.943473      -2.1438    -0.749508     -0.64079      2.38934    -0.110145     -2.67091     0.227044   0.00173413    -0.831024     -1.25081     0.344359     -2.19331    -0.166319     -1.00039    -0.596777     0.860946     0.936495    -0.456288      1.95287    -0.858676     0.812606     -1.00229     -1.20737    -0.908222     -1.63348      2.24722    -0.200116    -0.440181     0.844493      1.77654     -1.28496    -0.675328     -1.63945    -0.419365      1.40859    -0.280137     0.042887     0.960099    -0.982767     -1.56424     0.145871     -0.46464    -0.588756
    0.968117      4.35615    -0.398958     0.607688     -2.16529     -1.47315    -0.622827     -1.50267     -1.11033     -1.43426     0.792792    -0.627177     -1.45271     0.299482    -0.846539    -0.616638     -1.48903    -0.879789   -0.0208993     -1.42203      1.89212    -0.761858      1.77466     -2.18934   -0.0200395    -0.824969     -0.15583     -1.91363     -1.11103      0.36768     -2.26711     -1.56281     0.283399      1.42138      -0.2576     0.163992     0.506684    -0.637873    -0.595733    0.0274446      2.59726   -0.0255928   -0.0637498     0.526378      1.96336     -1.72778    -0.575785    -0.759635    -0.872504     -0.99271
     -2.8465    -0.908672    -0.424517     -1.79434      1.86815       1.4195    -0.710706      1.40719    -0.377278     -1.03912    -0.662298     0.465489      1.70889     0.977961     -0.11435    -0.473409    -0.959265     0.728223      1.94632     0.786012    -0.692732     0.238756  -0.00518826      1.15218    -0.599588    -0.495748    -0.419742     0.503525     0.815881    -0.154399         1.85     0.335343     -1.19325    -0.307698   -0.0133497     -1.22083     -4.08226        1.309     -1.19755    -0.128666     -2.26669    -0.881337    -0.306264    -0.648558     -1.85349        1.901     0.975661      2.22431    -0.571165      0.29297
     0.25601   -0.0998368    -0.538038      -0.6088    -0.356919     0.162159    -0.144215     -0.54956     0.581701    -0.141343    -0.602194    -0.561118    -0.169219    -0.240512    -0.305318     0.209558    -0.054243    -0.206821     0.183583    -0.323291     0.438233    -0.103117    -0.633444    -0.443235    -0.166849     -0.23254     0.187587    -0.440625    -0.272495     -0.28891   0.00877885    -0.182201    -0.147249   -0.0175846    -0.318906      0.28038    0.0716479     0.400401    -0.330316   -0.0850448     0.598093     -0.53302     -0.15084    -0.203232    -0.599574    -0.521721      0.25648    -0.592499     -0.25895    0.0556005
   -0.213498   -0.0274474    -0.505471    -0.369144   -0.0782833    -0.395836    -0.049759   -0.0302104   -0.0818315    -0.296055   -0.0799489    0.0585352    -0.163719    -0.238438   -0.0297205     -0.26178    -0.334486    -0.120281    -0.323927    -0.504654    0.0552232   -0.0718797    -0.131253    -0.214661     0.062794    -0.292669    -0.061602    -0.171352    -0.335311    -0.123245    -0.330641    -0.123402    -0.167234   -0.0969066   -0.0880133   0.00839988   -0.0706758    -0.240946     -0.24373   -0.0328705    -0.227317   -0.0171817    0.0783626    -0.215921     0.076052    -0.231953    -0.174194   -0.0453191     0.284716   -0.0585822
   -0.923199     -1.00858    -0.340997    -0.450468       1.8141     -2.48571     0.626331      1.54546      0.20666     0.527874      1.73126      1.42142     -2.30018     0.153083      1.80412     -1.94635     -0.59806      0.24105     0.643586      3.12726     0.141003     -3.25268     -0.48782     0.272795    -0.100331     -1.30596     -1.52032      -1.5677    -0.245329    -0.552986     -1.85106     -1.37377      1.28201     -1.35214    -0.920173     0.137834       1.0251     -1.95276      3.65475    -0.409704    -0.840985     -1.05104     -2.53116    -0.466494      1.52388     0.159411      -1.8686     0.594732    0.0241478     -0.20263
   -0.535203    -0.118403      1.13671     0.357456     0.293696     -1.07259    -0.478311    0.0615728    -0.917668     -1.34082    0.0481323     -1.12507      1.40892     -1.31508    -0.769882      1.23588     -1.12023     -0.92485    -0.805731     -1.01998    -0.374373     0.369426     -2.65473     -1.07902     0.476828    -0.954375     0.315023    -0.866929     0.220958     -0.86743     0.648595      1.11597     -2.45872     -1.10518    -0.671711     -1.99651     -2.08771    -0.258362     -1.70755    -0.240779    -0.589923     -1.39616    -0.498438    -0.462874     -2.13872    -0.091355      0.17332    -0.304572     0.575397    -0.802614
    0.332358     0.365556    -0.638484       -0.678     -1.11135    0.0629313    -0.547124       0.4374   -0.0840643    -0.989821    -0.575275    -0.463793    0.0832981    -0.500291     -1.53483    -0.566296    -0.531014     0.280813    -0.258982    -0.917347     0.568388      1.07687    -0.384239     -1.88762    -0.597374    -0.545586    -0.854545    -0.307195    0.0888325    -0.625972      0.58939  -0.00558679    -0.705193    -0.638753    -0.787733    -0.750705    -0.607863    -0.655488     -1.11529      1.09957   0.00398151    -0.114631    -0.576896     -0.33104     0.216692     0.132741     0.964746    -0.791333   -0.0648247    -0.157022
   -0.214538      1.54968     -1.64109     0.611859      -2.0391     -1.31626    -0.223229    -0.787335     -1.17192      0.72506     -3.43909    -0.427182     -1.79056     -0.48087     -0.53698    -0.725129    0.0281824    -0.756958    0.0377994     0.235764     0.467881    -0.905257    -0.219761     -1.63914     -1.15985    -0.245923    -0.147664     0.685324     -1.56889     0.290208    -0.589313     -1.76404     0.577182    -0.261302    -0.699647      1.02714    -0.601186    -0.493887     0.491169    -0.316264      1.39092     0.425007   -0.0646683     -1.65865    -0.511584     -1.47919    -0.097681     -1.64646     -1.48207     -1.30188
     1.12345    -0.913236   -0.0341185    -0.637939    -0.540785     0.519692     -1.11199    -0.465282    -0.764271    -0.501682     0.471293     -1.46677     0.616382   -0.0165075    -0.934597      2.38188    -0.987385    -0.477488     -1.03929     -1.08639     -1.02692   -0.0441727    0.0745606     -1.21466    -0.457838    -0.222407      2.51476    -0.634929    -0.427084    -0.389739     0.112601     0.469337    -0.951551      0.32945      0.35224    -0.973098    -0.386108    -0.926039    -0.564876    -0.942901       0.2271     0.180905     0.825453     0.108219     -1.55485    -0.947727     0.443098    -0.659068     0.155051    -0.747489
    0.327249      -2.4446      2.19524      1.04963       2.1439     0.802486    -0.314004     0.573844     0.471772    -0.850673      1.32159     0.118484     -1.33955     0.171208    0.0958658     0.102286     -1.86654     -1.33284     0.636662     0.761727     0.807189    -0.290721     -3.18436    -0.063315    -0.823864     0.264618    -0.735871    -0.307978    0.0646278      2.28444     0.219511    -0.183576     0.466437      3.13949    -0.940259    0.0448066   -0.0968393     -3.04071     0.246271     -1.35747    -0.860618    -0.865271    -0.720168    -0.804172     -1.87275       0.2121     0.551549     -1.37656      1.61711     -1.61968
    0.421492      1.05103    -0.581082     0.527624    -0.754015     -1.78329    -0.131584      -0.9749     -1.49466     0.691861     -1.57337    -0.119181    -0.364124    -0.509823  -0.00180083    -0.353605     -0.72528   0.00675529    -0.348355     0.223314     0.336532     -0.50036    -0.383764   -0.0948028    -0.777848   -0.0628206    0.0243732     0.413771      -1.0926    -0.167399     -0.79292    -0.597557    -0.506571     0.925694    -0.846135    -0.297009    -0.747923    -0.939538     0.926379    -0.430465     0.545888     0.611191    -0.649821    -0.743803    -0.160428     -1.10352    -0.491281     -1.35635     -0.61911    -0.502252
   -0.433814     -1.56656     -2.81187     -2.48738     -2.08244     0.256761    -0.783276     -1.51214     -1.03877    0.0695064    -0.762013    -0.321893    0.0936235    -0.123677     -1.38372    -0.962273      1.75434     0.203687    -0.439987     0.445704    -0.576518     0.152051       3.8598     0.230837     0.209187    -0.521866    -0.181211    -0.161669     0.260392     -3.22094     0.322196    -0.390785    -0.666216     -2.37889    0.0802192    -0.586904      2.02808      1.81127     -0.47615      1.06472    -0.169568     0.599492     0.655033     0.950921       2.3695     -1.22261    -0.831991     -1.90927     -1.79746      2.52326
    -1.22943    -0.199884     0.786539     -1.17383     -0.93124      1.68168      1.13323    -0.863369    -0.608978    -0.620105     0.680489      -1.9245     -1.71736     0.132666     0.613389    -0.325372     -2.81646    -0.213782      1.63709     0.998189      1.11397     -1.53464    -0.409793     0.631516     0.207622     -1.57929     0.518729     -1.29636     -0.30606    -0.433436     -1.76962     -1.03451    0.0518897    -0.191257    -0.460558     -1.75873    -0.358847     0.272345     0.502939    -0.314214    -0.670431   -0.0174032    -0.647327     0.398466     0.464661     0.383067      1.09135      3.45704   -0.0453365    -0.788521
    -0.24009    0.0735526    -0.109604   -0.0390373    -0.114587    -0.077208    -0.194164    -0.397465    -0.118783    -0.354449    0.0759342    -0.410473     0.298495     -0.41452    -0.414558    -0.171255    -0.467065    -0.597055     0.144275     -0.35809    0.0717805    -0.189161    0.0850625    -0.774166   -0.0782482    0.0638429   -0.0800984   -0.0387575    -0.374885    -0.093517    0.0413735    -0.219682    0.0521212    -0.257496    -0.213311     0.222439    -0.445823   -0.0614237    -0.106291    -0.203589    0.0796614    -0.139081    -0.176551    0.0245359     -0.56654       -0.455     0.157475    -0.516521    -0.212691    -0.251922
   -0.145832    -0.348222    -0.306873    -0.087887     -0.23165    0.0705445    -0.226456   -0.0934018    -0.177002    -0.223582    -0.160257     -0.17606    -0.197661     0.018322     0.196449    -0.106525      -0.2123    0.0184497    -0.318961    0.0550106   -0.0725255     -0.47004     0.081686     0.121903    -0.247541    -0.297521    -0.104869    0.0207699   -0.0791062    -0.287833    -0.420578    -0.187404    -0.297086    -0.180128   -0.0739006    -0.148658    -0.230594    -0.348733    0.0737472    -0.301573    0.0255562    0.0609079    -0.116037      0.17584   -0.0724199    -0.172181  -0.00803068     0.119928    -0.444235    -0.125474
   -0.665539    -0.202541    -0.625137    -0.284899    -0.890574    -0.735284     -0.36391    -0.983517    -0.416837    -0.369174    -0.802085    -0.378238     0.573993     -1.02655    -0.850269    -0.651633     0.264467    -0.488599    -0.971979    -0.481048    -0.302194     0.245673      1.41411    -0.214449     -0.12142    -0.452108    -0.855598    -0.388516    -0.314622    -0.956455     0.532373    -0.834955      -1.0794     -1.22364    -0.390343    0.0699438    0.0862712     0.814581    -0.714444      0.53933     0.134422    -0.412728    -0.169225    -0.715105    -0.119415    -0.539515    -0.351557    -0.909792    -0.674719     0.315974
    -1.84296     0.170059      0.25196     -4.77796     0.195897     0.420414     -1.07806     0.607775     0.383288     -1.38358     0.234885    -0.958997     0.659384     0.531009     0.304614   0.00823213    -0.539221     -1.14723     0.922681     0.429523     0.530228     0.923335     0.940677    -0.344166    -0.921802     -2.27064    -0.759389      -1.3859    -0.273265     0.282943     0.848409      1.17991     -1.22535    0.0422413     -1.42584     -2.23172    0.0737823     0.373034     -1.39789      1.55201    -0.200185    -0.663379     -1.21203    -0.329124     0.319959     0.547749     -0.71442     0.759648    0.0331206     0.380547
    0.105971     -1.03074     -2.10711    0.0454712    -0.982384     0.665425      0.89712    -0.593586    -0.747938      2.04225     -6.41358     -1.45432    -0.742113     0.895561    0.0692553    -0.699164    -0.420559     -1.63944     0.453109      0.44338    0.0167006     -1.15185     0.684113   -0.0307235     -2.00099    0.0244647     -0.94949    -0.011257     -1.65541    -0.285534      0.62608     -2.26955     0.614766     -1.24698    -0.921164      2.56414     0.538019    -0.283986     0.892706    -0.878891     0.445586      1.34268    -0.485059     -1.47868    -0.973246     -1.14656     0.527433     0.486969     -1.70103    -0.707275
   -0.346075    -0.364265      -0.2414    -0.455044    -0.224918   0.00641127    -0.319803    -0.186868     0.192602    -0.249624    -0.659766    -0.337089    -0.366452    -0.506516     -0.19434      -0.2985     -0.24135     -0.34897     -0.16547    -0.417735     0.193054    0.0883536    -0.489404   -0.0300316    0.0432282    -0.339784    -0.498016    -0.176559    -0.387133    -0.359784    -0.345793    -0.119781    -0.335882    -0.331697   -0.0538728     0.256588     -0.21665     -0.32194    -0.386919    -0.178174   -0.0840519    -0.125524     0.032034     0.362466    -0.500042    -0.286563     0.107684     -0.55331    -0.196037    -0.233513
    0.384361    -0.313171    -0.905665    -0.114577     -1.52763     0.491024    -0.849785     -1.77445    -0.223767    -0.883112     0.527304     -1.74543      1.12202    0.0810428     -1.23982      3.07376   -0.0409653    -0.646764     -0.92309     -2.35487     -1.32278     0.252847     -1.07846    -0.438971    -0.402434     0.316782      4.36993    -0.650258     -0.14874     -1.05751     0.195205     0.903974     -1.45297     -0.14455    -0.745505       -1.152     -1.44491     0.485274     -1.27353     -1.21561   -0.0709809    -0.340622      1.28779    -0.167788     -1.11781     0.165806     0.854047    -0.697576    -0.505168    -0.431228
   -0.102791     0.153089     0.143781    -0.992202   -0.0832659     -1.39243    -0.208537    -0.755459    -0.313827    -0.723595    -0.326446    -0.637318     -0.80024     0.258599     0.117144     -1.36208     0.129675     0.159074    -0.131932    -0.710016     0.190274      1.03857   -0.0405597    -0.601132     -0.30465    -0.936936      -1.9769     -0.31447     0.196086     0.303638    -0.834905    -0.251542    -0.529392     0.298466    -0.722809    -0.379578    -0.174133     -1.41631     -1.50809     0.302292    -0.770889    -0.397146      -1.0052     -1.21438    -0.267392     0.159826     -1.26084    0.0962758     0.757328    -0.179695
    0.949514     -1.01043     0.771589     0.211188     0.206296    -0.292342     -1.48777      1.48096     0.109236    -0.689844   -0.0389782    -0.129983   0.00407317      0.78475     -0.97214    -0.167356    -0.824818     0.731964      0.19013     0.352088     0.209387     0.844911     -1.33866     -2.41623    -0.210103     -1.54602      -1.4327    -0.585258     0.237041     0.532048    -0.241431     0.466442    -0.924431     0.802057    -0.517999     -1.47877     0.253817     -1.99031    -0.220485    -0.463122    -0.244129     -1.58332     -1.95495    -0.915013     0.161901    -0.453998    0.0136334     -2.55348     0.785248     0.291683
    -1.38929    -0.599345     0.930807     -1.70303     0.489356     0.204375     -1.02051     0.313455   -0.0161669     -1.00933    -0.709725    -0.781532    -0.646736    0.0838359     0.949125    -0.582874   -0.0814976    -0.756081      1.58431      0.23079     0.863972     0.436904    -0.284498     0.239663    -0.543744     -1.40998     -1.78017    -0.139844     0.157757   0.00296603     0.200506     0.899005    -0.531318     0.731232    -0.369675    -0.636775    -0.369191      -0.4105     -1.09766     0.054005    -0.787823    -0.335398     -1.30394    -0.316191     -0.65944     0.556067     0.307732      1.28811      0.17362     0.533765
     0.43566    -0.365999     -2.17285      1.04452      0.12214     -3.20908     -2.13164     0.842632    -0.325134    -0.334012   -0.0717143      2.69525     0.221617      1.12018     -1.97634   -0.0269104      3.17844     -1.12968     -3.29085     -2.01041       -2.839      1.14996    -0.158707     -2.47991     -1.30354     0.692248    -0.157912   -0.0989358     -1.93349     0.258322      2.09576    -0.538397    -0.186047    -0.883867    -0.269346    -0.663102      0.41799     -1.97217     -1.30932     0.116463     0.635399    -0.111838      1.01221     -1.34054     0.381898     -1.70482     -3.60454    -0.989677    -0.851131    -0.734737
    0.518972      1.22675     0.502689      1.30033   -0.0743443    -0.924042     0.416614     -1.70768      2.80858    -0.250829     -1.18181     -1.83052     0.289358     0.393726     0.819491      0.20607      3.19297     -2.33584    -0.113857     -1.58334    -0.294212      2.43996     -3.39772     0.210261   -0.0355795     -1.33066     -1.62396     -2.27263     0.765576     0.881362    -0.594348     0.111783     -2.84451    -0.871874    -0.267429    -0.526623    -0.130042    -0.527457     -3.21975    -0.139275    -0.604279     -2.11969     -1.22699     -1.27679     -2.62465    -0.294859     0.663441      0.19945    -0.291263    -0.167255
    0.185008     -0.61584    0.0231189     0.250789     0.250693    -0.988254     -1.62386     0.276698    -0.661917     -0.84953      0.88185     0.325762     0.155236      1.19081     -0.13541    -0.895314     0.151336     0.756049    -0.856032    -0.899905    -0.861046    -0.218346   -0.0881581      -1.1601    -0.393244     0.173135     -1.03619     -0.57703     0.543817   -0.0178349    -0.706397      1.28224    -0.954781     0.913433     0.403021     -2.63836     -1.12464     -0.96074    -0.751544    -0.896368    -0.865004     -1.37725     0.537779     0.457174     0.211291     -0.39898     -2.35377    -0.473707   -0.0766498    -0.935432
    -1.06662     -1.44483     0.210858     -1.38461   -0.0844463     -1.17233    -0.160965     -1.53244     0.143251    -0.332711     0.487321    -0.276295      1.56796     -2.90315    -0.431706       2.4996    -0.221767      -0.6041     -1.55102     -1.79693    -0.721544    0.0273903     -1.30059      1.17081      2.16626    -0.466168      1.71291  -0.00432399     0.857565      -1.9882    -0.375083      1.43646     -1.15301     -1.39799    -0.307985    -0.959289    -0.871399     0.661352     -1.07943      1.01487     -1.18698    -0.591326     0.830622     -1.31721    0.0887139     0.553907    -0.169013    -0.135921      1.01859     0.510563
   -0.356058    -0.597537    0.0982268     -6.09532    -0.557408     0.330133     -1.19188      2.42743    -0.227679     -1.04242     0.159519    -0.567665     0.688467   -0.0474736    -0.257856      0.63973      1.42798     0.378321      1.60572    -0.251137      0.57412      1.49049     -1.18065     -1.04424    -0.167072      -3.4622   -0.0673957    -0.878283     0.805999     -1.18605   -0.0418839       1.6213     -1.13652    -0.150093    -0.245031     -1.20473    -0.231693   -0.0856616    -0.727142      1.96024    -0.874225     -1.44888     -1.68008     0.873563     0.167781     0.115799     0.240302    -0.153975     0.768774      1.28552
     1.86289     -1.86017    -0.520027    -0.941254    -0.326831      1.31963     -2.00388   -0.0632561     0.772663     -1.46543     0.799136    -0.906997     -1.55036      1.87807     -1.26476    -0.646668    -0.509968     0.805713       1.4409     -1.26538      1.25879     0.426899      1.04297     -0.51367     -1.42525   -0.0371247    0.0429811    -0.783582     -3.01684     0.330331    -0.315754     -0.95692     0.802258      2.13687   -0.0885822     0.849628      1.36944    -0.059903    -0.492899     -3.13766      5.24281    -0.896047    -0.753733     0.925325     0.760877    -0.419263     -1.78356     -1.75186      -2.3361     -1.07041
   -0.289596    0.0049845   -0.0519598    -0.239968    -0.349594    0.0956317   -0.0366832    -0.321279    -0.206137    -0.080973    -0.439737    -0.248649     0.120101    -0.439028   -0.0611933      0.25515    0.0255047    -0.132282   -0.0739778    -0.281202     0.149861   -0.0987064    -0.251366    -0.150245   -0.0638908   -0.0904269     0.323777    -0.281012   -0.0906182     -0.31477    -0.266513    -0.325003   -0.0736599    -0.255374    -0.240981    0.0643223     -0.21716     0.167669    -0.350358    -0.364239    -0.027802    -0.143652    0.0631371    -0.130035    -0.409005    -0.228663  0.000245125    -0.361073    -0.243546    -0.319486
   -0.173201    -0.506884     0.096615    -0.143223     0.128477    -0.647699    -0.786624    -0.814267   -0.0794237    -0.137967   -0.0102263    -0.528983     0.517843    -0.111237    0.0878708    0.0169279     0.484819    -0.842027     0.139594    -0.896336    0.0766094     0.306061     -1.57243     0.587654     0.318669    -0.856494    -0.338954    -0.610981     0.125123    0.0289645    -0.738135     0.302332    -0.858523    -0.397475    -0.196529     -0.28036    -0.025408     0.635232    -0.493467    -0.562864    -0.503456     -1.48909    -0.586319    -0.386432     -1.57831     -0.93102    -0.692087    -0.243282    -0.697513     0.375806
    -2.63206    -0.651634    -0.231536     0.490172     0.813125     -0.40133     0.401296     -2.09354    -0.333541     0.371003     0.964982      0.71754     -1.35461   -0.0357671      1.72918       -1.697    -0.262207     0.128374     0.232376       1.2318     -1.64254     0.060244      1.60582      1.64639    -0.356187     0.167319     -1.65717     -1.75421    -0.461106     -1.08548     -1.94318     -1.13824    -0.677856     0.191812      5.18879    -0.275553      -1.0575       1.8468     0.207115      -2.7413     -1.80529     -2.50859     -2.16405      3.58052    -0.130051      1.21808     -3.17603     0.517746      -0.6793     0.313095
     -1.3998      1.17247     0.317687    -0.536736    -0.201206     0.385184     0.901149    -0.971702     -1.00762     0.229818     0.178524     -1.01949      -1.1751    -0.161874      0.66508     -0.64404      -1.3487   -0.0204123     -0.28807     0.651715   -0.0753376     -2.02029     0.142721      1.39305    -0.343692     0.390036    -0.864352    -0.619692    -0.564991     0.153819    -0.800105      -1.5352      1.12703    -0.753958    -0.251563     0.443864     -1.37127     -1.31528      0.25946     -1.28866     -0.77702     0.185707    -0.269274   -0.0142858    -0.876749    0.0389606    -0.635131      1.65462    -0.641381     -1.23705
    -2.07632    -0.445504   -0.0725418      -1.2014     0.771261    -0.763539      1.61442    -0.711965    -0.373327    -0.278958       0.6778     0.313842    -0.366919     -3.25103    0.0638711    0.0694605    -0.221692      0.35691     -1.36783    -0.720754     -1.05134     0.274508     -1.06179     0.871982      1.77397    -0.122572   -0.0661785    0.0991813    -0.167572     -1.86876    -0.774465      1.02865     0.699514     -2.77627     -1.01876    -0.112777         -2.5     -0.72237     -1.16449      1.09242     -0.88713    -0.401999    -0.897797     -2.00535    -0.141668      1.32943     0.133011     0.767836       1.4096    0.0869249
  -0.0214903     0.351566    -0.313793     -0.63445    -0.063556    -0.132242    -0.549047    -0.124445     0.207971    -0.521045    -0.760562    -0.516408     0.468847    -0.108457    0.0914141    -0.610426     0.691033    -0.250837     0.126759    -0.746449     0.627521     0.786436     -0.50223   -0.0311515    -0.310288    -0.726116    -0.876469    -0.495985    -0.389486    0.0643998      0.33232    -0.403267    -0.828716    -0.209941    -0.282717     0.591985    -0.501861     0.200202    -0.967742     -0.20058     0.292258    -0.978635    -0.653684   -0.0205092    -0.733151    -0.847162   0.00712131    -0.608722    -0.477205     0.301546
    0.093267    -0.418994    -0.227902    -0.426598    -0.126565    -0.377728    -0.387602    -0.351703    -0.289093    -0.210438     -0.19701    -0.166632    0.0182998    -0.422433    -0.537821    -0.170976    0.0244618    -0.169375    -0.248075    0.0359809   -0.0550065    0.0361393       -0.192    -0.323272   -0.0818386    -0.595257    -0.317722    -0.280336    0.0981012    0.0891692  -0.00790849     0.201236   -0.0255754    -0.402282   -0.0592893    -0.284732     0.385696   -0.0622395    -0.272451   -0.0653856   -0.0236036    -0.351748    -0.147772    -0.201585    -0.195937    -0.442229   -0.0839945    -0.192669    -0.150825    -0.159959
    0.154919     0.527534    -0.256657    -0.337579    -0.369008     -1.25171     -1.49194    -0.224999    -0.869419    -0.250856    -0.608017    -0.587778      1.06713    0.0170732    -0.816868     0.973266     0.463456    -0.322628    -0.833529    -0.974863     -0.14714    -0.256047      -0.3277     -1.57716    -0.647269    -0.617693      1.01976     -1.08882    -0.878378 -0.000831804    -0.196929     0.285665     -1.55497   -0.0977686    -0.627212     -1.13937    -0.640464    -0.369502     -1.10634     -1.61992      1.02162     -1.33193     0.539562    -0.317039    -0.499396     -1.03119     -1.64422    -0.534659    -0.192829    -0.812345
   -0.534744     -1.04262    -0.227135     0.201172     0.177215    0.0328309    -0.231769     0.178922    -0.712832      1.12141     -2.40918     -1.11435    -0.749895     0.127269   -0.0112277    -0.633506    -0.666867    -0.812917     0.356742    -0.302902      0.44454    -0.889644    -0.726235    -0.289854    -0.634603    -0.445937    -0.371694    -0.493305     -1.48999     0.116345    -0.192409    -0.862021      1.05957     0.619429     0.225756     0.586023    -0.571533     -0.39261      1.04514    -0.981765      1.21545    -0.352516    -0.469203      0.66451     -1.70473    -0.386347    -0.334557     0.240868    -0.576651    -0.591179
     1.65905     -1.59806      1.22451      1.81575    -0.189117     -1.54097    -0.850294    -0.806508     0.516914     -2.38468      2.28016    -0.280905     0.990941     0.720319   -0.0991645     -1.11639     -1.75557      1.23243    -0.104804    -0.799529    -0.572459      2.33776    -0.386847    -0.793619      0.67664    -0.539814     -1.10891     -1.49671      1.26499     -1.11818     -2.01705      2.95663      -2.8683      1.23667     0.687775     -3.62859     0.274317     -1.10659     -2.32477     -1.17717      -1.2197       -1.437     -0.88945     0.732028      1.87893    -0.429829      -2.1095    -0.695264     0.478624    -0.679911
   -0.399898    -0.767486     0.814984     0.533844     0.570301    -0.399511      1.49748    -0.469903     0.245696     0.289635     0.349838    0.0386071    -0.403271     -1.00355       1.4864    -0.794091     -1.38578    -0.385992   -0.0812564      1.30716    -0.735306     -1.06704      -1.0996     0.952628     0.632547    -0.914137     -1.18249     -1.07164     0.208947    -0.371109     -1.68233    -0.322338    -0.928336   -0.0645441     0.315768    -0.664938    -0.630762    -0.170142    0.0226322     0.414562    -0.440318     -1.19876    -0.927311    -0.413706    -0.622958    -0.619542     -0.28216      1.04308     0.624357    -0.828687
    0.511883     0.488209     0.795279    -0.550445     0.613117      -1.6731     0.447262    -0.484666      3.01619     0.510427    -0.857777     -1.01697      1.93849    -0.146866    -0.170708    0.0883958      3.86852     -5.35428     -1.36922     -1.97858    -0.126448      1.56727     -1.48946    -0.569408      0.82628    -0.627713     0.802269     -3.32463     0.142941     0.708174      1.06769    -0.105197    -0.176284    -0.136054     0.867586      1.59159    0.0470188      1.58112    -0.255605     0.498624       1.2437     -2.56603      1.98376    0.0701284     -1.44898     -1.28534      0.78917    0.0561771    -0.116418      0.65073
   -0.169716     0.267198    -0.110917    -0.147514    -0.304189    -0.255404     0.166487     0.106456    -0.269496   -0.0742464    -0.265045    -0.139437    -0.201946    -0.130309    0.0873735    -0.433357    -0.150129    -0.118613    -0.260039    -0.257213    0.0479646    0.0326609    -0.600594    -0.137897     0.129885     -0.19056    -0.262617    -0.146583    -0.155439    -0.310161    -0.240375    -0.379201   -0.0534757   -0.0738838    -0.214263    -0.176908    -0.342928   -0.0997924     -0.10068   0.00747821     0.231236    -0.123739     0.077473    -0.120165   -0.0157993    -0.112958    -0.141141    -0.168829    -0.106533     -0.32987
   1.47783
  0.842716
  -0.72179
  0.357013
  -1.28381
  -2.82287
  0.954253
  0.861589
  0.503594
  -1.34664
  -1.04979
  -1.50116
 -0.503888
  0.709953
 0.0883024
-0.0140871
  -1.35181
 -0.828567
 -0.986642
 -0.292499
 -0.962475
  -0.71741
  -1.15478
  -1.37721
 -0.925849
   1.05271
  0.168408
  0.359195
 -0.681707
  -1.97773
  -2.35156
   2.09822
  0.799314
 -0.672221
0.00444222
  -1.84178
  -2.33838
 -0.983923
  -2.26353
  -1.80422
  -1.45889
 -0.125102
 -0.122214
  -1.28501
 -0.245293
  -1.14327
 -0.449211
  0.554596
   2.88061
  -1.19245
1
4
50 10
    0.137098      1.07134    -0.491138     0.705134     0.804643   -0.0512914      1.26121     0.465339      2.12576     -1.36999     0.413035   -0.0471438      1.79032     -2.73193   -0.0208501     -2.29782    -0.724479      1.46596      0.37836      1.24608      1.40701     0.439267    0.0930398      0.54708   -0.0588328     -10.8835     -0.17787    -0.242323      -0.1915     -1.33384      0.36544      2.25004     0.141922     -1.46386     -2.76295   -0.0602183      1.93241     0.136476      -1.3506      1.43522      1.51685   -0.0033032    -0.512283    -0.061108     -1.05044     -1.13344     -5.01608       1.3766     -1.01238     0.242112
     1.89245    -0.372254     0.339649      1.43925    0.0457522    -0.926018    -0.417683    -0.577237      1.68151    -0.013717   -0.0898372     0.329228     -6.14495     -0.63498      1.05527      1.37989     -3.91735       2.1948    -0.740595      1.80588    -0.179604     0.266179    -0.190758     0.735323     0.761153     0.688109     0.395813     -9.21736      1.88573     0.538401      1.28603      2.96288      1.41226      1.64801     -2.26499      1.56939     0.148078    -0.386542        0.962      1.56669    -0.254376      1.95957   -0.0923957     0.561097    -0.895774    -0.178221       0.8843     0.574609     -1.58567     0.339124
     -4.6151      1.10224   -0.0721394      1.02182      1.11814       1.6245    0.0702002     0.958244     -1.99237     0.675101    -0.339499    0.0218653      3.85171     0.208944     -1.43905    -0.721931     -1.40552      1.60222      1.18802     0.270082     0.926565    -0.626294     0.208491    -0.760112       2.8956      1.40978    -0.245656     0.494478     0.659329    -0.880131     0.136727    -0.212166    -0.802785    0.0678495       2.3449     0.825439    -0.436065    -0.182976      1.42993     -11.5251       0.9714       1.1284     0.796477    -0.153439    -0.581193    -0.400573    -0.241541    -0.911646     -1.30897      0.16066
    -1.71346     0.937639    -0.388996     -8.16527     0.396157       1.3795    -0.625503    -0.420872     -1.46232      3.88101    -0.775915    -0.117123     0.363194      1.11602    -0.527116     -1.27011      1.99548      1.15048    -0.171555     0.747712     0.940098    -0.266465     0.082624    -0.810526     0.836343     0.342034    -0.459774      3.13759   -0.0386426    -0.199316     0.675703      1.12675      1.22822    0.0208062      -2.1093      1.15073     -6.85793    -0.273508    -0.356399      1.82703     0.917812     -3.39123    0.0484733   -0.0172457    0.0227517     -1.55736      1.05176     -1.25454     -1.71057    -0.237545
    0.227316     0.647203     0.130197     0.393012     -2.26973     0.545989     0.012546    -0.506882     0.530943      0.77756     0.274953    0.0165837     0.819365     0.339583       1.5439      1.69535   -0.0231864     -6.29467    0.0053293     -9.36056     0.382028    -0.136887     0.469643     -1.54854     -1.80396      2.41861  -0.00767665      2.43429       0.2093    -0.358676    -0.448076      1.08849    -0.190405     0.294713      2.21642      2.94085     0.850317     0.107621    -0.169262      1.53968     0.263174      3.12276    -0.227654   0.00165256     0.675021     -0.66549      1.40597    -0.935106    -0.499718     0.111479
     2.78059     -7.53959     0.167208     0.438482      1.15737      2.46944     0.506501      2.24639     -5.07666     -5.49405     0.218048    -0.141607     0.197568   0.00124619    -0.515407     -1.83238      1.02533      0.98192      -1.8894      1.25892     0.419504   -0.0917173      0.31647    -0.234697    -0.258468      2.53082     0.116489      0.56721    -0.380312   -0.0341575    -0.854525      1.32582     0.644748   -0.0996072       2.4183      1.90747      2.43743    0.0239058      1.19843    0.0900319    -0.223124     -2.98746   -0.0507717     0.523566      1.18844      1.01471      0.16029    -0.168277     -1.02209   -0.0789973
      1.1767      3.22168     0.288013    -0.603134     0.487992     -1.80211      -2.9179     0.913964     0.431419    -0.971251     0.889204     -0.19247     -1.51054      1.09311    -0.974705      1.98496      2.88555     0.300663      1.86174     0.955445     -6.32382     0.458506   -0.0359821     0.456156     0.157724      2.06429      0.54294      1.84472       -1.151      1.81281   -0.0848731     -10.7567      1.65024     -1.78452      2.32677      2.18115      1.82449     0.283922     -0.35645      1.86957    -0.426838     0.710636      1.40511   0.00551346     -1.19138   -0.0278243     -1.04545      -2.3767     -1.34929     0.217628
   -0.279404    -0.651851     0.232863      1.90101    0.0544937     -2.33715    -0.929814     0.976811      2.27222    -0.398284    -0.593845    -0.195739     0.393866     -3.01198    -0.502106      2.61391    -0.805455   -0.0814055       1.0455     0.835957     0.784378     0.158346   -0.0863576    -0.857825     0.425122      1.88167    -0.407528     -1.21852     -1.01347    0.0286313    -0.680268      1.16188     -5.32242      0.11001     -1.36095    -0.395281     0.661781    -0.217654     -2.16037      2.33817       0.8301     0.810515     -1.37147    -0.610464     -1.52917      2.15827     0.162307     0.516186      9.36945    0.0259493
    0.808875      1.19526    0.0982863       2.4659     -1.63083     -1.38752      2.53374     -3.81968     0.925283      3.14899    0.0874651    0.0176305    -0.537998      3.43029      1.29169     -1.66445      1.25519    -0.648881    -0.913044      2.77094      2.13682     0.160567    -0.163242      2.35465     -3.40427    -0.632055    -0.247797      2.37474   -0.0263315     0.343867     -0.33676      1.11756      1.40921       1.4173    -0.284801     -10.6915     0.444373     0.212672     0.675613     0.987964     -2.82426     -1.35029      1.11815      0.12524      2.79357   0.00151354      2.88578      2.39213    -0.383873    -0.397755
 -0.00219149   0.00465114    -0.130369   -0.0101586  -0.00660653   0.00655025   -0.0153552  -0.00601147   -0.0188452   0.00213316    0.0102625     0.165316  -0.00373868   -0.0082773    0.0120893   0.00574314    0.0412924   -0.0008053    0.0148902   0.00224908  -0.00769911    0.0479572     0.159387   -0.0275634 -0.000156126  -0.00084495    0.0470338   -0.0354559    0.0217824   0.00789313   0.00401296   0.00321376  -0.00578274   -0.0246827    0.0140546   -0.0013176    0.0165977   -0.0926732    0.0110649  -0.00106527    0.0222761  -0.00159708  -0.00861808     0.135883    0.0485196   -0.0103286  -0.00292728   0.00714679   0.00495777  -0.00943524
     1.7422
  -0.904231
    2.34256
    4.46874
    1.12828
   0.747351
    1.02688
    -6.8736
   -1.83245
-0.00601345
