3 8 0.5 300
1
1
9 50
 -0.747415   0.686217   -3.87965   -1.05444  -0.538493    3.21871  0.0691817  -0.107471  -0.936411
 -0.691235  -0.377432  -0.525873  -0.356715  -0.593778    5.45119  -0.584601   -0.48329  -0.469291
  -1.35659  -0.089141   0.441311   0.415702    2.41378    1.46434   -1.58114 -0.0996604  0.0466024
  -1.11958    0.80841  -0.212206    0.97935    1.51425  0.0599275    1.14401 -0.0564352   -6.17337
 0.0764241    -1.6777    1.13126  -0.493495    2.60369   -2.66325    2.18526   0.369028  0.0763952
   1.89038    3.05304  -0.549778   -1.53567 0.00815198    -2.0027    -2.8074    1.94388   0.866674
  0.582944  -0.837605    0.95308    3.02811   0.454767   0.491853   -1.73499  -0.871607    -1.3499
 -0.125487   -1.94092   -1.67598   -0.88395    1.82773   -1.65799   0.980874    1.48368     3.3059
 0.0773534    1.18409   0.585276  0.0762323    1.38869   0.215962  0.0115399   -2.59275    0.90989
   2.48233   -1.28676    1.58363   0.857588  -0.489375   0.161406  -0.399896  -0.736934  -0.894031
  -5.80361    1.21293   0.872716  -0.606546   0.287876   0.604002   0.268279    1.67656  -0.376516
  -1.00662  -0.873984   0.601293   0.515465   0.059858   -1.45241    3.14541    1.41379  -0.289988
  -1.13807     1.4741  -0.531763   -1.33654  -0.914133    -1.7611   0.920769   -1.26167    2.43178
  0.481507   0.563992   0.934187   -4.42704   0.680928    1.07107    1.05896    1.02582    2.06623
  0.772844   -1.28527    1.47467   0.509187    1.85599   0.271494   -1.68155   -0.54048   0.631221
0.00532628    3.40626  -0.617088   0.512226   0.603275   0.240135  -0.608747   -1.32161   0.794326
   1.42136   -1.23103    2.04798  -0.904585   -1.56722  -0.491363    3.42926    -2.3708     1.6903
  -1.66363  0.0916005   0.448436   -1.37967  -0.254037  -0.936805  -0.187569    4.15296  -0.294492
  0.975581  -0.879234   0.624813   -2.26683   0.561968   -1.70594   -2.73706  -0.229872     2.9733
    1.8497   -2.20915   0.312834   0.895805   0.442601  -0.578152   -1.53137    2.21922    1.47079
   0.65365   -1.07259  -0.720305    -1.5854     1.1127    1.34128   -2.32713  -0.554848    1.76988
-0.0693227    4.32349  -0.649474   0.281559   0.564646  -0.410545     1.6669   -1.32219    1.78059
  0.569167   0.850977    1.86069  -0.979345   -4.09416    1.78098  -0.758605    2.49541   0.267112
 0.0386037   0.691169    4.61376   0.169835   -0.32584  -0.655952  -0.744233  -0.141135   -1.82755
  -1.79534   0.383525   0.464178    2.16285  -0.588702   0.283588  -0.984563 -0.0412018  -0.822526
 -0.324974    2.29717   0.550795  -0.563927   0.152633   -1.02837   0.422376    1.15821   -3.54076
  -1.04571    4.80838  -0.497918  -0.629012  -0.961326  -0.210001    -1.0821  -0.322382  -0.311161
  0.396737     1.1868   -1.21065  0.0705336  -0.452729   -1.90631    1.02768    3.76114   -1.17294
   -1.6227   0.607423   0.164692     3.1852  -0.951059  -0.819124   -1.28708  -0.489235    1.70815
  0.449927  -0.686713  -0.725454   -1.99233    3.53995  -0.198726   0.521033   -1.33759    1.28017
   2.27373   0.283567   -1.33583    -0.6755  -0.173462   -3.58129    2.01487   0.610335    0.47631
  -2.87026    1.72646   0.472009  -0.421302   0.636144  -0.366772  -0.417081   0.649171      1.923
   2.10487 -0.0721251   0.818965   -1.16156   0.861238   0.188787   -1.26893    1.93937   -2.93659
 -0.773574   0.999562    1.84325   -2.24017    3.70871   0.553716   -0.61511    1.61175    1.38757
 -0.260005   0.299667    4.70108  -0.771005  -0.350895  -0.387792  -0.498194    -0.0615  -0.172425
   3.41355   0.245244    1.11074  -0.549826   0.551366   0.448246   -0.63725  -0.886996   -2.48144
    0.8933  -0.128975   -1.14159  -0.648268  -0.929647    4.41213   0.181027  -0.153168   0.303346
  0.486801    1.89821    2.41039  -0.506823   -2.47427  -0.846684   -1.39668   -2.12637   0.728848
  0.765238   -3.68771   0.626264  -0.233463   0.953701  -0.424411   0.336985    1.39603   0.407768
  0.812365    -2.1601   -2.22052     3.0239   -1.82837   -1.59378  -0.237798  -0.289483    2.24513
   1.63306   0.231805  -0.423232   -4.60701   0.562239  0.0450103 -0.0427852   0.290537   0.956021
   1.12058    1.31224   -2.07281   0.713379   0.197458   0.274094   -1.07378     3.5628   -1.62765
  -1.40707    2.76898  -0.039423  -0.217443   -1.42474    1.07293   0.870994   0.115998   -2.84882
-0.0475467     0.5638    3.97761   -2.59527  -0.649602   0.507233   -1.60222   0.863375   0.492264
  -1.83312   -0.78913 -0.0686198   0.655199   -2.04096    2.24119   0.800878    2.85016   0.584253
  -1.27149    1.87104    1.30318   0.572948   0.850249   -2.22356   -1.58748    1.55827   0.350322
   2.17808   0.957301   -2.62239    1.19198   0.179302  -0.274801   -3.37112   -1.39117  -0.158881
  0.704128  -0.308821    1.33355  -0.155706   0.991677  -0.958445   -4.71634   0.519334  0.0859801
 -0.915511  0.0993457  -0.848761    1.67602    1.68279   0.427092  -0.904226   0.517791   0.295916
  0.383055  -0.174809   0.811933   0.742547   -1.79769    0.15305 -0.0777614  -0.364786    1.78066
   1.24281
  -2.93927
  -1.06882
    1.3233
-0.0745122
  -1.81079
  -0.73465
  -1.79452
   1.65459
  -1.64787
   1.04376
   0.10785
  -1.64952
   1.10042
 -0.506746
  -3.42487
 -0.182878
  -1.31072
-0.0583614
 0.0492155
  -1.51625
  0.952714
 -0.342735
   1.06202
  -1.64163
 -0.836838
  -2.93927
  -1.75241
  0.174239
 -0.559088
 -0.916303
  -1.01376
  -1.50884
 -0.865625
  -2.23257
 -0.821527
   1.70749
  -1.22643
  -1.66718
 -0.885563
  -2.20833
  -1.16719
  -1.61606
  -1.46816
  0.781781
  0.128024
 -0.369818
  -1.89222
  -1.54619
 -0.585243
1
1
50 50
     2.14255     -1.31363    -0.173865      0.86225    -0.653861    -0.118354    -0.257022     0.200271     0.232404     -1.07461    -0.128767    -0.635221     0.214276     -1.70807    -0.989816     0.927523    -0.528421     -0.63118    -0.430385    -0.863101      0.16221     0.700459    -0.852917     -2.51173    0.0383899     0.560844    -0.379308   -0.0383386    -0.900145      0.62963     0.941982    -0.176325     0.662986    -0.478495    -0.632159       1.0916      1.12027    -0.342344    -0.980476     0.271156      1.78196     0.365409     0.137066     -1.26742     -1.26117      -1.2749      1.90076      -1.9103     0.171775    -0.441992
     1.72121      4.79817     0.293539     0.827917     -2.22515     -2.32031    0.0480501      -1.7256    -0.786963    -0.273299  -0.00401515     -1.42644     -1.11105     0.965985    -0.619394    -0.510557     -1.00356    -0.777443    -0.969858    -0.670824      1.27127    -0.938524     0.885817    -0.536075    -0.261704    -0.767392       -0.877     -2.49503     -1.24854     0.357693      -2.5945    -0.667099   -0.0980244      1.28411    -0.707237    -0.275554   0.00576377    -0.465698    -0.700468     -1.37748      1.14017    0.0657774     -0.45541      0.36512      1.85279     -1.86635      -1.1169     -1.91767     -0.22041    -0.708614
   0.0717781    -0.409575    -0.449969  -0.00235573    -0.288352   -0.0104492   -0.0493915   -0.0889687    -0.411949   -0.0235385    -0.847372    -0.287107    0.0233287    -0.155274   -0.0670268    -0.319237     0.136029    -0.583939    -0.280701    0.0220864    0.0852971    -0.162836   -0.0569759    -0.370357    -0.402885    -0.281273   -0.0827209    0.0869879     -0.31022    -0.226404    0.0141443     -0.42396     -0.29584   -0.0234842  -0.00989902      0.19549    -0.282146    -0.173883     0.262986   -0.0817395   -0.0284071    -0.101218    -0.203618     0.101254    -0.226138    -0.278854    -0.162761    -0.442322   -0.0150703   -0.0548149
   -0.960766    -0.900864      0.63685     0.379083     0.516107    -0.679026      2.37748     -1.42902     0.194053   -0.0492455     0.276107     0.768371     0.283728     -4.02631      0.90988   -0.0638837    -0.971769     -1.03245    -0.998921     0.801742     -1.60142   -0.0378501     -1.49839     0.599357      2.00733     -0.33219    -0.477882    -0.277266      1.63133     -2.30536      -1.1134    -0.697869     -1.03684     -2.13835     -1.15201    0.0720367     -1.73863    -0.829621    -0.931356      1.86944     -1.86815    -0.411953    -0.198604     -2.64314    -0.525185      1.74904     0.846995      1.08225      1.57519      0.41279
   -0.922835    -0.547773    -0.546582    -0.239704     -1.26669     -1.11589      0.50282     -1.19494    -0.557786     0.263227     -1.22345   0.00710758    -0.873995    -0.741211   -0.0414875    -0.755081     0.255867     -1.07614     -1.33673     0.210729    -0.655918    -0.773487     0.424073     0.450782     0.350351    -0.255078    -0.482628  -0.00357409    -0.404383     -1.36347    -0.641551    -0.750873     0.467319    -0.637955     0.136141     0.351507     0.664072    0.0879189     0.542925    -0.414593   -0.0854546   -0.0155929     0.111006    0.0100839      0.85647    -0.584709    -0.387676    -0.396773    -0.595118    -0.128851
    -1.31708     0.362743    -0.353183    0.0488466    -0.696445      0.73548    0.0798533    -0.516952     -1.44305     0.329525    -0.835069    -0.615525      -1.0142    -0.110308     0.786071    -0.205286     -1.62333      1.35436     0.583252    -0.233478    -0.109546     -1.09392     0.202778    -0.217434    -0.199126     0.197135    -0.412879     0.229679    -0.837585    0.0183369    -0.957009    -0.292435     0.136829     0.284435     0.625058   -0.0742643    -0.280363    -0.724667     0.162064     -1.43832    -0.851271     0.334779    -0.812649     0.631881      0.56935     0.135208     -1.12611     0.879832    -0.529312    -0.381972
    0.556996    -0.986833     -1.58828       0.2758    -0.500132     -2.47009      -1.5947     0.316791    -0.392075    -0.729905    0.0204655     0.744877      1.19938    -0.173288     -1.54596    -0.199483      1.56139    -0.600179    -0.889392     -1.43242     -1.01793      0.31465    -0.488604     -1.22868    -0.652248      0.35635    -0.900194    -0.884243     -1.47502     0.989243     0.683741    -0.057406    -0.593208    -0.666173    -0.535959    -0.275918     0.834939    -0.918519    -0.177808     -1.12664      1.39147     -1.22037     0.361715    -0.589536     0.197236     -1.76407     -2.15555     -1.14075     -1.19038     -0.68095
     0.56093     -1.44766    -0.947976     0.975114    -0.968041     -1.41464     0.534119      -1.8256    -0.940599    -0.302074      1.75058     0.327164     -1.61117     -0.47377   -0.0622045    -0.980158       -1.308      0.44628     -2.24451     -0.49597    -0.498771    -0.553853     0.593979     0.260966    -0.247087      1.20341    -0.840475     0.850321    -0.445136     -1.17703     -0.96993    -0.924268      1.53653    -0.542636    -0.377314     0.491626       1.8168     -1.09873    -0.590516     -0.71328    -0.871205      1.75991     0.136631     -0.34951      1.40722    -0.914757    -0.949325     0.210531    -0.197769    -0.419804
     1.07748      3.35533    -0.504397     0.106041     -2.14501     -1.66937    -0.610436    -0.574306    -0.550613     -1.35558   -0.0402112    -0.809056     -1.08197     0.209635     -1.10044     -0.55309     -1.02277     -1.02548   -0.0854494     -1.23517      1.68701     -0.47575     0.848038     -2.57316    -0.256947    -0.886544    -0.240868     -1.58395    -0.979016     0.859669     -1.76727     -1.17612     0.213928     0.428778    -0.764994    -0.105902     0.189841     -0.18498    -0.852475      0.21784      1.91764     0.378549    -0.520304 -0.000277959      1.29581     -1.44661    -0.390989     -1.12766     -0.68918    -0.522984
    -2.65128    -0.786447    -0.439638     -1.47699      2.10613     0.353249    -0.807533      1.41256    -0.419849     -0.34231    -0.540982     0.901657      1.11174     0.555835     0.184212    -0.548381    -0.784559     0.495662     0.873369     0.423669    -0.644759     0.129247     -0.45413      1.02953    -0.558928    -0.491343     -1.03309     0.895869     0.520598     0.204478      1.28438     0.115916    -0.917102    -0.175512 -0.000330775     -1.00011     -3.05183     0.523837    -0.663483     0.636164     -1.86737    -0.881913    -0.577197    -0.563734     -1.44814      1.47181     0.164835      1.63345    -0.275971     0.456551
    0.209703     -0.15332    -0.462668    -0.329039    -0.296984    0.0859296    -0.088087    -0.602689     0.316247    -0.148283    -0.293366    -0.477601    -0.234097    -0.289733    -0.307596     0.111955    -0.292093    -0.116849     0.136988    -0.332979     0.304109    -0.215489    -0.549248    -0.377068    -0.131378    -0.187351     0.114864    -0.322647    -0.142735    -0.343396    -0.125858    -0.113598    -0.161103    0.0397224      -0.2386      0.15641    0.0183628     0.283424    -0.285858   0.00396818     0.392809    -0.304939      -0.1434   -0.0838664     -0.42333     -0.49105    0.0628579    -0.534376    -0.192053   -0.0876374
   -0.204502   -0.0101553    -0.497439    -0.356332   -0.0719522    -0.405836   -0.0385472   -0.0296963   -0.0693665    -0.282222   -0.0326944     0.069033    -0.152943    -0.213729   -0.0243873    -0.248137    -0.311422    -0.103004    -0.325599    -0.502237    0.0537676   -0.0695435    -0.100795    -0.194528    0.0790557    -0.262241    -0.038339    -0.164687    -0.326978    -0.122719    -0.331852   -0.0987863    -0.135008   -0.0793361   -0.0838875    0.0333502   -0.0550846    -0.224312    -0.224598   -0.0499879    -0.227075   -0.0114907    0.0992582    -0.202429    0.0982533    -0.217021    -0.173043    -0.038376     0.282796   -0.0408374
   -0.598664    -0.889711    -0.533939    -0.433656     0.839146      -1.2895     0.763244      1.55985   -0.0859391     0.565942     0.772704      1.23041     -1.82214     0.313635      1.40658     -1.84093    -0.939158     0.545946      1.06002      2.72522     0.774659     -3.17126    -0.863838     0.200196      -0.2261     -1.04486     -1.05947     -1.43469    -0.420849    -0.112153     -1.31963     -1.10737     0.924911      -1.2123    -0.608965     0.314646      1.21042     -1.16454      2.53734    -0.393234    -0.311134     -1.03964     -1.53009     -0.71149      1.06215     0.390793     -1.70896     0.427577    -0.537921   -0.0104559
   -0.410238    -0.220569      1.01989     0.118056    0.0571607    -0.797766     -0.99173     0.117671    -0.440376     -1.10339    -0.342135    -0.992388      1.58389    -0.877598    -0.753374      1.45224    -0.587998    -0.565877    -0.712162    -0.952173    -0.208084     0.763391     -2.57847    -0.966747     0.188188    -0.780113      0.64654    -0.675596   -0.0773966    -0.377007     0.816726     0.830002     -2.41112    -0.667312      -0.5723     -1.89591     -1.73306    -0.362814     -1.68189    -0.108142    -0.320526     -1.32771     -0.41152    -0.357836     -1.90557    -0.396063     0.271453    -0.535844     0.633969    -0.666172
    0.225691   -0.0332564    -0.640926    -0.653129    -0.755028    -0.339959     -0.50823     0.497279    -0.306985    -0.630494     -0.36606    -0.155201    -0.538899    -0.355544      -1.0468    -0.442956     -0.33586     0.445512   -0.0770363    -0.251964     0.214646     0.290213     0.291667     -1.66197    -0.519284    -0.526094    -0.611375    0.0973641    -0.195209    -0.585352     0.285111    -0.287326    -0.340149     -0.51179    -0.829196    -0.506287    -0.382325    -0.691349     -0.33528     0.953918    -0.131743    0.0735443    -0.444762     -0.48128     0.227313    0.0952232     0.400782    -0.804393    -0.109164   -0.0135519
     0.25548      1.43759     -1.38131     0.301015     -1.96223     -1.09343    -0.116254    -0.543854    -0.795455     0.665465      -2.6401     -0.45452      -1.6974    -0.299177     -0.28448    -0.766158     -0.23957     -0.98911      0.40427     0.160922     0.477175    -0.879516   -0.0276012     -1.32401     -1.08118    -0.145563    -0.313708   -0.0107917     -1.57126      0.40594     -1.02765     -1.70627     0.497742     0.191674    -0.605351     0.987997    -0.391429     -0.17558     0.184719    -0.401206      1.37961    0.0769425    -0.105202    -0.953441    -0.516028     -1.40639   -0.0151371     -1.61652     -1.46675     -1.08172
    0.517241     0.223127    -0.310678    -0.767911     -1.21536     0.469045     -0.77602    -0.631896     -0.94686    -0.222583     -0.59507     -1.29305     0.346347    -0.658502    -0.679957      2.00502    -0.205252     -0.64838    -0.938964     -1.05971     -0.79369    -0.345284   -0.0415532     -1.29186   -0.0203665     -0.38676       1.8623    -0.375166    -0.266443    -0.753499     0.105162    0.0462489    -0.837587    -0.317537     0.497333    -0.459656    -0.505856    -0.391523    -0.560456    -0.493388      0.29448   -0.0743219     0.694929     0.115725     -1.40758     -1.36467     0.530569    -0.402574     0.165744    -0.402441
     -1.0136     -1.80507      1.60129     0.627591      1.77557     0.264131    -0.319143     0.956573     0.824611    -0.626879     0.537456    -0.253861     -0.39943     0.123185     0.391336     0.256798     -1.64001    -0.622809     0.354746     0.145748     0.481799    -0.359614       -3.703    -0.221015    -0.447621    0.0994232    -0.264958    -0.668068    -0.477428      1.73835    -0.374524    -0.292356     0.395652      1.92784    -0.771077     0.377119    -0.883359     -2.42767      0.28361      -1.1713    -0.338566    -0.598891    -0.459063     -1.54439     -1.73334      0.35535     0.317251    -0.394324       0.8415      -1.6198
     0.54889     0.907022    -0.864709     0.636538    -0.679981     -1.32902     -0.11829     -0.86603      -1.2227     0.691738     -1.38202     0.120952    -0.336268    -0.302577    0.0641695    -0.333158    -0.802314     0.359111    -0.408214     0.377279     0.437657    -0.528504     0.112405   0.00457125     -0.67872     0.232433    0.0668846     0.513517     -1.30369   -0.0267624    -0.723756     -0.61188    -0.289075     0.636782    -0.486478    0.0159775    -0.458807    -0.640164     0.440628    -0.640303     0.613809     0.616156    -0.313315    -0.537211   -0.0781385     -1.01125     -0.34219     -1.57059    -0.779807    -0.558624
   -0.985641    -0.393815     -1.98776      -2.2036     -2.05806     -0.48658   -0.0925452     -1.77799    -0.394827     0.199296     -0.77741    -0.518064    -0.115229    -0.258587    -0.735951     -1.11659       1.2574    -0.956623    -0.684763    0.0258565     -0.24808   -0.0270208      3.22345     0.800348    0.0435611     -0.36423    -0.599751    -0.712965     0.389617      -2.6442    0.0595338    -0.638037    -0.443554     -2.06373      0.33139     0.144875      1.21207      2.00641    -0.417945      1.09242    0.0825115     0.440765     0.534771     0.338652       1.5112    -0.691004   -0.0224485     -1.50552     -1.36706      1.93576
   -0.576933     0.225183     0.609143     -1.83802    -0.867645     0.943361      1.38472    -0.290455    -0.589121    -0.123404     0.140489     -1.78847    -0.947673    -0.268677      0.26701     -0.33258     -2.49434    -0.501032      1.16056     0.916137     0.844253     -1.19748   -0.0787381     0.597241      0.55277     -1.56508     0.148737     -1.36322    -0.380381    -0.551413     -1.89158    -0.560977     0.290447    -0.383274    -0.619456    -0.896221     -0.14054      0.40885     0.662373       0.1205    -0.509583   -0.0158136    -0.479624     0.295165     0.692337    0.0254878     0.984815      2.19253  -0.00872243     -0.10537
   -0.163898    0.0690678   -0.0951948   -0.0379056   -0.0854666     -0.12069    -0.171196     -0.40563   -0.0604682    -0.326972     0.175883     -0.40681     0.286264    -0.328353    -0.381473    -0.158572    -0.389903    -0.604105     0.168052    -0.376138    0.0716647    -0.141597      0.11535    -0.671472   -0.0694235     0.080798   -0.0689384   -0.0537164    -0.369289    -0.052472    0.0284702    -0.206791     0.117623    -0.215904     -0.19608     0.257589    -0.379252   -0.0296562    -0.132614    -0.208427      0.10576   -0.0744948    -0.140323    0.0894751    -0.532486    -0.444758     0.178576     -0.52358    -0.226009    -0.228643
   -0.104165    -0.290955    -0.299042    -0.040337    -0.250809     0.122895    -0.231915   -0.0772357    -0.188185    -0.202152    -0.203207     -0.16003    -0.119564    0.0178277     0.185021    -0.090554    -0.196653    0.0317942    -0.325485    0.0638221   -0.0432255    -0.436723    0.0670629    0.0381122     -0.23141    -0.284568    -0.068919    0.0388876   -0.0665059    -0.271819    -0.380679    -0.137101    -0.323374     -0.18194   -0.0612064    -0.117054    -0.221702    -0.346104     0.110941    -0.236398    0.0731033    0.0740895   -0.0471924      0.16342   -0.0348709    -0.197514    0.0106861     0.121843    -0.431111   -0.0878027
   -0.266094    0.0626448    -0.551036    -0.268895      -0.8688    -0.787997    -0.323822    -0.639998    -0.285151    -0.234672    -0.535261    -0.461859     0.600992    -0.881535    -0.614656    -0.337097     0.461672    -0.503271    -0.873293    -0.370924    -0.205727     0.265448      1.14032    -0.411482     0.115693    -0.563807     -0.51261    -0.643272   -0.0184059    -0.684591     0.223923    -0.539771    -0.913709     -1.06964    -0.285158     0.129735      0.24675     0.694293    -0.440348     0.489131     0.140753     -0.58284   -0.0543396    -0.500744   -0.0328895    -0.650818    -0.270314    -0.905402    -0.658027     0.296386
    -2.29415     0.321986     0.458367     -3.91709      0.51035    -0.531416    -0.340744    0.0175127     0.149013     -1.06168     0.282387    -0.326433     0.387293    -0.500497     0.365458    -0.177251   -0.0509289     -1.57471     0.105423     0.277647     0.232577     0.732429       0.9233   0.00325962    -0.343436     -2.02015     -1.16646      -1.0628     -0.17568     0.140734     0.665691      1.07232     -1.09111    -0.159153     -1.37395     -2.11136    -0.471803   -0.0382756     -1.15388      1.43869    -0.355457     -0.88907     -1.02739    -0.654522    -0.146956     0.356441    -0.939352     0.507635     0.178634     0.232776
   -0.211326    -0.637994      -1.8463     0.318416     -1.30498     0.741097      1.12517    -0.808007    -0.388288      1.64722     -5.57977     -1.76991    -0.801028     0.440012    0.0995902    -0.783102    -0.191595     -1.64071     0.261221     0.257645    -0.138284    -0.951515      0.36641    -0.255513     -1.58157    0.0147468    -0.689497   -0.0183973     -1.38681   -0.0208697     0.479705     -2.17646     0.108278     -0.95268     -0.88941       2.3428     0.344556    -0.370067     0.614448    -0.524259     0.117427      1.35248    -0.222452     -1.36007      -1.0691    -0.985378      1.00519     0.480154     -1.26996    -0.794772
   -0.287443    -0.364838    -0.253575    -0.328648    -0.157192   -0.0851778    -0.272504    -0.163195     0.147228    -0.189345    -0.626626    -0.282565    -0.335946    -0.457167    -0.129492    -0.286097    -0.168088    -0.354531    -0.186526    -0.381803     0.146582    0.0916777    -0.416109  0.000710264    0.0477351    -0.418842    -0.468157    -0.201472    -0.295518    -0.342396    -0.386525    -0.155936    -0.371233    -0.311424   -0.0300508     0.208828   -0.0952875    -0.283177    -0.278886   -0.0275148   -0.0950194   -0.0335379   0.00285227     0.380861    -0.362841    -0.340523    0.0961818    -0.545923    -0.198641    -0.202747
    0.229285   -0.0498031    -0.610662   -0.0353925     -1.46836     0.957695    -0.977462    -0.957639    -0.438619    -0.492223     0.440006     -1.53453      1.03196     -0.21766     -1.32404      2.72097    -0.268568    -0.250114    -0.763252     -2.10939    -0.589874     0.349935     -1.09627    -0.728055    -0.175558     0.686448      3.78567     -0.10466     0.028166    -0.816323     0.684467      1.03273     -1.17893     0.303274    -0.382945    -0.904577     -1.52526     0.573974     -1.18902    -0.930344    0.0475528    -0.108886       1.3345     0.342374     -1.56447    -0.084075      0.88463    -0.506905   -0.0724425    -0.485985
    0.136886     0.704508    0.0696105    -0.676686   -0.0325839     -1.27565    -0.399919    -0.558518    -0.075279    -0.733172    -0.108356    -0.449674    -0.696634     0.533265     0.129708     -1.41314     0.457099     0.191775    0.0018788    -0.672275       0.4079      1.09605     0.238773    -0.668472    -0.399396    -0.812389     -1.85875    -0.332557   -0.0705053     0.449016    -0.560682    -0.378829    -0.489864     0.385789    -0.649622    -0.306897     0.304634     -1.24693     -1.45127     0.424731    -0.477655    -0.376772    -0.805841     -1.06965     0.185681    -0.115329     -1.06799    0.0780063     0.507952   -0.0631824
     1.56773     -0.68055     0.866067       0.6786     0.341967      -0.3672    -0.988298      1.34975     0.652201    -0.732823     0.323375    -0.331405    -0.395464     0.710072    -0.433874    -0.534136   -0.0409484     0.230747     0.661117     0.886355     0.442257       1.2004     -1.07161     -1.85189    -0.259959     -1.54473     -1.55504    -0.395515     0.610267       0.7878   -0.0179932    -0.330256    -0.543603     0.448931    -0.539675    -0.800423      1.13134     -1.67475    -0.592462      0.58305    -0.343125    -0.626415     -1.69115     -1.18503     0.238873     -0.56039      1.01549     -1.96337      1.05964     0.303801
    -1.31718     -0.71064      1.00894      -1.4024     0.593517    0.0698473    -0.999105     0.820992     0.177398      -1.3618    -0.242456    -0.348726   -0.0711897    0.0765644     0.622019    -0.476852    -0.113891    -0.636353        1.131    0.0966264     0.370153     0.788474    -0.571189    -0.165957    -0.138942     -1.37039     -1.54636   -0.0292181     0.866014   -0.0658219     0.409891       1.2875    -0.733109     0.555561    -0.609123    -0.989298    -0.555734     -0.27855     -1.28732     0.429275    -0.827955    -0.284649     -1.14942    -0.345839   -0.0899349     0.854609      0.20755     0.930271     0.614423     0.626483
     0.26972    -0.353749     -1.69363     0.773043     0.242798       -3.509     -1.88595      1.06969    -0.483565    -0.579164     0.389833      2.37475     0.630498     0.434947      -1.8823    -0.246388      2.82841    -0.982539     -2.99816     -1.55541      -2.0805     0.696986    -0.501106     -2.33691     -1.11768     0.530983    -0.526588   -0.0765869     -1.46873     0.599058      1.51369    -0.318474    -0.557964    -0.611544    -0.346243     -1.06217      0.30637     -1.90581     -1.01705     0.453683   -0.0661526    -0.185124     0.888818     -1.38165     0.568246     -1.52548      -2.8596    -0.870453    -0.843961    -0.877006
    0.637784     0.375009      0.20551     0.639928     0.228013    -0.874251    -0.172889    -0.936842       1.7001    -0.113081    -0.549218     -1.29679     0.923361     0.517435     0.606815    -0.485209      2.80605     -1.32979     0.372728    -0.712203    -0.230035      2.14531     -2.51551    -0.178845    -0.307391     -1.09948     -2.01536     -1.25503     0.521271      1.12205     0.208029    -0.407383     -2.52037     -1.03871     0.187662     0.149929     0.672009    -0.613606     -2.22888     0.660318    -0.554437     -1.42506     -1.17627    -0.308709     -1.56244     -1.15709     0.320465     0.357171    -0.200023     0.276038
   -0.543557     0.407661    -0.253032     0.223525     0.277596     -1.22385     -1.00032     0.117344    -0.549151    -0.606868      0.76654     0.436931    0.0208946     0.752985    -0.193507    -0.447426     0.446279     0.597945     -1.12496    -0.878534     -1.19763     0.036496     0.416304    -0.953478    -0.274146     0.724916      -0.4417    -0.283402    -0.078474    0.0297849    -0.539929     0.711454    -0.521206     0.851623      0.40195     -1.77979    -0.830628    -0.756243     -0.45971    -0.750589    -0.576022     -1.18228     0.807572    0.0463402     0.097591    -0.141547     -1.82031    -0.231612   -0.0410567    -0.479037
    -1.10487    -0.989978     0.137431    -0.271987    -0.331781      -1.0643     -0.57518     -1.94913    -0.267207    -0.466751    0.0544673     -0.42292     0.940746     -2.48849    -0.902342      1.97647    -0.964002    -0.497169     -1.74924     -1.83602     -0.64794    -0.444004     -1.18046     0.979539      1.26175     0.106844      1.38915     0.413395     0.283429     -2.05847   -0.0500608      1.07256     -1.09246     -1.24792    -0.325844    -0.910557     -0.67047     0.162923     -1.13173     0.109053     -1.11624    -0.430721      1.17812     -1.31632    -0.324111     0.298119    -0.392574    -0.281612     0.432533    -0.301215
   -0.206703    -0.389827    0.0528286     -5.77167    -0.418078     0.598527     -1.38523      2.13516   -0.0143837    -0.815446   0.00590444    -0.617948     0.728577     0.123003    -0.106717     0.415716      1.59539       0.1549      1.79111    -0.174588     0.295551      1.50999     -1.05963    -0.764378    -0.417648     -3.23712    -0.165786     -1.00774     0.663772     -0.92758     0.099055      1.41054      -1.2205   -0.0351536    -0.584077    -0.999273   -0.0686047     0.400938    -0.792659      1.87035     -0.54004     -1.31092     -1.46039     0.530604    -0.449805  -0.00370421     0.214422    -0.376304      0.53713      1.19538
      2.3416     -1.85684    -0.119103    -0.520416    -0.171999     0.955352     -1.30393     0.426858     0.571563     -1.47337      1.28339    -0.675115     -1.74487      1.54122     -1.02038     -1.37016     -0.60848      0.77221      1.59624     -1.51253      1.26232     0.403621      1.23492    -0.692735     -1.13895     0.373611    -0.739267    -0.738684     -2.77299      1.09152    -0.899312    -0.778305      1.29565      2.50032    -0.153246       1.1192      1.34881    -0.117629    -0.714088     -2.89334      3.89998    -0.566176    -0.734468      1.08323     0.526165    -0.426495     -1.42552     -1.65686     -1.75167     -1.03156
    -0.22354    0.0469695   -0.0200937    -0.158902    -0.358686    0.0932283  -0.00105896    -0.305239    -0.171748   -0.0765762    -0.346226    -0.212899     0.134558    -0.395526   -0.0358653     0.266425    0.0240307    -0.107866   -0.0693334    -0.269101     0.144917   -0.0209932    -0.260646    -0.116659  -0.00915199   -0.0826207     0.330874     -0.25041   0.00158564    -0.286244    -0.284097    -0.256173   -0.0474641    -0.237325    -0.226216    0.0759256    -0.182153     0.160907    -0.354455    -0.286482   -0.0318186   -0.0769571     0.114707    -0.131186    -0.306393    -0.193231  -0.00772796    -0.341303    -0.190921     -0.30132
   -0.159311    -0.386893   -0.0266984     0.691259     0.377629    -0.412337    -0.272146    -0.572742    -0.143891    -0.199895     0.139124  -0.00586199     0.748122    -0.419407   -0.0367848    -0.132514     0.318572    -0.206232    -0.295679    -0.657432    -0.100236     0.416731     -1.29842     0.872148     0.463899    -0.283853    -0.377394    -0.325316     0.264626    -0.353725    -0.429264      0.19701    -0.860663    -0.479625    -0.103363    -0.535916    -0.205682     0.393583    -0.312785    -0.104107    -0.488212     -1.06186    -0.534361    -0.479266    -0.756142    -0.437991    -0.801192    -0.147318    -0.364686     0.262898
    -2.12199     -0.67647    0.0113969     0.634748     0.901388   -0.0302292     0.474766     -2.26131    -0.113838     0.356649      1.02611     0.150236     -0.86252    -0.256714      1.67403     -1.80516    -0.179813     0.194013     0.510306      1.04081     -1.54411     0.332817       1.4506      1.77991    -0.500411     0.273755     -1.67259     -1.65489    -0.557171     -1.25648     -2.01345     -1.03183    -0.661618   0.00685422      4.62193    -0.229053     -1.08216       2.0377    -0.374195     -2.84182     -1.92921     -2.29431     -1.98404       3.4322    -0.172803      1.32823     -2.48279     0.778853    -0.610582  0.000515572
   -0.466002      1.47176      0.81461    -0.109538    -0.375133     0.157411      1.11845    -0.790608    -0.458058     0.357681     0.668474     -0.82847     -1.18546     0.275037     0.968275    -0.649459     -1.05787    -0.208039    -0.385762     0.735559     0.237881     -1.90323      0.31036      1.70575    -0.339694      0.15134    -0.788501    -0.795955    -0.602846   -0.0720225     -0.87006     -1.37665      1.31556     -0.59609     -0.26932     0.947211     -0.25893    -0.989145     0.299556    -0.931389    -0.995475   0.00832799     0.153061    0.0496412    -0.147609    -0.102485    -0.333383      1.43874    -0.420175    -0.912061
    -1.57483    -0.347702     0.179441    -0.753485      1.14037    -0.155655      1.13238     -0.43807    -0.287876    -0.510836     0.122417     0.415679    -0.190408     -2.08842     0.172096    -0.199453     0.211204     0.421166    -0.802898     -0.37981    -0.748609     0.226412    -0.835297      1.06042     0.789085    -0.256224    -0.376223     0.630274    -0.120822     -1.72948    0.0104457     0.296279     0.164417     -2.24809    -0.956346     -0.40934     -1.94847    -0.713234    -0.939416      1.04082    -0.723942    0.0870654     -0.71615     -1.78584       -0.155      1.11271    -0.187162     0.609216      0.87795       0.4551
    0.165617    -0.161875    -0.301238    0.0184691     0.154277    -0.318773    -0.307194    -0.233162     -0.10619    -0.428331    -0.347177    -0.173523     0.292406   -0.0212505     0.208932    -0.661911     0.463702   -0.0389517   -0.0304765    -0.497252    0.0688698     0.465405   -0.0567521      0.20648    -0.245106    -0.540716    -0.805057    -0.321893   -0.0930665    -0.136372    0.0183493    -0.206524    -0.630099   -0.0993707   -0.0816298     0.430951    -0.261729   -0.0716837    -0.628543    -0.104818   -0.0480216    -0.499753      -0.6017     0.106592    -0.466544    -0.708696    -0.221896    -0.468109    -0.368647     0.117821
   0.0875858    -0.406605     -0.24896    -0.342221   -0.0739876    -0.389849    -0.389397    -0.333562     -0.31546    -0.192196    -0.157359    -0.107028    0.0670839    -0.352107    -0.535166    -0.223746    0.0811441    -0.133677    -0.243727    0.0981242   -0.0773071    0.0575613   -0.0722864    -0.295558    -0.115896    -0.581853    -0.304083    -0.232224      0.10888    0.0732471    0.0128662     0.186568    -0.047419    -0.368116    -0.059815     -0.28919     0.430211   -0.0423679    -0.200719   -0.0252517   -0.0229983    -0.291902    -0.135731    -0.184698   -0.0988839     -0.42357    -0.104151    -0.199925     -0.16848    -0.138709
     0.37068     0.946674   -0.0719691   -0.0422652    -0.494811     -1.10007     -1.34078    -0.269777    -0.416268    -0.238149    -0.506848    -0.476001      1.14492     0.219185    -0.611443      1.14357     0.511654    -0.337902    -0.853394    -0.944573   0.00978402     0.166015    -0.327934     -1.52894    -0.550831    -0.223276      1.22818     -1.01014    -0.655144   -0.0997483    -0.330838     0.186487     -1.42456   -0.0665164    -0.552255    -0.959585    -0.393412    -0.325854     -1.10987     -1.54286     0.972506     -1.19421     0.885616    -0.221204    -0.286687     -1.13464       -1.271    -0.483124    -0.116018    -0.672969
   -0.318768     -0.98593 -0.000984847    -0.197565     0.719331   -0.0875644   -0.0998331     0.909435    0.0845331     0.515063     -1.29223    -0.384878    -0.677858     0.269307     0.200088    -0.569567     -0.15209    -0.193167     0.762079     0.473703     0.728584    -0.714017    -0.460404    -0.382743    -0.400575    -0.632583    -0.400109    -0.379377     -1.02827     0.341381    -0.199165    -0.663848     0.759156     0.781039     0.352681     0.461748    -0.210644    -0.631472      1.43712    -0.362539      1.04992     -0.54133    -0.551182     0.498305    -0.664483    -0.215893   -0.0611555      0.20126    -0.287092    -0.238527
    0.555085     -1.00415     0.944291      1.99278     0.571565     -1.46752    -0.512382    -0.354071    -0.033701     -2.13394      1.44671      0.63911     0.435488   -0.0564061    -0.392347     -0.98285     -1.41806      1.10273     -0.46135    -0.485742    -0.809712      1.63515     0.386634    -0.814275      0.88293    -0.188847     -1.32372     -1.06095      1.02903    -0.670883     -1.58005      1.94563     -3.02024     0.948147     0.603759     -3.45125    -0.848743    -0.935628     -1.93922    -0.827884     -1.63604     -1.45453     -1.08623     0.630003      1.25804      0.23567     -1.57861    -0.970594       0.8249    -0.279718
   -0.507128    -0.450858     0.448447    -0.270077      0.19127    -0.724991     0.893333    -0.191016    -0.323508     -0.24863     0.402798    -0.110818    -0.555038      -1.2902     0.604868    -0.700649     -1.44317    -0.166264     -0.42186      0.87603    -0.372345    -0.837888     -1.09157   -0.0423154     0.325755    -0.538461      -1.0073     -0.70775     -0.57143    -0.446189     -1.30274    -0.441577     -0.56761    -0.222291    -0.181391    -0.480151    -0.847503    -0.590669    -0.358523     0.086941    -0.449726       -1.065    -0.559165     -0.78879    -0.443979    -0.634422     -0.43949     0.537493     0.396963    -0.883588
    0.252803     0.351393     0.958775    -0.436454     0.934731      -1.8034     0.468634    -0.269828      3.44868 -0.000800337    -0.543859      -0.6444      1.71439     0.118351    -0.186803 -0.000895839      2.78835     -4.44957     -1.16854      -1.0678    -0.267822      1.45125     -1.88664     0.203095     0.747486    -0.852264     0.189929      -2.9065    -0.376187     0.721204     0.898796  -0.00205904    0.0330914     0.529046     0.805808      1.41763    -0.221123      1.12419   -0.0929932   -0.0605135      1.16597     -2.48543      1.34736     0.147429     -1.40546     -1.26151     0.108654     0.118155    0.0863248     0.186325
   -0.158212     0.261265    -0.112798    -0.156494    -0.298398     -0.24917     0.167731     0.103568    -0.284612   -0.0513869    -0.220915    -0.142948    -0.144769   -0.0971091      0.10945    -0.416734    -0.114026    -0.110265    -0.229263    -0.277334    0.0478965     0.029765    -0.564714    -0.120363     0.133517    -0.214513    -0.238132    -0.174645    -0.138936     -0.30836     -0.25111    -0.333068   -0.0509838   -0.0352348    -0.184731     -0.17989    -0.323361   -0.0443217    -0.088173    0.0084469     0.240068    -0.127937    0.0892413   -0.0829391 -0.000549531    -0.102535     -0.14824    -0.149075    -0.141777    -0.296829
    1.07631
    1.35979
  -0.660903
    0.81589
   -1.22639
    -2.6739
    1.20372
    0.81121
   0.507202
   -1.37179
  -0.993356
   -1.47227
  -0.470195
   0.896113
  0.0637657
   0.180648
   -1.34309
  -0.676176
  -0.746063
  0.0402711
  -0.903171
  -0.627007
   -1.13767
   -1.20279
  -0.929374
    1.18778
   0.290768
   0.351696
   -0.31236
   -1.07571
   -2.11013
    2.14964
   0.928511
  -0.632816
  -0.373615
   -1.63015
   -2.01057
   -0.89204
    -1.8332
   -1.67562
  -0.802023
   0.230596
   0.154154
   -1.21362
   0.124179
  -0.443728
  -0.522616
-0.00319857
    2.60598
   -1.16303
1
4
50 10
    1.46966    0.441735   -0.523212   -0.108427   0.0254425    0.998743     1.97078    0.353999     1.75814    -1.15877    0.318869   0.0233031     1.39268    -2.84023     0.55806    -2.31001    -0.22188     2.08291   -0.529319    0.626944     1.60729    0.487893    0.147331    0.524367    0.612325      -9.914   -0.153763    0.431215   0.0761524   -0.748886   -0.672461    0.958206    0.256066     -1.3429    -2.60133    0.384316     1.63632    0.128197   -0.778223     1.57208     2.40197    0.139553   -0.244245   -0.026491    -1.24509    -1.58187    -5.51697    0.827522    -2.16499    0.317675
   0.788516    0.665218    0.333471     2.03892    0.166043   -0.843404    0.413435    0.238606      1.8539   -0.322374    0.272244     0.30732    -5.74064   -0.222801      1.1202    0.661218    -3.68773    0.643898   -0.192465     1.34161   -0.308791    0.216212   -0.177243    0.589826    0.654317     0.66971    0.399113    -7.91216     1.72875     0.44925     1.68165     2.54318     1.58112     2.01599    -2.22327    0.690109   0.0488018   -0.387997   0.0483874     1.27655    0.286614     1.31573    0.519005    0.577282   -0.669979  -0.0150928     2.95007   0.0568057   -0.373661    0.298504
   -4.12851     1.23876   -0.123089     1.35409     1.05751    0.893681    0.410234   -0.265872    -1.99923    0.849245    -0.35887   0.0257802     2.17431    0.549177    -1.90679   -0.327877    -1.44019     1.52706     1.39849     1.10839     1.21009   -0.581409    0.126633    -0.02784     1.94548     2.13826   -0.305241    0.393882    0.574098    -2.81421      1.0966   -0.111058   -0.911266    0.909419      3.2614  -0.0262131   -0.374004   -0.125314     1.39152    -10.0148     1.29876      1.8264    0.153797   -0.183432   -0.616343    0.404607    0.219432   -0.491775   -0.226853    0.144781
   -1.73573     1.01448   -0.338675    -8.29202 -0.00355047     1.24252   -0.759057   -0.445586    -2.12497      2.6064   -0.627364   -0.165663    -1.53207    0.531299   -0.694169     -0.9998     1.75227     1.02215   -0.560601    0.457139    0.383787    -0.23661   0.0103909   -0.974413    0.353864    0.854765   -0.479077     2.32445    0.345735     0.24447     1.10561     1.90654    0.510461    0.935043    -2.09163     1.85533    -5.41837     -0.2809   -0.399011     1.46538     0.89534    -2.55319   -0.031836  -0.0323427   0.0941225   -0.780247    0.423307    -1.63625    -1.01189   -0.285889
   0.721001   -0.036369    0.120624    0.528678    -2.35484    0.557801    0.889842    0.956003    0.764052    -0.22999   0.0460171  -0.0757107     1.93311    0.475409     1.02398     1.30067    0.092636    -6.74694    0.253406    -8.15211    0.928602    -0.20267     0.34135    -1.60378    -2.01459     1.98324   -0.121268     2.38495   0.0312205   -0.189831    -1.65214     2.27979    0.726794    0.179576     0.62623     3.26104  -0.0571629   0.0240252    0.619092     2.53688   0.0230707     2.15059    0.333831   -0.105051    0.749446   -0.801532  -0.0694815   -0.158946   -0.951228   0.0165515
    2.16432    -6.44406    0.226761   0.0485688     1.02312     1.20876  -0.0922005     1.88834    -4.79205    -4.05778   -0.100353   -0.147519     2.27427   -0.313442  -0.0399017    -1.78034      1.6346     1.13715    -1.86085    0.880289   -0.686349   -0.236409    0.310174    0.287463  -0.0306984     1.76214  0.00707302     1.14541   -0.527435    0.254468   -0.194803    0.989554   -0.367168    0.050151     1.93148     1.70996     3.25784  -0.0766692    0.205807   -0.615608    -1.09447    -2.94379   -0.206152    0.520756    0.927434     1.29775    0.219014   -0.096734    -1.14837  -0.0540718
    1.34712     1.68579     0.30476   -0.094343     1.13541    -1.64526    -3.36626    -0.41524   -0.124385    -1.15794    0.777705   -0.201954   -0.420713     1.52186    0.531111     2.18504     2.25929    0.517639     1.75033     1.62609    -5.23136    0.485035  0.00846173    0.407261 -0.00120746    0.347665    0.593182     2.15989   -0.583102     2.12052    0.635638    -9.21857     1.68239    -2.03417     3.12586     1.21048     2.53145    0.371548    -0.18855     1.42883   -0.193652    0.268901      1.0896   0.0855597     -1.4301   -0.358846    0.841526    -1.94337     -0.9905    0.182174
  -0.187217   -0.154694    0.148606     1.51687    0.256613    -2.01109   -0.513853   -0.218436     2.53289     1.00903   -0.267891   -0.181777   -0.228981    -2.87703   -0.348881     2.37433    -1.07893    0.863257    0.985622    0.742029     0.82462    0.206809   -0.073178   -0.632426    0.906229      1.5348   -0.361844     -1.9252    -1.25321   -0.156425    -1.65774     1.48084    -4.45691   -0.450379    -1.20281   -0.406159    0.849105   -0.166974    -1.70273     2.20962   -0.982806  -0.0876946    -1.16616   -0.615551    -1.35801     1.10867    -1.37886    0.652985     8.37848   0.0371293
 -0.0240922     1.20081    0.154695     2.60386    -1.14176   -0.886417    0.540363    -1.85573     1.56745     2.69756   0.0232486    0.107445   -0.629431     2.98607   -0.331997     -1.2158    0.975494   -0.376035   -0.480276     1.90008     1.76509    0.222649 9.31582e-06     1.31104     -2.8753    0.443215  -0.0692337     1.17237    -0.43909    0.758248   -0.282957   -0.763972      1.1495   -0.052032   -0.302555    -9.25083     -1.4691    0.218001    0.676604    0.270351    -1.86409    -0.11691    0.665802    0.154083     2.98036  -0.0618574      2.5593     2.00302    -1.01409   -0.274199
-0.00800696  -0.0396439   -0.135864  -0.0422887  -0.0379754   0.0502823  -0.0162065 -0.00204265   0.0214914  0.00992136  -0.0443738    0.137797  0.00656764  -0.0101826  -0.0633037  0.00556356   0.0645271  -0.0232684   0.0639905   0.0239709  0.00320928   0.0163208    0.101668  -0.0277052  -0.0286641  -0.0382624  -0.0636616  -0.0267951   0.0490698   0.0427138  0.00354139   0.0200414  -0.0210432  -0.0487065   0.0205946 -0.00909114 7.61355e-05   -0.111122   0.0399716 -0.00152083    0.053723   0.0661081  -0.0559645   0.0745229   0.0534097  0.00299119  0.00493103    0.128419    0.032566  -0.0651801
   2.54198
  -1.07498
   1.54306
   3.17523
  0.381005
 -0.189619
   0.46091
  -5.56481
   0.57298
-0.0671401
