3 8 0.5 1200
1
1
9 50
    -1.62332      1.14533     -4.39646     -1.05649     -1.50283      3.66936     0.496029     0.148147     -1.04641
   -0.981368    -0.483039    -0.436478    -0.419334    -0.696151      6.64694    -0.991256     -1.04214    -0.397913
    -1.64475    -0.803444     0.981447     0.322194      3.89408      2.05565     -2.74328    -0.799334     -0.83266
    -0.53415      1.41239     0.298744       2.5605      1.22835        1.297      2.10699    -0.398346     -6.96898
    0.254157     -2.84308     0.840494     0.624458      3.48409     -1.64782       2.6352 -0.000880033    -0.208009
     1.31504      3.10451     -1.56838     -2.80584    -0.454222     -3.56882     -2.72086      2.44471     0.840887
     1.68793    -0.885064     0.989621      3.54109     0.519909    -0.269598     -1.88492    -0.925183    -0.998092
  -0.0606576      -2.2995     -3.14193     -1.58776      2.39279     -1.19929      2.78035     0.621535      2.82584
    0.622519     0.657031      1.53747    0.0130361     0.976661     -1.98364     0.199792      -4.0614     0.524819
      3.6295     -1.56688      2.17226      1.01892    -0.447459     0.243393    -0.937864     -1.47903     -2.34102
    -7.29466      1.05437      1.92255      1.27804     0.697558     0.817792     0.607419      2.24523    -0.978277
    -0.28707    -0.754764      1.55181     0.467621    -0.139942    -0.325711      3.77629      1.98799     0.284135
    -3.15396    0.0994589     -1.16359     -1.63471     -1.52616     -2.61084    -0.390276    -0.677103       3.0278
   -0.536565      1.27984        2.136     -6.40393    -0.780217     0.533469     0.405539      1.73827      2.62209
      2.1574    -0.854955      1.76933     0.643594      1.36323     0.895154     -2.31229     -2.67523     -0.54243
   0.0238944      4.24429    -0.544754    0.0484462     0.412001      0.57282    -0.712182     -1.02872      0.42821
    0.884071     -2.62341      1.94838    -0.995425     -2.23625      0.22228      4.21267     -4.33025      2.44592
    -1.82767     0.151159     0.569193    -0.985376    -0.234955    -0.814567    -0.565755      5.83176     0.102849
    0.544595     -1.22465     0.655164     -3.03068    0.0647056      -2.3598      -2.7943    -0.104607      2.47723
     2.45191     -1.14685    -0.215526      1.66305     -1.38126   -0.0198549     -1.04071      2.55646      2.59271
  -0.0935598     -1.96021     -1.18579    -0.883857     0.563884      2.74411       -3.445     -1.07266      2.10094
   -0.696729      4.99996      -0.4223     0.821042     0.418738     0.261654      1.14916     -2.52636      1.81056
    0.720493      1.61344      1.68575     -0.70853     -4.79713     -0.44515     -1.72736      2.33071      2.13876
     1.63302     0.405352      5.56999    0.0384602     -1.52577      -1.1011     -1.29933     0.786279     -1.60637
    -1.97051     0.328343     0.394223      3.01365    -0.805323      0.90512     -2.16907      0.38948    -0.351116
   -0.774951      1.62736      1.18692      0.77023     0.741448     -2.28622      1.16015      1.39582     -3.79116
   -0.623293      5.96283     -1.77245     -1.26364    -0.712099    -0.698657     -1.96295     0.255512     -1.40926
    0.841014    0.0664669     -2.19609     0.627885     -1.42261     -1.42019      1.23769      4.65854    -0.130248
     -2.4048    -0.232452    -0.530038      3.71466     -1.26487    -0.632012    -0.363343     -0.30002      1.57662
     1.62586       -1.247    -0.733583     -1.78261      3.86143     0.347067    -0.170845     -1.33527     0.967351
     2.14332     0.482483     -1.40991     -1.44545    0.0372336     -4.54939      1.92867       1.0738     0.997412
    -4.54872      1.32763      2.02504     -0.97724     0.585443      0.11059    -0.751818      1.56554      1.31867
     2.70368     0.449515     0.870355     -0.18237      1.03193     0.335243    -0.969572     0.624088     -4.04692
    -1.40394      1.71802      2.96141     -2.51296      5.18205      1.66599     -1.10863      1.49861   -0.0107659
   -0.773955    0.0305352      5.40627    -0.852896    -0.122265    -0.618053    -0.292406     -1.27434    -0.371361
     3.83363     -0.31756       0.1415    -0.539942   -0.0421596     0.698114   -0.0517226    -0.139653     -3.36348
      2.1585     0.506015    -0.630625    -0.787106    -0.326487      5.59228      1.30734    -0.885693      1.05439
     1.93151     0.679663      2.53933     -1.48189     -2.84438      -2.4345     -1.31554     -3.18177  0.000495732
    0.703188      -5.1219      0.72288     0.422237     0.786369     0.356983     0.504255       1.6956     0.347485
      1.3539     -1.61774     -4.43708      1.86677    -0.920862     -1.22335    -0.275563    -0.672627      2.47941
     1.73393     0.873804     -0.32763     -6.12465    -0.517832    -0.479657     0.234576    -0.143005     0.600838
    0.456525      2.26271     -1.40325      1.47899    -0.150611     0.420947    -0.911848      3.70075     -2.61825
    -2.32102      2.92943     -1.14797    -0.860939     -2.00019    -0.680046     0.438733      1.48759     -3.22948
    -1.56801     0.253063      4.28498     -3.08614     -1.40373     0.654242     -1.36169     0.773207      1.01862
    -2.76419     0.339435    -0.653572      1.50852     -2.54017      3.51005      2.60522      2.73898      1.91651
    -1.37551      1.51045     0.263482     0.711784      1.26431     -1.74522    -0.862675      1.94135     0.146882
     1.41899      1.38892      -3.1634      0.76297     0.525894     0.374465     -5.69965     -2.29466     0.229812
    0.138588    -0.493603       1.4793     0.396408     0.034316      -0.5451     -5.98292    -0.182191    -0.985418
   -0.301276    -0.513529     -1.48726       2.1228      2.67988        1.024    -0.506289      1.61018     0.705152
    0.906955    -0.856196     0.928178     0.444161     -2.78588      1.29995     0.558041     -1.86267      1.45423
-0.455795
 -3.89871
 -0.10698
-0.588811
-0.956149
 -1.06799
 -1.76775
 -3.44154
 -1.35648
 -2.47601
  1.29396
 -1.56409
 -1.34779
-0.716327
-0.805571
 -3.78503
   -1.328
 -2.73709
 -1.74585
 -2.00143
 -2.08389
 -1.41614
-0.816472
  1.03882
 -1.97501
 -1.53854
 -1.77635
 -1.93226
 -1.02961
 -2.11846
 -2.70485
 -2.32577
 -2.11166
-0.677672
 -2.23334
  -2.4535
 0.581877
 -2.34203
  -3.0857
-0.438781
 -2.54332
-0.944383
 -2.30195
 -1.91174
  1.30634
 -1.94521
 -2.50186
 -1.57103
 -1.64118
-0.811673
1
1
50 50
     2.99586      -3.4643     0.240239      1.16451     0.333968     0.994604     -1.01637      1.95763     0.564709       -2.433     0.277252    -0.736183    -0.468639     -2.41117     -1.50756     0.924282      -1.9843     -0.51493    -0.563687   -0.0400684     0.212495    -0.236241    -0.523569     -3.65585     -0.52007  6.47327e-05    -0.877692    0.0373403     -1.36177     0.275725      1.96074    -0.969955     0.497957     -1.35878    -0.743369  -0.00836045       1.3086     -1.44688     -1.21481     0.627636      1.53966     -0.63442      -1.4607     -2.37735    -0.285413    -0.995633      1.96965     -2.90876     0.782975    -0.877655
     1.65587      7.04243    -0.216621     0.599729     -2.29899      -1.4844    -0.243395     -2.05478     -0.13415    0.0804492      -1.1103     -1.02504     -1.64587      1.64657    -0.308541    -0.363299     -1.39731     -1.23665    -0.709325     -0.47785      2.07008    -0.773023     0.662497     -1.37982    -0.587528     -1.68759    -0.564735     -2.58325     -1.43167     0.267074     -3.02811     -1.38036     -0.16681     0.571437    -0.523223    -0.231277     0.816791    -0.533702    -0.137315     -1.74108     0.856096     0.430715     -1.46201    -0.060843      2.46539     -1.97847    -0.798064     -1.30596    -0.319377    -0.441168
  -0.0160414    -0.455391    -0.502978    0.0110565    -0.283682   -0.0550399   -0.0671501   -0.0817154    -0.457538  -0.00228717    -0.892168    -0.267337  -0.00414668    -0.233339     -0.11594    -0.333224     0.141968    -0.606976    -0.358803   -0.0256131    0.0541418    -0.212694    -0.147459    -0.414162    -0.430484    -0.252393    -0.136675     0.108803    -0.425074    -0.257926    0.0221235    -0.427353    -0.266494    -0.113978    -0.039729     0.227697    -0.387434    -0.213663     0.234829    -0.148075     -0.04953    -0.127833    -0.176589    0.0251176     -0.35512    -0.312099    -0.233888    -0.463825     -0.06356   -0.0836364
    -1.34591     -1.09305     0.355012     0.625641     0.667722     -1.37585      2.60444     -1.72947   -0.0929913   -0.0177685     0.116959     0.496053    -0.247264     -4.83068     0.633443     0.198778     -1.15265    -0.502024     -1.66902     0.868187     -2.57763     0.813944    -0.987609      1.19501      2.93027    -0.677605    -0.706452     0.544282      1.55833     -2.24996     -1.20064    -0.510236      -1.3643     -2.45969    -0.913732    -0.244082     -1.24477    -0.537436     -1.34554      1.52132      -2.2213   -0.0334088     -1.05216     -2.33674     0.493175      1.59601     0.523658      1.08334      1.84448     0.802066
   -0.856706    -0.557868    -0.857256     -1.14475     -1.04068     -1.33236    -0.220121        -0.93    -0.797985     0.494541    -0.736851     0.512595    -0.536566    -0.253346    -0.161771    -0.961059     0.668782    -0.919062    -0.991656      0.19355    -0.319539    -0.834239     0.972803      1.03246     0.179868     -0.47928    -0.730923   -0.0748741    -0.436396     -1.58331    -0.556533    -0.811348    0.0247942     -1.05341     0.521441    -0.469688       1.3127     0.711495      1.17886     -1.18317    0.0902872     -0.83964    -0.211013      1.14669      1.31768     -1.06342    -0.472177    -0.472268    -0.826028     0.357409
    -1.58724     0.173028    -0.249678     0.705074    -0.254427      0.46429     0.395272    -0.815199     -1.87871     0.901805     -1.41746    -0.524519     -1.24928    -0.397075       1.3829    -0.218457      -1.8513      1.75294     0.207742    0.0267456     0.073226     -1.06172    -0.141643   -0.0373314    -0.123467     0.501132      -1.2182     0.328068       -1.139     0.096254     -1.06846    -0.508116     0.409019       0.2846     0.615928     0.184724     0.207962     -1.22534     0.964642     -1.58497     -1.24676      1.08849      -1.2633     0.776443     0.417156    -0.325318     -1.87633       1.0853    -0.478945    -0.719136
   -0.196751     -1.02786     -2.19121    -0.382936    -0.914689     -2.05098     -2.00933    -0.381638    -0.435055      -1.3905    -0.660621     0.169417     0.544087   -0.0870617     -2.06976     0.196817     0.920243      -0.8335    -0.527401     -1.68325     -1.46517    -0.123924    -0.388077     -2.84208     -1.12553    -0.367585    -0.580057     -1.39078     -1.78707     0.906383     0.709194    -0.692935     -1.13913    -0.839498    -0.963608    -0.819647      0.26829     -1.32864     -0.43279     -1.67969      1.64711     -1.75316    -0.403418     -1.06729    -0.846581     -1.70506     -1.89558     -1.23645     -1.87379     -1.27877
   -0.658663     -1.65189    -0.658984      1.08778    -0.598945     -2.25556      1.34422     -2.36205    -0.412566    -0.933893      2.83002    -0.583149     -3.00926     -0.21113    -0.208404    -0.420658     -1.48531    -0.388967     -2.48627    -0.560691     -1.02645     0.157579     0.419038     0.869837    -0.732553      2.87046    0.0739377     0.409692     -1.46488      -1.5522    -0.796199       -1.815       2.2671     0.423928    -0.725979     0.725606      1.45786     -1.76103     -1.54782     -1.43396    -0.038512      1.29595      0.10547   -0.0487377    -0.359864    -0.508357      -1.4349     0.353678    -0.203372      -1.1604
    0.490977      4.46157    -0.829298     0.678328     -2.18117     -2.09173    -0.856887     -1.09974     -1.30554     -1.64422     0.656001      -0.6777      -1.5905     0.587875     -1.05058    -0.878001     -1.78717      -1.5589    -0.890553     -1.51229      1.59321    -0.859392      1.20494     -2.52904      0.17569     -1.04967    -0.610028     -1.88698    -0.806619     0.202287     -2.19415      -2.1643    -0.249852     0.686559    -0.203438     0.308791     0.396089    -0.681291    -0.663693     0.221982      2.07795    -0.109594    -0.596659    -0.456022      1.83274     -2.01942      -0.6753      -0.9178    -0.838825     -1.23963
     -3.1728    -0.965329     -0.77774     -1.32602      2.16575      1.35348    -0.464011      1.33168     0.651797    -0.793653     -0.82594      0.86545      1.86053     0.795555     0.110744    -0.131001    -0.496469     0.616808      1.76023     0.573879     -1.40675     0.378211    -0.290742      1.69693    -0.602106   -0.0734279    -0.221764     0.730986      1.04616     0.380755      2.22356    0.0932404      -1.3531     -0.11076     0.152906    -0.784163     -4.58469      2.09154    -0.547638    -0.339304     -2.74244    -0.669523    -0.275891    -0.558254     -1.80856      1.84099     0.958189      1.72143    -0.556759      0.21203
    0.219765    -0.166772    -0.832633    -0.757318    -0.318885   -0.0309898    -0.302293    -0.448391     0.528334    -0.347816    -0.523352    -0.541775    -0.127435    -0.146743    -0.659651     0.398639    0.0876608    -0.242834     0.191051    -0.503149     0.131927   -0.0765349    -0.635935    -0.374415    -0.164356     -0.39337     0.466535    -0.678149    -0.453219    -0.546392  -0.00501186    -0.124973    -0.286934     0.119576    -0.296334      0.15619   -0.0172962       0.5393    -0.285906    -0.481246     0.772377    -0.699625    0.0138781     -0.15389    -0.474824    -0.616901    -0.101861     -0.83121    -0.394055     0.149126
   -0.206339   -0.0448735    -0.528602    -0.401463   -0.0881817    -0.362199   -0.0658597    -0.015675   -0.0696087    -0.313487   -0.0775965    0.0521879    -0.140578    -0.185829   -0.0253017    -0.264517    -0.322692    -0.119933    -0.335902    -0.493653    0.0544318   -0.0490934     -0.13655    -0.190551    0.0406669    -0.310421   -0.0710279     -0.13563    -0.338659    -0.140338    -0.323462     -0.14255    -0.188714     -0.10668   -0.0829211   0.00040267   -0.0346598    -0.236786    -0.278471   -0.0349793    -0.206988   -0.0112027    0.0575886    -0.214654    0.0769096    -0.245878    -0.173543   -0.0531131     0.256153   -0.0535679
   -0.251635     -1.77952    -0.642002    -0.478398      2.27965     -2.21705     0.238655      1.30529    -0.538887      0.83055      1.86908      1.78704      -2.6007     0.554366      1.52925     -2.05181    -0.279684     0.736545     0.743975      2.98448     0.190022     -3.78122    -0.540364     0.260507    -0.689896     -1.08779      -1.7498    -0.831917   -0.0190717    -0.312516     -1.73343     -1.40921      1.07885     -1.30453    -0.925095     0.230759      1.35024     -2.00041      4.68865    -0.387849     -1.08051    -0.954834     -2.27609     0.503887       1.4797    -0.136578     -2.23069     0.853609    0.0826078    -0.196304
   -0.690468    -0.159571      1.39489       0.5285     0.518673     -1.13699    -0.422584  -0.00622774     -1.26489     -1.51206     0.440615     -1.37253      1.20909    -0.949961    -0.865191     0.625232     -1.48175    -0.841534    -0.592541     -1.21577    -0.595894   -0.0876814     -2.75529     -1.23226     0.829459    -0.990904    -0.288501     -1.11524     0.347425     -0.82629     0.490589      1.60218     -2.48631     -1.25477    -0.588587     -2.06107      -2.5551    -0.412864     -1.71952    -0.133081    -0.607558     -1.41016    -0.790333    -0.509462     -1.89438     0.142117    -0.160733    -0.363296     0.802725    -0.929524
  -0.0850094    -0.174396    -0.802232    -0.473346     -1.02538   -0.0866273    -0.308073      0.20155     0.487119    -0.780885    -0.781657    -0.808981     0.323929     -0.18746     -1.24135    -0.389156    0.0128351    -0.150514    -0.312097     -1.40453     0.257663      1.29009     -1.22998     -1.28897    -0.954745    -0.713981     -1.10551    -0.667481   -0.0106691    -0.884587     0.334613    -0.291042     -1.11012    -0.175468    -0.377505      -1.1047     -0.87075     0.208688     -1.35458     0.549302    0.0166895    -0.755704      -1.1978    -0.120954     -1.25025   -0.0669993      1.10526    -0.924296    -0.678116      -0.5158
   -0.715095      1.86847     -1.74106     0.170397     -2.30238    -0.959076    -0.334121    -0.551893      -1.4617     0.692362      -3.9662    -0.615216     -1.61692    -0.266534    -0.657384    -0.858332     0.012635    -0.853375     0.381522     0.627507     0.703824    -0.909498     0.388313     -1.47392     -1.07763    -0.372839     0.126877     0.562898     -1.66073      0.60986    -0.538846     -1.76503     0.656942    -0.562575    -0.611499     0.814023     -1.03051   0.00526056     0.328127    -0.182181      1.56649     0.379647    -0.250825     -2.00658      -0.5947     -1.24837    -0.042532     -1.43975     -1.41858     -1.07149
     1.21916     -1.01137    -0.281622    -0.774262    -0.460444     0.616976      -1.1374    -0.270349    -0.530208    -0.578402     0.867458     -1.56795     0.524709    0.0129114    -0.904975       2.5492     -1.15428    -0.722627     -1.03788     -1.12353     -1.04261   0.00285658     0.348839     -1.24082    -0.408813    -0.171265      2.91061    -0.671278    -0.320349    -0.231422     0.317332     0.941449    -0.897294    0.0313185     0.304089     -1.16073    -0.853274    -0.712175    -0.561947    -0.907187     0.186836     0.100264       1.1404  -0.00181881     -1.50744    -0.678177     0.403802    -0.671028    0.0155857    -0.491961
   -0.482531     -2.91545      2.46386     0.651779      2.76506     0.607562    -0.167697     0.340705     0.533976    -0.199232      1.31977     0.712816     -1.44948     0.532056    -0.146589     0.211283     -2.24284    -0.653416    -0.108461     0.820373     0.517608     0.160212     -3.08885     0.487557     -0.99033     0.847333     -1.03992     0.256047    -0.380273      2.44668     0.149917     0.513379    -0.240437      4.13397    -0.992651    -0.517341    -0.457933     -3.23521     0.470155     -2.48262    -0.644843    -0.746064    -0.939922    -0.675299     -2.52623      0.37093     0.938951      -1.7989      1.95974     -1.87016
    0.737255      1.69455     0.196276     0.633772    -0.473203     -2.13729    -0.133365     -1.10316     -1.71864     0.933724     -1.14381    0.0769487    -0.391693     -0.36657     0.040203    -0.506524    -0.730306    0.0503405     -0.26315     0.107879     0.662906    -0.606462    -0.504198     0.283816    -0.651519    -0.177767    -0.326968     0.475154    -0.973041     -0.28044    -0.928476    -0.661349    -0.379251      1.34159    -0.997059    -0.282077    -0.471176    -0.965589      1.47834    -0.530955     0.380964      1.15468    -0.770977    -0.532418     0.236577     -1.26366    -0.393406     -1.34987    -0.355632     -0.44598
    -0.56449    -0.420307     -3.08322     -1.16981     -3.04031     0.712047    -0.730518     -2.89799     -1.56875       0.3691     -1.28248    -0.471364    -0.192443    -0.115049     -2.10093     -1.10434      1.20381    0.0624895    -0.557122     0.623213    -0.336535      0.71377      4.10988     0.172707     0.912195     0.128571   -0.0423792     0.202714     0.623782     -2.91819    0.0104905     -0.82945      -0.7073     -2.21612    -0.437773   -0.0970209      1.88666      1.36175    -0.978651     0.594815      0.35777      1.01171     0.857066     0.420056      2.97869    -0.764463     -1.00585     -1.81084     -1.70427      2.34491
    -1.52635    -0.794019     0.842533    -0.859202     -1.00326      2.47965       1.0546     -1.72742    -0.703938     -0.68638     0.597564     -2.08227     -1.47395     0.241449     0.651831    0.0227597     -3.61913    -0.169364      2.06968     0.957383     0.529605     -1.41636    -0.613079     0.765848     0.201131     -1.02045      1.20027     -1.40518    -0.151879    -0.697758     -1.52811     -1.56574    0.0935819     0.140142    -0.647109     -1.62836     -0.92243     0.306039     0.112337    -0.532947     -1.15273     0.282002    -0.679848     0.102026      0.17843     0.426959     0.995351      4.40497   0.00487166     -1.23634
   -0.173649     0.102088   -0.0933227   -0.0564224    -0.145683   -0.0617095    -0.229902    -0.335627     -0.17158    -0.367038    0.0655638    -0.434385     0.289764    -0.348826    -0.435381    -0.156571    -0.455855    -0.597071      0.14373    -0.328438     0.140229    -0.182698     0.127338    -0.844508   -0.0706135 -0.000128287   -0.0769297   0.00299987    -0.362515   -0.0498132    0.0229886    -0.221219    0.0288627    -0.250351    -0.239153     0.220751    -0.373059    -0.106718   -0.0703859    -0.155565     0.121007    -0.129198    -0.205637   -0.0192962    -0.505332     -0.46767     0.203509    -0.545024    -0.197052      -0.2366
    -0.10492     -0.42328    -0.346986   -0.0636059    -0.245724    0.0792762    -0.194553    -0.146981    -0.189865    -0.226642    -0.181821    -0.214447    -0.202755  -0.00101162     0.215721    -0.120898     -0.24894    0.0338103    -0.301486     0.112517    -0.108714    -0.471658    0.0238665     0.181939    -0.251208       -0.325     -0.13758    0.0666673   -0.0753357    -0.281368    -0.452522    -0.281373    -0.303561    -0.251692    -0.132286    -0.173678    -0.193458    -0.300843     0.108831    -0.295854    0.0332959    0.0915359    -0.166269     0.177666    -0.084108    -0.202866   -0.0326853     0.140326    -0.476911    -0.156536
   -0.594062     0.105454    -0.819998     0.123043    -0.697678    -0.491965    -0.642483    -0.770538    -0.472156    -0.418461    -0.650383    -0.122837     0.697252    -0.761743     -1.17731    -0.563879     0.371449    -0.407266    -0.921237    -0.417317     -0.40114     0.578282        1.564    -0.171249   -0.0880374    -0.333582    -0.908413   -0.0113949    -0.180181    -0.975706     0.623145    -0.627823     -1.03382     -1.25875    -0.453364      0.16697    0.0742435     0.638164    -0.768205      0.89388     0.187838    -0.228411    -0.155163    -0.773938     0.268113    -0.430462    -0.495815     -1.06887    -0.632659     0.592313
    -2.75468     0.275181    0.0375384     -5.14255     0.307429     0.848768    -0.963915     0.078196     0.728591     -1.10168     0.348994    -0.667375     0.497806   -0.0246463    0.0628718    -0.524104    -0.974609    -0.867706      1.33849     0.563369     0.398725     0.103738     0.606578     0.319531     -1.04882     -1.57781    -0.891175     -1.23159    -0.665483     0.275206      1.49072     0.964243    -0.961093    -0.288498     -1.52715     -2.48239    -0.520773     0.119754     -1.40817       1.1715    -0.742644    -0.911947     -1.46501    -0.413348    -0.142508      1.08562    -0.882384       1.3347    -0.147956    0.0452767
    0.156145    -0.929483     -2.15761     0.157463    -0.389953     0.852328      1.18395    -0.348457    -0.383954      2.37269      -6.8661     -1.08813    -0.603468     0.852554   -0.0289882    -0.131997     0.267514      -1.6109        0.409      1.07686     0.131108    -0.779982       1.2709    -0.350508     -2.13654    -0.091943     -1.04285    -0.334492     -1.96213     -0.35429      1.28654     -2.45499     0.701489     -1.57057    -0.995547      2.92719      0.22729     0.252372      1.45663    -0.667396     0.344593     0.758169    -0.488889     -1.56449    -0.747912     -1.18354     0.527541     0.688072     -1.77742    -0.347668
   -0.315282    -0.353472    -0.233521    -0.539044    -0.260438   -0.0273076    -0.340859    -0.158305     0.150301    -0.261498    -0.675615    -0.402483     -0.38736    -0.477974    -0.165406     -0.32934    -0.193747    -0.354465    -0.186045    -0.419622      0.24524    0.0442949    -0.462646   -0.0269013    0.0437354    -0.386185    -0.542677    -0.203769    -0.420539    -0.312703    -0.431099    -0.108087    -0.321923    -0.337598   -0.0897653     0.275904    -0.175042    -0.309858    -0.404127    -0.200302   -0.0375345    -0.141712    0.0137822     0.336559    -0.542084      -0.3197     0.117973    -0.611573    -0.229872    -0.224639
   -0.224349    -0.480407      -1.5517    -0.885509     -1.45897      1.18323    -0.656032     -1.22872    0.0189478     -1.37436     0.378103      -1.9224     0.916891    -0.178667     -1.63561      3.82575    0.0150596     -1.25823    0.0854011     -2.66446     -1.45039     0.447235    -0.491905    -0.738835    -0.642878     0.230878       4.9408    -0.801619    -0.800447    -0.393516     0.557757     0.331157     -1.60709    -0.281534    -0.694483     -1.33638     -1.58963     0.867963     -1.34973    -0.819844     0.666297    -0.426555      1.23011    -0.356374     -1.42857    0.0596497     0.664496     -0.46881    -0.546709     -0.24295
   -0.415684   -0.0101041     0.135476     -1.33927   -0.0451665     -1.51092    -0.139139     -0.74614     0.733804    -0.639653    -0.097939    -0.643788   -0.0900139    0.0756374     0.380182     -1.17846       1.1312    0.0496649    -0.402842    -0.781113     0.194883      1.74838    -0.309337    -0.479977    -0.254227    -0.946372     -2.01446    -0.407926     0.388784    -0.190926      -1.1621     -0.12421    -0.521064   -0.0826789    -0.661159    -0.305486     0.118399     -1.18505     -1.67558     0.471187    -0.822759    -0.785413     -1.01011     -1.55273    -0.402052   -0.0643378     -1.12342   0.00747191     0.529684     0.397272
     1.04533    -0.511061      1.22196      1.00079     0.169669     -1.09921     -1.39667      1.52801    0.0761496    -0.529631    0.0678332    -0.376015    -0.264715     0.918441    -0.703318    -0.149787    -0.387159     0.329029   -0.0207372     0.443013      0.55617      1.20029     -1.58447     -2.46122      0.58493     -1.60645     -1.57699    -0.711797     0.555727      0.60768    -0.609166     0.867443    -0.984108     0.770795   -0.0912858     -1.47656     0.140911      -1.7446   -0.0979607    -0.902978    -0.463576     -1.77968     -2.05227     -1.09684     0.993236    -0.505767     0.162346      -2.4931     0.954017     0.691834
   -0.487346    -0.344208      1.48978     -1.56042      0.59451     0.710563     -1.38418     0.848592    -0.101456      -1.3706    -0.447379    -0.642384    -0.604421     0.623406     0.951912    -0.436068     0.328037     -0.47395      1.81432     0.315216      1.54013      1.06995    -0.246307     0.293613    -0.542853     -1.63303      -1.6677  -0.00515795   -0.0735028     0.639092   -0.0510526     0.669967    -0.620967       1.3763    -0.885572    -0.799788     0.995243    -0.525664     -1.15532     0.210343    -0.153811    -0.136955     -1.31178    -0.414913    -0.184062     0.160432      0.76301      1.20353     0.553545     0.718559
    0.121681    -0.290722     -2.60015      1.37388     0.647383     -3.26913     -2.25903      1.38944   -0.0749013    -0.324945    -0.245074      2.86808     0.411892      1.74803     -2.35519     0.162032      2.99536     -1.19373     -3.38276     -2.30285     -3.11588      1.15457    -0.364169     -2.72763     -1.29256     0.508123    -0.310512    -0.355347     -2.04119    0.0508801      2.84072    -0.603744    -0.425389     -1.08983    -0.419824    -0.473667     -0.17881     -2.43896      -1.2902    -0.244368      1.06069    -0.346172     0.611611     -1.21219     0.119861     -1.60451     -4.16977     -1.17647    -0.619884    -0.796449
   -0.194004      0.87217    -0.451248      1.09267    0.0564442     -1.30046     0.240585     -1.54222      3.14868     -1.22052     -1.02124     -1.46314    0.0541226     0.245063     0.361098     0.084893       3.3737     -2.49074     -0.26732     -1.70469    -0.950503      2.71233      -3.1222      1.04393    -0.449128    -0.698462     -1.53162     -2.14324     0.381154  -0.00324356    -0.368025    -0.307897     -2.88795    -0.801391    -0.338275    -0.677829    -0.243409  -0.00182849     -4.30289     0.538008    -0.195066     -2.00658     -1.05685     -1.42121      -1.5897    -0.453549     0.538903     -1.14691      -1.0216    0.0314563
    0.192765     -0.60232    0.0261296       1.2327     0.574169    -0.691666     -1.74867     0.497183   -0.0835163    -0.965452     0.927101     0.493047      1.00285      2.14468    -0.227769     -0.55342     0.492199     0.696983     -1.23716    -0.689349     -1.07718     0.634697    -0.117575    -0.937657    -0.502192     0.673311    -0.855456     0.227004     0.295866    -0.371681    -0.531464      1.65349     -1.31432      1.31335     0.650913     -2.58592    -0.859068     -1.37779     -1.21528     -1.10874    -0.600169     -1.20937      1.19907     0.161308     0.106303    -0.338792     -2.21957    -0.554002    0.0623744     -1.38329
    -1.30194     -1.65486      0.53906     -1.12466    -0.420594     -1.16396    -0.567659     -2.03826    -0.694018    -0.379003     -0.12795       -1.248     0.619596     -3.37883    -0.913546      2.21197    -0.944837    -0.657486     -1.03522     -1.86088     -1.08148     -1.17309       -1.404      1.18387      1.86924    -0.215463      1.65323    -0.114248    -0.376739     -1.81721     -1.23616        1.101     -1.13897     -1.22797    -0.349499    -0.930212     -1.35762     0.548051    -0.973182     0.314893     -1.36769    -0.287804      1.21379     -1.36565    -0.988711      0.49599    -0.396957    -0.120361     0.928026    -0.547622
   -0.159737     -1.03372    -0.108939     -5.93646    -0.871965     0.419942     -1.14977      2.56052     0.287238     -1.10742     0.302609    -0.978348      1.23792     -0.29277    -0.314298      0.81557      1.98961      1.01312      1.85049     0.137562     0.836155      2.27137    -0.643418     -1.09454    -0.519509     -4.08456     0.103511    -0.656664     0.749856     -1.43637    -0.305886      1.69097     -1.15509     -0.85122  -0.00889909     -1.33914    -0.420777      0.35142    -0.498798      2.58493     -1.66987     -1.28761     -1.61381     0.786438     0.572734     0.244082     0.506362    0.0441625     0.500013      1.25284
     1.93854     -1.79214    -0.700711    -0.671648    -0.220352      1.19192     -2.15728     0.128217     0.649739     -1.36464     0.147547     -1.45843     -1.33647      1.67908       -1.137    -0.391145    -0.733641     0.575599      1.54874     -1.08507      1.24762    -0.207665      1.14854    -0.397597     -1.91953   -0.0452129     0.635413     -1.01631     -3.40563     0.746206     0.148627     -1.57784     0.884284      1.85416    -0.174626     0.829479      1.50359    -0.102159    0.0502171     -3.27169      6.21744    -0.960084    -0.926318     0.951093     0.127339    -0.969266     -1.18181     -1.85983     -2.41281     -1.32809
   -0.261702   -0.0239904   -0.0781176      -0.3029    -0.411739     0.114935   -0.0140299    -0.322745     -0.21877    -0.113582    -0.499785     -0.25934     0.110256    -0.422079   -0.0665928      0.32675    0.0301556    -0.166703   -0.0158318    -0.304679     0.163363   -0.0296439    -0.249572    -0.145964   -0.0523365    -0.144675     0.391884    -0.320994   -0.0934088    -0.347183    -0.260664    -0.359682    -0.119152    -0.235574    -0.265787    0.0219943    -0.187603      0.22554    -0.368441    -0.371546   -0.0122868    -0.161282    0.0361235    -0.144222    -0.408766    -0.271345    0.0414384    -0.339394    -0.237782    -0.273544
   -0.366413    -0.375676     0.569233   -0.0928616     0.139829    -0.732707     -0.51271    -0.859667     0.208245    -0.103794     0.111796    -0.586855      0.86733    -0.228303     0.475304    0.0255566     0.713632    -0.875663     0.314236    -0.927733     0.229312     0.504553     -1.69806     0.881266     0.497816    -0.864376    -0.291256     -0.63694     0.252422    0.0199073    -0.861006     0.711778    -0.842474    -0.201097    0.0975233    -0.395606   -0.0903775     0.927383     -0.60235     -0.52493    -0.472701     -1.51228    -0.623051    -0.179971     -1.57593    -0.916911    -0.400753    -0.111098    -0.619249      0.54911
    -2.67235     -1.17997   -0.0858043     0.290192     0.666162    -0.534513     0.371981     -2.14144    0.0486924     0.232317      1.51465     0.600422     -1.67588     0.313348      1.79004     -1.76194    -0.173931    -0.556023     0.391539      0.88246     -1.70204     0.476451      1.38647      2.12906   -0.0538146    -0.414245     -1.62627     -2.01957     -0.40252     -1.03456     -1.99459    -0.949982    -0.608586     0.444732      5.73854    -0.352587   -0.0961944      1.80179    -0.713762     -2.20044     -1.69223     -2.46511     -2.53432      3.69619     0.116321     0.902993     -3.37767     0.169103    -0.989815     0.469126
    -1.61369      1.41157    -0.307047    -0.589099    -0.458956     0.492833      0.88879     -1.10847     -1.12458      1.18935     0.101553     -1.29533      -1.0753     0.702003     0.816275    -0.671224     -1.48992    0.0794885    -0.203563       1.0767     -0.33701     -2.10229      1.04967      1.34205     -0.45236     0.792951    -0.430078    -0.402143    -0.480102     0.325458      -0.3053     -2.38753       1.4546     -1.43946     -0.34882     0.745001     -2.02278    -0.752504     0.395896     -1.40871     0.239866   -0.0547814    -0.240859     0.112047      -1.1999     0.033359    -0.532245       1.8846     -1.13903     -1.05333
    -2.22841    -0.153485     0.168229     -1.18009      1.69702    -0.905557      1.49779    -0.620055     -0.41057    -0.730775      1.40817     0.608857   -0.0338806     -3.37147    -0.690623     0.107631     -0.88739      0.76441     -1.08606     0.689388    -0.721475    -0.153537     -0.86844      1.53954      2.06541    -0.308066      -0.4272     0.802367      0.19263     -2.19903     -1.31238     0.875791      0.49516     -2.74891     -1.52922    -0.295663     -2.75032    -0.547386    -0.406036      1.14953     -1.11086    -0.465369     -1.21533     -2.26197     0.470536      1.55837      0.19951     0.657578      1.66966    -0.217798
   -0.544298     0.574809    -0.465141    -0.840961     0.306865    -0.312969    -0.729106    -0.273975    0.0770526    -0.798494    -0.908126    -0.674793    0.0762166     0.192697   -0.0885706    -0.848163      0.84172     -0.19543     0.411877     -1.22038     0.789675     0.249654    -0.900254   -0.0422388    -0.193084      -0.7736     -1.29659     -1.23811     -0.70362    0.0340841     -0.11623    -0.429876    -0.779782     0.250791    -0.243963     0.473065     -1.18202    0.0993833     -1.07759     -1.26032     0.532137     -1.44637    -0.742548     0.288965    -0.696828     -0.91058    -0.486455    -0.930437    -0.758474      0.26418
    0.146116    -0.416479    -0.210021    -0.469041    -0.208352    -0.334311    -0.369939    -0.324361    -0.256023    -0.181493    -0.191891     -0.24963    0.0333744      -0.3715     -0.47933    -0.168672    0.0446848    -0.166803    -0.213657    0.0853307    0.0376739    0.0869313    -0.175776    -0.320265    -0.081242    -0.601485    -0.317051    -0.266906    0.0386289    0.0882356   -0.0224133     0.238742    0.0184184    -0.417969   -0.0564196    -0.224208     0.465668   -0.0382222    -0.347034   -0.0505745    0.0592228     -0.32701     -0.13367    -0.200086    -0.214375    -0.458995    0.0175709    -0.199824    -0.160052    -0.140085
    0.104548       1.3372      -0.4723    -0.772507    -0.316039     -1.13793     -1.51235    -0.284846      -1.4504    -0.256972    -0.378655     -0.54874      0.69401     0.638794    -0.858809      1.27072     0.682317    -0.397048    -0.838284     -1.05426    -0.219014    -0.375404   -0.0407341     -1.72995    -0.845168    -0.735812      1.32837     -1.03742     -1.01955     0.081331    -0.221272     0.126933     -1.63122    -0.136756    -0.741086     -1.00794    -0.477957    -0.379838      -1.0737     -1.89451       1.5903     -1.23109     0.608742    -0.313506    -0.587684     -1.00979     -1.80676    -0.516787    -0.235868    -0.360465
   -0.776522     -1.16113     0.376587     0.291936     0.216595    -0.181148     0.200841     0.103503    -0.286016     0.926522     -1.43692     -1.47125    -0.419881    -0.224349    0.0502274    -0.705508    -0.870318     -1.06423     0.318133    -0.670989       0.4676    -0.956568      -1.1351    -0.334827    -0.514987    -0.451481    -0.463287     -1.00274     -1.17054   -0.0409022    -0.453889    -0.678652     0.902001      1.08438      0.58377   -0.0310941     -1.11798     -0.49175     0.725462     -1.16471     0.617821    -0.792998    -0.485449     0.944109     -1.96384   -0.0575438    -0.277338     0.431955    -0.297146    -0.905469
     1.40068    -0.916725      1.27507      2.23379    -0.136315     -1.95606    -0.607245    -0.707459    0.0685085     -2.86561      2.56691     0.123774     0.447533     0.694769    -0.360835     -1.37032     -1.38403      1.02037    -0.210432    -0.728683    -0.693565      1.83958     0.105921    -0.905884     0.720412    -0.659661      -1.4501     -1.66154      1.45241     -1.75044     -2.38605      3.72403     -3.09753      1.12687     0.955524     -3.60682    -0.481306     -1.20992     -2.41262    -0.883713     -1.35569     -1.55535    -0.116202     0.966894      2.54644    -0.019857     -3.46101    -0.147124   -0.0552888    -0.708117
   -0.125352    -0.907233     0.453844     0.120127     0.709859    -0.785544     0.726537    -0.061824    -0.764607    -0.190539    -0.342965    0.0909688    -0.866146     -1.06601     0.979599     -1.03724     -1.58785    -0.472506    -0.492367      1.18796    -0.414635     -1.50975     -1.60659   -0.0561486     0.014835     -1.29255     -1.45023     -1.11658    -0.416407    -0.131309     -1.80383    -0.821895    -0.952852    -0.393605    -0.559324     -0.56897    -0.201942     -1.19896    0.0281764      0.16166    -0.388945     -1.05368     -1.12545     -1.01482    -0.570182     -1.02871    -0.383255     0.675267     0.706953    -0.982971
    0.132769     0.465174     0.854316    -0.679793     0.805968     -1.49985       1.0364     -0.43067      3.62484     0.954051   -0.0342085    -0.856653      2.58877   -0.0717121     0.168432     0.366717      4.17764     -5.78851    -0.942952     -2.13061    -0.263935      1.97375     -1.47362    -0.440688      1.01828    -0.684851      1.24743       -3.304     0.690098     0.547856      1.26416     0.519989   -0.0860549     0.325876      1.02835      1.39098    -0.157264      1.86858    -0.748178     0.492474      1.31026      -2.9749      2.27945   -0.0266635    -0.844879    -0.593166      1.15906    0.0700093     0.339469     0.845283
   -0.180659      0.24391    -0.148307    -0.230529    -0.301182    -0.237601     0.128448     0.126314    -0.282663    -0.100723    -0.280098    -0.166905     -0.16676   -0.0874245    0.0703885    -0.459123    -0.144683    -0.105577    -0.278028    -0.254977    0.0351788   0.00602806    -0.598561    -0.130652    0.0997101    -0.213036    -0.278992    -0.119894    -0.189302    -0.288437    -0.233769    -0.410369   -0.0826841   -0.0792818    -0.228358    -0.197427    -0.338308   -0.0897576    -0.119666   -0.0214933     0.265665    -0.134067    0.0625329    -0.130596   -0.0704887    -0.125035     -0.15169    -0.201899    -0.161145    -0.356168
   1.23568
   1.11768
 -0.769871
  0.653883
  -1.23191
  -2.82448
  0.203085
  0.838923
  0.261316
 -0.996328
  -1.22461
  -1.48453
 -0.569841
  0.585297
 -0.163606
-0.0942269
  -1.41834
  -1.34665
 -0.737844
 -0.189838
  -0.97569
 -0.694151
  -1.15422
  -1.08037
  -1.13535
  0.739289
   0.11996
-0.0380395
 -0.545384
  -2.00025
  -1.74162
   1.95349
  0.819807
 -0.335401
   -0.9774
  -1.93355
  -2.47459
 -0.983885
  -2.04844
  -1.45882
  -1.61013
-0.0947973
 -0.774972
  -1.25377
 -0.215041
  -1.24251
 -0.864678
  0.125971
   3.37007
  -1.22478
1
4
50 10
    2.12069       1.939   -0.380499     1.38112    0.864709    0.275121     1.85746    0.714803     1.34182   -0.661782    0.693354  -0.0151099    0.892435    -2.72416     0.68883    -2.20662    -0.51681    0.690562    0.866457     1.05919     1.28709    0.569753    0.178339    0.584322    0.868241    -11.3777  -0.0110102    0.797748   -0.383084   -0.819799   -0.707395     1.65217   -0.484216     -1.1261    -2.94191   -0.753611     2.07629     0.28668   -0.843024     1.93624     3.13918    -0.32466     0.49335    0.104182    -1.06492   -0.847942    -4.76462    0.123912    -1.59866    0.272198
   0.325868    0.253087    0.377141     1.88446    0.427908    -1.16201    0.457802    -1.07668     2.22843   -0.521911   -0.314635    0.366713    -6.69601   -0.993259     1.13391     2.46346    -3.99262    0.964464   -0.663894     1.18545    -1.51312     0.28297  -0.0963633    0.782241    0.387984    0.423753    0.521162    -10.4878     1.56383    -1.33105     1.30916     2.42644     1.77956     2.06136    -1.73972     3.22025     1.51799   -0.341852     1.40978     1.99619   -0.555119     1.87035    0.348526     0.67075   -0.857374    -0.49907   -0.741547   -0.132268 -0.00204531    0.422662
   -3.82806    0.662328   -0.156848     2.19458     1.41219      1.1688   0.0558467   -0.466342    -1.57872     1.93874   -0.387046  -0.0249308     1.57161    0.568497    -1.35308    -1.26699    -1.45194     2.46781     1.57008    0.569821    0.806677   -0.652578    0.215736   -0.412004     1.62512     1.10989   -0.262223    0.934609    0.628124   -0.799755   -0.710763    0.113638    -0.94353     1.06033     1.72992    0.608711    0.321529   -0.300617     1.52378    -12.7263  -0.0173695     2.57749    0.904018   -0.281608   -0.688184   -0.682334    0.958708   -0.395555    -2.12393   0.0921793
   -1.59432   0.0120124   -0.449015    -9.13406   -0.117968     2.84432   -0.800346    -0.31529    -1.51426     2.38853   -0.698854   -0.144233    0.503476    0.765841   -0.707878     -1.4014    0.805085     2.07545   -0.514128    0.447667    0.347514   -0.286969   0.0433109    -1.27117     1.70383    0.962566   -0.524089     2.30365    0.200648   -0.734702    0.407295      1.5659    0.591636   0.0729313    -1.91739     1.30846    -8.18097   -0.289013   -0.669246     2.56593     0.63689    -4.18828   -0.209327  -0.0667372    0.137911   -0.512328    0.931662    -1.61009    -2.25661   -0.273171
   -0.38649   0.0607324    0.142531    0.365643    -1.64586    0.775412  -0.0497968    0.665552    0.986241  -0.0964234    0.337467   0.0603673     1.95464   0.0628465     1.86959     1.08526     1.23468    -7.14886    0.415451     -9.4123    0.347129   -0.142376    0.604725    -1.60882    -2.08536     1.31028   0.0840201     1.76459    0.249759   -0.238327    0.127132     2.01054    0.390146   -0.760619    0.935979     2.99474     1.38349    0.310422    0.206508     1.41893    0.936573     1.68738   -0.575533   0.0834382    0.649224    -1.08856    0.900614   -0.762288    -1.38779    0.187932
    2.03224    -6.80765    0.230407  -0.0108526    0.703123     2.36967  -0.0652655      1.6909    -5.24768    -5.76364    0.781267   -0.196701     1.43599   -0.132356   -0.417953    -1.38687    0.765737     0.50472    -2.10082      1.0356    0.525609    -0.10445    0.278891    0.226285    0.246542     3.53811    0.142626     1.22156   -0.702062   -0.443974  -0.0283232     2.70818    0.500263   -0.153497      2.1204     1.16203     2.89624   0.0656162    0.858724   -0.403907   -0.437889    -2.79005    -0.26253    0.428753     1.03878      0.8517    0.407157    0.356996    -1.69616   -0.130929
    1.53163     2.79462    0.159863   -0.602306    0.171769    -1.75516    -2.97179    0.707397    0.264746   -0.225028    0.259864   -0.254086    -2.23996     1.36557    -1.17945     1.38436     3.04493     0.53227     1.77396     2.09176    -6.73423    0.367114   -0.260968    0.572646    -0.40569     2.98567    0.262674     3.47612    -1.27379     2.30621    0.286405    -12.2512     1.76833    -1.13695     2.52139     2.96663    0.880637   0.0289565    -1.17113     1.09918    -1.15975    0.928156     1.54237  -0.0513251    -1.55795    0.383615     1.06221    -1.34181   -0.668699    0.111451
  -0.511437   0.0561685    0.230683    0.851251   -0.452113    -3.64025    -1.26145     2.03804     1.74139     1.09474    -1.22114   -0.186562     1.73303    -2.97439    -0.89344     2.96754   -0.877032    0.926644    0.756916    0.418323     2.94221    0.150341   -0.118732    -1.01974    0.324019     0.57915    -0.47987    -1.82042   -0.731883    0.309346    -1.00987    0.259587    -4.38938   -0.611103   -0.489905   -0.421874    0.504414   -0.334798    -2.34518     2.36893     1.20189     0.21658    -2.19326   -0.655208     -1.7117     1.87682  -0.0770122     1.02472     11.2496   0.0128259
   0.724946    0.641378    0.149678     2.66636    -1.19977    -1.36057     2.27085    -3.72231     1.21383     2.08212    0.633331   0.0857668   0.0673175     3.87172    0.771098    -1.75132     1.27352   -0.341974    -1.33968     3.13495     2.48412    0.177696   -0.151012     2.02775    -3.11428    0.288092   -0.224349     1.98469    0.401567     1.66964    0.385767      1.5793     0.95816    0.804347    0.304617    -11.6573   -0.394742    0.278523    0.902701     1.87403    -2.97367   0.0226334     1.06601    0.142567     3.48604   -0.270313     1.57016     1.94965    -1.01877   -0.312493
-0.00366405  -0.0174018   -0.101088  0.00156684  -0.0194878 -0.00885023   0.0299272 -0.00333431  0.00946528 -0.00139804   0.0392253    0.194491 -0.00739275  0.00681701   0.0566397   0.0303761  -0.0160386  0.00887419   0.0177407 -0.00621188  0.00742301   0.0761735    0.289189 -0.00834588  0.00114899  0.00573105   0.0646046   0.0283518    0.016891  0.00161083 -0.00556898 -0.00127884 -0.00188571  0.00337958  -0.0284778 -0.00414882 -0.00313811   -0.106637  0.00253166  0.00776977   0.0141788   0.0030654    0.018608    0.154724  0.00954787 -0.00902673  0.00329483 -0.00899522 -0.00212626   0.0224465
   2.81491
  0.569295
   2.49801
   2.77731
   1.53422
  0.299958
   0.38864
  -7.62217
  -1.41445
-0.0312248
