3 16 0.5 200
1
1
9 30
   1.62232  -0.294754   -1.51934  -0.733974   -0.49501  0.0323621   0.089565   0.477746   0.996006
  -1.47886    0.92649   -0.26741    0.54712  -0.154594  -0.696695   0.281515   0.168332   0.414989
  0.222227   -4.36829   0.817779   0.386914   0.272277   0.498319   0.577542    0.56378 0.00552684
   1.28605 -0.0678678     0.1586  0.0234571  -0.257498   0.993755   -1.41055   0.326413    2.33151
 -0.472923   0.622297    3.25269  -0.677323 -0.0670511   -1.02009  0.0646736   0.513948   -1.35752
 0.0122678   -0.87151  -0.743939 -0.0753193  0.0430252  -0.126456   0.175184      4.482   -0.61758
  0.530077   0.653489   -1.95274   -1.11996  -0.274073     2.4942   0.197609  -0.219815    -1.6491
  -3.39646   0.152314   0.134895  -0.581555   0.504874  -0.620553   0.140311  0.0413523   0.285881
  0.353067   -3.32027   0.582985   0.382124   0.323389  0.0998969   0.272101   0.328244  -0.872912
   1.74242   -1.30134  -0.654122  -0.827953  -0.555364  -0.236035   0.109587    2.87826   -1.26498
 -0.378645 -0.0943762    1.77342  -0.658358  -0.372685  -0.627086  -0.326712  0.0704266    1.36484
  -1.22383    1.48746  -0.754999   0.174189   -1.40805  -0.840648    1.62376   0.830548   0.633821
 -0.227705 -0.0212052  -0.101125  -0.357066   0.708926    2.22181   -3.62977 -0.0519101   0.232619
  -0.66163    -1.1186  -0.820927   0.163026   0.770671  -0.192466   -0.73587    2.66284    1.07475
  0.788831   -1.47507   0.703531    2.50573  -0.146065  -0.117067   -1.24007  -0.415473  -0.267283
 -0.244787    1.04173   -2.88087    1.06358  -0.114939   -1.18575    1.86969  -0.460244   0.837213
  -1.50455  -0.543279   0.571271   0.856917  -0.726113  -0.886278   -1.05562    2.89595  -0.237134
   2.15495     1.6195   0.603765   0.546043  -0.230582   -2.43794  -0.923346  -0.317615   -1.77595
 -0.725051  -0.314967  -0.658741  -0.686428    0.41981  -0.678875   0.790729  -0.693493   -1.77744
  -1.70307  0.0112183   0.609617   -0.33894   0.149823   -1.10232    2.80257    1.13555   -1.22862
   1.10963   0.667121   -1.10695  -0.727531  -0.207132    3.18798  -0.289358  -0.397914   0.410794
  0.293154  -0.076559   0.546224   -3.71779   0.718144   0.586913   0.882158   0.343517   0.370967
  0.478813 -0.0643379    0.98361   -2.32385   0.139068  0.0505217   0.920276   -0.01674    1.94403
  -3.12907   0.414452 -0.0321462   0.111844   0.557577  -0.240441  -0.567781  -0.176912   0.879292
  -1.10719  -0.367002  -0.704438   0.665903  -0.174573  -0.459286    0.62937  -0.446876    2.07972
  -0.93432    1.84058   -0.81617   0.471256    1.26474   0.328789   0.103605   -2.85913   0.996891
   2.41242  -0.952362  -0.315971  -0.299742  -0.110502   0.193679  -0.121758  -0.320088  -0.996314
 -0.922405   0.164622   -1.59467  -0.592767  0.0765698   0.759702    2.15838  -0.517878   -1.27496
 0.0433835   0.918077  -0.260461   -2.53949   0.163028  -0.064304    1.03491  -0.147661  0.0924511
  0.179975  -0.207641  -0.296421  -0.285584   0.242789   -3.19341  -0.810619   0.341809    1.50226
   -1.2174
  -1.27148
    2.4629
 0.0554498
  -1.87042
  -2.63664
 -0.455496
   2.19772
   2.45117
 -0.736988
  -2.68327
  0.154808
0.00908482
-0.0605411
 -0.220042
  0.488847
  0.215368
   1.10322
  -0.14684
 -0.458693
  -3.07933
   2.50501
  0.533226
   3.22639
  -2.10159
 -0.852652
   1.38724
  -0.48375
   1.29878
   2.39194
1
1
30 30
  -0.328028   -0.269488  -0.0726812    0.180751     0.22942   -0.334902   -0.323356    0.379267   -0.222252    0.513102    0.328935   -0.145378    0.404545     0.46608    0.127511   -0.527909    0.205422   -0.374804  -0.0431174   -0.131315  -0.0923722   -0.458054   -0.384919    0.251533  -0.0820003   -0.752574   0.0976281   -0.230706   -0.597209    -0.11989
 -0.0528949   0.0227467   -0.223585  -0.0346731   0.0354381    0.132361   -0.363688  -0.0733806   0.0603273   0.0513957    0.487017   -0.108637    0.135943   -0.243252   0.0771448    -0.17383   -0.118099   -0.475029    0.207875  -0.0742981   -0.442182   -0.372234  -0.0299092   -0.132408   -0.176402   -0.273097   -0.117343   -0.374381   0.0883902   -0.256182
  -0.440427     0.26041    -2.10148    0.216632    0.100204   -0.287738   -0.602617  -0.0382616    -1.84925    -0.68592    0.657557    0.702662   -0.396566 -0.00652894   -0.767495    0.712535  -0.0320298    0.412551   -0.723917   -0.422008    0.235311   -0.270301    -0.28667   -0.190727    0.531829   0.0582846    -1.15543    -0.54788  0.00744907    0.626017
 0.00533237   -0.140875   -0.211246   -0.342464   -0.705589    0.105777   -0.129168   -0.643107   -0.247848    0.364874   -0.518545   -0.294842    0.146035   0.0275936  -0.0946468   -0.572286    0.191039   -0.325003  -0.0438647  0.00674502   -0.561119   -0.395601   -0.518663    -0.11354   -0.251939    -1.13529    0.122788   -0.297671   -0.795602    0.133826
  -0.882336    0.325345  0.00775192    0.183023     2.99409   -0.202531    -1.33536    -1.33578   0.0825686   -0.833447    0.931862   0.0429365  0.00109991   -0.388597    0.563247    -1.27292    0.385817    0.711706    -1.01791   -0.202947   -0.537907     1.06797    0.324591   -0.713938   -0.172172   0.0700368   -0.903287    -2.18764   -0.175346   -0.746065
  0.0821598   -0.296292   -0.406294   -0.248808   0.0119321    -0.53577     1.20974    0.985747  -0.0563519    0.486013   -0.299312   -0.579714   -0.160739  -0.0592815   -0.739973   0.0020216   -0.579158   -0.758531    0.532159   -0.274601   -0.272135    0.182074   -0.339527    0.298348   -0.697178   -0.645654    0.329621    0.532183    0.227344    0.417655
   0.655421    0.707093    0.589205    0.471341    0.147362    0.292752    0.185194   -0.843208    0.192083   -0.936496    0.443495    0.515766   0.0409753   -0.356561  -0.0573318    0.238305   -0.516869     0.81474   0.0261998   -0.540663     1.57725   -0.870451   -0.396693   -0.827072    0.715609    0.563085   -0.569829    0.396506  -0.0695883   -0.361425
    1.03811   -0.841734     0.23282     1.02088   -0.337971    0.143631     1.70968   -0.732749     1.07026     1.78202   -0.125318    -1.60735     1.25723   -0.298397   0.0497824   -0.876712   -0.390327    0.624184    0.522468   -0.857942    0.272745    0.223553    0.282828    -0.39374    -1.49854    -1.70462     1.66423     1.31129     0.50767   -0.729768
   0.274398   0.0774831   -0.266136   -0.824675    -1.02876   -0.857112     1.04354   -0.509234   -0.267218  -0.0414859   -0.204627 -0.00360645    -2.45561   -0.875738   -0.760323     1.32165    -1.65792     -0.7964    0.703482     1.67086  -0.0422214   -0.634599   0.0773779    -1.18788    0.308015    -1.22507   -0.582098    0.735963   0.0714413     0.63739
    1.16426   -0.388949   -0.229936    0.185417   -0.283943     1.54151    0.550139    -1.98008  -0.0285674   -0.177412   -0.417739    -1.68375     0.50772     0.28639   -0.464672   -0.663756    0.236185    0.757818    0.389515    -0.63097    -0.35936    0.281326   -0.224923    -2.38306   -0.353208   -0.773539    0.113843    0.317401    0.324685    0.482131
    1.13446   -0.588425    0.309663    0.527995   -0.175903    -2.26029    0.745964    -1.92574    0.128085     1.33796   -0.362168   -0.483631   -0.560557    -1.84998    0.448576   -0.205029    -2.01324     1.89815   -0.685236    -1.53176   -0.794353    0.175619    0.471704    -1.54371   -0.359757    -2.08661     0.61906   -0.856546   0.0986924     1.35533
 -0.0658084   -0.568219   0.0563947   -0.225825   -0.351155    -1.01157    0.241112    0.696428   0.0571001     1.21301   -0.244539   -0.105774   -0.377396   -0.364256   0.0833185   -0.182393   -0.178246   -0.868254    0.386547    0.134819   -0.565279   -0.153627    0.379733    0.412561   -0.446943    -1.13446    0.556891    0.406988   0.0798415    0.117811
  -0.210277    -0.75912  -0.0606134   -0.619111   -0.300427    -2.74077   -0.540665    0.602186   -0.213882     3.13759   0.0665383   -0.159704    0.827937   -0.209624   -0.190264    -0.82608   -0.347442    -1.96906   0.0492627   -0.858683     2.30944    0.281619    -0.18248     1.14526    -1.11548    -1.96607     1.09597    0.031261   -0.314001    -2.04201
  -0.434985    0.564477 -0.00974126    0.273058    0.375064   -0.595406   -0.962925   0.0888235    0.166071    -0.72717   0.0375135 -0.00247776    0.236239   0.0579888     1.48156   -0.911884    0.113416    0.423976   -0.787401    -1.03036   -0.147006    -2.39951    -1.46186   0.0264753   0.0367677   -0.168734    -1.05248   -0.462877    -2.09824     -0.1616
  -0.367022   -0.159793    -1.11554 -0.00365785   -0.762926   -0.126733   -0.603891  -0.0474305   -0.702033   -0.376312   -0.658802     0.11826   0.0996254  -0.0948268     1.07299    0.770329    0.443445    0.670142   -0.432981     -1.3609   -0.400069    -1.93789    -1.20722  -0.0660525    0.327013   -0.271092    -0.49415   -0.646644    -1.30409  0.00869157
  -0.677459    0.373505   0.0654942   0.0925074    -1.20386   -0.760374   -0.198655    0.188734  -0.0994909   -0.784179   -0.955471    0.644219   -0.852946   -0.149592   -0.541589      1.6127    0.200162  -0.0577032   -0.451082   0.0762735    -1.83107   -0.052281   -0.208831    0.383034    0.366651     0.48908  0.00277057   -0.257344    0.465962     1.01191
   -1.21044   -0.575655     2.07604    0.645275   -0.304309    -1.51839    -1.91618    0.671446     1.15089    0.499276   -0.663996   -0.611933     0.63318    0.398404     2.09293   -0.792489    0.632178    0.462555   -0.433514   -0.394364    -1.24659   0.0339512   -0.248856    0.850234   -0.532662    -1.81423    0.619569    -1.82144     -1.2322    0.471839
    -1.3599    0.767398   -0.234796   -0.667746    0.425638   -0.403548   -0.954464    0.315167   -0.252659    -1.79415   0.0502458     1.50584   -0.677189    0.217786     0.60279     1.06316    0.711155    0.666058    -0.51029   -0.220423   -0.450808   -0.190528    -0.59809    0.469403    0.662552     2.15998    -1.66044   -0.814742    -0.33632   -0.242536
   0.359601   -0.112663    -0.38087    -2.26475     1.76943    0.237102     1.77104     0.89844    0.494417     1.92691    -1.53464    -1.42367    0.426529    -1.53754     0.34832   -0.443675    0.183693     2.20904     2.05314    0.719564    0.583901   -0.894544    -1.67121    0.528699    -2.51756    -1.36129     1.42331     1.68074   0.0433049    -1.19255
   0.743611    -0.39781   -0.782469    -0.26525   -0.769801   -0.152216     0.26419     -1.4248   -0.567323    0.534162   -0.148019    -1.19604     1.55056   -0.935265     -1.0845    -1.37005    -1.90881   -0.810823    0.151954    -1.82123     2.11061   -0.516622    -0.49599    -1.70154    -0.38817    -1.09297   -0.316822    0.822618   -0.242527    -1.28834
  -0.318715    0.373904   -0.295991    0.465087   -0.805707  -0.0228552    -1.22869   -0.142479   -0.970052   -0.856714   0.0610198   0.0945784   -0.286677     0.65443      0.6747    0.788257    0.149589   -0.726034    -0.75952   -0.812412   -0.436981    -1.19276   -0.533424   -0.574365     1.08303    0.583306   -0.920863   -0.903936    -1.07709    0.326963
    1.30928   -0.253464  -0.0764942    0.476308   -0.986258    0.467164    0.858415     -1.8026   -0.436166   -0.300488  -0.0476185    -1.22958      2.0188   0.0282939   -0.789452    -1.67842   -0.692083    -1.78256   -0.165878    -1.29158     2.73738   -0.543179   -0.206944    -2.09703   -0.325805    -1.01375   -0.246837      1.1886    0.119616    -1.79044
   0.127419   -0.218726    -0.32241    0.102947  -0.0964585   -0.754663   0.0508144   -0.464148  0.00496569    0.361096   0.0944102   -0.479327    0.316246   -0.463466  -0.0339328   -0.665002   -0.783092   -0.613055   0.0365943   -0.764731    0.419556   -0.223352   -0.364839   -0.531968  -0.0400106   -0.740475   -0.442191   0.0801467   -0.225593   -0.470146
  -0.665793    0.410172     1.64515    -1.38476   -0.940822   0.0535714     -1.2346    -1.00577    0.635014   -0.695922    0.231649      1.0528    -2.60263   -0.917247    -0.56091    0.862554    -1.06795    -1.32239    0.354768     1.35351    0.752314    0.565297    0.884319    -1.26636    0.606367    0.639959   -0.408543    0.441636   -0.120834     -2.2267
  -0.485532   0.0634122    -1.61866  -0.0439021   -0.132165   -0.184745   -0.636977  -0.0882358    -1.46067   -0.656475 -0.00595442      0.6571   -0.636362   -0.429215  -0.0739007     1.02724   0.0256387    0.339197   -0.264492  -0.0350523   -0.522413    -1.15777   -0.645747   0.0249321    0.289339    0.247951   -0.597114   -0.819051   -0.452327  -0.0740046
  -0.619641     0.20828    0.743297   -0.277466   -0.797086    0.087814   -0.562733    0.133017    0.601689   -0.211144   -0.443268     0.84956    -0.54039   -0.356375     1.26752     1.15409    0.495158    0.304206   -0.155067  -0.0788092   -0.579632    -2.61552    -1.67881    0.218681    0.534557    0.446468   -0.395821   0.0457385    -1.82994   -0.328615
  -0.326781   -0.435811    -0.66949  -0.0792801    -0.22603      1.5175   -0.170222  -0.0407214    -0.64836    0.654207   -0.856079    -1.32917    0.739263      1.1515   -0.345909   -0.997499     1.10478   -0.331989   -0.386281   0.0391951    -1.55942    0.871992  0.00881449   -0.224843    -0.68907    -1.24417    0.387567     -0.6345    0.373456    0.311085
  -0.725539    0.881953    -3.46299   -0.222634    0.507968   -0.670807    0.417496    0.833271    -2.62523   -0.266661    0.300036    0.233528    -0.51608   -0.617101    -1.14583    0.157189    0.159064     1.21928     -0.0961    0.428316   -0.179239    0.146073    -0.10944    0.517682   -0.989884    0.183014   -0.838839   -0.691788    0.438181    0.104004
   0.144828   -0.214609   -0.394925   -0.185189  -0.0815098  -0.0436016   0.0601556   -0.112321   0.0334712    -0.11144    0.325624 -0.00241967    0.037662      -0.542   -0.299235  -0.0048475    0.103562    -0.16686   -0.231778   0.0445565   -0.130447   0.0448183  -0.0129694  -0.0978822   -0.208698    0.159536   0.0283229   0.0645079  -0.0582109  -0.0217436
   0.377645    -0.24142  -0.0552669  -0.0545331  -0.0345846    -1.14595   -0.309907    -0.59007   -0.024824    0.468462    0.128444    0.357029   -0.406809   -0.777608   -0.716958    0.213681   -0.931091   -0.398353   -0.135077  -0.0679714  -0.0561614   -0.564745    0.247687   -0.518945   -0.379753    -0.64984   0.0342605   -0.269111   -0.033154   -0.647262
 -0.587995
  -1.17915
 -0.262784
   1.22417
  0.474675
  -1.29855
  -0.16066
 -0.841765
 0.0458899
 -0.932651
 -0.252572
 -0.676436
  -0.29197
  0.504987
  0.779247
 -0.885803
  -0.24193
  0.745378
   1.09062
-0.0556768
-0.0165901
 -0.211155
  0.537942
-0.0789847
 -0.458655
 -0.521743
  -0.91507
   1.35519
  -1.87557
  0.303002
1
4
30 10
   0.736957    0.491586   -0.489652   -0.129497   -0.793767    0.974251   -0.629844     1.47365   -0.115651    -2.80917    -4.15182     1.10967     2.49329    0.767466   0.0439024   -0.833998  -0.0884973    -3.07798    0.952232    -1.79702   -0.355559     -2.4641   -0.390363    0.919112   -0.707105    0.252311    0.590042    0.868803   0.0156191    0.339756
  -0.482249 -0.00898742    -2.22809    -1.07177     1.21377   -0.718316     2.44961   -0.590857    0.194451   -0.132181    0.046438    -1.09838    -2.15278     1.31742   0.0522047  -0.0759695   -0.566537   0.0815406    -1.99479    0.451265     1.13992    0.356241   -0.448946      2.4881    -1.29654     1.36184     -2.0531    -4.66629    0.183056     0.24087
  -0.284425    -0.10471    0.713894    0.944942    -3.81118   -0.705196    -1.32378   -0.083811    -1.43147    0.631081    0.473931    0.301131   -0.191371    -1.61274      1.8884     1.99325     3.21543   0.0847277   -0.849194    0.448348      1.1749     1.70693   -0.184516    0.706664     1.55894    0.871134    0.979596   -0.431172   -0.375706   -0.514203
 -0.0308289    0.274665    0.694636  -0.0113251     2.70851   -0.919582   -0.194282   -0.646503   -0.777238    0.333361    0.752223     -1.4157    0.146951    -3.15454    -2.65601   -0.565334   -0.208667     2.37292    -1.85833   -0.432939    -1.31257   -0.262096   -0.154842    0.208572   -0.633648    -3.41341     2.02585     1.27356   0.0266902   -0.488343
  -0.228723    0.207087    0.137192  -0.0979119   0.0355428    0.508439   0.0607528     1.03453      1.5486    0.816956   -0.932749   -0.227733   -0.381987      1.2783     1.30627   -0.668222    0.205913    0.168603   -0.257952   -0.787036    0.421342      2.6555   -0.224974    0.176258    0.482536    -0.38719    0.286905   -0.035358  -0.0703999   -0.256973
  -0.113408   0.0515891   -0.182101   0.0790295    -1.06217     1.20401   -0.743649     1.58179     1.95984     2.01493    0.915772    0.753827    -2.66069   -0.420685   -0.443937    0.979598    -1.04295    -1.77499   -0.290438    -2.70174   -0.718279    -4.17099   -0.862287    -1.79231   -0.450803  -0.0293694    0.828188    0.419388    0.178853   -0.123952
  -0.589021   -0.146111     1.63653   -0.284215   -0.108131    0.796952    0.775944     1.25258    -2.97438    0.864571   -0.744381   0.0325754    0.563389    -1.06506   -0.442189    0.866461    -2.86851    0.832542   -0.940831      3.0656   0.0257199     2.24459    0.168659    -3.87031     1.37761     0.95024   -0.622072  -0.0846377    0.269603   -0.515639
   0.889535     0.10079    0.816082   -0.138593      1.0669    0.286741   -0.177162  -0.0243657     1.13237    -2.06225     3.63255    0.696043     2.99032     1.37999    0.641044   -0.123004      2.1656    0.091021    -1.45508     2.15336     1.51613     0.29975    0.958262    0.536959    0.394974   -0.187943    -1.34722     1.32922   -0.081774     1.03036
   0.206313  -0.0619768    -1.24788   0.0245684    0.630433   -0.886983    0.376924    -4.14662    0.101383   -0.470868    0.693197   -0.835413   -0.487806     1.90203   0.0209407   -0.898875   -0.714905    0.904633     6.01355    -0.65158    -1.66258   -0.608654  -0.0823782   -0.450081   -0.643778    0.927575   -0.593569    0.997304   0.0481945    0.179078
   0.118979   -0.202669    0.297818  -0.0585551     0.19959    0.129937   0.0998335   -0.118227    0.050129    0.299738   -0.106202   -0.031499    0.150386    0.231166   -0.257445    0.208966    0.107179   -0.033331     0.12596   0.0932198    0.192063 -0.00193154   -0.056891   0.0103888    0.347483   -0.316329   -0.163426   -0.304016  -0.0188732    0.292957
-0.795004
  2.40316
-0.562294
  0.56336
 0.131262
 0.506326
  1.11353
  -2.0963
 -1.94256
-0.248412
