3 16 0.5 2300
1
1
9 30
      1.6787     0.783734     -4.15862     -1.16851      0.99045    0.0786287     0.620862    -0.045411      0.63389
   -0.118459      1.31718    -0.748532      2.26988     0.226274 -0.000597134    -0.410366     0.857513      1.30738
    0.299731     -6.25013     0.576135      1.13906     0.575999     0.864423      1.60295       0.1174      1.10903
  -0.0763148     0.281009     0.698466    -0.657219     -1.74852      1.05426     -1.87488    -0.701286      3.33736
    0.153066     0.197925      6.25096    -0.466649     -0.91371    -0.218427     0.462648    -0.691972     -1.11331
   -0.204077    -0.275167    -0.591583     -1.01541     -1.43869     -1.06403      -1.1796      6.97911    -0.689411
   -0.396479     -0.20526     -0.76819    -0.955258    -0.838432      5.82228  -0.00202116     -1.09994     -1.13838
    -6.32641    -0.463891     0.977846    -0.598311    -0.147178      0.86703     0.455407     0.179155      1.49336
    0.147142     -3.78691     0.356557     0.196127    0.0991264    -0.409595     0.850003      1.01714     -2.29967
     2.39813     -2.40116   -0.0227737    -0.300309    -0.470443     -0.11269     -1.03867      3.31362    -0.780633
    0.227668    -0.375579      3.92697     -0.36772     -1.01285    -0.915503     0.318957     -0.75412       1.4872
  -0.0198278      1.59677     -1.75593    -0.508668     -1.28793    -0.520201      0.23457      1.08104      2.50883
   0.0725603      0.26533    -0.147678     -1.30147      3.35487   -0.0683636     -2.21508     -0.48833     0.361859
   -0.446573     -1.78289     -2.23558    -0.262917      -1.2938     -1.57503      -2.4652      2.43077      2.83086
     1.47899     -1.39964     0.508977      4.07069     0.379181     -1.04567    -0.706891      -1.5767     0.990472
     1.97229       2.4145     -5.40896     0.850105     0.454102     0.780562     0.950604   -0.0867551     0.575533
    -2.25574    0.0748618     0.194353      1.64412     -1.03359     0.772133    -0.441751      2.79579     -1.37888
      0.9386      2.47233     0.259357     0.540998     -3.19653     -1.35913     -1.05329    -0.471835     -2.27293
    -1.63016     -0.79801     -1.53923     -1.66665      6.19301     -1.43634      -1.2925     -1.60073     -1.51565
   -0.827487    -0.298398      1.25704    -0.538303     -1.12718     -1.45158      6.37207    0.0901883    -0.652472
    0.250704      0.22717    -0.518565     0.322642    -0.687316      5.87864    -0.430726     -1.04574    -0.354895
    0.647324      1.37261      0.93469     -7.05834       0.5572      1.79806     0.662798      1.41664      1.61329
   -0.364105     -1.12201    0.0857126      -2.9774     0.234683     -1.39255      1.62369     0.786353      2.90418
     -5.8587      1.70295     0.326918     0.252674      1.17569   -0.0136263    -0.879519     0.985503     0.420257
   -0.235719     -2.47157    -0.795564     0.851883   0.00770096     0.408937     0.271093     -1.04763      3.91796
    0.439739       1.5496     0.696924      1.07376     0.230701     0.524756     0.378016     -5.06357      0.56832
     6.74972    -0.935027    -0.876501     -0.61434    -0.183503    -0.513084    -0.136427     0.146017    -0.456171
    -2.21748    -0.590527     -2.93969      1.29875     0.125746     0.171224      2.42743    -0.288568      -1.0406
   -0.404528     0.687534     0.531139     -2.47474    -0.592658    -0.399596      3.53385     -1.07146    -0.890942
     1.06135     0.640588     0.426635    -0.815114      1.53198     -5.39149     0.937702     0.537185      1.44503
  -1.3326
-0.982019
  3.41057
  1.05469
 -3.06637
 -4.29007
  2.38309
  2.87171
  4.77587
 -2.55997
 -4.12124
-0.329025
 -2.18273
-0.583904
  0.72217
  -1.1876
-0.564651
 0.919293
   2.7347
-0.713198
 -3.73672
  3.98854
-0.774878
  3.60586
 -1.38156
 -2.62893
  3.01634
-0.188066
 0.511837
  1.31735
1
1
30 30
  -0.659426   -0.478711  -0.0654351     1.04711    0.196561      -1.138    0.290081     1.24674   -0.394158    0.319226    0.174669    0.637054    -2.26912    0.693938   -0.122526   -0.682417    0.628406     1.15484    -5.79572    0.824162    0.283801  -0.0274231   -0.701138     0.89668   -0.475417    -1.32121     1.75412   -0.438996   -0.546505   -0.544093
   -0.57623   -0.107255   -0.139378    0.184938    0.487004    0.970349   -0.720233   0.0304278   -0.247737    0.819539    0.865168   -0.497246   -0.333305    0.127105    0.504081   -0.438869   -0.213377    -0.60465      0.5003   -0.426414   -0.565141   -0.806386    0.062908   -0.149127   0.0228463   -0.211213    0.405885   -0.959359   -0.447467    -0.25987
   0.470466    0.883227    -2.91272      0.3088    0.049537   -0.578596    -1.38543   -0.551757    -2.84309   -0.418576    0.802746      0.7454   -0.460594    0.191911    -1.27457      0.6229   -0.473142     -0.4445    -1.43915    -1.35138    0.900655   -0.240164   -0.329288   -0.762749     1.76869  -0.0521331    -2.22446    0.231464     1.03021  -0.0235404
   -1.46586    -0.56585    0.532276    0.305125    -3.54437   -0.883971    -1.93358    -1.23644    0.445505    0.429079   -0.946147     -1.1748   -0.296592     1.26852     1.31996    -3.64642    0.360343   -0.971131   -0.386897    0.191842   -0.570583     1.50375    0.151743    -1.31689     1.10359    -1.45673    -1.05421   -0.746511   -0.670273 -0.00275539
   -2.94263    0.549104     1.37358   -0.268622     5.87967    -1.21094   -0.152358    -1.26449   0.0737562    -1.62537      1.1516 -0.00582779   -0.705477   -0.411996     1.27349    -2.35599     2.23248   -0.918194    -1.05796    0.529785    -1.20295     1.81381   -0.199949   -0.592438   -0.512428    -1.19162    -2.74798    -3.16398   -0.469087    -1.33811
    2.37918    -1.18734   -0.916193   -0.265473      1.6579    0.968024     3.98891     0.72699    -1.42605    0.678275    0.134286    -1.39095   -0.289553     0.49193    -1.10512     3.03308    -1.08284    -1.47107    -1.29616   -0.783219    -2.91795    -1.44766   -0.685667   0.0895345   0.0618379    -1.26294      2.3943     1.91156   -0.323307     1.98989
    1.93973     1.35067     3.90012    0.624516   0.0670719    0.974832   -0.473318   -0.700638   0.0578624     -1.5777   0.0732038     3.51044    0.510766    -1.28237    -2.60168     1.30041    -1.63611     1.37309   -0.931252    -2.01413    0.954612    -1.83143    -0.45988     0.17138  0.00300092      1.9927    -4.51586    0.298455     1.16383   0.0560661
-0.00663991   -0.998487    -2.32715     -3.6845     1.77879    0.432531     1.96282    0.640754     2.13896     1.80374    -2.02565    -2.63635   -0.485574    -1.90746   -0.345635   -0.472447  -0.0182707     2.50498     2.66068   -0.292003   -0.224262    -1.21554    -3.05344    0.314514    -3.66925    -2.76155     2.43536     1.44291    0.964906    -1.37128
   0.593706   -0.232447    0.124563   -0.902491    -1.42787   -0.932619     2.88711    -1.67168    -1.74306  -0.0664687    0.342446    0.359191    -3.56706    -2.06326   -0.976988     1.66277    -1.39133     -1.9492     1.42428     4.05992    -1.32738   -0.739049   -0.244934     -1.8342     0.61643    -1.34613     -2.2449     1.80378   -0.725255     1.44745
    0.28274   -0.605705   0.0368045    0.499387    0.488171      3.2824     2.05393    -2.18047    0.263669    -1.47115   -0.594969     -1.3246   -0.275248   -0.165683   -0.603248    -1.17796    0.734397    0.318622     1.98851   -0.753819  -0.0716191   -0.746875    0.620101    -3.71991    0.920953     1.01266     -2.1487    0.811493     1.72223   0.0355879
    1.91083    -1.03163   0.0818684   -0.210511   -0.971093    -3.77247    0.972568    -3.34721    0.340498     2.51938      -1.138    0.170487   -0.119374    -1.69405    0.676154   0.0750735    -1.59789    0.928486    -1.17268    -2.43358   -0.490291    0.561084   0.0166176    -2.89348    -1.03595    -4.08588     1.23924   -0.181788   -0.897717     1.25789
  -0.675251    -1.37006    -0.91712   -0.164495     0.60954    -2.71138     2.37561     1.40453   -0.331518    0.667577   -0.964799   0.0470838     -0.1868   -0.884151    -1.24199    -1.03564     1.38961   -0.326933     2.12466     2.13356    -1.26243    -3.66021     2.93774   -0.896853    0.274152    -3.58683    0.462129    0.378717    0.217425   -0.364049
   0.758904   -0.575224    -1.47057    -1.49518    0.421511    -3.99378    -2.23775     3.64713   -0.988108     2.72064    0.106669   -0.424562   -0.231863    0.226412    0.811649   -0.507186   -0.194819    -1.30951    -2.54836   -0.534469     3.39373   -0.292107    0.270726     2.99331    0.911223    -2.46252     4.11289   -0.239141    -0.64462    -1.99433
  0.0258872    0.587815     0.34454   -0.690385     2.11069     1.66233    -3.14352    0.483926  -0.0283846   -0.145207     1.68631    -0.49036  -0.0473635    0.325273    0.638278     -1.3039    0.530306   -0.628356   -0.663301    -1.11132   -0.658803    -3.71043    -1.23248    0.615434   -0.479054   -0.810179   -0.646125   -0.751238    -2.12382    0.667638
   -2.48407   -0.315833   0.0502977   -0.308787    -1.96358    0.324286    -1.56177   0.0150524  -0.0390251   -0.465616    -1.35385   -0.504565     -1.8613   -0.320451      2.1525   -0.340322      0.2914     1.60992     2.15175    0.540063 -0.00801826    -5.08053   -0.846299   -0.562592     1.10492   -0.726679   0.0136239   -0.210089    -1.11462    -0.14574
   -3.37473    0.193147    0.702809     1.35887   -0.906929    0.730858     1.75269     0.25776   0.0785094    -1.31884   -0.963424     1.23524    -1.67601    0.131325   -0.959966     1.34775     1.33503     1.59822    -5.91262    0.185202   -0.815482  -0.0784705   -0.711007    0.130275   -0.837265   -0.243591   -0.653382   -0.941638     1.22875    -1.12123
   -1.26453   -0.216851   -0.842044     1.17407    -1.79252    -1.70245    0.514866    0.586786     -1.8467    0.462748   -0.929814    -1.28736     2.93274     1.05455     1.82284    -1.49714    0.952692     1.74353     1.69964    -2.01078    0.277933     1.78678    -2.38078     1.10475  -0.0914343    -1.69193    0.646934    -3.25496    -3.32701   -0.523315
   -1.81884     1.45844    0.733918    -1.09238    -1.08435    -1.12116    -2.50876    -1.52422    0.543332   -0.667467   -0.146587   -0.170875    -2.33428    0.653918     3.30851     2.34689     2.42155   0.0294839   -0.554663     0.06051    0.307696     3.68174    -2.68358   -0.365209     1.14519    0.156111    -3.27961     1.41952    -1.29082   -0.679852
   -0.34278    0.233935   -0.567422    -3.68301     2.71732     1.23988     1.72771   -0.165856     2.19183     1.90288    -1.94091    -1.74376     1.09745    -1.48239     1.40711   -0.918231    0.258461     2.00227    0.964479     2.67346     1.89713    -1.26824    -2.75321    0.237617    -4.84992   -0.940429     2.19974      2.1587   -0.309654    -1.40671
    1.42596   -0.573014   -0.867095    -1.66825    -1.23647    0.267257    0.205291    -1.65908   -0.722797    0.520879   -0.230613    -1.91015     2.24861     -1.1012    -1.42901   -0.961459    -2.31475     -2.5345    0.896591    -1.88024     2.22893   -0.398266    0.101897    -2.41757   -0.403016  -0.0592491    -1.14039     1.70855    0.126369    -1.64538
   -1.17879    0.778615   -0.658142    0.364209    -1.27092    -1.03425    -2.71083    0.110862    -1.55287     -1.2794    0.590197    0.191524   -0.659334     1.19202    0.695368   0.0551847    0.837975   -0.558619    -1.47787    -1.14227   -0.512589    -2.55598   -0.367476   -0.901794     2.56812   -0.230561      -2.448    -1.24824    -1.28985    0.141651
    0.50182   -0.592599   -0.267191     1.83799    -1.40372    0.122709    0.922832    -1.04924   -0.973185   -0.218524   -0.626116    0.120502     0.20345  -0.0887146    -0.95784    -3.10005    0.149363   -0.804138     1.43063   -0.838034     5.08664    0.141775    0.564991    -1.87277   -0.594468    -1.55427    -1.06576    0.738008    0.713146    -4.14898
    2.02219    -0.12982   -0.914055    -2.99807   -0.758368    -1.93533    -1.27651    0.240688  -0.0401335   -0.103098    -1.51466    -2.08749     4.84787   -0.687729    0.160799   -0.812877   -0.393646    -3.93882     1.25297   -0.915064   -0.470023    0.650414    0.107929    0.706134   -0.609377    0.287803   -0.852403    0.568957    -0.71205     1.47221
  -0.586867    0.111504      1.0943     -3.1141    -1.56974   -0.611463    -2.36097   -0.212713    0.304782    -1.20126   -0.162833      0.4565    -4.66357    -2.79545     -2.2381    0.995289    -1.23675   -0.798635    -1.09532     4.31613   -0.994839     1.13774    0.906369   -0.245506       0.571     1.16809    0.315727      2.1238     1.19619    -1.60442
   -1.44908   -0.717071    -2.29482    0.321996    -1.65496   -0.788496   -0.582395     0.69246    -2.01119    -1.05655   -0.609877    0.122831    -1.27328    -1.48983   -0.440803    0.170975    -1.19579      0.8299     1.83403    -1.39397    -1.36139    -1.14386     0.19296   0.0840715    0.414469    0.919649   -0.917991   -0.717585     1.23148    0.236594
   -2.15311    0.798806     1.28415   -0.147697   -0.740462   -0.972064   -0.223512     1.26886     1.17777    0.459997    -1.24463     1.23259   -0.399006    -0.78571     1.71967  -0.0435861     0.37563     1.04833    -2.15425   -0.346811   -0.997098    -5.17762    -2.21549    0.995238    -0.20148     0.86538    0.567431   -0.769304    -2.30837   -0.399189
  -0.811619   -0.155993   -0.619365    0.208709    -1.79776     5.22425    -1.11348     1.24561    -1.03283    0.511911    -1.12191     -1.0347   -0.851831     2.69439   -0.450801    -1.48878     2.41232   -0.564954   -0.758159   -0.255273     -2.1885     1.40139   -0.546432    0.896855    -1.51867    -2.16168     0.89764     -1.0689    -1.92713   -0.840623
  -0.294408     1.47387    -5.61738    0.581067   -0.347836     -1.1849     1.01516    0.702861    -4.05706    -1.19839   -0.114923     1.65221   -0.364616   0.0275206   -0.691732    0.110903   -0.207796     2.09693    0.044447    0.175206    -1.17025    0.797365    -1.90903     1.16029    -1.78551    0.336837   -0.549254  -0.0187458   0.0642276     1.01861
   0.360501   -0.802766   -0.382456    -0.82807   -0.101552    0.418511     2.26593    0.250834   -0.102036   -0.359239   -0.160538   -0.347238      1.1729    -2.34537     -1.0065     0.82862   -0.685521   -0.340983     -1.5557    0.180886   -0.868898    0.371113   -0.827084    0.756567   -0.777045     2.96868   -0.196098    0.652656    0.666876    0.497593
     1.4257   -0.779203    -1.13875   -0.456757   -0.566811   -0.901355   -0.120167    0.245049    -1.26278    0.524728   -0.171887    0.856197    -0.30817    -1.57374    -1.79513    0.605394    -1.02611   -0.699219   -0.271021    0.927633     1.26034   -0.476846    0.485874    0.086161    -0.44453    0.168064     1.17056     0.75292    0.614055    -1.88881
  -0.78105
  -1.45665
 -0.399047
   2.21735
 -0.358125
  -2.59482
  -1.48996
  -2.20834
 -0.774741
 -0.195021
 -0.131298
 -0.973782
 -0.149949
-0.0996007
  0.828368
 -0.641909
 -0.787851
   1.06959
   2.41253
-0.0248868
 -0.549897
  0.133423
   1.39639
  -1.10922
 -0.804095
  -0.53211
  -2.51521
   1.41093
  -1.73402
 0.0722063
1
4
30 10
     1.73151     0.870031    -0.995711     -2.43119    -0.841174      1.16316     -1.91113      2.37027     -1.77612      -4.9778     -5.25873    -0.279529      3.34969      1.71595    -0.824707     -1.28999      1.07413     -2.24993    -0.378963     -1.39897    -0.887845    -0.664371    -0.244393      1.13159    -0.729006      1.22666      2.92276    -0.701316     0.745968      1.86075
   -0.458071    -0.934586     -3.74554      -2.7441     0.117329    -0.171485      3.64632   -0.0244144      1.53093    -0.930265    -0.448141    -0.828802     -0.99408      1.54711    -0.431842      1.57128    -0.305276  -0.00788038     -1.17759      1.27281     0.698502     0.276133     0.220417      1.58811     -2.04598     0.898676     -1.53255     -8.93248     0.269111     0.490707
    0.240754     0.171561     0.559866      3.36301     -9.80164     -3.63285     -2.55629  -0.00502816     -1.76215      2.39882     0.878947     -0.40185    -0.748117     -1.14658      3.14684      1.17563       2.2363    -0.180258     -2.36398    0.0753041      3.17801      1.54721      2.39248      1.99017      1.58757      1.38057      3.57981     0.406657     0.919984     -1.72199
    0.919526    -0.128312      1.08624      1.73821      4.46383     -0.38863    -0.647435      0.52097     0.719873     -1.11718     0.175552     -2.23482     0.767564     -5.46666     -3.23986    0.0753066      1.91208       4.0549     -2.22463    -0.477193     -1.77376    -0.513272     0.987706       1.9495    -0.984293     -5.20458      2.56249      1.66187     0.285958     -1.43438
    -5.42635      1.66381     0.969441     -1.24661     0.838204    -0.223537     0.270397      1.16973      2.18649      1.81461    -0.430026     0.270849    -0.898017      2.29767      2.21456     -4.31915     0.307254     0.137415    -0.595231     -2.83502     0.185361      2.37828     -7.90627     0.215267      1.10651     -2.22294      0.24421      1.08828     -1.42029     0.925422
     1.26558   -0.0928858    -0.298222    -0.608038      1.11298      3.57539     0.184527      1.43617      2.85405      2.70774      1.57457      1.04511     -1.98391     -1.44303    -0.517854      2.25153     0.484318     -2.10425     -1.58898     -2.78466        -1.36     -7.27657      0.92334    -0.418842      1.03621      1.21533     0.936049      1.05307      2.63105     -2.08484
   -0.638502    -0.349081      3.77324    -0.346751    -0.979116      1.32326      1.91005      1.24895     -5.66509      1.42332     0.603109    0.0751039     0.368512    -0.930175    -0.906172      1.05738     -6.17378    -0.982498   -0.0352901      3.18896    -0.209261      2.25297     0.562472     -8.79181      1.76473     0.157896    -0.755828      1.11517    -0.141695    -0.178777
     1.31155     -0.42843    -0.918512      1.13711      3.36729   -0.0158465    -0.949261     0.779394        1.664     -2.09233       4.1766      2.66526      1.61039     0.779248     0.636209     0.465971     0.719416      1.03036    -0.553343       3.2762      3.14601     0.840264     0.938948     0.408352     -2.09118     0.456941     -7.23542      1.24979     -1.95888     0.378611
     1.15807    0.0317834    -0.580116     0.453447      1.60192     -1.08945      0.64728     -7.64594    -0.113857   -0.0404049    -0.586799    -0.995322     -1.15227      3.03878     0.333449    -0.314122    -0.157416    -0.014622      8.23729    -0.569251     -2.74817     0.916404     0.903817     0.850684     0.437727      2.43681    -0.626737      2.72991     -1.13684      1.65506
   0.0439864     0.328995     0.287958    0.0567245    -0.110833    -0.123161  0.000813057    0.0534077     0.153459 -0.000658357   -0.0198408    0.0580843    0.0233962    0.0567004    -0.117526    0.0263808     0.100473    0.0145936      0.12292    0.0553482     0.186149    -0.243516   -0.0492641    -0.148587     0.293271   -0.0294961   -0.0419995    -0.130114    0.0375743     0.313405
   1.07969
   2.87429
 -0.221786
-0.0126785
   1.95069
 -0.183565
   2.28113
  -2.86872
  -5.57732
 -0.180283
