3 16 0.5 2500
1
1
9 30
   1.79502   0.530784   -4.00642  -0.866204    0.84172 -0.0668127   0.151931   0.163471   0.931276
-0.0909223    1.34199  -0.895503    2.02108   0.468083   0.249163 -0.0443369    1.24387    1.10063
  0.460932   -6.46569   0.734712     1.0585   0.644587    0.98331    1.45475   0.451481   0.883259
 -0.241212   0.288527   0.496894   -0.57241   -1.91539   0.784285   -1.76291   -0.36256    3.52601
-0.0164624   0.192983    6.28247   -0.32507  -0.958204 -0.0957076   0.312684  -0.543074   -1.22742
 -0.299416  -0.162614  -0.753681   -1.24597   -1.37342  -0.920349   -1.17482    7.09998  -0.757186
 -0.148065  -0.982483  -0.415973   -1.07743   -1.24315    5.91051  -0.297277 -0.0760415    -1.1488
  -6.21198  -0.669619   0.622256  -0.463718  -0.303153    1.02868   0.185009   0.136489     1.3626
  0.127176   -3.77119   0.317429   0.515675   0.200579  -0.426589   0.642682    1.17792     -2.355
   2.50902   -2.10285   -0.65951  -0.684061  -0.540983    0.26086  -0.414974    3.02704  -0.879432
  0.294064   -0.45674    3.77451  -0.519386   -1.21027   -0.81965   0.346234  -0.466042    1.64533
   0.60269    1.94589   -1.22147  -0.566253   -1.51271  -0.857745  -0.101578    1.32561    2.23546
  0.193067   0.335052  -0.379255   -1.10249    3.79416   -0.13968   -2.15512  -0.698505   0.517826
 -0.215661   -1.95172   -2.10742  -0.663162   -1.69829   -1.76354   -2.20983    2.10982    3.40094
   1.52835   -1.18174   0.277135    4.25427   0.416447   -1.03034  -0.193173   -1.01842   0.809068
   2.10076    2.37938   -5.40886   0.588819  -0.134018    1.22596   0.832018  0.0494061   0.344399
  -2.08536   0.113953   0.310052    1.47359  -0.457785   0.370988   -0.19164     2.8851   -1.62554
   1.42164     2.4257   0.149781   0.405768   -3.59907   -1.40821  -0.951251  -0.731286   -2.12238
  -1.64963   -1.01849    -1.3143   -1.75418    6.19591   -1.75769   -1.58114    -1.2213   -1.47967
 -0.894452  -0.174737    1.36959  -0.472093   -1.02355    -1.2673    6.44441  0.0743003  -0.790418
  0.288562   0.107284  -0.156214   0.378967  -0.603498    5.73321   -0.56634  -0.845412  -0.388381
  0.917449    1.32842    1.03905   -7.11114   0.850498    1.75677   0.840038    1.30247    1.85929
  0.110611  -0.972689  -0.172347   -3.04321   0.559929   -1.16925    1.25575   0.175621    2.91533
  -6.07723    1.54405   0.316508  0.0804905   0.970562   0.164679  -0.613577    1.00042    0.58249
 -0.268184   -2.53071  -0.716096    1.06304 -0.0561054  -0.040773   0.254991   -0.66002    3.90963
  0.192799     1.5099    0.52563    1.09059   0.380461   0.778135   0.600382   -5.40162   0.580891
   6.68883  -0.967238  -0.870612  -0.590503  -0.213294  -0.440704  -0.449591   0.356282  -0.108993
  -1.84325   -1.37571   -2.97503    1.49785  -0.237219   0.273472     2.3992   -0.30526   -1.38935
 -0.325605   0.634185   0.833578   -2.55036  -0.659007  -0.162962    3.68359  -0.830441  -0.639249
  0.795143     0.6859  0.0856339  -0.972558     1.4996   -5.38888    1.05347   0.491854     1.8876
  -1.96949
  -1.14472
    3.4163
  0.743827
  -3.34183
   -4.2322
     2.348
    3.3047
   4.99057
  -2.71982
  -4.22652
 0.0806334
  -2.30456
   -0.7037
  0.746146
  -1.63461
  -0.95404
   1.33661
   2.46557
  -0.91816
  -3.90263
   3.89246
  -1.12269
    3.7833
  -1.60402
  -2.75213
   3.18443
0.00250595
   0.21031
   0.98486
1
1
30 30
  -0.355264    -0.54855   -0.435813     1.25585    0.325826    -1.13502    0.124809     1.13692    -0.74099    0.276719     0.24549    0.664709    -2.25785    0.625161   -0.427383   -0.479925    0.531176    0.996095    -6.03418    0.996453    0.643485   -0.272606   -0.586925     0.73378   -0.477963    -1.16758      1.4818   -0.356041   -0.634553   -0.854326
  -0.635682  -0.0469785   0.0550514    0.202967    0.401646     1.03602   -0.371465    0.285322     -0.1071    0.890073    0.718558     -0.4744   -0.376785    0.247446    0.637786   -0.487294  -0.0496706   -0.610217    0.727116   -0.438616   -0.553933   -0.707367   0.0526952    0.123169    0.145598   -0.222387    0.492009    -0.89102    -0.45934    -0.28582
   0.561622      1.0263    -2.89281    0.520783    0.145742   -0.602789    -1.26877   -0.321813    -2.82483   -0.415703    0.872102    0.930143   -0.340468    0.194744    -1.07789    0.761397     -0.4819    -0.37698    -1.31296    -1.35395    0.876653   -0.168176   -0.295299   -0.537623     1.98235    0.172647    -2.26031    0.390247     1.13537    0.182017
   -1.60831   -0.733119    0.570262    0.284662    -3.67261   -0.912659     -1.7858    -1.66421    0.485387    0.629073    -1.07403    -1.14369   -0.562225    0.889386     1.46003    -3.77676    0.292854   -0.484149   -0.343113    0.238985   -0.687528     1.23858    0.110265    -1.72032     0.93162    -1.62096    -1.19752   -0.288075   -0.550731   -0.180168
   -2.96661     0.82951     1.46383   -0.030985     6.05058    -1.20213    -0.26672    -1.30847    0.137118     -1.6467      1.0798   0.0681834   -0.565162   -0.403144     1.32454    -2.38584     2.11899    -1.02798   -0.770902    0.435186    -1.26806     1.76136   -0.241512   -0.623971    -0.43599    -1.32755     -2.8125    -3.34635   -0.585722      -1.191
    2.73111    -0.87164    -1.28051   -0.357308     1.79666    0.946635     3.84625    0.959185    -1.68773    0.503614    0.244249    -1.29774   -0.445119    0.771597    -1.04214     3.32263    -1.05004    -1.78489      -1.032   -0.489469    -2.88328    -1.81256   -0.614386    0.319841    0.493084    -1.34249     2.08149     2.03371   -0.385571     1.90564
    1.82059     1.40412     4.27599    0.225556  -0.0127353    0.877951   -0.652667   -0.200443   0.0759014    -1.85419  -0.0335666      3.2646    0.753498    -1.52318    -2.38399     1.19734     -1.7974     1.03044   -0.762937    -2.25541     1.05057    -1.61276   -0.557215    0.563043   -0.029917     2.32432    -4.41476    0.389145     1.10488     0.15527
  -0.120663    -0.97482    -2.35101    -3.64835       1.488    0.376219     1.96128    0.664695     2.28882     1.52663    -2.20447    -2.76993   -0.632146     -2.2213   -0.310247   -0.585483  -0.0882784     2.71474     2.58235   -0.335479    -0.32077    -1.27489    -3.10013    0.366419    -3.63137    -2.61606     2.37754     1.39955     1.15313     -1.2028
    0.45975   -0.441674    0.189014    -1.00214    -1.46979   -0.995244     2.96917    -1.61863    -1.79835    -0.23297    0.338384   0.0205145    -3.56303    -2.37836   -0.945328     1.43605    -1.41122    -1.92868       1.469     4.22082    -1.26528   -0.701344   -0.347742    -1.73155    0.533844    -1.15828    -2.37378     1.93323   -0.608235     1.36405
    0.41172   -0.673434   -0.120993    0.238601    0.309505     3.25446     1.99948    -2.29443    0.114702    -1.49004   -0.774314    -1.39503    0.190702   -0.314619   -0.518865    -1.36919    0.622262    -0.03903     2.01686   -0.839112   -0.164282    -1.06604    0.515581    -3.76029     0.97685     1.02018    -2.50549    0.647724     1.65743    0.106906
    1.81865    -1.01027    0.257213  -0.0323198   -0.780154    -3.90025    0.846147    -3.28908    0.453467     2.56785   -0.919166    0.287984   -0.170667    -1.57635    0.744816  -0.0543735    -1.71585     1.04542    -1.09021    -2.37323   -0.491575    0.535332    0.137137     -3.0123    -0.89861    -4.07342     1.33843   -0.297602   -0.770397     1.53436
  -0.599301    -1.14936   -0.595192    0.363913    0.441397    -2.92564     2.17158     1.50559  -0.0489945    0.712896   -0.665614   0.0580088   0.0526477   -0.408461    -1.11953    -1.14352     1.49403    -0.11248     2.14759      1.6062    -1.08905    -3.61139     2.85869   -0.826321    0.571057    -3.85197     0.45484    0.437475   0.0993828   0.0387661
   0.774707   -0.531921    -1.23116    -1.65181    0.458461    -4.35974    -2.14013     3.49378   -0.914913     2.56092    0.179077   -0.570702    0.182459    0.136527    0.845964   -0.478163   -0.341172    -1.46542    -2.77922   -0.818922     3.28342   -0.283628    0.110959     2.84287      1.0334    -2.59021     4.44041   -0.179168   -0.613267    -1.98325
  0.0521989    0.494295    0.234643   -0.914687     1.93648     1.76024    -3.30731    0.733661   -0.259336   -0.197116      1.5266    -0.59891   -0.121785    0.207725    0.334056    -1.30994    0.558302     -0.9785   -0.332451    -1.24819   -0.667838    -3.76924    -1.28226    0.834983   -0.521495   -0.767395   -0.880383   -0.861595    -2.16052    0.581507
   -2.52869   -0.283075    0.257374 -0.00372018    -2.09924   0.0660099    -1.34881    0.170871    0.125599    -0.68521    -1.46955   -0.385007    -2.04428   -0.381542     2.25003   -0.390813    0.199358     1.86164     2.50833    0.344594   0.0107131    -5.02397    -1.00886   -0.431448    0.953121   -0.683493    0.191285   -0.283099   -0.949324    0.045133
   -3.26969    0.426223    0.819831     1.45587   -0.660967    0.560121     1.83431    0.502427    0.279407    -1.34636   -0.793658     1.29303    -1.71117    0.198729   -0.791286     1.21208     1.60266       1.707    -6.03568    0.380843   -0.792589   -0.208915   -0.742757     0.26354   -0.849288   -0.815877   -0.634814     -1.0572     1.03945     -1.1039
  -0.971301  -0.0956824   -0.767209     1.46916    -1.91249    -1.73087    0.350933    0.494098    -1.91272    0.172684    -1.00338    -1.23548     2.98218     1.33975     1.86476    -1.26127    0.730685     1.60887     2.15517    -2.19196    0.109524     1.64628    -2.29684     1.18222  -0.0359278    -1.45662    0.303772    -3.33197    -3.65697   -0.296166
   -1.87838     1.47585    0.690938   -0.973675    -1.03452   -0.747233    -3.03091    -1.79759    0.498024    -0.12284   0.0647305   -0.268643    -2.23966      1.0477     3.42384     2.46629     2.33507    0.124428   -0.305928   -0.121932    0.505684     3.76643    -2.30461   -0.450046     1.29793    0.293313    -2.99659     1.48037    -1.63442   -0.596213
  -0.446586    0.345002   -0.574184    -3.94752     2.67975     1.32473     1.74868   -0.220329     2.35601     1.97348    -2.03943    -1.91333     1.56078    -1.33418     1.39956    -1.10774    0.356927     1.77085     1.01044     2.57547     1.50813    -1.26277    -2.65595    0.179134    -4.91057    -1.23963     2.05918     2.15892   -0.272339     -1.1097
    1.29967   -0.588107   -0.940577    -1.69983    -1.26492    0.244463    0.118556    -1.64087     -0.8071    0.482684   -0.233788    -1.88388     2.29418    -1.11602    -1.35369    -1.08356    -2.31819    -2.64428    0.811133    -2.06533     2.09603   -0.475535   0.0139308    -2.41568   -0.423272   -0.125387    -1.20124     1.67052  0.00866841    -1.61191
    -1.1868    0.886716   -0.567946    0.443401    -1.40819     -1.0757    -2.69686    0.156675    -1.42859    -1.22811    0.511883    0.276515   -0.653465     1.36167    0.823532   0.0864886    0.952882   -0.385067    -1.62034    -1.11873   -0.512999    -2.61678   -0.410269   -0.839004     2.59271   -0.288566    -2.34958    -1.06857    -1.26978    0.244845
   0.733848   -0.726268   -0.381091     1.87008    -1.33234    0.129714     1.04613    -1.06816   -0.961259  -0.0918497   -0.624004    0.230239    0.178202   -0.184856    -1.02488     -2.7841  -0.0392248   -0.576496     1.50757   -0.878979     5.18668    0.319314    0.497175    -1.90282   -0.795848    -1.38733   -0.741222    0.710496    0.946648    -4.11996
    1.93862    -0.10807   -0.896458      -3.116   -0.499384    -1.92031    -1.29368    0.222948  -0.0406791   -0.238986    -1.50384    -2.06983     5.15768   -0.964151    0.160091    -0.86706    -0.24596    -4.01896      1.2382   -0.971782   -0.516966    0.610853  -0.0502104    0.696558   -0.835154    0.150752     -0.9868    0.556496   -0.758665     1.49698
   -0.69605    0.110579     1.01341     -2.7161    -1.71926   -0.759528    -2.29564  -0.0248307    0.453237    -1.40052   -0.356182    0.531157    -4.69268     -2.9457    -2.25464     1.01494    -1.08729   -0.849264     -1.1242     4.43851   -0.800173     1.02752    0.738929   -0.148841    0.335102     1.41257   0.0460618     2.40096     1.23437     -1.7023
   -1.37586   -0.784632    -2.27246    0.346186    -1.64837   -0.786942     -0.4371    0.780156    -2.06037    -1.05437   -0.541894    0.267935     -1.4777    -1.43087   -0.589311    0.227146    -1.20254    0.948574     1.55766    -1.12912    -1.27592    -1.14746    0.316224    0.145011    0.527084    0.934408    -1.01032    -0.53562     1.45958    0.199293
   -2.08305     0.83835     1.39337   -0.284092    -1.15765    -1.22536    0.090407      1.3469     1.15628    0.223865    -1.62438     1.22206   -0.151216    -1.02461     1.48277   -0.113336    0.490868     1.02073    -2.19417   -0.216476    -0.94623    -5.23901    -2.49159     1.03845   -0.486657    0.790582    0.501027   -0.468935    -2.08772   -0.699264
  -0.807901    -0.55344   -0.752833    0.303167    -1.47191     5.20543   -0.819451     1.46243    -1.12708    0.449551   -0.984582    -1.11048    -1.30011     2.50586    -0.27151    -1.48421     2.11626   -0.603739   -0.684768   0.0353295    -2.15607     2.19947   -0.189256    0.912655    -1.49092    -2.21135     1.11849     -1.1756    -1.81554   -0.956252
  -0.190369     1.34181    -5.79446    0.721897   -0.334706    -1.11324     1.09747    0.582537     -4.0432     -1.1809   -0.130455     1.73389   -0.507719 -0.00960322   -0.625017   0.0976382   -0.361407     2.52189     0.14385   0.0554782    -1.16424    0.977072    -2.13623     1.08789     -1.9786    0.420622   -0.387991   0.0833625    0.160873    0.857761
   0.503921   -0.709418   -0.571051    -1.06271   0.0178906    0.575825     2.21463   0.0200704   -0.131171   -0.228398    -0.25239   -0.606751     1.38735     -2.4888   -0.995051    0.891338   -0.733377   -0.277473     -1.6414    0.279784    -0.69567    0.228311    -0.69627     0.59935   -0.735747     3.13062   -0.179265    0.445708    0.335628    0.473069
    1.12288   -0.915957    -1.26304   -0.797574   -0.540774   -0.809564   -0.422349 -0.00818966    -1.39215    0.659772    -0.18166    0.753857      -0.371    -1.61307    -2.04884    0.300828   -0.985534    -1.02813   -0.428797     1.10644     1.08906   -0.682484    0.538288   -0.223112   -0.587624   0.0185851    0.802028    0.648133    0.476047    -1.99508
 -0.943564
  -1.29241
 -0.188915
   2.22725
 -0.365611
  -2.71671
  -1.44156
  -2.22986
 -0.789462
 -0.281833
-0.0345088
  -0.70213
 -0.118719
 -0.347291
  0.928406
 -0.568364
 -0.940737
   1.05795
   2.41725
 -0.108699
 -0.430119
  0.249446
   1.35434
   -1.0916
 -0.760387
 -0.629642
  -2.59862
   1.41895
    -1.838
 -0.199852
1
4
30 10
    1.70563    0.765279   -0.980449    -2.52159    -0.32398     1.10341    -1.84202     2.70189    -1.81818    -5.00266    -5.27211   -0.694615     2.97305     1.55715    -1.21455    -1.37347     1.25914    -2.05804   -0.685204    -1.41778   -0.901663   -0.842387    -0.49837     1.00231   -0.650962     1.16226     2.71216   -0.661972    0.754848     1.44107
  -0.613757    -1.03514    -3.78634    -2.94208    -0.25025   -0.236759     3.56521    0.151081     1.87098   -0.872992   -0.503617    -1.04753    -1.14302      1.5796    -0.72765     1.42243  -0.0810253  0.00749095    -1.16223     1.12055    0.604926    0.340084    0.640119     1.74934    -2.06286    0.907584    -1.73469    -9.25531    0.777891   0.0998292
   0.404013  0.00945611    0.464157     2.94011      -9.883    -3.89876    -2.43581    0.216961    -1.84642     2.38888    0.882667  -0.0291441   -0.963709    -1.44119     3.30566     1.64799      2.3635   -0.396585    -1.99146   0.0644332      3.2898     1.48236     2.05547     1.68531     1.48308      1.2992     2.99775    0.272254    0.612708    -1.79071
   0.973169    0.176392     1.16075      1.6507     4.53235   -0.412433   -0.784655    0.201289    0.405826    -1.05518    0.738592    -2.36902    0.606985    -5.47789    -3.09875   -0.183249      1.4129     3.70172    -2.31362   -0.486377    -1.78096   -0.364112    0.977788     1.55946    -1.12484    -5.20031     2.99888     1.63113   0.0386902    -1.35573
   -5.54514     1.72272    0.855344   -0.845112    0.164319   -0.024067  -0.0160607     1.16662     2.06876      1.7519    -0.56415    0.909917   -0.498468      2.4985     2.41555     -4.1113     0.12025    0.616607   0.0859305     -2.7871    0.287986     2.47302    -8.18985    0.157781     1.30646    -2.23667    0.624763     1.28018    -1.06695     1.29147
    1.07095   -0.113948   -0.226045    -0.21471     1.35164     3.33943    -0.43068     1.40787     2.72006     2.58656      1.3843     1.03709    -1.67993    -1.50123   -0.204491     1.77067    0.745859    -2.04443    -1.93396    -2.78637    -1.39153    -7.34112     1.24837   -0.166992    0.912277     1.19243     1.08371    0.580804     2.55921    -2.27223
  -0.256529   -0.292651     3.89346   -0.181892   -0.564253     1.13689      1.8207     1.13624     -5.7109     1.33644     0.60095   0.0500254     0.80741   -0.745372   -0.943196     1.45732    -6.11648   -0.960696   -0.146111       3.222   -0.178808     1.79465     0.90463    -9.05969     1.59588    0.100319   -0.627147     1.31447   -0.377283  -0.0601421
    1.27324   -0.447454   -0.949654      1.5279     3.35783    0.215963   -0.636705    0.538982     1.72648    -2.01501     3.83385     2.19323     1.72778    0.785087    0.550748    0.584922    0.859875    0.959542   -0.596327     3.33288     3.11205      1.1153    0.696694    0.621932    -2.12613    0.684929    -7.30742     1.08635    -1.77598    0.594889
    1.09259   0.0191721   -0.580534   -0.098244     1.49509   -0.683698     1.35452    -7.67074    0.221464   0.0684846   -0.415396   -0.734013    -1.51042     3.13768    0.327351   -0.541481   -0.467003   -0.142373     8.06228   -0.513969    -2.81301     1.09911    0.943701     1.37361    0.749335     2.43573   -0.653339     3.42297    -1.32881     1.94203
  0.0597169    0.497591    0.174057    0.076161   -0.230206  -0.0326674    0.155408    0.182592    0.135037    0.021708   -0.139108   0.0822107   0.0371169   0.0169292   -0.108173   0.0856437   0.0289958   0.0889399    0.131915    0.193229     0.16358   -0.341829 -0.00940312   -0.104718    0.151622  -0.0583362   -0.173551   -0.170543   0.0594114    0.376186
    1.099
  3.00153
-0.132492
-0.620654
  3.32768
-0.674264
  2.34125
 -3.02801
 -5.99225
-0.210356
