3 16 0.5 3000
1
1
9 30
    2.16696    0.668363    -4.10905    -1.51711    0.954829    0.228639    0.547917    0.171745    0.762253
   0.473784     1.43521   -0.384821     2.15456    0.368921 -0.00248868   -0.317043     1.22961     1.35383
   0.398469    -6.99542    0.868688    0.891634    0.320489    0.844476     1.27345    0.599269     1.13443
  -0.687489    0.791953    0.153681    -1.04496    -1.77574    0.843022   -0.834971  -0.0645164     3.84881
   0.226344    0.644985     6.73799    -0.85019   -0.758685   -0.733763    0.184849   -0.834836   -0.490698
  -0.632744   -0.141968   -0.795893   -0.499289    -1.61005    -1.00575    -1.47806     7.28225   -0.582262
  -0.263169   -0.493005   -0.319648    -1.38927   -0.554234     6.36209   0.0852092   -0.420394    -1.17758
   -6.62604   -0.903594     0.62258    -1.11965    0.240313     1.24198    0.386535    0.317089     1.56468
   0.178947    -3.73019    0.184296    -0.25019   -0.158222   0.0496776 -0.00942407     1.62368    -2.64505
    2.51057    -2.81282   -0.222814   -0.361878   -0.893167  -0.0443606    -1.59575     2.99717    -0.71445
   0.324629   -0.566279     3.71418     -0.2701    -1.75565   -0.711542    0.764697   -0.269117     1.99718
 0.00887335     2.14689    -1.23946    -0.79567    -1.82575   -0.407392    0.671208     0.82239     2.35567
 -0.0111592   -0.758038    0.355004    -1.47092     3.78465    0.659956    -1.64931   -0.500424    0.456392
  -0.789988    -1.97095     -3.0117    -1.27703     -2.0741   -0.976108    -1.59758     2.48395     2.93285
    1.65014    -1.22128    0.654007     4.53359   0.0096208    -1.30747   -0.499409    -1.49823    0.963633
     2.1134     2.46224    -5.38956    0.753027    0.254264     1.81276    0.636793    0.234389    0.105481
   -1.71539   0.0765315    0.791905     1.89324   -0.418201  -0.0164597   -0.322318     2.60178    -1.81415
     1.5773     2.46145    0.540089    0.305658    -3.63014    -1.66001   -0.783114   -0.499541    -2.06782
    -1.1715    -1.08605    -1.68139    -1.75357     6.03172    -1.36902    -2.02031   -0.982877    -1.87314
  -0.726609   -0.636096    0.557985   -0.458253   -0.468651    -1.06909     6.64646    0.225107    -0.63738
   0.153913    0.129074   -0.252368    0.220854   -0.929815     5.79119   -0.194934   -0.838874   -0.507893
    1.26524     1.39364     1.42161     -7.3062    0.820293     1.48068     1.34453     1.38716     1.67089
  -0.314054    -1.26757  -0.0924531    -1.89208   0.0660395     -1.6493     1.12338    0.577407     3.00114
   -6.24625     1.19836    0.232625    0.276654     1.31287    0.162156   -0.846568     1.27865    0.881999
  -0.523099    -2.40646   -0.761967    0.651907   -0.291043    0.172143    0.117993   -0.985594     4.01735
  0.0261936     1.51168     1.11741     1.12331    0.127001    0.786996    0.423986    -5.43488    0.614293
    6.97031    -1.37818    -1.16338    -1.01127   -0.374867    0.170649   -0.151764    0.657932  -0.0308176
   -2.10039    -1.13819    -3.08341     1.63653    0.421054    0.241905     2.98703   -0.963874   -0.891725
  -0.511634    0.786965    0.765364    -1.59204   -0.261086    0.124042     4.29232   -0.451517   -0.960768
   0.851736     1.27815    0.637692   -0.388434     1.42961    -5.58992     1.24178    0.794932     2.08306
 -1.55546
 -1.05276
  3.60674
  1.29697
 -2.44364
 -4.41546
  2.34942
  2.50737
  5.29611
 -2.15088
 -4.20105
 0.149718
 -2.10201
-0.795174
  1.35356
 -1.71826
 -1.03518
  1.64968
  3.00137
 -1.00847
 -3.90379
  4.84514
 -1.67212
    4.073
  -1.8961
 -2.93642
  2.76403
-0.972597
   0.2098
 0.569265
1
1
30 30
   -0.431489    -0.593154    -0.816218      1.34853     0.525821    -0.808473     0.459651      1.24156    -0.942657     0.432308     0.220651     0.718329     -2.18125     0.911374    -0.525426    -0.690487     0.674263      1.15921     -5.95234      1.24004     0.230182    -0.174501     -0.57344     0.898483    -0.454174    -0.962224       1.6391    -0.287829    -0.716755    -0.648291
   -0.961823    -0.177694   -0.0457896     0.133912     0.776307     0.871959    -0.666175   0.00481707    -0.444034     0.792908     0.855912    -0.639491    -0.413746     0.154029     0.595337    -0.723625      -0.1422     -0.68049     0.519755    -0.621945     -0.56077     -1.05861    -0.145092       -0.322    0.0142676    -0.274951     0.228906     -1.20954    -0.593136    -0.487394
    0.650484      1.18397     -3.05143     0.248606     0.135209    -0.653902      -1.4337    -0.307675     -2.82465    -0.411634     0.865329     0.989805   -0.0112156    -0.311896    -0.755632     0.739859    -0.473496    -0.816462     -1.07728     -1.31453     0.795968    -0.572486    -0.639552    -0.593381       1.9425     0.257571     -2.48854     0.421038      1.16962     0.234332
    -1.70135    -0.752319     0.956021     0.284505     -3.73987    -0.665881     -1.70046     -1.62011     0.968655     0.617241     -1.40497     -1.20201    -0.239086      1.28995      1.52119     -3.87157     0.619275    -0.715385    0.0838932     0.118183    -0.634443      1.33436    -0.149678     -1.67705     0.898341     -2.10475      -1.1306    -0.265699    -0.705952    -0.228944
    -2.93511     0.996916      1.45002    -0.402187      6.33003     -1.81705    -0.465323     -1.40935     0.314577     -1.86302      1.03857      0.14262     -0.48483     -0.63493      1.85416     -2.39371      1.69396    -0.565459    -0.327063     0.704501     -1.32498      2.21033    -0.307206    -0.335543     -1.45252     -1.43882     -2.15373     -3.35178    -0.446871    -0.608275
     2.58313    -0.813654     -1.26082    -0.398273      2.41948      0.81421      4.42841      1.11403     -1.90231     0.645036     0.543372     -1.17044     -0.26155      0.41237     -1.27692      3.36847     -1.22732     -1.67514     -1.17668    -0.184965     -2.93685     -1.84242    -0.559619     0.452593     0.293776     -1.41837      2.12676      2.24361     -0.13789      2.03313
     1.83767      1.21932      4.59723     0.680248     0.110366     0.733187      -0.8638    -0.328583    0.0141999      -1.3971    0.0542578      3.64012     0.250142     -1.79372     -2.11323      1.51266     -1.98364      1.79403      -1.5266      -2.0366      1.22894      -1.6604    -0.647949     0.417923    -0.351429      2.72115     -4.89489     0.274232      1.35334     0.316792
    -0.33023      -1.3553     -2.53588     -3.66176      1.53615     0.492264      2.17457      1.00109      2.35332      1.61068      -2.3299     -2.49861     -0.98849      -2.2995    -0.756593    -0.445792     0.223798       2.8558      2.45263     0.176224   -0.0699041      -1.0733     -3.07413      0.42002      -3.7319     -2.59562      2.44131     0.852245      1.47345     -1.16005
     0.54324    -0.372048    0.0406612    -0.640888     -1.45685     -1.10327      3.46761     -1.80085     -2.25187     0.024978     0.302637     0.103257     -3.49957     -2.43517     -1.10147      1.66941     -1.81702     -1.14848      1.32562      4.20914     -1.34056    -0.534013    -0.149992     -1.77819     0.397506    -0.632749     -2.62425      1.89889     -0.34805      1.55629
    0.288218     -0.66368    -0.216039     0.673258    0.0791124       3.2027      2.22976      -2.4971     0.428246     -1.59166    -0.997748     -1.16279   -0.0804403     0.199437    -0.639845     -1.36188     0.854918     0.743735      1.96223    -0.761649    -0.352131     -1.34657     0.640343     -4.19058       1.8106     0.642257     -2.91479     0.768271      2.00733     0.443773
     1.80359     -0.94153     0.348512    -0.137586    -0.764144     -3.95516      1.04615     -3.15129     0.588102       2.5061    -0.980377     0.411678   -0.0180552     -1.47145     0.688782    -0.219319     -1.68785      1.10478     -0.81549     -2.35995    -0.423722     0.609111     0.141281     -2.93663    -0.887925     -4.05684      1.48681    -0.595726    -0.857166      1.67795
   -0.304499    -0.958284     -1.62481     0.415574     0.619732     -3.54038      2.39525     0.932244    -0.489216     0.955682     -0.44576    0.0522639     0.199771    -0.819375    -0.899878    -0.621726       1.5189     0.355102      1.90101      1.67875     -0.74644     -3.89343      1.99907     -1.46377     0.194941     -3.78541     0.333508     0.623335   -0.0925464    -0.282213
    0.869773    -0.949617       -1.486     -2.45792     0.947595     -4.46007     -2.17004      3.75944     -1.24114      2.96308     0.226899     -1.00438     0.932224     0.708408     0.710448    -0.211708    -0.187737     -1.95262     -2.05188    -0.310126      2.95491    -0.199787     0.571502      2.87544     0.834103     -2.76302      4.54686     0.182425    -0.752949     -2.04535
    0.139945      0.27398     0.117584    -0.937279       1.9301      1.36155     -3.27705     0.551122    -0.491086    -0.317069      1.71698    -0.768074    -0.141203    0.0275518     0.162967     -1.24268     0.295587     -1.01546    -0.778986     -1.35408    -0.663419     -3.97972     -1.41172     0.639452    -0.564423    -0.635438    -0.542336    -0.903437     -2.15636      0.30154
    -2.73705 -0.000755265     0.280438     0.422063     -1.70346     0.337023     -1.09125     0.803046    0.0270928    -0.656003     -1.48584    -0.299078     -2.22652    -0.565233      2.66922    -0.340831     0.572536      2.02849      2.69673     0.346176   -0.0413318     -5.36299     -1.32977    -0.153009     0.812844    -0.312149     0.143471    -0.591787    -0.742725    0.0867602
    -3.75939      0.40047      1.06894      1.21333    -0.454978     0.712081      1.84915     0.509214     0.268203     -1.42738    -0.728927      1.19044     -1.81588    -0.534661     -1.12346      0.70896      1.66932      1.56863     -6.16456     0.639938    -0.833787    0.0770704    -0.663243       0.3057    -0.922709    -0.439681    -0.713013    -0.966457      1.19721    -0.738039
    -1.28438   -0.0797955    -0.190905      1.84956     -1.83854     -1.37811     0.905531      0.83592     -2.03965      0.26141     -1.05652     -1.13476      2.64613      2.08409       1.8756     -1.69022     0.474939      1.64628      1.96725      -2.0617    -0.439156      2.12004     -2.45932       1.5402    -0.172382      -2.0445     0.870358     -3.80705     -3.67725    -0.201961
     -1.6652      1.62631      1.02177    -0.896471    -0.736517     -1.26387      -3.4915     -1.74678     0.586792    -0.924842      0.16414     0.324407     -2.14137      1.20119      4.10792      2.52255       2.0622     0.276642    -0.468666    -0.132152    0.0862348       4.1203     -2.19997    0.0180996      1.15158     0.159919     -2.93598      1.26073      -1.8434   -0.0454451
   -0.317435     0.578531     -1.43496     -3.90621      2.54228      1.31146       1.5455    -0.487014       2.1092      1.60509     -2.05568     -1.83069      1.87678     -1.75814      1.17807     -1.09629    0.0304484      1.66358       0.8222      2.46372      1.65938     -1.69986     -2.72473     0.054369      -5.2096    -0.508188      1.64937      2.41508   -0.0482573    -0.916714
     1.26721    -0.614052    -0.958319     -1.82686     -1.29341     0.281271     0.140491     -1.77586    -0.790658     0.705457    -0.242074     -1.88734      2.26728      -1.2021     -1.26886     -1.12543     -2.30906     -2.59353     0.852668     -1.91513      2.01684    -0.434668   -0.0958615     -2.54413    -0.549361    -0.235521     -1.21426      1.80934    0.0725418     -1.61469
    -1.23733     0.874763    -0.517643     0.308865     -1.15477    -0.966607     -3.01627    0.0415582     -1.42933      -1.1191     0.478959   -0.0544561    -0.443559      1.29681     0.822051  -0.00475357     0.939841    -0.628301     -1.27398     -1.42726     -0.53634     -2.72014     -0.36848    -0.987022      2.71688     -0.33299     -2.46664     -1.38991     -1.31997     0.386606
     1.04557    -0.804637    -0.603886      2.21304     -1.27964    -0.172986     0.956762    -0.980226     -1.02682    -0.134347    -0.492249     0.439291    -0.104487    0.0653093    -0.918305     -2.41465    -0.276581    -0.414083      1.44202      -1.0222      5.47695     0.283899     0.548733     -1.86977    -0.721102     -1.38079    -0.824701       0.5208     0.907057      -4.1296
      2.0502    -0.285433    -0.832877     -3.08336    -0.705141     -1.91016     -1.04823     0.217881   -0.0583984    -0.197315     -1.44989     -2.21146      5.23344     -0.69687     0.376343    -0.877853    -0.419774     -4.31648       1.2998    -0.842656    -0.715168     0.784111     -0.23236     0.693007    -0.462578     0.337215    -0.910173     0.624364    -0.649666      1.69527
   -0.735646     0.176963      1.39456     -2.24455     -1.95983    -0.537776     -2.61413     0.462869      0.53806        -1.56    -0.363459     0.789314     -4.32122      -2.3577     -2.18759     0.887006    -0.798957      -1.2119     -1.21228      4.75629     -1.04045      1.22321      1.15328     0.377316      0.73303       1.2114    -0.327579       2.9297      1.37419     -1.28227
    -1.43487    -0.964282     -2.33459     0.237735     -1.65061    -0.786664    -0.483985     0.755642     -1.95395     -1.05158    -0.530952     0.190779     -1.50891     -1.42982     -0.60358     0.222984     -1.16892       1.1382      1.24457     -1.04226     -1.43014     -1.57781     0.144915      0.10911     0.448362     0.851361     -1.00657    -0.423425      1.45071     0.203171
     -2.0295     0.812979      1.19627    -0.502213    -0.947887     -1.09427    -0.140527      1.32459      0.90297     0.685592     -1.57411      0.50288     0.464483     -1.06648       1.9447    -0.179138     0.751756     0.734774     -1.89346    -0.606004    -0.915512      -5.4585     -2.59416     0.932937  -0.00245558     0.825994     0.690702    -0.532583      -2.6352    -0.798544
   -0.371251    -0.308047    -0.489107     0.480585     -2.04416      5.84151    -0.653953     0.944767     -1.21267     0.975143     -1.14938     -1.01763     -1.64717      2.78929   -0.0215466     -1.22136      2.23001    -0.307314    -0.616335    0.0478545     -2.13317      2.01208   -0.0139312     0.317909     -1.22958     -2.17562     0.784872     -1.23739     -1.96409     -1.03453
  -0.0565329      1.21005     -6.16808     0.443599    -0.263811     -1.05847      1.04323     0.370989     -4.16833      -1.2076   -0.0875525      1.34094    -0.558079    -0.631189    -0.961188    -0.136018    -0.261388       2.5541     0.159578   -0.0265942     -1.30421      1.12377      -2.4266      1.04906     -2.58352     0.234184    -0.221143     0.291311     0.317544     0.728419
    0.352185     -0.62508    -0.204381    -0.899972     0.192075     0.916003      2.38402   -0.0481452     0.102766    -0.483456    -0.331898    -0.503004      1.27617     -2.65068     -1.61206     0.563705    -0.888646    -0.133281     -2.02887     0.400176    -0.276029    0.0441674    -0.583399     0.586987    -0.691545      3.56132     0.210067     0.358932     0.722648     0.635443
     1.14576    -0.830238     -1.61057    -0.976846     -0.59246    -0.719015     -0.87787     0.197951     -1.63953     0.631091    -0.206457     0.650588    -0.438563     -1.63927     -2.06897     0.247065     -1.01054     -1.38409    -0.684858      1.23261      1.11945    -0.784346     0.297325   -0.0150386    -0.443522     0.209679      0.81117     0.741359     0.410794     -2.17658
 -0.866113
  -1.60401
 -0.207375
   2.66835
 -0.240783
  -2.89821
  -1.41062
  -2.31484
 -0.709285
   0.12383
  0.120051
 -0.650239
 -0.338957
 -0.586744
   1.09933
 -0.606484
 -0.973087
   1.19441
    2.3776
-0.0615945
 -0.478155
  0.154857
   1.32738
  -1.01038
 -0.803175
  -0.73765
  -2.65507
   1.27213
  -1.88373
 -0.315084
1
4
30 10
      1.634      1.2112   -0.932143    -2.71953 -0.00826804     1.98285    -1.86684     2.43499    -1.67313    -5.32959    -5.49718   0.0627768     3.69775     1.70253   -0.639087    -1.54686    0.597181    -2.00777   -0.469709    -1.38365    -1.00526   -0.165044   -0.408967     1.19342   -0.515973     1.18806     3.00675   -0.546782     1.37002     1.64476
  -0.678913    -1.24537    -3.81856    -2.91986   -0.376962   -0.664466     4.45815   0.0557059     2.29304   -0.994483   -0.733903   -0.896694    -1.92533     1.58928   -0.731785     1.51951    0.118969   -0.523832    -1.88854    0.834236    0.960119  -0.0429858    0.399115     2.10707    -2.04526     1.32233    -1.80196    -9.76235    0.826816   -0.401752
   0.802626    0.177564    0.334877     2.35409    -9.95187    -3.83315    -2.30017    0.503951    -1.79668     3.10991    0.900556   -0.421028   -0.738522    -1.51215     2.95538     1.04175     2.05613   -0.578239    -2.21485   0.0186562     3.49261     1.38739     1.82341     2.12087     1.52743    0.861524     3.67519    0.489355    0.825573    -1.92595
   0.962675   -0.140879      1.5169     2.21597     4.04119    -1.09997   -0.584986   -0.823182    0.565806    -1.75261    0.429301    -2.16621    0.925693    -5.50765    -3.12485  -0.0277314     1.27684     4.45993    -2.37397   -0.450584     -1.8403   -0.136325     0.99504     1.48315    -1.23981    -5.25192     3.08905     1.65638   -0.446564    -1.07379
   -6.01241     1.87589    0.463141    -1.40973    0.109065    0.231876    0.706778    0.973672     2.19535     1.44216   -0.362027    0.647293    -0.41767     2.57303     1.86297    -3.57116   -0.282327    0.582125   -0.627847    -2.79314    0.466421     2.76604    -8.47281    0.269967     1.46786    -2.41054    0.553656     1.02006    -1.74005     1.15317
    1.04143   -0.617961    0.268107   -0.478525      0.5122     3.48595   -0.726441     2.02285     3.06937     2.68924     1.26826    0.607977    -1.59534    -1.75386    -0.88487     1.99995     1.40367    -1.21504   -0.863533     -2.7551    -1.50286    -7.74198     1.60171    0.277162    0.902045    0.702601    0.719305    0.996558     2.68303    -2.33639
  -0.476599   -0.637247      3.8389   -0.411197   -0.603125    0.694156     1.46812     1.19743    -5.81795     1.28755     0.82137 -0.00682304    0.407356   -0.645813   -0.646391    0.997072    -6.74956    -1.55338   -0.216261     3.48836  -0.0440914     2.26398    0.252513    -9.36072     1.54592   0.0734285     -1.1035     1.55208    0.531785    0.150116
    1.27984    0.211888    -1.00079     2.10611     3.87821    0.461242    -1.73081     1.19077     1.65227    -1.48324     4.40405     2.32126     1.64388      1.0716    0.459124    0.286728     1.56017    0.362166   -0.222911     3.27969     2.60494    0.673737     1.33696    0.170814     -2.2025     1.09361    -7.42213    0.844055    -2.47227    0.388848
    1.55151  -0.0312581   -0.819789    0.577719     2.27934   -0.718512     1.17067      -7.706   -0.849974    0.217466   -0.545327   -0.832642    -1.67815     2.87539     1.16017  -0.0253772    0.115958    0.157243     8.19697   -0.490303    -2.90273    0.752091     1.25164    0.661379    0.642552     2.76638   -0.621733     3.42157    -1.38403     2.29149
  0.0309275    0.235522    0.141997    0.096729  -0.0160854   0.0230864    0.110268    0.052157   0.0562818 -0.00250356  -0.0546155    0.019081   0.0328286  -0.0461605  -0.0279956   0.0168909  0.00906905  -0.0203381    0.115302   0.0418221    0.126671  -0.0481983 -0.00533628   -0.146796    0.195231  -0.0456587  -0.0275865   -0.128201  -0.0262535     0.24371
  1.21825
  2.90761
-0.123607
-0.666313
  3.48002
-0.342423
  2.46122
 -3.44662
 -6.16633
-0.127525
