3 16 0.5 2000
1
1
9 30
    1.18085    0.886241    -4.26785    -1.30368    0.544779    0.157336    0.958605  -0.0859684    0.876189
  -0.305279     1.40792     -1.0952     2.06454    0.369912    0.149638   -0.330462    0.613422     1.20436
   0.316125    -6.11846    0.743442     1.07891    0.749863    0.845321     1.24719    0.387415     1.02585
   0.323182    0.737303    0.441967   -0.594037    -2.13218      1.3643    -1.66096   -0.839028     3.32845
   -0.25143    0.395884     6.47471   -0.404603    -0.48246   -0.330719    0.175392   -0.720821    -1.06398
  -0.480946  0.00965038   -0.417916   -0.955565    -1.55083    -1.06983   -0.833369     6.57926   -0.416583
  -0.144904   -0.309202   -0.566263   -0.843002   -0.873236     5.51372 0.000118074    -1.27706    -1.20618
   -6.16537    -0.43032     0.60273   -0.768853   -0.324566     1.14736  -0.0362677    0.603503     1.39048
   -0.12864    -3.73697    0.245468    0.460043   -0.244204   -0.709339     1.03142    0.946563    -1.85964
    2.45724    -2.30844    0.295876  -0.0160195   -0.940476   -0.291836    -1.04666     2.93537   -0.934568
   0.269617   -0.659414     3.88383   -0.562281    -0.76489   -0.502086    0.407934   -0.730391     1.36989
  -0.119315     1.79009    -1.48057   -0.483151    -1.14687   -0.404998    0.368232     1.07319     2.17756
    0.35318  -0.0967713   -0.263661    -1.45467      3.1952    0.383671    -2.41278   -0.226465   -0.127131
  -0.606244    -1.60184    -1.84748   -0.295247    -1.67424     -1.7014    -2.78544     2.45659     2.88509
    1.82342    -1.18778    0.501843     3.60142    0.210179   -0.752246    -1.41731    -1.71197    0.352355
     1.9679     2.15401     -5.3928     1.07584    0.296658     1.31711    0.673566   -0.206595    0.450998
   -1.82459   -0.194489    0.398994     1.56719    -1.29466    0.410508    -0.63195     3.09027    -1.40022
    1.10399     2.37911    0.647103    0.249702    -3.42287    -1.86941    -1.08751   -0.156624    -1.54518
   -1.61525    -1.22116    -1.17888    -1.38025     6.10542    -1.83585    -1.70605    -1.14009    -1.64038
   -1.21832   -0.590465     1.02933   -0.447763   -0.893519    -1.18381     6.30303    0.149988   -0.991915
   0.120641    0.160505   -0.409395    0.326326   -0.541706     5.79738    -0.60997   -0.897888   -0.328958
   0.965461     1.00496     1.14873    -6.97699    0.325509     1.26973     1.11339     1.35185     1.50794
   -0.17348    -1.42664    0.334366    -2.72666    0.407262    -1.24359     1.54846    0.837515     2.72139
   -5.64973     1.19646    0.156251    0.166953     1.17799  0.00556959   -0.595391     1.03602    0.321092
  -0.614516     -2.0589   -0.405524      1.4406     0.25649    0.359056   -0.156511    -1.64111     3.94209
  -0.238949     1.77101     1.05284     1.11676    0.727122    0.686681    0.164612    -4.71869    0.525483
    6.65604   -0.875422   -0.786006   -0.885481   -0.348151   -0.382526   -0.293651    0.552634   -0.520695
   -1.77196    -1.15504    -2.87684     1.53965   -0.318953   0.0269502     2.35427   -0.141073    -1.33319
  -0.213123    0.785436    0.250398    -2.25044   -0.874142   -0.316524     3.37846    -1.21656   -0.518519
    0.83915    0.551451     0.41426   -0.524022     1.68784    -5.33193    0.917111    0.502735     1.36807
 -1.23115
-0.843334
  3.53539
  0.88197
 -2.88125
 -4.80299
  2.10073
  2.52678
  4.84119
 -2.96225
 -4.13558
-0.106028
 -2.27591
 -0.35068
 0.649169
-0.885239
-0.370411
  1.19318
  2.28435
 -1.16703
 -3.70172
  3.80503
 -1.04498
  3.72141
 -1.50369
 -2.69344
  2.65569
-0.621695
 0.345245
  1.30927
1
1
30 30
  -0.568164   -0.546182   -0.210144     1.09241    0.180804    -1.32242    0.127288     1.09287   -0.501754   0.0506101     0.12721    0.713338    -2.17737    0.570274   -0.129592   -0.520644    0.439291    0.950657    -5.59393    0.584075    0.260851    0.317823   -0.787244    0.778404   -0.701143    -1.43712     1.87653   -0.656374   -0.648235   -0.386053
  -0.520395  -0.0733215   -0.126737    0.328085     0.36829    0.927801   -0.453999    0.178523   -0.153569     0.79677    0.943614   -0.511057   -0.297714    0.265764    0.538579   -0.387954  0.00380283    -0.60644    0.494417   -0.523838   -0.563936   -0.721107    0.112558    0.011195   0.0792132   -0.337831    0.354532   -0.920244   -0.455001   -0.323953
    0.43152     0.80909    -2.92542    0.459606 -0.00811669    -0.58271    -1.19792    -0.46023     -2.8997   -0.419423    0.781092    0.804025   -0.449935    0.141927    -1.25443    0.591361   -0.636717   -0.481791    -1.01864    -1.38182    0.819456   -0.144286   -0.236595    -0.68267     1.84468    0.181234    -2.27157    0.268665     1.09393     0.14555
   -1.23262    -0.37744    0.516762    0.194075    -3.31274     -1.0285    -2.21536    -1.55114    0.452662    0.412092   -0.991971   -0.840479    -0.37878      1.1198     1.07967     -3.4131     0.30908   -0.392257   -0.740344    0.648982    -0.46788     1.07014    0.141865    -1.43067     1.14758    -1.29932    -0.98645   -0.442404   -0.274744    0.473324
   -2.87643    0.445294      1.4012   -0.321003     5.97974    -1.24566   -0.525052    -1.15842    0.212516    -1.64583     1.18577   -0.179479   -0.272853   -0.679947      1.2088     -2.2943     1.93328   -0.814074    -0.73589    0.275719    -1.27066     1.60907   -0.228976   -0.649569   -0.715906    -1.11024    -2.55022    -3.09973   -0.682293    -1.10064
    2.38884   -0.909351    -1.22638  -0.0908349     1.26399     1.07437     3.81053     1.03584    -1.59785    0.328832 -0.00952383    -1.06953   -0.805701    0.645651    -0.87778     3.30412   -0.994636      -1.405    -1.14833   -0.824121    -2.51849    -1.82034   -0.898884    0.227566   0.0573318   -0.561051      2.2996     1.72775   -0.687684     1.64675
    1.39788     1.27274     3.64646    0.255447   0.0975335     1.37961   -0.249981   -0.739899    0.231969    -1.11343 -0.00198311     3.11149    0.783025     -1.5208    -2.55836     1.05768    -1.55282     1.32636   -0.834796    -2.29134    0.846098    -1.69922   -0.663534    0.231497  -0.0195778     1.97767    -4.46839    0.114157     1.20164   0.0561064
   0.101082    -1.05693    -2.63454    -3.27858     1.74256    0.148575     1.88369    0.751857     1.51845     1.85638    -1.97274      -2.401   -0.676702    -1.78364   -0.457297   -0.458146   -0.430989     2.39414     2.73415   -0.353765   -0.186602    -1.06063    -2.87783    0.379192    -3.59768    -2.72393     2.39881     1.34249    0.842019     -1.6161
   0.601386   -0.328445   -0.131712    -1.19482    -1.40548   -0.855989     2.71465    -1.72263    -1.68625   0.0700716    0.314445    0.160664    -3.69952    -2.19892    -1.06594     1.50532    -1.27971    -1.98934     1.31458     4.09436   -0.905903   -0.605324   -0.476077    -1.92835    0.302667    -1.48015    -2.14944     1.81705   -0.813521    0.987498
   0.173197   -0.686663   -0.111375    0.403947     0.21945     2.96513     2.00598     -2.2449     0.23247    -1.50997   -0.622424    -1.56549   -0.370054   -0.422506   -0.739208    -1.31901    0.701514     0.34991     2.00376   -0.495207   -0.239143   -0.541507    0.758834    -3.72008    0.499013    0.702472     -1.8166    0.803188     1.53054  -0.0144601
    1.81813    -1.06929    0.402791  -0.0273796   -0.866713    -3.82528    0.833024     -3.2494    0.558486     2.48468    -1.04305    0.155274   -0.272817    -1.74629    0.786012  -0.0221063    -1.73847    0.987789   -0.623818    -2.45731   -0.588035    0.680007    0.198868    -2.67921   -0.911126    -3.97823     1.44716  -0.0798682   -0.727888     1.69165
  -0.843555    -1.06142   -0.482713  0.00361384    0.409419    -2.30696     2.10969     1.45725   0.0177777    0.961924   -0.880956    -0.10082   -0.472814   -0.309802   -0.737782    -1.06664     1.58066   -0.269051     2.85066     1.78638    -1.19922    -3.75571     2.73695   -0.685315    0.524821     -3.5962     1.00266    0.123388   0.0727173   -0.323858
    0.93647    -0.92788    -1.44464    -1.57182    0.352404    -3.65185    -2.03142     3.25406   -0.943311     3.22853   -0.080951   -0.592009   -0.220327  -0.0520807    0.651922   -0.474633  0.00658611    -1.62659     -2.2575   -0.632972     3.71416   -0.182591    0.255178     2.55396    0.848736    -2.40132     3.96296   -0.358823   -0.630568    -2.52704
   0.029235    0.510611   0.0906363   -0.575486     1.74946     1.27569    -2.90646   0.0769426   -0.319981   -0.500931     1.65892   -0.550607  -0.0550481   0.0508294    0.455328    -1.26794   0.0161051    -1.12885    -1.04233    -1.40251   -0.657565    -3.80706    -1.30493    0.132343   -0.336349   -0.858526    -1.10969   -0.822425    -2.24264   0.0851136
   -2.53728   -0.258328 -0.00416058   0.0386576    -2.26365  -0.0204158    -1.15782   0.0927867   0.0472487   -0.769039    -1.45104   -0.383456    -1.38576    -0.28736     1.95609   -0.340472    0.212947      2.0016     2.24131    0.158599   -0.159965    -4.60972    -1.09619   -0.337019    0.800863    -1.16384  -0.0932981   -0.583615    -1.23405   -0.313141
   -3.29727   0.0242924    0.694148     1.06036    -1.07773    0.558926     1.68982    0.457232     0.21994    -1.34063    -1.05893     1.22464    -1.63506   0.0154863   -0.751665     1.69527    0.860801      1.6085    -5.83458    0.474517    -0.90861   -0.222536   -0.590278    0.265183   -0.628931   -0.132965    -0.19014   -0.775946      1.2911   -0.884631
   -1.38862  -0.0980208    -1.14716     1.17018    -1.68131    -1.32863    0.194411    0.188499    -2.09115    0.857567   -0.921379    -0.93812     2.73907     1.31437     2.43605    -1.57145     1.21414     1.53815     1.27876    -1.92044 -0.00718804     1.77723    -2.21991    0.642947   -0.240953    -1.77851    0.554776    -3.38219    -3.51223   -0.335239
   -1.95364     1.49471    0.826498     -1.4266   -0.826009    -1.04751    -2.49305    -1.50182    0.434808  -0.0524452   -0.224753  -0.0762339    -2.09383    0.644371     3.48885     1.93172     2.42063  -0.0350706   -0.392624   0.0352504     0.28713     3.38514    -2.65629    -0.39859     1.39405   0.0764204    -2.78468     1.42454    -1.47852   -0.443771
  -0.284634    0.277909   -0.695927    -3.86424     2.73858    0.968426     1.40293   -0.422332     1.99847     1.84983     -1.7098    -1.93482     1.14007    -1.69221     1.37472   -0.822755    0.402925     1.96539     1.33495     2.52099     1.64484    -1.59704     -2.7584  -0.0423451    -4.73168    -1.11853     2.11968     2.23151   -0.555086    -1.30117
    1.37569   -0.567677   -0.900173    -1.68562    -1.22261      0.1896    0.126857    -1.58924   -0.760706     0.33276   -0.228274    -1.87351     2.28827     -1.0849    -1.43664   -0.955602    -2.30618    -2.42173     0.80781    -2.09255     2.23396   -0.499227  -0.0920374    -2.31714   -0.403608   -0.206539     -1.1835     1.59268  0.00302685    -1.72483
   -1.16767    0.843382   -0.551221    0.529048     -1.2379   -0.964125    -2.56139    0.230784    -1.40443     -1.3035    0.557243    0.335309   -0.720594     1.23248    0.753453   0.0352521    0.964993    -0.38446    -1.65595   -0.967789    -0.51401    -2.41412   -0.339926    -0.76708     2.50786   -0.211401    -2.33347    -1.16593    -1.21044    0.155945
   0.406106   -0.550944  -0.0499548     2.05009    -1.41146   -0.107939    0.959723     -0.9469   -0.738816   -0.337249    -0.57189    0.141026    0.214805  -0.0985008   -0.890324    -3.25907    0.180496    -0.67851     1.55989   -0.706359     4.84638    0.283092    0.430964    -1.71681   -0.628517    -1.68627    -1.08503    0.880775    0.746882     -3.9425
    1.54579   -0.452686   -0.563413    -3.04363   -0.742635    -1.86647    -1.16326    0.167357   0.0718166    -0.12779    -1.52462    -2.26518     4.95553   -0.688385   0.0908671    -1.28859  -0.0569364    -3.89971     1.24076    -1.07218   -0.439523    0.944894   -0.131447    0.730277   -0.740677   0.0861249   -0.790717    0.472564   -0.755959     1.36137
   -0.51973    0.324663     1.18981    -3.24793    -1.46193   -0.633724    -2.25358   -0.309367    0.256126    -1.14308   -0.051033     0.55502    -4.56717    -2.79294    -1.99056     1.19116    -1.44044   -0.763868    -1.17063     4.16092   -0.945672     1.26259      1.1202   -0.321478    0.875328      1.4163    0.303893     2.10558     1.26563    -1.43153
   -1.39056    -0.69414    -2.00057    0.510042    -1.64607   -0.785179   -0.330328    0.887621    -1.76003    -1.04628   -0.654638    0.307483    -1.05979    -1.29767   -0.296156    0.156805    -1.07709    0.987726      2.2242    -1.09028    -1.37533   -0.627868    0.548363    0.320653    0.524669    0.935131   -0.640957   -0.772943     1.32659    0.565623
   -2.14814    0.701857     1.25849   -0.202427   -0.768697   -0.783052   -0.210227     1.29419     1.15219    0.605503     -1.2563     1.21602   -0.363743   -0.602956     1.81988   0.0999399    0.253895     1.06329    -1.99018   -0.536142   -0.955482    -5.03046    -2.17492     1.14353   -0.183958     1.00939    0.784239   -0.861166    -2.34124   -0.323163
  -0.873072    -0.21906   -0.562233   0.0307511    -1.67935     5.00777    -1.13631     1.31354    -1.01399     0.44763   -0.967562    -1.19477   -0.934893     2.62523   -0.705061    -1.73541     2.39537   -0.471815    -1.04365   -0.166758    -2.15526     1.22988   -0.453289     1.05389     -1.4514    -2.13402     1.06174   -0.975489    -1.49369   -0.734136
  -0.227961     1.27531    -5.47095    0.490333   -0.282142    -1.24406     1.10464    0.697832    -3.94233    -1.14179  -0.0659592     1.62141    -0.41651  -0.0731751   -0.890662    0.199659  -0.0308157     1.98767    -0.17328     0.55445    -1.03894     0.77697    -1.91332    0.991781    -1.95569    0.183293   -0.444534   0.0149536    0.195365    0.858335
   0.269636   -0.986629   0.0763542   -0.981038 -0.00954851    0.436578     1.84592    0.343529    0.224551   -0.406822   -0.124225   -0.592916     1.12754    -2.16753   -0.493187    0.786256   -0.730503   -0.950192     -1.5209    0.309353    -0.72077    0.341085   -0.457163    0.700626   -0.674027     2.63579   -0.040948    0.622865    0.552259    0.396822
    1.13608   -0.860576   -0.970424   -0.548186   -0.524259    -1.01939   -0.346282   -0.152207    -1.14435    0.485375   -0.143107    0.481072  -0.0411076    -1.57103    -1.65599    0.323635     -0.9991   -0.948578   -0.534379    0.493616     1.03762   -0.676545    0.430553    -0.29576   -0.591344   -0.242782     1.03208    0.366907    0.328911    -1.84751
 -0.888109
  -1.39614
    -0.343
   2.24426
 -0.297556
  -2.47968
  -1.38561
  -2.33883
  -0.80712
 -0.452193
 0.0733009
 -0.670229
-0.0679632
 -0.419205
  0.842758
 -0.683506
 -0.832146
    1.1411
    2.1886
 -0.111641
 -0.430476
  0.201365
   1.41238
 -0.979675
 -0.485151
 -0.388187
  -2.45332
   1.42983
  -1.83416
 -0.153228
1
4
30 10
    2.12556    0.972844    -0.99851    -2.35253   -0.756089     1.37851    -1.93117     2.45449    -1.85584    -4.82618    -5.20123   -0.234422     3.59386     1.48301   -0.962034    -1.61065     1.67763    -2.01693   -0.317479    -1.42186   -0.830883    -1.02781   -0.652446      1.3307   -0.822003     1.07266     3.15825   -0.538282     1.07028     1.61678
  -0.480474   -0.902467    -3.71111    -2.61137   -0.098607    -0.70661     3.82021   0.0718875    0.829958   -0.945452   -0.326577    -1.26002   -0.903669     1.25938    -0.59739      1.8054   -0.504632    0.315154    -1.22205     1.23706    0.498559    0.164632    0.845123     1.80581    -2.08309    0.692279    -1.73857    -8.65835    0.779172    0.338051
   0.534808   0.0143726    0.541647     3.18822    -9.67962    -3.81278    -2.33849   0.0582543    -1.92031     2.37575    0.668671   -0.367875   -0.887027   -0.893618     3.16561     1.52811     2.37954   -0.321998    -2.28436    0.109307     3.05973     1.57635      2.0043     1.84982     1.71572     1.42114     2.64953   0.0506655     1.09416    -1.72238
   0.890891   -0.231664     1.21371     1.67583     4.87191   -0.249664   -0.914538     0.21362    0.945149    -1.34771    0.355772    -2.52798    0.875067    -5.48323    -3.52294   0.0210748     1.57557     3.87171     -2.4361   -0.473995    -1.79924   -0.611988    0.865104     1.93272    -1.12256    -5.24554     2.55509     1.34039   -0.111702    -1.48288
   -5.27369     1.53685     1.03122    -1.04955     0.79965   -0.141395    0.228242    0.747474     2.21719     1.71467   -0.692599    0.816495   -0.504916      2.3793     2.45972    -4.36678    0.138827    0.274155   -0.310528    -2.80349    0.472988     2.75307    -7.89919   0.0104736     1.21002    -2.28421    0.568736     1.47769    -1.33368     1.16341
   0.681469  -0.0381777   -0.443831   -0.751663    0.940453     3.73052    0.140396     1.04412      3.6145     2.78942      1.0517     1.02666    -2.11629    -1.29847   -0.563842     1.90702    0.672617    -2.17679    -1.70903    -2.76767    -1.29467    -7.08095    0.883645   0.0227163    0.658704     1.21075     1.07427    0.941603     1.75118    -1.58995
  -0.597063   -0.349853     3.70784   -0.613736   -0.838465     1.39392     1.71772     1.77975     -5.6422     1.13789     1.07902  -0.0161096    0.900124   -0.999097   -0.996735    0.993368     -6.2994    -1.38849    0.103764     3.06027   -0.230522     2.40054    0.628764     -8.4815     2.10408    0.179886   -0.768472    0.773722    0.173543   -0.371462
    1.34774   -0.406976   -0.867906     1.28421     2.97807   -0.408922   -0.907818    0.724412      1.5653    -2.18479     4.34917      2.3176      1.6786    0.900616    0.866371    0.424981    0.959212     1.26588   -0.988974     3.36116     3.08587    0.654368     1.34496   0.0663519    -1.78448    0.857372     -6.9373      1.2433    -2.09087    0.364573
   0.874893    0.208942    -0.62233    0.545706     1.66243   -0.643536    0.779864    -7.24399    -0.11574    0.472811   -0.598842   -0.438375    -2.31604     3.04443    0.561906  -0.0287476   -0.502297    -0.13943     8.48388   -0.552599    -2.73296    0.928936    0.758301    0.385964    0.205976     2.44098   -0.466722     3.04024    -1.13771     1.57453
   0.145154    0.392921    0.174501   0.0519903   -0.114899 -0.00785442    0.119276 0.000660238     0.15222  -0.0134966   -0.116889   0.0521351  -0.0577858    0.145472  -0.0213718    0.070037    0.188727   0.0680353    0.145422  -0.0515955    0.135068   -0.191994  -0.0140652   -0.102274     0.20832   -0.234875    -0.21304   -0.175696   0.0592542    0.431183
   1.07744
   2.68567
-0.0370188
 -0.788106
   2.08194
 -0.329176
   2.23131
  -2.51863
  -5.08173
 -0.286623
