3 16 0.5 1400
1
1
9 30
     1.16809     0.806781     -4.13484     -1.29703     0.866008    -0.538506     0.685041     0.551088      1.38332
   -0.364204      1.54027     -1.12752      2.00688     0.202147    -0.313538    -0.409375     0.838251     0.977336
   0.0438979     -5.59467     0.646275     0.680643     0.486101      1.19564      1.27934     0.635463      0.86569
    0.950069     0.476026     0.292531    -0.445876     -1.99523      1.56304     -1.50375    -0.546773       3.0998
    0.153821     0.902101      6.00738    -0.125711    -0.703051    -0.632462     0.172681    -0.218413     -1.44125
   -0.405809   -0.0720431    -0.706416     -1.06034      -1.8578    -0.837684    -0.607514      6.87255    -0.805942
   -0.138215    -0.532319    -0.147211     -1.41241     -0.70677      5.18614    -0.587953    -0.432721     -1.14904
    -5.84169    -0.307786     0.397467    -0.670792     0.187103     0.392833     0.348941     0.535451     0.650537
    0.115704     -4.10188     0.506851     0.612579   -0.0609678    -0.482974     0.251656     0.852653     -1.75449
     2.84806     -1.90405     0.220617   -0.0990951    -0.623675    -0.168293    -0.331583      2.57491    -0.688619
    0.278897    -0.868883      3.43042    -0.516132     -0.61802    -0.807789   -0.0377855    -0.445744      1.43408
   0.0496423      2.52382     -1.33035    -0.468929     -1.26903    -0.504947      0.10674     0.887136      2.16402
    0.175863     0.124233    -0.452184     -1.40497      3.39406    0.0320046     -3.16214    -0.356605     0.205982
     -0.2536    -0.549232     -2.10706    0.0240697     -1.38934     -1.39666     -2.96644       2.6065      2.45722
     1.56173     -1.42909     0.569578      2.42513     0.240059     -1.23811     -1.52696     -2.43594     0.247374
     1.91771      1.56735     -5.20824     0.371662     0.332122      1.06848     0.808633    -0.336867     0.886983
     -1.9684 -0.000876855    -0.364141     0.334988    -0.901569   -0.0882745   -0.0816869       3.5143     -1.71535
    0.993778      2.21886     0.436298     0.687635     -3.60676     -1.43927    -0.637967    -0.315262     -1.33301
    -1.18275     -1.60178     -1.52317      -1.0357      6.04987     -1.10572     -1.41551     -1.25187     -1.77309
   -0.967683    -0.289375      1.07235    -0.641704    -0.288703    -0.492639      5.52599     0.416894     -1.69943
    0.251819     0.124269    -0.509007     0.358159    -0.649852      5.48784    -0.284883    -0.729123    -0.246492
    0.829278     0.527337      1.08328     -6.55937     0.607092     0.976728     0.629259       1.0606       1.4569
    0.645336     -1.00632      1.08924     -2.72887     0.775129    -0.476769      1.75627     0.974706      3.22899
    -5.01657      1.37811    -0.589584     0.225063      1.07786  -0.00794661    -0.524446      1.08568     0.155956
  -0.0303081     -2.03547    -0.290944      1.78176     0.432805    -0.427509    -0.358358    -0.696565      3.85675
    0.123063      1.80279      1.13209     0.174452     0.413568     0.543553     0.410244     -4.31557     0.544015
     6.03092    -0.582207    -0.843168     -1.07458    -0.131976    -0.507492    -0.324701     0.356843    -0.441673
    -0.98475    -0.796535     -2.92779     0.473643     0.280836    -0.291139      1.95319     0.272511     -1.55411
   -0.309552      1.50466       1.0868     -1.71034     -1.34528     -1.02762      2.65529    -0.930644     0.590782
      1.2306     0.234425     0.265065     -0.56938      1.58526     -5.03635    -0.128115     0.598877      1.06939
 -1.47364
 -1.37038
  3.49931
 0.828049
 -3.22989
 -3.76977
  1.85633
  2.34563
  3.98886
 -3.42838
 -3.86781
 0.323105
 -1.44002
-0.739736
 0.263551
-0.859484
-0.410867
  1.06695
  2.17658
-0.855009
   -3.639
  3.56349
-0.768499
  3.26952
 -1.88141
 -2.02762
  2.50324
-0.186599
 0.218605
  1.86575
1
1
30 30
  -0.827359   -0.397313   -0.418218     1.36393    0.172844    -1.74662 -0.00855998     1.12519    -0.61238   -0.281562   0.0631318    0.576123    -2.02053    0.917486   -0.240393   -0.408443    0.506826     0.91174    -5.10826    0.053475   -0.195866   0.0994233   -0.911915    0.882067   -0.316889    -1.43108     1.72848   -0.961386   -0.688419   0.0855814
 -0.0595613   0.0311738   -0.255761    0.337555    0.251137    0.613255   -0.421814  -0.0838458  -0.0327838    0.310591    0.728993   -0.149018   -0.223949  -0.0127197    0.304132 -0.00417262   -0.105084   -0.535158    0.368034   -0.161226   -0.373409   -0.575955   0.0426978   -0.130566 -0.00122946   -0.315666    0.218521   -0.516008  -0.0945522   -0.315475
   0.147798    0.829162    -2.88908    0.744421  0.00631639   -0.486195   -0.886677   -0.201349    -2.85663   -0.441933    0.785968    0.930205   -0.421433   0.0376163    -1.24208    0.619861   -0.565364   -0.330286   -0.860807    -1.25563    0.492054  -0.0287103  -0.0860767   -0.404113     1.78755    0.300774    -1.99732   0.0806354     1.07975    0.457201
  -0.900959 -0.00518883    0.335988   -0.354968    -3.17263   -0.707026    -2.07796   -0.693136    0.376622   -0.176759   -0.894314   -0.664493   -0.507659    0.582067    0.237083    -3.04613    0.912622   -0.495545   -0.521542    0.894379   -0.484659    0.695962    0.165898   -0.651975    0.353128    -1.56577   -0.819543   -0.648356   -0.221952    0.694121
   -2.81326    0.204974      1.0645   -0.223652     5.64226    -1.05963   -0.770582   -0.916807    0.228873    -1.76607     1.63156   -0.420836   -0.450606    -0.55624    0.712547    -2.26462     1.78691    -0.25367   -0.956954    0.267362    -1.07569     1.48308    0.023368     -0.5027   -0.873442   -0.993733    -2.27734     -2.8341   -0.749159     -1.3977
    2.34787    -1.15497    -1.65272   -0.168552    0.929627    0.944615     3.18857     0.86842    -1.25555     0.60905   -0.129959    -1.01067   0.0175528     1.00977   -0.910271     3.00438    -1.27726    -1.36969    -1.78399    -1.04316    -2.12164    -2.16256   -0.802568   0.0204433   -0.137045   -0.283009     1.58957     1.70587   -0.275624     1.51762
    1.24983     1.13723     2.71159  -0.0765251    0.475664     1.63669   -0.417601    -1.05483    0.275548   -0.823505    0.473574     3.36428    0.927082   -0.951717    -2.68151     1.01671     -1.6275     1.74739   -0.973639    -1.68019     1.28021    -1.94752   -0.947782 -0.00779443    0.178924      1.7956    -3.35267   0.0183828    0.973703   -0.500691
  0.0743462     -1.0016    -1.67479    -1.85186     1.45067   -0.162335     2.28886    0.921017     1.19274     1.81906    -1.60606    -2.24849   -0.479976    -1.57713  0.00165527   -0.942506   -0.728487     2.40628     2.83613   -0.472279  -0.0758242   -0.864995    -2.37362    0.584999    -3.19839    -1.75376     2.36667     1.86191    0.368615    -2.00982
   0.628901   -0.249451   -0.121489     -1.4291    -1.08996    -1.24616     2.39283    -1.34052    -1.16042   -0.101907    0.267745    0.251868    -3.36992    -1.84681     -1.0029      1.3893    -1.85998    -1.96877     1.86058     3.79441    -1.19995   -0.714748    0.219526    -1.86875    0.613492     -1.4406    -1.98566     1.80807   -0.388497     1.24252
   0.841205   -0.639274   -0.492505    0.502869    0.743314     3.25723    0.994248    -2.56346   -0.259649    -1.29207   -0.372139    -1.26253  -0.0168234  -0.0701678   -0.755698   -0.897565    0.511248    0.553941     1.38851   -0.290022   -0.174136   -0.514961     1.31025    -3.88368   0.0674737    0.786514   -0.821269    0.740119     1.17597   -0.063678
    1.78027    -1.09501    0.333822    0.374224   -0.890731    -3.60821     1.26486    -3.09843    0.371935     2.42193   -0.974034  0.00771712    -0.63573     -1.4554    0.796647  -0.0283122    -1.83211    0.915937    -1.16578    -2.30675   -0.733689    0.912241    0.355596    -2.68702    -0.85223    -3.78989      1.2961   -0.171792   -0.925596     1.47328
  -0.536272    -1.03512    -1.05964    0.497451    0.832546    -2.13512     2.30082     1.30431   -0.623475     1.01178   -0.881762   -0.229025    -0.86545   -0.675345   -0.676684   -0.621898     1.00178   -0.619292     2.03762      1.5783    -1.44459    -3.23049     2.64245   -0.801935    0.647498    -2.75492    0.716404    0.136606   0.0788027   -0.471847
    0.65221   -0.907653    -1.17317   -0.885568    0.491558    -3.62373    -2.14052     2.95236    -1.03139     3.43041  -0.0140398   -0.808591   -0.667912    0.176978    0.550553   -0.778548   -0.165391     -1.6297    -1.74949   -0.264831       3.227   0.0761795  -0.0302463     2.37375    0.992512    -2.36039     3.67888   -0.457939   -0.818794    -1.73327
 -0.0275708    0.601785    0.162456  0.00784811     1.67307    0.645332    -2.50284   -0.132836   -0.081547   -0.782187     1.40739   -0.391701   -0.362902     0.22896    0.911647    -1.15853    0.151139   -0.714046    -1.28709    -1.41172   -0.575816    -3.66679    -1.63052 -0.00844354    0.180507   -0.738383    -1.45585   -0.642687    -2.25324    0.046829
   -2.06177   -0.242719   -0.272001   -0.156337    -1.56697   -0.235022    -1.47053   0.0960115   -0.202776    -1.23855    -1.14362   -0.329409    -1.09782   -0.363418     1.90801  -0.0745602    0.061998     2.06946     2.14324   0.0236096    -0.40828    -4.14426   -0.886857   -0.162113    0.553383    -1.25019     0.24263   -0.470926    -1.28466   -0.161156
   -3.43379    0.240613   0.0943518    0.935505   -0.841428      0.9863     1.65621    0.260592    0.406012    -1.10598    -1.01959     1.34641    -1.01094  -0.0784043   -0.414869     2.03836    0.770488     1.69495    -5.45221    0.720301    -1.54329   -0.123695   -0.516499  -0.0951624   -0.651698    0.237561   -0.916953   -0.639001     1.31262   -0.330865
    -1.4872   -0.342096    -1.16095     1.36258    -1.92204     -1.8183    -0.19449    0.565239    -1.95186    0.363301    -1.06186   -0.709237     2.90209      1.4068     2.49623    -1.45683     1.16769     1.83408    0.469737    -1.49912   -0.126603     1.64636    -1.85439    0.740923   -0.354163    -1.17808    0.311107    -3.11835    -2.54228   -0.352634
   -1.93904     1.28118    0.737119    -1.51556    -1.15834    -1.24924     -2.7313    -1.20305    0.520572     -0.2972  -0.0555116    0.284536    -2.40685     1.38216     2.66989     1.48724     1.93121    0.157456  -0.0557371   -0.178685    0.529263     3.04808    -2.32124   -0.427213     1.22881   -0.292186    -2.39597    0.632514   -0.572721   -0.532461
  -0.325482    0.346331    -0.65061    -3.57613     2.85556     1.42436     1.76718   0.0942896     1.63744     2.31632    -1.52551    -1.71067    0.460728    -1.60043     1.02673   -0.346997    0.445352     2.54895     1.91192     1.90897     1.24885   -0.950789    -2.91746   0.0847747    -4.54875    -1.37858     1.63895     1.88624   -0.369889    -1.24885
    1.52336    -0.50324   -0.922357    -1.66913    -1.13275    0.129078    0.337038    -1.38624   -0.650638     0.26221   -0.216886    -1.68722      2.3875    -1.07182     -1.4125   -0.912251    -2.30177    -2.22872    0.978493    -2.07519     2.14489   -0.316706  -0.0645915    -2.01364   -0.391542   -0.226955   -0.869028     1.68265    0.210729    -1.42806
   -1.08243    0.524092   -0.489702    0.520671    -0.93476    -1.05559    -2.01669    0.266483    -1.29635    -1.39872    0.566329    0.171757   -0.723628    0.893338    0.713876    0.155924    0.832511   -0.530571    -1.36371   -0.868735   -0.485868    -2.16541   -0.373876   -0.654656      2.0433   -0.111861     -2.1056    -1.19181    -1.22371   0.0149894
   0.530482   -0.236451  -0.0964622     1.63155    -1.73116    0.223241     1.22146    -1.47429   -0.610077    0.109807   -0.594236   0.0971395    0.594067   -0.138349   -0.621513    -2.89286    0.164101   -0.669657     1.48138   -0.154683     4.43507    0.310316    0.136766    -2.11776   -0.426174    -1.55471   -0.939238     1.28496    0.689847     -3.5947
     1.6002   -0.449295   -0.926972    -2.92792    -0.38512    -2.41517    -1.28344    0.305977  -0.0675031   -0.362206   -0.810598    -2.08683     4.35085   -0.778719    0.204242    -1.25715   -0.178863    -3.19272     1.04011   -0.881306   -0.577081    0.775798  -0.0281908    0.589956   -0.351823    0.174251     -1.5715    0.513662   -0.472349     1.26817
  -0.314433    0.569245     1.35651    -3.33973    -1.58109    -0.45496    -2.12907   -0.488215    0.358881   -0.906999   -0.263697    0.753723    -4.34998    -2.62122    -2.11798     1.56906    -1.56299   -0.713865   -0.561978     3.43881   -0.226568      1.3519     0.78461   -0.527942    0.660058     1.33608    0.593098     1.74768    0.993844     -1.6828
    -1.6399   -0.376669    -1.94664    0.289536    -1.21858   -0.752462   -0.844607    0.462323    -1.90536    -1.08344   -0.379063    0.376642      -1.174    -1.43859   -0.044803    0.243672    -0.49928    0.916707     1.81004   -0.810812    -1.17151   -0.797944    0.448934   0.0525814    0.304366    0.726318   -0.944026   -0.766197    0.979478    0.407381
   -2.21875    0.656378     1.17133   -0.181071   -0.655306   -0.148763   0.0481905    0.679667    0.980588    0.328711    -1.04655     1.42522   -0.689088   -0.709093     1.04511    0.456108      0.3423     1.16856    -2.39625   0.0510108    -1.24793    -4.81715    -2.29035    0.734992   -0.130958     1.33125  0.00758259   -0.701724    -2.16198   -0.378394
   -1.00824  0.00589144   -0.584399   -0.324369    -1.75859     4.51939    -1.41496    0.778242   -0.841381    0.468077    -1.29434    -1.02733    0.387174     2.45232   -0.739726     -1.8182     2.33033   -0.903281    -1.14159   -0.491155    -2.16232     1.23151   -0.619906    0.784883    -1.64115     -1.9557    0.915846   -0.923964    -1.16312   -0.146605
  -0.139709     1.35007      -5.163    0.257847   -0.131152    -1.21728     0.82599    0.828675    -3.77437   -0.992726  -0.0279029     1.17865   -0.457421   -0.100787   -0.651887    0.634152     0.31356     1.77759    -0.16832    0.415808   -0.656787    0.485061    -1.48282    0.989117    -1.64434   -0.187642   -0.248731   -0.114087   0.0600147      0.6867
   0.632044   -0.917242     0.11922    -1.23935   -0.184536    0.104808    0.916408    0.103144    0.432769   -0.452841   0.0362933   -0.440481     1.42353    -1.64543   -0.606979    0.667717    -0.63176   -0.688912   -0.953686   -0.014095   -0.454834   0.0534101    -0.33223    0.315144   -0.621437     1.80796   -0.501636    0.676742     0.55076   0.0253886
     1.1597   -0.436651   -0.636723   -0.168975   -0.429324    -1.28974   -0.130091   0.0876888   -0.881762    0.328116  -0.0931388    0.698754   -0.393275    -1.20572    -1.26477    0.464933   -0.972976   -0.748756   -0.480939    0.138372    0.881039   -0.664026   0.0645401  -0.0567129   -0.534244   -0.395189    0.581603    0.203377    0.233288    -1.59559
 -0.822637
  -1.25257
 -0.259619
   1.95422
 -0.220429
  -2.24344
  -1.23134
  -2.10074
 -0.685356
 -0.904643
-0.0876736
 -0.990239
  0.274218
-0.0723933
  0.666081
 -0.608581
 -0.652845
   1.25215
   2.02999
 0.0771385
 -0.386946
  0.336302
   1.26184
 -0.723006
 -0.596782
 -0.453733
  -2.08431
   1.47162
  -1.89453
 0.0357986
1
4
30 10
   2.60662   0.631015    -1.1612   -2.03369   -1.04479    2.06409   -1.60695    2.63593    -1.7303   -4.75074   -5.41857   0.308681    3.62469    1.22569  -0.795472  -0.975238    1.07301   -2.16583  -0.430327   -1.48374  -0.703917   -1.18922  -0.835235    2.18643  -0.961659    1.36616    2.79351  -0.104897   0.871762    1.64235
 -0.534211    -0.4318   -3.58983   -1.80949   0.261681  -0.997531    4.33051  -0.268714   0.283842  -0.664141   -1.10658   -1.31154   -1.11208    1.34416  -0.486334    1.24594  -0.375421   0.215731   -1.55033    1.05027    0.97876    0.58235   0.358653    2.00586   -2.11891    1.00547   -1.83594   -7.80258   0.915864   0.563082
 -0.205846  -0.112246   0.855642    3.22357   -9.40296   -4.18035   -2.23113  -0.734858   -1.59514    2.37468   0.596688    -1.2728  -0.454708  -0.631648    3.15634    1.89501    2.36468  -0.238014   -1.60468   0.212595    2.25997    2.18315    1.62828     2.2014    1.99298    2.09019    3.37233  0.0651103   0.430266   -1.03431
  0.591208   0.195454    1.28672    1.05789    4.58938   -0.68874   -0.71388   0.554446   0.756354   -1.03836   0.530817   -2.22703    1.11182   -5.45391   -3.27504   0.613227    2.31344    3.82488     -2.072  -0.473599   -1.76753  -0.732083   0.648552    1.67014  -0.482554   -5.28596    2.93574    1.70383  -0.438141   -1.56751
  -4.72498   0.823282   0.769791   -1.08396   0.791513   -0.19315   0.655952    1.05755    2.08741    1.95625  -0.714739   0.899793  -0.907543    1.50467    2.23049   -4.97154   -0.13739   0.592085  -0.101383   -2.80202    0.44392    2.70255   -6.91212  -0.767859   0.936072   -2.49795   0.114094    1.31137   -1.43894   0.534757
  0.293275 -0.0196126  -0.860244   -1.16749    1.17169     3.8288   0.219427    1.18712    3.32289    2.20186    1.14935    1.19663   -2.74874   -1.04082  -0.987016    2.39496   0.388295   -2.47436   -1.64589   -2.78549   -1.09663   -6.22357    1.22059  -0.754245  -0.024102    1.29195   0.917457   0.520573    1.70559  -0.879445
 -0.626912  -0.165531    3.32521   -0.18363  -0.320305    1.26832    1.33645    1.13105   -5.52838    1.96254    1.43169   0.128492   0.616534   -1.13695  -0.828754   0.713906   -6.59435  -0.745813  -0.464341    3.21842  -0.266665    1.93339   0.894577   -7.84502    1.39948   0.612054  -0.409697   0.333461   0.618304  -0.338736
    1.7049  -0.235441  -0.622497   0.997226     2.8318  0.0467905   -2.16575   0.553101    1.23495   -2.20734    4.35694    2.98379    2.55101    1.20579    1.02438  0.0902784    1.65082     1.1196  -0.768285     3.3541    2.75618   0.263086    1.32299  -0.296867   -1.40506 -0.0855216   -6.97753    1.11823   -1.61402   0.368617
    1.0001   0.118784  -0.152842   0.314782    1.00194  -0.608108    0.76973   -6.26542    0.80627  -0.648421  -0.140644   -1.39008   -2.36123    3.37521   0.372055  -0.332771   -0.58603  -0.445199    7.95628  -0.542293   -2.37498   0.237438   0.452166   0.523264   0.746006    1.84896  -0.815234    2.52573  -0.856392   0.601916
  0.144115    0.22208   0.178086   0.114904  -0.201119 -0.0778208  0.0254236  0.0591657   0.110534   0.077262   -0.05153   0.122611  -0.016416   0.295849 -0.0487711  0.0627913   0.106167  0.0143927   0.109665  0.0638842  0.0629779  -0.298406  0.0418575  -0.212004   0.303087 -0.0977584 -0.0672222  -0.257017   0.136402   0.745526
  0.797275
   2.36363
 -0.551228
-0.0542879
   2.03186
   0.25172
   1.64107
   -2.5329
  -4.62557
 -0.288124
