3 16 0.5 1200
1
1
9 30
    1.65775    0.421356    -3.68915      -1.438         1.2   -0.349632    0.730854    0.549837     1.10373
  -0.937186      1.5003    -1.21797     1.54455   0.0834557   -0.327691  -0.0462137    0.697627     0.72219
 -0.0148587    -5.41732    0.527822     1.01742    0.442838     1.17065     1.15422    0.652149    0.921463
   0.591849    0.473875    0.177909   -0.506111    -1.81428     1.54139    -1.34068   -0.612868     3.25573
-0.00568478    0.772987     5.85287 -0.00469039    -0.57279    -0.69925  0.00435382   -0.299008    -1.18192
  -0.528448  -0.0459332   -0.439048   -0.931352    -1.93037   -0.907099   -0.630625     6.82251   -0.624579
 -0.0630777    0.333288    -0.60088   -0.903196   -0.777668     5.03847    -0.49492   -0.311004    -1.19523
   -5.63318   -0.247776    0.453017   -0.692218    -0.20783    0.944913    0.434032    0.345021    0.691614
  -0.302783    -3.91075    0.431035    0.664837  -0.0445306   -0.240954    0.321724    0.725097    -1.42014
    2.79422    -1.32213    0.129185   -0.389809   -0.855801  -0.0371666   -0.815057     2.75601   -0.797633
   0.337752   -0.879447     3.42786   -0.349622   -0.645782   -0.862524   -0.069577    -0.55817     1.21305
   0.173369     2.36628    -1.58711   -0.171335    -1.14375   -0.457279   -0.020234    0.985662     2.12125
  -0.201985    0.685647   -0.256631    -1.40017     3.20708     1.12463     -3.3125   -0.528369    0.579641
  0.0265018   -0.740077    -1.67581   0.0911221    -1.54334    -1.03009    -2.78927     2.75242     2.25698
    1.52663    -1.36969  -0.0185369     2.58398    0.340432   -0.724035    -1.75981    -2.22602  -0.0613803
    1.72077     1.44693    -4.94331    0.776718   -0.151102     1.20618    0.703599   -0.373745    0.860834
   -1.75259   -0.318778    0.514151     0.30964    -1.53539   -0.363058   -0.188041     3.50683    -1.49379
     1.1807     2.29879    0.345925     0.63546    -3.26393    -1.14213   -0.767691   -0.544721    -1.75395
   -1.29033    -1.41362    -1.41971    -1.31625     6.00307    -1.36022    -1.43288    -1.40791    -1.26729
   -1.36585   -0.135726     1.00642   -0.442868    -1.33542   -0.707661      5.3185    0.300465    -1.42595
  -0.170931    0.067642   -0.243855     0.38581   -0.564875      5.2019   -0.272386   -0.835838    0.139615
   0.768458      0.6202    0.964265    -6.33307    0.777148    0.804514    0.908256    0.792187    0.905785
   0.521437   -0.973668    0.913509    -2.80202    0.542607   -0.547334     1.80779    0.639538     3.09353
   -4.76795     1.35322   -0.172873    0.258943    0.862592   -0.409485   -0.218254      1.2047    0.101405
  -0.461054    -1.95955   -0.633142     1.38515    0.378296   -0.157931    0.140176   -0.946415     3.59594
  0.0229855      1.7142    0.961549   -0.123481      1.0641    0.634122    0.501957    -4.42809    0.786865
      5.749   -0.870768    -0.86178   -0.984792  -0.0610403  -0.0619363   -0.766863    0.635176   -0.569888
   -1.07501   -0.431809    -2.71926    0.654622   -0.100962    -0.51352     1.96274   -0.148956    -1.13372
  0.0704573      1.1956     1.14543     -2.1058    -1.17248    -1.06429     2.63876    -0.70875    0.212251
    1.41055   0.0879352  -0.0785046   -0.435666     1.31574    -4.88209   -0.211794    0.756487     1.02765
 -2.09869
 -1.39237
  3.23303
  0.87116
 -3.27348
 -3.97946
  2.01303
  2.15632
  4.04893
 -2.94555
 -3.50384
 0.329409
 -1.04557
-0.627155
 0.312601
-0.810695
-0.562314
  1.37094
  2.13827
 -1.16455
 -3.56758
  3.61826
 -1.63475
  3.27457
 -2.13913
 -1.76921
  2.58101
-0.941735
 0.177743
  1.94211
1
1
30 30
  -0.590244   -0.345163   -0.256152     1.27721    0.158616     -1.9004   0.0769686     1.09366   -0.432931    -0.42838    0.127584    0.717671    -1.96154    0.904694   -0.268143  -0.0845964    0.485599    0.989112    -4.89177   0.0934099   -0.134041   0.0346001   -0.985623    0.861721   -0.340907    -1.39716     1.73032   -0.831347    -0.50851    0.141483
 -0.0228878   0.0340605   -0.245978    0.299264    0.252768    0.558361   -0.394605  -0.0517483    0.018257     0.23773    0.690102   -0.140824   -0.160234  -0.0275232    0.302682  -0.0244885   -0.102962   -0.543201    0.395716   -0.105431   -0.371872    -0.50336   0.0850593  -0.0969353  -0.0109913   -0.295009    0.211788   -0.465378  -0.0791792   -0.305632
 -0.0975407    0.468706      -2.919     0.51843  -0.0645561   -0.492467   -0.672925   -0.251962    -2.78497   -0.441508     0.71809    0.756126    -0.43196  -0.0320718     -1.4625    0.727268   -0.652897  0.00269898   -0.935279    -1.27996    0.584404  -0.0675201   -0.281485   -0.405468     1.28123    0.158175    -1.57403   0.0521837    0.883013    0.133876
  -0.717977   -0.152674    0.414772   -0.706384    -2.98628   -0.519552    -1.96137     -0.8703    0.427301    0.357657   -0.865612    -1.02066   -0.625578    0.725908    0.344837    -2.71978     1.16414   -0.569977   -0.627662    0.928976   -0.461314     0.39204   -0.121857    -0.74951    0.295896     -1.6512    -0.58577   -0.449358   -0.326566    0.624459
   -2.77428    0.165046    0.941965   -0.215704      5.5321     -1.2724   -0.699324   -0.958863    0.271583    -1.94167     1.63937   -0.424638    -0.43274   -0.729179    0.736408     -2.2618     1.59803   -0.187659   -0.892447    0.268756    -1.08691     1.46113  -0.0668117   -0.467854   -0.857499   -0.809213     -2.1381    -2.81564   -0.699666    -1.27018
    2.12056    -1.02465    -1.39151   -0.364394    0.789113     0.71376     3.04446    0.696754    -1.08463     0.41887   -0.108476    -1.23186    0.209411    0.587711    -1.06471     2.76459    -1.22057    -1.45337    -2.13881   -0.855007    -1.99901    -2.04822   -0.671819   -0.202228   -0.152408   -0.276726     1.58926     1.85345   0.0229932     1.56137
    1.34077    0.905616      2.4966  -0.0373955    0.602247     1.63866   0.0866089    -1.10343   0.0406003    -1.18162    0.504228     3.29033    0.719698   -0.975488    -2.50511     1.28026    -1.95623    0.839405    -0.81966    -1.44152    0.954099    -1.87259   -0.521448   -0.204705    0.433705     1.82491    -3.29275   -0.160303    0.705154   -0.387435
   0.170021   -0.773325    -1.47536    -1.67045     1.28098   -0.237042      1.9382    0.722061     1.17269     1.66494    -1.32678    -2.07957   -0.488736    -1.30764   0.0958296   -0.932579   -0.849345      2.2286      2.5354   -0.644241   -0.545179    -1.06611    -2.04008    0.417739    -3.12793    -2.25517      2.6809     1.54565    0.157587     -1.6235
   0.690568  -0.0271285   -0.153451    -1.16659    -1.08335    -1.04521     1.98392    -1.26908    -1.15355   -0.300647    0.205322    0.453076    -3.62628    -1.57947    -1.14496     1.49151    -1.58395    -2.06305     1.80593     3.56922   -0.816933    -1.08572     0.27343     -1.9469    0.861154    -1.65018    -2.06757     1.90641   -0.559483    0.694853
   0.991032   -0.641478   -0.674387    0.194471    0.416161     3.12286      1.0349    -2.62578   -0.396138    -1.05929   -0.415664    -1.65902    0.379523      0.1154   -0.775562   -0.988632    0.411578     0.35904     1.77321   -0.427835   -0.188064   -0.415711     1.03088     -3.8383  -0.0704667    0.418539   -0.686342     0.82405    0.761955  -0.0231219
    1.79082   -0.964141    0.165123   0.0260269    -0.99942    -3.56073     1.23976    -3.16776    0.277589     2.45287    -1.01663   0.0141466   -0.339799    -1.44413    0.529515   0.0563596    -1.77039     1.12109    -1.02959    -2.10895   -0.960769    0.716498   0.0484241    -2.60145    -1.20286    -3.81516     1.24129  -0.0661614   -0.908212     1.66974
  -0.403715    -1.07777   -0.641095    0.431676    0.510393    -1.67995     2.04165     1.75122   -0.168992    0.998194   -0.655807  0.00695876   -0.794087   -0.379834    -0.67931   -0.866418     1.16134   -0.545976     2.10846      1.5096    -1.42693    -3.07221     2.54738   -0.271414    0.176496    -2.69061     1.38612    0.372522     0.28237    -0.17412
   0.770066   -0.781121   -0.687064   -0.845693    0.495876    -3.93646    -1.83548     2.85945    -0.67213     3.07703   0.0154315   -0.805506   -0.284507   0.0626642    0.563378   -0.799747    -0.15119    -1.80314    -2.05322     -0.5737     3.30499   -0.203747   -0.306432     2.45444    0.923278    -2.27967     3.38678   -0.370754   -0.828791    -1.95217
  -0.124742    0.641053    0.196397    0.115929     1.62365    0.443578    -2.42846   -0.221659  -0.0102911   -0.801679     1.38675   -0.362635   -0.401051    0.156725     1.11127    -1.21545 -0.00406863   -0.666765    -1.23075    -1.41545    -0.58138    -3.66013    -1.61287  -0.0556465     0.26577   -0.604412    -1.25052   -0.732627     -2.2294    0.162745
   -2.17101   -0.224664   -0.372834   0.0679056    -1.34829   -0.170437    -1.01512   0.0737673   -0.242611    -1.00344   -0.784588   -0.262519   -0.855371    0.124659     1.96445  -0.0828261    0.193553     2.03832     1.81423   -0.212923   -0.509069    -3.93117   -0.765126   -0.239312    0.776774    -1.33316   0.0588404   -0.603678    -1.41586  0.00980166
   -3.79955  -0.0486492    0.616785    0.765631   -0.918724     0.83478     1.52291    0.240751    0.647547   -0.995629    -1.05309    0.741255   -0.959469   -0.468335   -0.608107     1.83933     1.20028     1.34289    -5.10298    0.416237    -1.12369    0.057773   -0.842949  -0.0616064   -0.994374   -0.399851   -0.638641   -0.706966    0.850603   -0.630655
   -1.34754   -0.150568   -0.819724     1.40266     -1.7365     -1.8292   -0.437992    0.391275    -1.56628    0.380777    -1.06524   -0.568117     2.79419     1.45908     2.68877    -1.71115     1.70099     1.61225    0.437055    -1.33612   -0.214639     1.74354    -1.57005    0.554467   -0.551308    -1.80854   -0.276098    -3.16928    -2.69976   0.0108387
   -2.13394     1.54012    0.538486    -1.43017    -1.17753    -1.18152    -2.36282   -0.993817    0.483334   -0.569049   -0.281149    0.692981    -2.51805     1.34331     2.27033     1.31076     1.86045    0.573059   -0.572508   -0.243872    0.158592     2.76847    -2.44482   -0.253065     1.10214   -0.227334    -2.59185    0.490866   -0.472127   -0.471427
  -0.409069    0.248677   -0.374725    -3.53749     2.67023     1.41046       1.765    0.586735     1.65247     2.32309    -1.49492    -1.89976    0.730814    -1.61893    0.813305   -0.430294    0.646121     2.58894     2.29513      1.5037     1.33482    -1.03121    -2.90387    0.423359    -4.23442    -1.67918     1.48894     1.78327   -0.453786    -1.46724
     1.3167   -0.413024   -0.999011      -1.497    -1.09357   0.0802754    0.286396    -1.26909   -0.769692    0.251314   -0.201448    -1.55851     2.46351   -0.979303    -1.44284    -1.06125    -2.27538    -2.05345     0.91695    -2.36304     2.01305   -0.386976   -0.126687    -1.80682   -0.410856   -0.412991   -0.960445     1.47427    0.100332    -1.35281
   -1.00684    0.465385   -0.411025     0.50548   -0.830696   -0.875888    -2.14237    0.181953    -1.22094     -1.3492    0.623912    0.226502    -0.66815    0.892282    0.642538    0.116073    0.819261   -0.552437    -1.36687   -0.802029   -0.493228    -2.02751   -0.298477   -0.688909     1.87432   -0.146635    -1.95937    -1.16646    -1.28995    0.115842
   0.150458   -0.318829   0.0876216     1.64273    -1.65938    0.131753     1.08413    -1.44627   -0.568669  -0.0566347   -0.529615  -0.0290531    0.365867  -0.0248302   -0.409419    -3.01374   0.0631322   -0.735075     1.04895  -0.0312691     4.22016   0.0704109    -0.19529    -2.15388   -0.482141    -1.58167    -1.02258     1.12533    0.596904    -3.73239
    1.60734   -0.556237   -0.540839     -2.5305   -0.316568    -2.67115    -1.09723    0.087481   0.0609299   -0.188641   -0.695995    -1.85624     4.40209   -0.814938   0.0952827    -1.16099  -0.0925056    -2.98086     1.01344     -1.1426   -0.203346    0.806847   -0.133493    0.316245    -0.34985   -0.273495    -1.52082    0.383325   -0.484804     1.12049
   -0.30554    0.569085       1.518    -3.54764    -1.55449   -0.357158    -2.12884   -0.532959    0.591255    -1.02654   -0.259889    0.589093    -4.34533    -2.45919    -2.03744     1.53387    -1.51336   -0.747631  -0.0588549     3.50754   -0.210413     1.41292    0.649953    -0.53066    0.593041     1.29373      0.6143     1.81222    0.966085    -1.55584
   -1.49626   -0.542262    -1.79261    0.229679    -1.16049   -0.740071    -1.10698    0.534812    -1.72542    -1.06082   -0.335029    0.422377   -0.974582    -1.38772  -0.0480316    0.295222   -0.598503     0.80391     1.96929   -0.932951    -1.12638   -0.426317    0.756037    0.205546    0.250457    0.746058   -0.597872   -0.956882     1.02615    0.516331
   -2.04125    0.483756     1.33538   -0.314035   -0.689794   -0.209838    0.071536    0.786156     1.11815  -0.0280746    -1.09723     1.33568     -0.5861   -0.830815     1.14171    0.423451     0.27458     1.10243     -2.2234    0.182839   -0.916997     -4.5691    -2.37393    0.758678   -0.184264     1.33426   -0.128763   -0.553199     -2.0836    -0.46324
  -0.854533  -0.0252579   -0.618529   -0.428662    -1.46974      4.8086    -1.23439    0.624176   -0.873459    0.915297    -1.30233    -1.04936   0.0538605     2.31558   -0.908936    -1.59157     2.51761   -0.967721    -1.55783   -0.320949     -2.0129     1.07646   -0.537459    0.373067    -1.40395    -1.90312    0.588569   -0.756546   -0.878707    -0.36413
   -0.27689     1.18522    -5.04178   0.0842665  -0.0441344    -1.06162    0.811024    0.866706    -3.64757   -0.737975  -0.0493538    0.870812   -0.316217   -0.321529   -0.832481     0.56885    0.412498     1.87898   0.0162504    0.593018   -0.395364    0.454728    -1.18701    0.987588     -1.7717  -0.0595615   -0.146263   -0.151439    0.202846    0.513905
   0.349085   -0.752984   0.0934966     -1.0982  0.00119271    0.160365    0.546424  -0.0965778    0.356518   -0.283658    0.137302   -0.464438      1.4028    -1.26237   -0.459577    0.393895   -0.510341   -0.747615     -1.0501     -0.3633   -0.693119  -0.0779482   -0.221559    0.102799   -0.495499     1.19296   -0.266039   0.0498556    0.162667    0.354931
    1.12454   -0.425279   -0.755417   -0.323271   -0.397942    -1.33759   -0.139135   -0.028731   -0.871523    0.264482  -0.0781901    0.579688   -0.356761    -1.22048    -1.15418    0.446837    -1.03796   -0.734444   -0.462176 -0.00638401    0.762064   -0.775581  -0.0953959   -0.146471   -0.578526   -0.285136    0.384826    0.174081    0.120146     -1.5662
 -0.760345
  -1.21276
 -0.374908
   1.94388
 -0.149041
  -2.13118
  -1.46619
  -2.23402
 -0.800428
  -1.06899
 -0.165019
 -0.906932
  0.335709
 0.0345259
  0.774562
 -0.733631
 -0.503579
   1.22695
   1.83061
 0.0292232
 -0.390569
  0.126355
   1.31749
 -0.632195
 -0.524806
  -0.35067
  -1.96996
   1.52416
  -2.02707
-0.0146895
1
4
30 10
   2.53275   0.566912   -1.26445   -1.92501  -0.975019    1.96678    -1.7451    2.60409   -1.59609   -4.65562   -5.45048   0.332094    3.70022   0.980085  -0.711326  -0.862817    1.10366   -2.18588  -0.582067   -1.39546  -0.668374   -1.76253  -0.237445     2.2215  -0.885352    1.44839    2.77363  -0.108612   0.822215    1.29241
 -0.556263  -0.366549   -3.52675   -1.74948   0.400359  -0.689374    4.44605  -0.522685   0.308546  -0.336536  -0.653178   -1.17496   -1.57317    1.29123  -0.953896    1.21794  -0.383085   0.233547   -1.07942   0.922472   0.935427    0.19493   0.778282    1.73694   -2.51424   0.931823   -1.76994   -7.56212    1.02013   0.236176
-0.0951839  -0.134194   0.799701    3.47452   -9.30463   -4.04955   -2.49804  -0.877314   -1.80853    2.41342   0.837498  -0.615938   0.209593  -0.644989    2.79155    2.00551     2.8341   0.210107   -1.29237   0.178913    2.04919    2.30278     1.5671    1.66086    1.71157    1.88778    3.07163  -0.044913 -0.0650197   -1.02826
  0.241858  0.0680789    1.07093   0.641146    4.45931  -0.481926  -0.780351  -0.125736   0.459593   -1.30184   0.346224   -2.65806   0.726337   -5.28475   -3.21766   0.358779     1.2863    3.72301   -2.14508  -0.480056   -1.73269  -0.751049   0.643416    1.70174  -0.367682   -5.23036    2.58997    1.79164  -0.280135   -1.52571
  -4.48285   0.837795   0.650341   -1.06122    1.34127  -0.497092   0.910201    1.44095    2.40822    2.05172   -1.10694   0.777151  -0.680734    1.26957    2.59359   -4.79169   0.400555   0.454422 -0.0496466   -2.75619   0.446239    2.69522   -6.62519  -0.316582    0.94981   -2.31502   0.785784   0.984136   -1.19584    0.73354
 0.0738299  0.0412315  -0.499857    -1.3543   0.891875     3.7318  -0.103958     1.3282    3.46053    2.41997    1.40272    1.33528   -3.17657  -0.991149  -0.484786     2.3179   0.466503   -2.84299    -1.8029   -2.74373   -1.04805   -5.84605   0.900702   -0.91786  -0.105988    1.62772   0.893163   0.379085    1.22137  -0.879594
 -0.286957  -0.200677     2.9726  -0.248351   -0.91336    1.60089    1.48576   0.754148   -5.41049    1.57452     1.3126   0.343096    0.93772   -1.26814   -1.05465    0.94377   -6.64704  -0.559681  -0.435435    3.21366  -0.264345    1.80046   0.558504   -7.61682    1.85164   0.621531  -0.911866   0.537044   0.698106  -0.141679
   1.84847  -0.154722  -0.447524   0.790186    2.69507  -0.196706   -2.14478     1.1697    1.06088   -2.14213    4.22304     2.5508     2.1142    1.60575     1.1466  0.0769406    1.60358    1.11133   -1.41611    3.37811    2.81659   0.328967    1.14162  -0.312634   -1.08515  -0.122256   -6.78204    1.41002   -1.34384   0.432531
  0.828475   0.146044  0.0958191   0.747803    1.28508  -0.844695    1.02461   -5.92111   0.755223  -0.837198  -0.226573   -1.57351    -1.9379    3.43461   0.301204   -0.59261  -0.567596  -0.460886    8.12204  -0.569354    -2.3049   0.794401  0.0514437   0.766054   0.527602    1.49566  -0.555716    2.28452  -0.682796   0.771337
 0.0745613  0.0592758   0.310289 -0.0300576 -0.0810205   0.109258   0.168871    0.12333   0.128097   0.151609 -0.0571693  0.0629289  0.0146657   0.220241 -0.0531375  0.0766797   0.111866   0.087344   0.037179  0.0990294  0.0747811  -0.234666 0.00749881    -0.1221   0.178937  -0.237218 -0.0352819  -0.263403  0.0889059   0.581241
 0.513718
  2.70954
 -1.10619
-0.229525
  1.73937
 0.476651
  1.98395
 -2.59758
  -4.1684
-0.336975
