3 16 0.5 1600
1
1
9 30
    1.01836     1.14273    -4.15642    -1.34737     0.79901   -0.183764     0.84168    0.433187    0.996964
  -0.311528      1.5092   -0.855876     1.78273    0.129635   -0.130571   -0.250698    0.700534    0.811511
   0.337299    -5.74015    0.823504    0.379379    0.177259     1.25417     1.40143    0.464975    0.962222
   0.654068    0.636017    0.555202   -0.830299    -2.29074      1.6726    -1.42505   -0.633745     3.46095
   0.155617    0.744596     6.23777   -0.351985   -0.606795   -0.795408    0.378542   -0.457015    -1.61034
  -0.486455   -0.415458   -0.410205   -0.869711    -1.98996    -0.87792    -1.21535     6.90222   -0.328351
   -0.11469   -0.345606    0.052693   -0.765132   -0.944005     5.31953    -1.04726   -0.858671   -0.938571
   -5.84071   -0.445029    0.635326   -0.653872  -0.0463747    0.360522    0.260145    0.660914     1.25182
    0.59895    -3.95016    0.408069    0.578995  -0.0355832   -0.628329    0.114819    0.727068    -1.98034
    2.75597     -1.7017    0.334343    -0.62101    -0.66505   -0.179011   -0.123821     2.57423   -0.665406
  0.0551522   -0.818031     3.75721   -0.493508   -0.863812   -0.780278   0.0878654   -0.467923     1.46097
  -0.530461     2.23976    -1.13594   -0.503302    -1.10048   -0.552224   0.0976214    0.565357     1.91584
   0.272944   0.0176401     -1.0713    -1.34163     3.45345   0.0876506    -2.57057    -0.29788  -0.0493643
   -0.52793    -1.24709    -2.24255   0.0337618    -1.05768    -1.59302     -2.8189     2.82146     2.67101
     1.0147    -1.45113    0.669007     3.44747 -0.00615502    -1.01026    -1.36455    -2.32162    0.535981
    1.81951     1.86318    -5.25037    0.779839    0.156098     1.14143    0.912652   -0.474201    0.833186
   -2.05323   -0.435309  -0.0309654    0.708839    -1.26789    0.135641   -0.330331     3.50763    -1.35544
    1.09536      2.4918    0.204785     0.11587    -3.41274    -1.68195   -0.553395   -0.578023    -1.52987
   -1.23869    -1.18205    -1.43343    -1.23226     6.03857    -1.39916   -0.934796    -1.54751    -1.91687
   -1.22317   -0.236688    0.860113   -0.385299   -0.498556   -0.785647     5.74303    0.372456    -1.31059
   0.113769   0.0106249   -0.482526     0.43219   -0.301211     5.68341   -0.575256   -0.759715   -0.477526
   0.879948    0.487403     1.02356    -6.87075    0.533496    0.888167     0.73008     1.09391     1.68903
   0.383803    -0.92993    0.885456    -2.89373    0.752442   -0.270021     2.33076    0.667151     2.78032
   -5.31233    0.905448   -0.222058    0.205709     1.43718    0.080326   -0.601744     1.26038   0.0683763
  -0.405512    -2.39378   -0.469879     1.45996    0.105198  0.00127789    0.519806   -0.995183     4.11294
  -0.295785     1.45194      1.3855   0.0407027    0.883302    0.578427     0.23148    -4.96365     0.96053
     6.0972   -0.787138   -0.418355   -0.567172   -0.168842   -0.452218   -0.606425    0.867786   -0.632063
   -1.14949   -0.983936    -2.53825     1.34204  -0.0254864   -0.165668      2.3061     0.30001     -1.7148
 -0.0131391      1.2376    0.932485    -1.98973    -1.52582   -0.675889     2.93065    -1.13591   0.0835419
   0.641746     0.56941     0.26302    -0.59193     1.40871    -5.08399    0.695966    0.234814     1.53266
 -1.64493
 -1.29581
  3.55496
  0.88551
 -2.68361
 -3.94199
  1.83459
  2.25798
  4.34981
 -3.30926
 -3.73659
0.0522807
 -1.73555
-0.888063
 0.596901
-0.966063
 0.499505
  1.53371
  2.28286
 -1.46348
 -3.63727
  3.71444
-0.807073
  3.24705
 -1.18167
 -1.77002
  2.56954
 -1.04947
 0.113145
  2.18221
1
1
30 30
   -0.64703   -0.334225   -0.155967     1.35716    0.275517    -1.45302    0.196969     1.36657   -0.417272     -0.2186    0.105767    0.731975    -2.06599    0.807292   -0.493832   -0.283105    0.852428     1.02169     -5.0136    0.115175    0.225686    0.237448   -0.663948     1.08439   -0.342316    -1.43963     1.81951   -0.902906   -0.421792   -0.084506
  -0.104411   -0.010175    -0.23685    0.332807     0.24939     0.74165   -0.454376   -0.106386  -0.0909516    0.424659    0.811304   -0.266485   -0.188562   0.0440741    0.274869  -0.0671113    -0.18409   -0.686378    0.480103   -0.198875    -0.41192   -0.618167    0.113803    -0.19606    0.101656   -0.255816    0.159242   -0.640729   -0.143662   -0.291599
   0.188859    0.684604    -2.84615    0.657783  -0.0969991   -0.557642   -0.919598   -0.397543    -2.94237   -0.434567    0.740835    0.789382   -0.526219   0.0191424    -1.46877    0.582176   -0.576174   -0.428629   -0.815571    -1.31993    0.594248   0.0380037   0.0329896   -0.596124     1.84067   0.0278091    -2.15806   0.0914672     1.05763    0.249837
   -1.11374   -0.146383    0.484687   -0.303673    -3.55793    -0.63233    -1.91402   -0.729673    0.441198   0.0982271    -1.12984   -0.817972   -0.593519    0.931318    0.489825    -3.17403    0.779918   -0.773809   -0.493671    0.653541   -0.500967    0.604276    0.441381   -0.560357    0.858482    -1.49176   -0.848203    -0.32872   -0.382561    0.641881
   -2.82234    0.263324      1.1534   -0.121978     5.70197    -1.43819   -0.496152    -0.98119    0.204871    -1.83064     1.40564   -0.306931   -0.357407   -0.709159     0.95522    -2.17704     1.68483   -0.303823   -0.930991    0.190209    -1.18353      1.5127   -0.294234    -0.54954    -1.04089    -1.00576    -2.29301     -2.8481   -0.670639    -1.27307
    2.07484    -1.11248    -1.64399   -0.265869    0.931903    0.777209     3.46044    0.467584    -1.44706    0.430998   -0.156111    -1.00822   -0.624267    0.733463   -0.813281     2.95993   -0.945892    -1.55238    -1.66416    -1.02483    -2.68625     -1.4952    -1.12767   -0.543078   -0.200365   -0.682954     1.25792      1.4913   -0.682717     1.85894
    1.77663     1.02219     2.89217   -0.285332    0.609951     1.47319   -0.396075   -0.740667    0.240477    -1.15492    0.599403     3.19262     0.93209    -1.38169    -2.74524     1.33501    -2.01855     1.71787   -0.504829    -1.68206    0.793546    -2.11726    -1.19721    0.412505  -0.0505859     2.24972    -3.51879    0.150167     1.02365   -0.303705
 -0.0492343   -0.924612     -2.1188    -2.46229     1.70564    0.262393     1.89545    0.584956      1.2622     2.08402    -1.64834    -2.25895   -0.134395     -1.1955  -0.0596682   -0.878522   -0.382587     2.56592     2.94606   -0.569316   -0.317981    -1.06388    -2.65603    0.423189    -3.42668    -2.17421     2.62264     1.33059    0.665762    -1.63618
   0.750165   -0.142887   -0.772882    -1.35023    -1.28403   -0.794576     2.60675    -1.53885    -1.67487    0.187132    0.291052    0.476258      -3.539    -1.86052    -0.84855     1.70458    -1.78404    -1.67735     1.33179     3.70883    -1.15013    -0.74567   -0.452633    -1.96595    0.614302    -0.85013    -2.39998     1.79878   -0.660259     1.20477
     0.6365   -0.402436   -0.251254    0.667855    0.660384     3.18346     1.28173    -2.31743    0.101943    -1.67237   -0.347084     -1.1032    -0.17108 -0.00802236   -0.493992   -0.956742    0.518866    0.663653     1.95058   -0.244975   -0.196282   -0.534303     1.14183    -3.70025    0.484224     1.07586    -1.42874    0.826594     1.38255   0.0939399
     1.4513    -1.03297    0.177381    0.295628   -0.815762     -3.7527     1.05099     -3.1387    0.400458     2.40692   -0.985875   -0.141676   -0.790351    -2.01213     1.01946   -0.132703    -1.81485     1.27542   -0.865983    -2.48733    -0.75903    0.739821    0.205378    -2.56819   -0.829977    -3.73336     1.35809  -0.0929553   -0.855303     1.70518
  -0.411423   -0.707099   -0.929976    0.292886    0.876135    -2.18438     2.26148      1.2104    -0.38792    0.823417   -0.879666  -0.0973088   -0.720522   -0.718462   -0.704637   -0.383808     1.27007   -0.443147     2.20471     1.88378    -1.35774    -3.81562     2.76396   -0.847181    0.646691    -3.21256    0.596886    0.199333    0.111966   -0.266171
   0.822115   -0.720136   -0.848303    -1.33932    0.514701    -3.94303    -2.48321       2.943   -0.638559     3.03933   -0.204348   -0.609246    -0.25781    -0.14853    0.453668   -0.353077    0.199626    -1.33421    -1.52485   -0.598965     3.17159  -0.0370978    0.136466     2.46503    0.842476    -2.79994     3.83198   -0.630692   -0.386668    -1.62386
 0.00426233    0.583964      0.2405   0.0356016     2.05952      1.0612    -2.60178    0.264855  -0.0206372   -0.645565      1.6565   -0.378613   -0.135301    0.297957    0.846376    -1.22374    0.316462   -0.729941    -1.11721    -1.48821   -0.619182    -3.58234    -1.59299    0.349051   0.0559651   -0.756351    -1.40748   -0.750236    -2.22474    0.184187
   -2.09022   -0.144947   -0.431903     -0.0127    -1.55011   0.0269716    -1.04493   0.0353129   -0.209217    -1.01547    -1.14064   -0.568308    -1.31041   -0.448739     1.85837   0.0987868    0.116399     1.87571     1.89945   -0.162809   -0.218453    -4.76185    -1.26899   -0.296489    0.463529    -1.26467    0.203401   -0.297648    -1.62465   -0.519895
   -3.43667    0.218552    0.108224     1.07317    -1.08236    0.734623     1.63193    0.157316    0.321286    -1.04907    -1.12644      1.3434    -1.29881  -0.0988693   -0.258689     1.84549    0.834032     1.83126    -5.57555    0.159178    -1.59829    0.119691   -0.791391   -0.152738   -0.584185   0.0591433   -0.752729   -0.786816     1.32173    -0.33484
   -1.34309   -0.229624    -1.18641     1.32721    -2.00989    -1.41725   -0.334186    0.285907    -2.01699    0.809745    -1.18261   -0.724978     2.69071     1.66273      2.5787    -1.67215     1.47296     1.74202    0.859564    -1.61839  0.00908015     1.60133    -2.07869    0.567459   -0.684871    -1.65259    0.388906    -2.78513    -3.07762   -0.492338
     -2.246     1.08467    0.589488    -1.25275    -1.30406    -1.38539    -2.17526    -1.11057    0.463131    0.164383   -0.220419    0.039498    -2.73869     1.29159     3.45401     1.40919     2.01593    0.303253   -0.177732   -0.115612    0.353914     3.32427    -2.14317   -0.297509     1.40621    0.071527     -2.3185     1.20871   -0.785237   -0.399972
  -0.286552     0.47047   -0.660279    -3.59194      2.7141     1.18494     1.76213   -0.363335     1.97188      2.0746    -1.67385    -1.83668    0.929912    -1.65745     1.17922   -0.717117    0.307862     2.27404      1.5675     1.91567      1.3676    -1.18506    -2.96394   -0.118633     -4.6868     -1.2586     2.04536     2.07609   -0.699386    -1.12907
    1.51847   -0.553531   -0.825952    -1.64726    -1.18613     0.13393    0.251057    -1.53078   -0.599874     0.23341   -0.224636    -1.82031     2.27661    -1.09997    -1.46477   -0.832245    -2.31053    -2.21461    0.900993    -1.95934     2.26665   -0.380665  -0.0425276    -2.21305   -0.393646   -0.226359   -0.957965     1.67484    0.213601    -1.63855
   -1.13249    0.652154   -0.585896    0.344333    -1.07037   -0.945885    -2.28829    0.311755    -1.39047    -1.38093    0.522795   0.0952096    -0.55711     1.00704    0.752059    0.101383    0.855692   -0.631482    -1.31011   -0.896621   -0.499723    -2.27786   -0.483217   -0.645182       2.291  -0.0957654    -2.27307    -1.10205    -1.22149   0.0956102
   0.721376    -0.27708    -0.12886     1.68474    -1.60654     0.23238     1.08074    -1.35308   -0.683407 -0.00971885   -0.590716   0.0365835    0.558136   0.0317908    -0.78102    -3.01823    0.196276   -0.774683     1.53889  -0.0387307     4.68719    0.205115    0.238333    -1.98069   -0.404897    -1.49955    -1.18813     1.25925    0.743318    -3.83573
    1.56911   -0.366068   -0.652806    -3.10112    -0.58118    -2.35737    -1.27483     0.28161     0.14269   -0.226434    -1.04171    -2.13599     4.26452   -0.962136    0.221394   -0.982124   -0.162876    -3.41804     1.16242   -0.960997   -0.455607    0.868702  -0.0290043    0.620769   -0.272618   0.0904421    -1.38551    0.779322   -0.536996     1.30068
  -0.344803    0.531246     1.38623    -3.48688    -1.54836   -0.524002    -2.24658   -0.341397    0.354135    -0.94222   -0.188006    0.612543    -4.48858    -2.67403    -2.14105     1.42846     -1.3721    -0.71564   -0.545868     3.58003   -0.312207     1.25213    0.948514   -0.403796    0.732709     1.20857    0.726701     1.89916     1.02823    -1.63438
   -1.45407    -0.48721     -1.7322    0.536367    -1.30872    -0.78519    -0.49605    0.777999     -1.6473    -1.06138   -0.448345    0.450401    -1.04818    -1.38187  -0.0135986    0.255029   -0.593086     1.09162     2.26612   -0.813074    -1.32704   -0.362005    0.741748     0.31657     0.46345    0.869141   -0.719286   -0.729531     1.34896    0.798896
   -2.21667    0.746919     1.22159   -0.318816   -0.510058   -0.268507   0.0269617    0.665768     1.02949    0.488756    -1.00072     1.34688   -0.558196   -0.624127      1.1182    0.542324    0.340983     1.21431     -2.2409   -0.102553   -0.995918    -4.97554    -2.42297     0.73183  -0.0592169      1.3977  0.00419186    -0.82513    -2.20052   -0.550968
  -0.931341   0.0139888   -0.344545   -0.406047    -2.00024     4.83968    -1.23453    0.840734   -0.855866    0.697957     -1.3084    -1.00285   -0.329336     2.70556   -0.866232    -1.68359     2.29719   -0.723961    -1.24191   -0.400461    -2.07745     1.02803   -0.441627    0.788566    -1.18211    -2.06839    0.869635    -0.90769    -1.29308   -0.498569
  -0.117772     1.16687    -5.26371    0.297447   -0.121317     -1.2347     1.13359    0.830993    -3.80969    -1.05911   -0.013742     1.17103   -0.325996   -0.249167    -0.83248    0.535709    0.147419     1.77979 -0.00528702    0.330456   -0.724646    0.796248    -1.41534    0.974612    -1.82611  -0.0348666  -0.0970942   -0.252859    0.260139    0.745062
   0.448766    -1.16342    0.168683    -1.21845   -0.146139    0.221767     1.53541  -0.0634541    0.363392   -0.299164  -0.0241977   -0.594607    0.748623    -1.99248   -0.651486    0.829045   -0.606945    -0.81682     -1.3937    0.162309    -0.38203    0.258953   -0.748376   0.0549572   -0.944251     2.01875   -0.407628    0.882672    0.661184   -0.274908
    1.10857   -0.471597   -0.723091   -0.148683   -0.467428    -1.15869   -0.195164   0.0614302    -1.09111     0.45766   -0.111707    0.637837   -0.268901    -1.35021    -1.39398    0.445836    -0.91291   -0.843509   -0.488478    0.169867     1.03768   -0.615049    0.183779  -0.0832078   -0.508309   -0.335859     0.71164    0.155061     0.21982    -1.72007
 -0.630027
  -1.30363
 -0.427041
   2.09639
 -0.247521
  -2.49193
  -1.38217
  -2.14083
 -0.672132
 -0.529527
-0.0092298
 -0.760821
  0.237936
-0.0454416
  0.723138
 -0.629801
 -0.759319
   1.30086
   2.17449
0.00847966
  -0.39174
  0.292529
   1.37215
  -0.77312
 -0.316535
 -0.364344
  -2.21402
   1.49575
  -1.94642
0.00510252
1
4
30 10
     2.2002    0.836549    -1.02476    -2.66659    -1.12796     1.54953    -1.47572     2.46893    -1.58687    -4.65978    -5.16805    0.425795     3.48813     1.56037    -1.18094    -1.28011    0.722146    -2.32303   -0.523073    -1.44294   -0.771866    -0.90613   -0.734086     2.25636    -1.07384    0.874788     2.84213   -0.580615     1.07534     1.38146
   -0.62914   -0.540632    -3.62117    -1.85591    0.550988   -0.882444     4.29673   -0.329668    0.376351   -0.970956    -1.17351    -1.51619   -0.661977     1.35931   -0.310907     1.00492   -0.324329    0.103346    -1.75293     1.24533     1.21131    0.464584    0.494388     1.89136    -2.34494     1.18855     -1.8673    -8.07852     1.04739    0.703654
 -0.0876284    0.033407    0.841572     3.26465    -9.50232    -3.88029    -2.39563    -0.51376    -1.62473     1.80076    0.417859   -0.607615   -0.558288   -0.578582     3.36999     1.81713     1.71544   -0.554491    -2.33803    0.166735     2.47644     1.97248     2.10315     1.90051     1.79141     1.88447     3.45707 -0.00131569    0.478914    -1.43171
   0.372289   0.0280587     1.26651     1.53976     4.33164   -0.624068    -1.00469    0.430492     0.44787    -1.04225    0.292873    -2.27249    0.571174     -5.6794    -3.59786    0.450847     2.30733     4.75473    -1.83293   -0.481327    -1.80533    -1.23617    0.368026     1.16558   -0.148273    -5.50374     2.53145     1.38241   -0.592576    -1.75966
   -4.82407    0.973952    0.888219   -0.505235    0.924922   0.0562997    0.458483    0.594344     2.46462     2.67093   -0.742994      1.0279     -1.3618     1.58922     2.50331    -4.85615   -0.213889    0.103843   -0.707545    -2.84691    0.561421     2.95384    -7.15607    0.131872    0.849862    -2.20458    0.625268     1.69682    -1.50542    0.974928
   0.907645  -0.0884865   -0.634666   -0.826963     1.04179     3.62052    0.223902     1.24541     3.76786     2.72332     1.60572    0.583764    -2.54062    -1.21694    -1.04599     2.78436    0.828094    -1.76273    -1.67152    -2.77773    -1.18184    -6.65738     1.05306   -0.720162    0.268584      1.3889     0.95484    0.836204     1.61197   -0.992552
  -0.512661   -0.169984     3.40355   -0.254542   -0.388377    0.939541     1.46934     1.35105    -5.62174      1.5553     1.33277    0.167974    0.436994    -1.13453   -0.986457     1.17215    -6.26283   -0.757629     0.48467     3.11196   -0.381899      1.9872    0.499639    -8.00158     1.92532    0.407628   -0.623664    0.494123    0.763689   -0.460872
    1.84796   -0.394909   -0.757074    0.639309      2.7378    0.242288     -1.8133      1.1794     1.18027    -2.40516     4.35711      2.9283     2.81862     1.14096     1.21074    0.181727     1.58487     0.55365   -0.223371      3.3247      2.7852    0.578398     1.46229   -0.129918    -1.63648    0.293591    -7.06501     1.38437    -1.60172    0.496543
   0.829651     0.12594   -0.511432   -0.019326     1.31134   -0.481281    0.835224    -6.57613    0.234364   -0.485721   -0.236765    -1.42149    -1.87255     3.35175    0.448774   -0.601139   -0.259726   -0.434576     7.88388   -0.551603     -2.6643     0.60023    0.688081    0.429086    0.450708     2.01589   -0.760056     2.53733    -1.08327    0.978868
  0.0520286    0.191101    0.212028  -0.0116451    -0.22295  -0.0302379   0.0838361   0.0517241    0.131273   0.0129876  -0.0314379    0.013225   -0.034469    0.196271   -0.130788   0.0351287    0.138547  -0.0820128    0.160678 -0.00324286    0.129125   -0.231701   -0.020003   -0.117699    0.231662   0.0823459  -0.0924324   -0.289066   0.0670744      0.6098
  0.848406
   2.27689
 -0.641207
-0.0368049
   1.93049
-0.0330945
   2.53961
  -2.45018
  -5.11259
 -0.261486
