3 16 0.5 800
1
1
9 30
    1.5893    0.31503   -3.38881   -1.54845    1.46908  -0.495472   0.450484   0.534881    1.57273
  -0.81479    1.38698  -0.766142    1.48939  -0.187228  -0.485651  -0.249349   0.594154   0.566995
 -0.124437   -5.41183   0.654126   0.605012   0.457593    1.25627   0.885486   0.718235   0.602663
  0.876818   0.190315   0.208027  -0.797662   -1.76408    2.13572   -1.78438  0.0764259     3.4582
 -0.261087   0.975112    5.35806  -0.299414  -0.638117  -0.388425  -0.282153  -0.558493   -1.09101
 -0.406237  -0.190398   -0.32751  -0.181823   -2.15723  -0.367149  -0.891352    6.38236 -0.0428976
 -0.605135   0.144175   -0.77766      -1.02  -0.756056    4.88153  -0.452012  0.0475248   -1.23701
  -5.15114  -0.762831   0.411013  -0.320001   0.454522   0.333609   0.374381   0.436605   0.380723
-0.0286291   -3.79096   0.495309   0.760073   0.144877  -0.463573   0.380622   0.662848   -1.30582
   3.06004   -1.28904  -0.377631  -0.306259  -0.923353  -0.311543  -0.411632    2.85349   -1.09317
-0.0403175  -0.153879     3.0398  -0.629791  -0.569644  -0.674741   -0.11458  -0.486815    1.09525
-0.0469913    2.23299   -1.20926  -0.557894   -1.28341  -0.134964   0.186085    1.36544    1.68646
  -0.34066   0.965022 -0.0173487   -1.18284     3.0953    1.40527   -3.45559  -0.425018  -0.208235
 -0.175693  -0.371464   -1.97187  0.0595333     -1.208  -0.784136   -2.13449     2.7148    2.20964
  0.794876   -1.40502   0.140206    2.79169  0.0424222  -0.572547   -2.02918   -2.02387   0.145655
   1.09673    1.03043   -4.55797    1.33026  -0.486021   0.743478    1.49294   -0.33974   0.884202
  -2.10101   0.283662   0.342225  -0.171654  -0.749662  -0.619545  -0.746005    3.53056  -0.784642
   1.32819    2.25625   0.618972   0.854766   -2.40337    -1.0563  -0.759113  -0.672666   -1.76776
  -1.19077   -1.10789    -1.3223    -1.3077    5.72105   -1.57803  -0.883528   -1.27909   -1.52204
  -1.03425  0.0989394    1.00051  -0.137903     -1.725   -0.70699    4.75354   0.546207   -1.34916
-0.0816172   0.224672  -0.249699  -0.234656  -0.429942    5.04554  -0.155953  -0.874145   0.190156
  0.666026   0.586133    1.06045   -5.70628   0.857466   0.911715   0.760755   0.904442   0.405692
  0.218394  -0.831508    1.24495   -2.77599  0.0973945  -0.356482    1.27883   0.681372    2.99665
  -4.45964   0.989523  -0.263729 -0.0058696      1.058  -0.396927  -0.108634   0.453126   0.558976
     -1.06   -0.98891  -0.857619    1.46906   0.236386 -0.0960885   0.384994  -0.708592    3.10428
-0.0105601    1.48362   0.982846    0.48346   0.535734   0.445656 -0.0879355   -3.73576    1.11957
   5.18464    -1.1183  -0.870271  -0.886505  -0.360433   0.556939  -0.635881   0.237094  -0.664579
  -1.54304  -0.131538   -2.36636   0.874457  -0.511587   0.122818    2.10719  0.0977346    -1.3853
 -0.416495    1.61669   0.730018   -2.24174  -0.908071  -0.753627     2.5653  -0.649966   0.205003
    1.3361     0.1731  -0.244105  -0.353934    1.09656    -4.7789  -0.216631   0.154731    1.12246
  -1.1514
 -1.24119
  3.03965
 0.512581
  -2.9455
   -4.131
  1.64692
  2.51463
  3.62696
 -2.57201
 -3.51463
 0.587861
-0.882761
 0.206889
 0.611604
-0.240211
-0.529534
 0.910613
  2.57362
 -1.54248
 -3.45356
  3.23217
-0.857486
  3.14354
 -2.02095
 -1.48668
  2.06992
-0.620689
0.0857389
  2.43958
1
1
30 30
   -0.485258    -0.429379     -0.16709      1.33656      0.10204     -1.95171     0.382425      1.07406     -0.42671    -0.503586    0.0223778     0.718199     -1.30606       1.0326       -0.316   0.00156303     0.590032     0.903384     -4.12403     0.212477    0.0815834     0.306778    -0.981833     0.809156    -0.498073    -0.749074       1.4114     -0.75885    -0.685119    -0.099238
   -0.027567  -0.00994462    -0.315073     0.166079     0.163619     0.339831    -0.341328   -0.0583544    0.0138857    0.0443912     0.576484    -0.128443   -0.0173069    -0.178882     0.135832    -0.073883    -0.166594    -0.474515     0.352384   -0.0621753    -0.371168    -0.446902   -0.0319993    -0.090821    -0.141073    -0.277251    0.0422659    -0.426507    -0.013639    -0.363313
   -0.346372     0.382872     -2.86007     0.656564   -0.0359322    -0.474904    -0.495871    -0.253427     -2.71369    -0.468809     0.722743     0.828031    -0.326132    -0.180753     -1.25929     0.765494     -0.67483    0.0884384    -0.713002     -1.18835     0.695983    0.0890196    -0.159244    -0.385467      1.13458     0.380292     -1.48449   -0.0448621     0.813748     0.210813
  -0.0386434    -0.358479     0.242163     -1.06576     -2.16184    -0.535614     -1.69453    -0.715386     0.210792    0.0108911    -0.741346     -1.11502    -0.289976     0.142587      0.36043      -2.2167      0.53765    -0.935746     -0.47715     0.725865    -0.588743     0.222154      0.19187     -0.35865     0.266655     -1.25156    -0.345341    -0.475959    -0.545566      0.57209
    -2.70309     0.222872     0.678181   -0.0926924      5.18312     -1.29993    -0.829378    -0.763095     0.424771      -1.9716      1.61996    -0.102612    -0.100194     -0.71291     0.666452     -2.19573      1.36881   -0.0166179    -0.992569    0.0428118    -0.950476      1.41303    -0.302956    -0.254818    -0.881067    -0.555563     -1.70734     -2.70641    -0.830849     -1.23108
     1.74869    -0.715092     -1.35034    -0.421442     0.233745     0.330812       3.2195     0.990598     -1.13964     0.541853     -0.29598    -0.711327    0.0687803   -0.0292152     -1.07994      2.18929     -1.33125     -1.36465     -1.96969    -0.876387     -1.56131     -1.77817     -0.98841   -0.0306406    -0.313067    0.0694229       1.3991      1.81406     0.147626      1.42315
    0.972369     0.926985      2.45943      0.48666     0.858714      1.48046   -0.0732198      -1.3998     0.374289    -0.798585     0.885402      2.46169     0.567535    -0.666015     -1.93221      1.04219     -2.00592     0.714057    -0.232309    -0.947729      1.22773     -1.41503    -0.841864     -0.70572      0.71336       1.7257     -2.76908        0.357     0.859132    -0.669334
   -0.116642    -0.670779     -1.19391      -1.1823     0.804037    -0.146738      1.86153     0.214225       1.0311      2.16206    -0.942751     -2.01325    0.0190971    -0.611375     0.124148    -0.786138    -0.747402      1.30229      2.46274    -0.473087    -0.222101    -0.960865     -1.62652    -0.202672     -2.16765     -2.04564      1.70861      1.87527    0.0561908     -1.76466
    0.510236     0.108301    -0.349683      -1.2077     -1.01364     -1.26712      2.16925    -0.619029    -0.729433    -0.286608    0.0729735     0.389782     -3.65682     -1.48884    -0.846919       1.2674     -1.90947     -1.20202      1.75188      3.58176    -0.881289    -0.998814 -6.98007e-05     -1.42175     0.874239     -1.54749     -1.55496      1.64237    0.0861536     0.973915
     1.20444    -0.672676    -0.911399    -0.337834   -0.0897426      2.96195      1.11355     -2.60242    -0.499097    -0.743385      -0.4531     -1.61026     0.479056     0.174549     -1.06585    -0.955041     0.394616     0.430071      1.84079    -0.172365    -0.228853    0.0241501     0.674999     -3.56266    -0.307929    -0.165904    -0.553329      1.07534     0.816984     0.104323
     1.71477     -1.12673     0.159667     0.534687    -0.441501       -3.359       1.1637     -2.97399     0.313306      2.46948    -0.520439    -0.564632    -0.157774     -1.59703     0.793955     -0.44536     -1.72099     0.730075     -1.79226     -1.66541    -0.750546      0.56928       1.0385     -2.48813    -0.869901     -3.30964      1.54781    -0.414681    -0.342209      1.80639
   -0.657436     -1.07971    -0.420991     0.119617    -0.179344      -1.3618      1.76059      1.94834  -0.00135792      1.04659    -0.688053    -0.109238    -0.881551    -0.533496    -0.434972    -0.921214     0.868094    -0.923106      1.95023      1.15622     -1.54514     -2.63435      2.14893    0.0419723     -0.16918      -2.4346       1.4995     0.169668     0.354472     0.356464
    0.572826    -0.567287    -0.785876     -1.06045     0.521379     -3.51698     -1.85046      2.11934    -0.851057      3.68705    -0.215243    -0.430228    -0.192543     0.206395     0.772587    -0.384385     0.293149     -1.41167     -2.33168    -0.349718      3.69508    -0.279421    -0.779256      2.09513     0.215821     -1.69543      2.86671    -0.106067     -0.88162     -2.12658
   -0.269457     0.681126     0.184554    0.0891747     0.925535   0.00726969      -2.3968    -0.200157    0.0675151      -1.0145     0.916403    -0.143562    -0.501839     0.286984      1.17026     -1.25956     0.133316    -0.500031     -1.22234      -1.4713     -0.59309     -3.50795     -1.71915   -0.0274513     0.235324    -0.834826     -1.23194    -0.623525     -2.41352     0.151106
    -1.70311    -0.347844    -0.293331    -0.299136     -1.24033     0.416655     -0.80916     0.127366   -0.0904129     -0.89541    -0.597875    -0.395489    -0.845528    -0.216188      1.48661     0.142652     0.316058      1.70962      1.48738    -0.116405    -0.411115     -3.08179    -0.574891    -0.118511     0.630806     -1.14056    0.0581636    -0.323948     -1.39932    0.0276515
    -3.38245     0.111482     0.585791     0.407537    -0.889404     0.607244      1.11007     0.271212     0.435358    -0.752167    -0.942642     0.820065    -0.801539     -1.14947    -0.443145      1.84692     0.959207     0.966767     -4.43797     0.859818     -1.34744    0.0908167    -0.297784     0.123234    -0.305618     0.652389    -0.754995    -0.242673      1.23773   -0.0123428
    -1.35075    -0.182853    -0.285393      2.06103      -1.6203     -2.00334     -1.03591     0.440859     -1.09635   -0.0705165     -1.04751    -0.425809      2.31178      1.39636      2.42573      -1.8174      1.43684      1.49407     0.109992     -1.25905     -1.01688      1.06493     -1.27027     0.483603    -0.262324     -1.80657    -0.302683     -3.32282      -2.3899     0.480713
    -2.41727      1.36463     0.702377     -1.19444    -0.718397      -1.2117     -2.00098    -0.987988     0.961363    -0.926273    -0.191322      1.05314     -2.02476      1.34856       2.4181      1.46517      1.66653      0.49839    -0.582934    -0.735718     0.532559      2.02725     -1.86218   -0.0884597      1.00251    -0.122032     -2.38436     0.286915    -0.203263    -0.857453
   0.0087756    -0.112206    -0.429589     -3.39425      2.48583        1.325       1.7279      0.90926      1.27233      2.22633     -1.56796     -1.85887     0.548893     -1.86595     0.603706    -0.251381     0.488963      2.85703      2.47124      1.70451     0.950209    -0.649547     -2.39062     0.674618     -4.07479     -1.51054      1.70728      1.80293    -0.118501     -1.29462
     1.19408    -0.410311     -1.23943     -1.36522     -1.09025   0.00365562     0.159784     -1.35033    -0.954846    0.0571622    -0.195985     -1.44932      2.38549    -0.966243      -1.3773     -1.12051     -2.31918     -1.81419     0.774404     -2.49924      1.99182    -0.519562    -0.363418     -1.78299    -0.434908    -0.385396    -0.985756      1.32495    0.0771625     -1.39515
   -0.953313     0.453699     -0.43657     0.534747    -0.653123    -0.764485     -1.98992    0.0488077     -1.20596     -1.26434     0.561442      0.26828    -0.611944     0.750092     0.612313     0.100189     0.749179    -0.485349     -1.21133    -0.805348     -0.47693     -1.86095    -0.370955    -0.751226      1.59629   -0.0582869     -1.82255     -1.24323      -1.3886    0.0637887
    0.137323      -0.1086     0.359658      1.52938     -1.45209   -0.0268919      1.20001     -1.68657    -0.183708    -0.214415    -0.415731   0.00492496      1.08511     0.422076    -0.269895     -2.81902    -0.082421    -0.801322      1.05239     0.093333      3.65049    0.0998647     0.126829     -2.25281    -0.234595     -1.46426     -1.37409      1.15178     0.639944     -3.12952
     1.30394    -0.336788    -0.175157     -2.29827    -0.133535     -2.38952     -1.17772    -0.212185     0.306956     0.253839    -0.503823     -1.54701      3.41222    -0.532485     0.147867      -1.2047     0.389984     -2.33743     0.753244     -1.23123    -0.362886     0.930781    -0.105366   -0.0552711  -0.00314046    -0.676917     -1.26174     0.159713    -0.306556      1.10843
   -0.279759     0.599559      1.34149     -3.19069     -1.42162    -0.303434     -2.08134     -0.57454      0.46534     -1.24945    -0.209178      1.07567     -4.59308     -1.97114     -2.27139      1.69872     -1.41785    -0.982223   -0.0886774      2.90928    -0.264451      1.27291     0.683851    -0.658793     0.482401     0.937039     0.213006      1.64643     0.526838     -1.81814
    -1.13222    -0.306051     -1.71432    -0.328651    -0.291484    -0.531448    -0.617261     0.238737     -1.55758    -0.810618    -0.056768     0.591087    -0.819295     -1.01722     -0.13374      1.07336    -0.171273       1.2127      1.33932    0.0936748      -0.5797    -0.692588   -0.0951704     0.101568     0.057046     0.319393    -0.821214    -0.587134     0.468372    0.0627189
     -1.8968     0.326171       1.4159     -0.43065    -0.989184    0.0691915    0.0392516     0.368255     0.883458   -0.0502505    -0.881797       1.3029    -0.889799     -0.86851      1.28274     0.803447     0.287526      1.06993     -1.91048     0.231609    -0.840964     -3.97727     -1.86765      0.36621    0.0619398      1.33145    -0.340405    -0.412414     -1.92966    -0.284676
   -0.805577   -0.0980136    -0.644096    -0.463444    -0.865964      4.52689     -1.21657     0.600631    -0.798227      1.25178     -1.11288     -1.26195     0.491071      2.24697    -0.775149     -1.54446      2.51455    -0.836616     -1.43698    -0.163324     -1.77132      1.18048    -0.127559     0.255161     -1.01216     -1.75976     0.473784     -1.12623    -0.417246    -0.183823
   -0.200854      1.24198     -4.93025    -0.131099     0.324874    -0.762289     0.555022     0.722215     -3.58782    -0.362836    0.0969282     0.687419    -0.439737    -0.375311    -0.999914      0.52403     0.433721      1.68409    0.0111851     0.701402   -0.0973916    -0.113207    -0.684304     0.761736     -1.36398   -0.0448599    -0.490226    -0.513131    0.0387491      0.25376
    0.575071    -0.394381   -0.0289156    -0.742307    -0.227189   -0.0392216     0.424771    0.0250899     0.246478    -0.235085    0.0556881   -0.0146661      1.01039     -1.08536    -0.691881     0.511658    -0.300679    -0.277455     -0.64624    -0.245537    -0.270844    0.0455579    -0.133281     0.155328    -0.508534     0.792313     0.134756     0.326842     0.343641     0.109147
     1.03383    -0.399403    -0.484063    -0.239834    -0.295174     -1.31747    0.0208484   -0.0720108    -0.544997      0.23784   -0.0180421     0.733897     -0.35953     -1.08291     -1.17399     0.612475    -0.977858    -0.835783    -0.499442     0.107333      0.59799     -0.65097     0.340103    -0.172275     -0.58373    -0.498721     0.252231     0.213959     0.122264     -1.30216
 -0.699152
  -1.22158
 -0.260013
   1.70027
 0.0272986
  -1.87318
  -1.08529
  -1.90623
 -0.411516
  -1.15639
  0.121205
 -0.969557
  0.586462
 0.0347975
  0.955587
 -0.667077
 -0.654236
   1.61898
   1.64915
-0.0945242
 -0.403713
  0.248086
   1.26237
 -0.776831
 -0.242616
 -0.410447
  -1.57719
   1.46828
  -1.83736
   0.14365
1
4
30 10
    2.67547      0.3661    -1.07152    -1.54519    -1.01077     2.37122    -1.01132     2.35235    -1.26705    -4.56215    -5.50832    0.881042     3.48205    0.641539   -0.203396   -0.638441     1.01886    -2.75539    0.144343    -1.42269   -0.570998    -1.96924   -0.974651     1.98494    -1.12182     1.10275     2.71289    0.241983    0.548479     1.34667
  -0.731827   -0.269729    -3.44109     -1.9749    0.455278   -0.366288     4.62382   -0.253675   0.0688892    0.191699   -0.629048    -1.96969    -1.70078     1.42487   -0.826776     1.00774    -1.21781    0.748842    -1.50651    0.969343     1.19787    0.603213   0.0509899     2.43266    -1.95817    0.915174    -2.27559    -7.21574    0.912377    0.716009
  -0.372253   -0.094076    0.975187     2.73104    -8.55639    -3.75274     -2.3388    -1.06033    -2.15309     2.38861       0.382    0.362032     0.24277    -0.93555     2.12432     2.39482     2.85559    0.866033    -2.06581    0.165759     1.74165     1.89163     1.23516      1.3224     2.02191      1.5042     2.39718    0.179443   -0.320647    -1.03345
  -0.123877     0.11937    0.904019    0.603011     4.18482    -1.04125   -0.675171  -0.0741944    0.260446    -1.13209     0.72455    -3.16438     1.02609    -4.75902    -3.25589    0.076825     1.18797     2.83096    -2.16361   -0.454685    -1.64223     0.12104     1.19169     2.23234   -0.782525    -4.66769     2.45521     1.39804   -0.107029    -1.24357
   -3.50067    0.654325    0.372108   -0.918774     1.34683   -0.265588    0.440895     2.03222     2.79241     2.46786    -1.13242     1.27805    -1.61899     1.08405     2.38398    -3.95628    0.244575    0.538984   -0.634431    -2.67167    0.349111     2.73126    -5.12246   -0.788445    0.871928    -2.21681    0.511834     1.27252    -1.12882   -0.104387
  -0.152571   0.0649175   -0.386535   -0.755723    0.619126     3.25196   -0.169962     0.90898     3.50301     1.61755     1.47798     1.18056    -3.39358   -0.932957   -0.446651     2.22736   0.0326265    -2.62873    -1.03028    -2.71491   -0.842302    -5.45528    0.356658     -1.8302   -0.181687     1.92377     1.02233    0.725818     1.08149   -0.588738
   -0.76782   -0.120781     2.95628  0.00765924   -0.594763     1.62449    0.745494    0.561682    -5.10727     1.44693    0.936139    0.664561    0.998781    -1.20008   -0.509217    0.693315    -5.94349    0.273242   -0.218397     3.34093   -0.211519     1.92172    0.658581    -6.69038     1.27004     1.23972   -0.780286    0.390103    0.348177   -0.140544
    1.82516   0.0063261   -0.282305    0.530557     2.59412   -0.217847    -2.09753    0.517606    0.901234    -2.07547     4.65983     1.94557     2.85264     1.43152    0.992603   0.0520974     2.28815    0.422794    -1.27324     3.19788     2.42334   0.0698085     1.35075   0.0644665   -0.376862   -0.308191    -6.04833     1.23868   -0.815398    0.862374
     1.2525   0.0774816   -0.175345    0.637573    0.841689    -1.06377     1.07706    -5.13447    0.639376    -1.15672   -0.225755     -1.8617    -1.56935     3.63777     0.15151    -1.18358   -0.369503   -0.613722     8.06711   -0.661543    -2.21578   -0.157041   0.0317959    0.195193    0.339422    0.852162   0.0993535     1.43993   -0.324523   0.0764709
 0.00864322  -0.0376986    0.144899   0.0439746   -0.061845   0.0920923 -0.00975719    0.179918    0.104858    0.107633    -0.11855   0.0405337  -0.0143547    0.249315   -0.170106   0.0337879    0.151505    0.156823  -0.0045035 -0.00893213  -0.0065838   -0.152892  -0.0441192   -0.274321    0.358026  -0.0891889  0.00163889   -0.245232   0.0363689    0.468358
 0.360305
  2.88054
-0.515239
 -0.78694
  1.25331
 0.375789
  1.78119
 -2.47263
  -3.5548
-0.164603
