3 16 0.5 100
1
1
9 30
    1.70675   -0.370442    -0.72778   -0.817816   -0.431701     0.25614   -0.115058    0.507031  -0.0928631
   -1.01017    0.489878   -0.166132    0.281256    -0.17494   -0.312595    0.318869    0.178479     0.36829
   0.197401    -3.69878     0.46196    0.524902     0.44774     0.26614    0.359033   0.0758813   0.0164644
    1.04166   0.0125324   -0.565042  -0.0271643   -0.152159   0.0902015   -0.570998    0.415234      1.5656
 -0.0142183    0.606117     1.57806   -0.170471    0.484681    -1.19802   0.0245662    0.719965    -1.11519
   0.206863  -0.0956142   -0.278927    0.580334 -0.00321599    0.268025   -0.582864     2.79726   -0.670611
   0.738575    0.868026    -1.40731   -0.817764   -0.320654    0.609032    0.281837   -0.441083    -1.57806
    -2.5288    0.270126    0.634036   0.0636417    0.246864   -0.602922    0.138196  -0.0724222    0.191452
    0.48053    -2.74873     0.49373    0.518273   0.0770436  -0.0814409    0.204347   0.0801209   -0.848641
    1.71066   -0.584855   -0.532138    -0.45445   -0.240481   -0.513747   -0.255541     1.96232    -1.69901
  -0.607174    0.200481    0.951256   -0.611056  -0.0815291   -0.238222   0.0195841   -0.334945     1.27209
   -1.33637    0.587825   -0.761668    0.710756    -0.52828   -0.177713     1.27648     0.25841    0.934955
   0.166397   -0.425982    0.966778   -0.295981   -0.164982     1.67485    -2.48321    0.725112   -0.208327
  -0.783817   -0.751435   -0.755533     0.60955    0.363082    0.296407   -0.502132      1.9824    0.991589
   0.342828    -1.32029    0.332332      2.2441   -0.317225   -0.490394   -0.566047   -0.345319  0.00445176
 -0.0326189    0.460695    -2.04654    0.449406    0.155084    -1.26761     1.91666   -0.423821    0.501644
   -1.62032   -0.178997   -0.122105    0.863134   -0.143592   -0.259992   -0.995787     2.32209   -0.482764
    1.76196     1.26506    0.294687    0.601329  -0.0333331    -2.37408    -0.26004   -0.256204     -1.5494
  -0.234813   -0.316779   -0.136293   -0.655522   -0.199968   -0.411842    0.592578   -0.531683     -1.6407
   -1.84618    0.391312   0.0879094   -0.155462    0.494137   -0.608013     1.69444     1.12702   -0.256726
    1.54062    0.578686   -0.768433    -1.33121    -0.26144     2.18835    0.355061     -1.0011    0.334052
   0.304378   0.0438093    0.483277    -2.81552    0.410862    0.772642    0.870636   0.0687192    0.164342
   0.774711   -0.346037     1.14766    -1.91226  -0.0360293  -0.0551221    0.539399    0.312453     1.24187
   -2.59696    0.548831    0.155983    0.672631    0.293481   -0.541965   -0.219792  -0.0629718    0.820221
   -1.00897   -0.625772   -0.720108    0.462619   0.0240559    -0.27817     0.73133   -0.961893     1.87073
   -1.50513     1.05311   -0.608252    0.416059    0.629083    0.845338   0.0410706    -1.68267     2.15211
    1.49173   -0.681187   -0.622686   -0.497446   0.0721662    0.324373    0.202529  -0.0202287    -1.11567
  -0.308858   0.0298558    -1.17006   -0.271117    0.310051    0.832664     1.18791   -0.636413    -1.50991
   0.449197    0.662783   -0.302516     -2.4077    0.230518    0.192754    0.843261   -0.191394    -0.25142
   0.217374   -0.175797  -0.0647413   -0.571895    0.065873    -1.79708   -0.642996     0.55989     1.14115
   -1.3357
   -1.3997
   2.21821
  0.325401
 -0.526227
    -2.133
   0.43271
   1.84425
   2.33402
   1.18243
  -2.16943
    0.2981
  -1.20323
 -0.420066
 -0.892853
-0.0554083
  0.672669
-0.0557336
 -0.011164
 -0.285897
  -2.46971
   2.38585
   1.11635
   2.52841
  -1.88461
 -0.169859
   1.23373
 0.0407818
   1.56413
  0.443001
1
1
30 30
  -0.330902    -0.29895   0.0767254   0.0931587   0.0940651   -0.185869   -0.110748    0.229235   -0.104798    0.233924    0.258075   -0.181833    0.270671  -0.0133124    -0.17684   -0.555197   -0.057022   -0.314086  -0.0416378    -0.21318   -0.204291     -0.3774   -0.253962   0.0955685   -0.171965   -0.507341   0.0614434  -0.0479775    -0.37178   -0.158758
 -0.0498555   0.0584857   -0.171708  -0.0348554  -0.0419714   0.0986648   -0.276647  -0.0852208   0.0961846    0.038067    0.461203    0.020463   0.0755161   -0.264363  0.00043213  -0.0925738   -0.101391   -0.479654    0.236288 -0.00697064   -0.473248   -0.324234   0.0131261   -0.139303   -0.184448    -0.24022   -0.108825   -0.272626    0.181577   -0.234659
   -0.27211    0.127309    -1.77845    0.245667  -0.0706035   -0.255819   -0.339169  -0.0723296    -1.60666   -0.625965    0.329434    0.532121   -0.168496    0.155419   -0.706865    0.462111   -0.139391    0.270393   -0.535985   -0.525495    0.377444   -0.334072   -0.414379   -0.187065     0.46036    0.128464   -0.932113   -0.468719  0.00771152    0.685823
  0.0949554 -0.00351471   -0.352184   -0.181068   -0.453502    0.206986   0.0069339   -0.598526   -0.414645    0.254681    -0.19017  -0.0918147    0.387385  0.00321802   -0.302628   -0.464115    0.137854   -0.171961    -0.13323   -0.205058   -0.264118    -0.44846   -0.487442  -0.0952154   -0.148225   -0.981028  -0.0763672   -0.222463   -0.804102     0.14009
   -0.76282    0.278235  0.00242253   0.0843635    0.942677    -0.21417    -1.12429    -0.55723    -0.02662    -1.04344    0.410838    0.781491   -0.584463   -0.113129    -0.16574   -0.106774    0.148871   -0.139975   -0.635349     0.39334   -0.611867    0.335388  -0.0168212    0.081336   0.0687873    0.723856   -0.627439    -1.26434    0.187267    0.071058
  -0.189589   -0.138994   -0.389905   -0.278515    0.298743   -0.135984    0.473571    0.517661 -0.00366074    0.213114   -0.311803   -0.560584   -0.129626   -0.176216   -0.415957   -0.293013   -0.235699   -0.209339    0.229509  0.00564273  -0.0311887    0.295755   -0.295469  -0.0523452   -0.711196    -0.64976   0.0932003  -0.0714545   0.0924737  -0.0913436
   0.754771    0.250588    0.186259   0.0511631   -0.324584   0.0530475     0.20952   -0.740366  -0.0304766   -0.368111  -0.0268325   -0.290041   -0.114825   -0.384401     0.22123   -0.076519   -0.636353    0.281798     0.18445  -0.0625732     1.53903   -0.457991    -0.17858   -0.772343    0.386699   -0.170828   0.0193373     0.35134  -0.0302926   -0.461821
   0.937421   -0.326453    0.206939    0.678083   -0.314613    0.080043     1.18922   -0.596567      0.8856     1.69792    -0.06717   -0.881069    0.845543    -0.13209   -0.348707   -0.364888  -0.0843232     0.47816     0.62349    0.013787    0.495783    0.668317    0.711415   -0.375106    -1.22787    -1.64933     1.02444    0.938624    0.861623    -0.56574
   0.196822   -0.317932  -0.0513928   -0.269526   -0.186795   -0.318841    0.462575   -0.485402     0.10431    0.262221   0.0194408   -0.618872      -1.335   -0.701248   -0.523821    0.650266    -1.00323    0.293415    0.387918    0.753998    0.148625   -0.465059    0.269133     -1.1197   -0.392127    -1.40604   -0.125361   0.0605788   0.0638449     0.39265
   0.794648   -0.264869   -0.306238      0.4415   0.0852869    0.907233    0.219653     -1.2073  -0.0726238   0.0375787   -0.257145    -1.00392    0.681099    0.156188   -0.129829   -0.406651    0.370684      0.8701    0.134428    -0.41056   -0.139824    0.249278   -0.247815    -1.43038   -0.263447   -0.742212   0.0854827   -0.167957   0.0972089    0.426696
   0.990334   -0.427669    0.365218  -0.0601671    0.576572      -1.449   0.0769985    -1.09991    0.192294     1.05732   0.0176074    -1.16335   -0.403348    -1.53407    0.347934   -0.135918    -2.09408      1.5411  -0.0381514    -1.26766    0.291266   -0.187842    0.455924    -1.08881   -0.244207    -1.68385    0.394078   -0.785557    0.117864    0.746069
  -0.179346    -0.22386   -0.152367   -0.227036   -0.106613   -0.523949   0.0339967    0.298216  -0.0840309    0.754745   -0.230071  -0.0336126   -0.198662   -0.297221    0.132163   -0.103335  -0.0924683   -0.342812    0.149499   -0.177882   -0.379961   -0.209623  -0.0899731    0.151769   -0.339011   -0.682638   0.0903999    0.218279  -0.0101333   -0.229954
  -0.920162   -0.427797    0.496288    -0.48827   -0.472268    -2.04407   -0.345832    0.933677    0.317701     1.68529   0.0844479    -0.33306    0.976468   -0.432559   -0.401533    -1.49337  -0.0994342    -1.06061   -0.348112    -1.05932    0.302803    0.490108  -0.0391868     1.60594    -1.27303    -0.64567    0.746017  0.00953882    0.085904   -0.502717
  -0.355147    0.497236 -0.00733768   0.0136804   0.0652689   -0.274125   -0.672614    0.122307    0.239925   -0.516455    -0.23191    0.130097   -0.183376  -0.0653656     1.17148  -0.0125115   0.0216394    0.579695   -0.407332   -0.519622  -0.0551124    -1.52158    -1.09579   0.0473466  -0.0193845    0.181949   -0.608569   -0.163148      -1.436   -0.330849
  -0.327671  -0.0296612    -1.17212  -0.0640219   -0.415185  -0.0535061   -0.501358   -0.167215   -0.825272   -0.516607   -0.368042    0.438087   -0.223528   0.0799885    0.783118    0.539889     0.41933    0.425876   -0.535294     -1.0239   -0.363871    -1.73984   -0.793476   -0.224514    0.434565   -0.274774   -0.779943   -0.662813    -1.18228   -0.143174
    0.22264    0.488722   -0.530773     0.15465   -0.264123   -0.310856   -0.227414    -0.31419   -0.610599   -0.711625   -0.213978    0.180195   -0.130731    0.341763   -0.188285    0.765372    0.236917   -0.330111   -0.427377   -0.235666   -0.345894   -0.619972   -0.550133  -0.0793726    0.569467     0.52696   -0.267399   -0.609902   -0.194361    0.223366
 -0.0897922   -0.225272     1.21968    0.125595   -0.505982   -0.416099   -0.571389    0.121772      0.3473    0.324581   -0.101824    0.288647   -0.675672    0.301206    0.802269    0.566941   -0.465962   0.0659644  -0.0298084   -0.385295    -0.94379   -0.615309   -0.174568    0.283846     0.12589   -0.645376     0.20752   -0.327051    -1.05377    0.213496
   -1.24618    0.427465   -0.365764   -0.565575    0.513435   -0.364461    -1.10469    0.720051   -0.472858    -1.74229    0.271517     1.13263   -0.950827    0.119834    0.618363    0.733255    0.407727    0.554549   -0.727276   -0.125226   -0.480658   -0.608252    -0.30042    0.713337    0.765628     2.00227    -1.23827    -1.11596   -0.619708    0.224122
   0.326055  -0.0644251    0.114178    -1.31547     1.19966    0.316841     1.57453     0.86221     0.71409     2.04745    -1.07445     -1.3368    0.842307   -0.899603    0.217842   -0.694174    0.317365     2.02102     1.31843   0.0688609     0.21203   -0.555662    -1.19435    0.498626    -1.95925    -1.56345     1.11165     1.47554    0.103405    -1.04261
   0.600384   -0.374527   -0.464278  -0.0101779   -0.583623   -0.326198    0.486338    -1.14865   -0.254398    0.425894    -0.10277    -1.27852     1.37226    -1.03352   -0.658892    -1.55628     -1.4963   -0.583516   -0.145729    -1.52985     2.16319    -0.30133   -0.351413    -1.31894   -0.339206    -0.77253   -0.091732    0.566222   -0.134333    -0.98573
  -0.238668    0.263799   -0.294862    0.154009   -0.269483   0.0329819    -1.05279    -0.17055   -0.876486   -0.860498  -0.0162251   -0.235621   -0.280552    0.382013    0.736426    0.483506    0.117783   -0.530076   -0.575986   -0.677183   -0.322083    -1.02758   -0.451323   -0.553515    0.810417    0.671527   -0.848132    -0.94687    -1.03919    0.312249
    1.39681   -0.362069   -0.136231    0.464714    -1.14924    0.939789    0.625224    -1.54415   -0.481951   -0.119934   -0.034183    -1.23801     1.52481   0.0405985   -0.682503     -1.3361   -0.732096     -1.1649   -0.116357   -0.778285     2.35912   -0.643282   -0.292496    -1.71037    -0.34593    -1.34184   -0.170924     1.00359   -0.125202    -1.08322
  0.0929418   -0.195041   -0.277969  -0.0168031   -0.218119   -0.524228   0.0990394   -0.336251   0.0315887    0.179602   0.0921279   -0.567503    0.117394   -0.604214  -0.0953814   -0.603333    -0.85828   -0.492309      0.0967   -0.634747     0.38793   -0.244007   -0.227985   -0.448456  -0.0224423   -0.492715   -0.430297    0.161256   -0.169923   -0.401797
  -0.665188     0.19539     1.80092   -0.298639   -0.644199   -0.180117   -0.826921    -0.30293    0.835081    -0.30363    0.346534    0.592987    -1.20872   0.0756539  -0.0741171  -0.0276253   -0.437321    -1.65314   -0.274744    0.294201    0.196898    0.573045    0.805537   -0.243656     0.28892    0.652839   -0.247732   -0.107115   -0.352707    -1.02525
  -0.403128   0.0401088    -1.48882    0.196422  -0.0492309   -0.142668   -0.494895  -0.0865662    -1.39387   -0.646495  -0.0515021    0.641112   -0.381054  -0.0609755    -0.14162    0.710977   0.0858598    0.183685   -0.336369   -0.197405   -0.419154    -1.00218   -0.592438   0.0584963    0.298493     0.23123   -0.570711   -0.843898   -0.356135   -0.036002
  -0.319216    0.218434    0.184683   -0.347396   -0.822862    0.211199  -0.0320212     0.14629    0.179041   -0.240162   -0.481967    0.474923  -0.0973296  -0.0671014    0.943336    0.717814    0.162677   0.0876234    0.199775   -0.234418  -0.0172047    -1.67236    -1.61356    0.233015     0.87057    0.385932   -0.320756    0.470589    -1.39966   -0.538291
  -0.242152   0.0350357   -0.604566    0.236694    0.468861    0.837931    0.260456   0.0996091   -0.657907    0.321109   0.0170465   -0.368468    0.882995    0.698019   -0.603314   -0.943387    0.998264   -0.390999   -0.185815    0.328877    -1.20612    0.793995    0.520605   0.0072215   -0.249896   -0.745725   0.0529629   -0.293732      0.6251    0.443159
   -0.87343    0.580106    -2.19057   -0.350591    0.737954   -0.473913    0.303856     0.82768    -1.55934   0.0722287     0.22411   0.0530505   -0.574304     -0.5323    -1.17137    0.048261    0.182962      1.2605    0.109576    0.557368   -0.594997    0.235503    0.129288    0.416048     -1.0997   -0.295913   -0.588627   -0.691087    0.567543    0.231236
   0.127711   -0.222138   -0.387104   -0.237041   -0.112535  -0.0547554 -0.00186082   -0.115548   0.0535576  -0.0777423    0.281973  -0.0409403  0.00743912   -0.552845   -0.285091 -0.00195676    0.117929   -0.165096   -0.183407    0.141577   -0.162585   0.0952612   0.0208448   -0.113353   -0.221186   0.0957635   0.0556011   0.0483938  -0.0218352  -0.0205857
   0.255356   -0.201236   0.0911277 -0.00274847   0.0901134   -0.888074    -0.36674   -0.321864    0.150164    0.365967    0.171772    0.100991   -0.268539     -0.7093   -0.569678   0.0989172   -0.868265   -0.321202  -0.0759931   -0.134408   -0.160084   -0.470016     0.36423   -0.235655   -0.337307   -0.384486    0.122282   -0.252604   0.0941975   -0.511662
-0.649501
 -1.14727
 -0.21908
  1.21372
 0.631768
 -1.27008
-0.106684
-0.865769
  0.21041
-0.794454
-0.177527
-0.748452
 -0.17338
 0.750845
 0.650877
-0.966032
-0.596173
   0.6129
  1.01229
 0.231801
0.0399398
-0.270101
 0.556952
  0.13365
-0.417483
-0.416182
-0.598101
  1.30387
 -1.85608
 0.463227
1
4
30 10
   0.493201      0.5023   -0.611579   -0.229489    -1.53539    0.623835     -1.4643     1.52215   -0.909851    -1.79274    -2.33446    0.726188     1.67631   -0.124067  -0.0949658   -0.372231    0.533291     -2.7508     1.63662    -1.87545   -0.484902    -2.66331   -0.460104   -0.231246   -0.741776   -0.110036    0.589979    0.481915   0.0266458   0.0335969
  -0.347294  -0.0234635    -1.65014   -0.762312    0.553766     -0.3865     1.05197    -1.15479    0.146487   0.0798246   0.0936547    -0.27122    -1.20883    0.858806  -0.0526919    0.236708    0.785757    0.311157    -1.50718    0.428838    0.751255   0.0759469   -0.431795     1.96912    -1.04034     1.18546    -1.62819     -3.2825     0.13449    0.261405
   0.256933  -0.0200081     1.24598    0.757186   -0.156122   -0.380952   0.0487102     0.22032   -0.899395    0.378338   -0.308492   0.0712172   0.0275034    0.296085     2.13304     1.19729    0.558046   -0.435087    -1.23097    0.822644      1.6969     1.20937    -0.14022   -0.353233      1.6628    0.777927    0.774522   -0.211388    -0.40456   -0.579618
  -0.156854    0.293863    0.156235     -0.2786     1.96062    -0.38177   -0.730759   -0.197316   -0.671945   -0.335711    0.273975   -0.663003  -0.0144991    -2.05289    -2.15933   -0.290408    -0.53505     2.20529    -1.43521   -0.568627   -0.957629   -0.429363   -0.245477    0.880197   -0.589598    -2.63832     1.16152    0.781515   0.0965125   -0.202092
  -0.421714    0.198359    0.405153   0.0284017   -0.167552    0.264529     1.21173    0.754558    0.833145    0.952487    -1.74766   -0.452621    -1.26747    0.368028    0.788064  -0.0428915   -0.519064   -0.114534   -0.668462   -0.572329    0.243092     2.41305   -0.375432    0.191835    0.635239    0.128694     0.30385   -0.158662  -0.0294321   -0.471962
  -0.256136   0.0523593   -0.211628  -0.0357931   -0.272645    0.533659   -0.109273      1.2951     1.38187     1.26143     2.14494   0.0753946     -1.5556   -0.351782   -0.434212    0.258827    0.292636    -1.42379    0.197441    -2.02985   -0.698694    -2.61962   -0.528873    -1.67463   -0.410131   -0.136227    0.593718    0.722681   0.0967183    0.234658
   0.101821   -0.136667     1.30017    0.253776   -0.665936    0.432508    0.466929    0.600558   -0.942535    0.721878    0.045512   -0.211464     1.20627   -0.588574   -0.146717    0.786402    -1.48248   0.0954299    -1.80372     2.33206     0.21894     2.08058    0.279673    -1.61867    0.926308    0.385908    0.489869  -0.0870104    0.225286   -0.405508
   0.379903  -0.0237459    0.287164    -0.21503     0.18979    0.308669    0.122615    0.255169     1.00967    -1.48072     2.23589    0.420081      2.0207    0.981233    0.351323   -0.220143    0.670215   -0.234015   -0.582529     2.13673    0.922912    0.762504      0.8475    0.804565    0.193594  -0.0167115    -1.31581    0.380825  -0.0381747    0.782408
  0.0542914  -0.0390664    -1.07071   -0.202932  -0.0266359    -0.47367 -0.00307961     -3.4454   -0.309519   -0.598408    0.281819   -0.378529   -0.565051     1.00529   0.0260584   -0.879618   -0.206483     2.02937     4.71316   -0.925686    -1.46284    -1.07197   -0.166668    -1.04497   -0.553893    0.768457   -0.874795     1.04341   0.0866546     0.23808
  0.0293704   -0.108969   0.0812842   -0.143727   0.0513804   0.0642053   0.0120299   -0.252186    0.139804    0.152545  -0.0815568 -0.00838567    0.140503  -0.0454724   -0.126662  -0.0243205  0.00467186   0.0112593    0.102118  -0.0343494    0.183716  -0.0920784  -0.0913849   0.0683763    0.402541   -0.200689  -0.0833094   -0.179524   0.0109702   0.0161041
 -0.713754
   1.77523
-0.0189995
  0.777138
  0.531504
  0.160238
  0.495081
  -2.50166
  -1.18331
 -0.011205
