3 16 0.5 1900
1
1
9 30
   1.14487   0.828883    -4.2811   -1.17584   0.583763 -0.0815203   0.958226  0.0682451    1.19174
 -0.493459    1.49093   -1.04431    2.15633   0.165604 -0.0291387  -0.310152   0.503446    1.16525
  0.246418    -6.1239    0.89839    1.00315    0.73995   0.818059    1.15935   0.475918    1.13352
  0.647306   0.588154   0.653114   -0.63521   -1.92432    1.10291   -1.64412  -0.733125     3.4696
 -0.184633   0.674097    6.43543  -0.119775  -0.734437  -0.511752   0.117035  -0.928119   -1.25166
  -0.46029  -0.177443  -0.334601  -0.961001   -1.65424   -1.11416  -0.867891    6.73435  -0.474982
 -0.282281  -0.260553  -0.365644  -0.979736  -0.849558     5.4697  -0.520569  -0.929681   -1.18302
  -6.08233  -0.367866   0.646187  -0.448419 -0.0204607   0.947011  0.0183673   0.606534    1.06974
  0.204626   -3.99062   0.462864   0.528604  -0.352763  -0.775756   0.792586   0.815974   -1.97201
    2.2847   -2.16786   0.120263  -0.448774  -0.488021   -0.12812   -0.27214    2.60905  -0.992157
-0.0443319    -0.4506    4.07956  -0.442669  -0.827912  -0.865874   0.163192  -0.733804    1.42441
  -0.14934    1.72224   -1.64623  -0.530123   -1.03358   -0.19438   0.671856    1.10387    1.85244
  0.401068   0.181569  -0.364999   -1.58525    2.82901   0.142067   -2.70026  -0.228177   0.391927
 -0.654544   -1.77028   -1.75857  -0.235144   -1.35637   -1.73283   -2.81673    2.51902    2.73407
   1.77225   -1.17901   0.498991    3.34397 -0.0383396  -0.943897   -1.62481   -1.39427   0.210488
    1.9246    2.05574   -5.41043    1.07018   0.262288    1.50278   0.867466  0.0178582   0.507783
  -1.71051  -0.454076   0.379701    1.49824   -1.04536   0.169392  -0.479305    3.06172   -1.79665
   1.52359    1.78975   0.418254   0.325437   -3.76197   -1.74283  -0.952729  -0.280786   -1.54633
  -1.58817   -0.86714   -1.54293    -1.4577    6.07341   -1.62749   -1.28121   -1.54143     -1.609
  -1.51932  -0.703166    1.16581  -0.353694    -0.7556   -0.93482     6.0824  0.0413259   -1.13572
  0.177677    0.23294  -0.444382   0.461701  -0.604388    5.65974  -0.678992   -1.00407  -0.395642
  0.664691    1.30843    1.05977   -7.00956   0.319985    1.18673    1.09343    1.01194    1.70498
  0.141806   -1.43648   0.374871   -2.69156   0.261681   -1.22832    1.81709   0.714389    2.90637
  -5.63627     1.1274   0.396217   0.400693    1.24373 -0.0710566  -0.559033    0.88456    0.43698
 -0.250925   -2.04318  -0.721499    1.46899   0.345151   0.540385   0.113426   -1.27879    3.95594
 -0.111962    1.67228    1.19021   0.934607   0.718565   0.874906  0.0166693   -5.01499   0.492986
   6.52358  -0.771607   -1.15632   -1.00788  0.0381339  -0.245166   0.217263   0.251038  -0.554805
  -1.56314   -1.03197   -2.87382     1.4214  0.0335623   0.323471    2.37032  -0.370014   -1.70704
-0.0663904   0.822239   0.355594   -2.13109  -0.815791  -0.117212    3.26716    -1.1012  -0.474928
  0.518145   0.513082   0.406709  -0.588034    1.44646   -5.32567    1.19395   0.832115    1.82082
 -1.05938
 -0.73206
  3.35018
 0.443403
 -2.68192
   -4.522
  2.32003
  2.54174
  4.56449
 -3.53111
 -3.87146
-0.831477
 -2.15269
 -0.83959
 0.511305
-0.663719
-0.400152
  1.15898
  2.51751
 -1.20912
 -3.69037
  3.67338
-0.630286
  3.34284
 -1.55642
 -2.13388
  2.42577
-0.465523
0.0932019
   1.2461
1
1
30 30
  -0.634764   -0.424594    -0.38847     1.11082    0.235475    -1.35539   0.0134137     1.05837    -0.52773  0.00922934    0.135768    0.840381    -2.12622    0.594591   -0.476093     -0.6174    0.800231     1.08533    -5.57069    0.760872    0.235348    0.169252   -0.688824    0.827576   -0.619682    -1.42302     1.48536   -0.516384   -0.369707    -0.27393
  -0.452765 -0.00192231  -0.0466107    0.408405    0.448776    0.827678   -0.397144    0.202143  -0.0246385    0.613229    0.991346   -0.484985   -0.267849    0.261566    0.694516   -0.337071   0.0859677   -0.531186    0.611191     -0.5094   -0.530179   -0.674352   0.0568253   0.0325392    0.228813   -0.235345    0.183017   -0.914889   -0.378899   -0.260277
   0.353726    0.846522    -2.88052    0.583429  -0.0268569   -0.575511    -1.12299   -0.381479    -2.85368   -0.419784    0.761934    0.831085     -0.6708     0.04281    -1.31338    0.568353   -0.519054   -0.447457   -0.950307    -1.28891    0.926501  -0.0640014   -0.232494   -0.595836     1.83608   0.0608632    -2.32393    0.317141     1.12657   0.0536314
   -1.20711   -0.363689    0.299438   -0.196281    -3.47583   -0.839038    -2.44368    -1.34842    0.246749    0.366607     -1.1023   -0.926203   -0.518326     0.90001     0.55836    -3.42798    0.307147   -0.810544   -0.853531    0.890778   -0.527933    0.631199    0.285084    -1.14632    0.884241      -1.254    -1.14218   -0.241777   -0.347134    0.498971
   -2.85039    0.332941     1.34697   -0.352541      5.9652    -1.42619   -0.489065    -1.30274    0.203846    -1.77687     1.22435   -0.348022   -0.456117   -0.850721     1.10502    -2.23754     1.75466    -0.56877    -0.88913    0.373303    -1.28447     1.40796   -0.500295   -0.789412    -1.11414    -1.03339    -2.35161    -2.96852   -0.559566    -1.19463
    2.30617    -1.01238    -1.36975   -0.339782     1.03551    0.904024     3.75568    0.929476    -1.51331    0.270645   -0.132194   -0.975696   -0.502433    0.269529   -0.879484     3.39691   -0.993969    -1.69487    -1.30996   -0.972945    -2.54868    -1.64084   -0.938186   0.0741422    -0.28994   -0.844713      1.9479     1.63507   -0.462443     1.77804
    1.66923     1.12138     3.45566    0.284212    0.262697     1.37015   -0.403109   -0.620703    0.162219    -1.29534     0.18189     3.20219    0.654109     -1.4162    -2.82568     1.28528    -1.71396     1.32686   -0.510409    -2.06047     1.01534    -1.57951   -0.510007    0.237693  -0.0380959     1.98477    -4.24915   -0.011975     1.24913   -0.106951
  0.0100222    -1.06335    -2.33487    -3.08795      1.5456   -0.105975     1.96694    0.878257     1.48014     1.68509    -1.99541    -2.48638   -0.605628    -1.83344   -0.183184    -0.48196   -0.594085     2.16118     2.68829   -0.502366   -0.354256    -1.12765    -2.92465    0.590067    -3.42489    -2.65962     2.58363     1.28503    0.825454    -1.65368
   0.833905    -0.23391   -0.155751    -1.18951    -1.40905   -0.889398     2.79156    -1.32679    -1.64574    0.130007    0.307646    0.327644    -3.70562    -2.08645     -1.1344     1.52871    -1.35066    -1.98596     1.36153     4.10538   -0.873177   -0.482912   -0.305409    -1.68461    0.388673    -1.56431    -2.25261     1.80672   -0.721464     1.14016
   0.112704   -0.663187    -0.08941    0.427928   0.0770615     2.94443     1.67165    -2.33773    0.178564    -1.48152   -0.627915    -1.52952   -0.363841   -0.375427   -0.638849    -1.32463    0.619451    0.444789     1.97161   -0.727211   -0.242538   -0.461941    0.753101    -3.76533    0.461168    0.473294    -1.82353    0.396065     1.28446  -0.0649719
    1.79184   -0.971067    0.443222    0.113978   -0.824237    -3.81906    0.657124    -3.17471    0.560693     2.46916   -0.971611     0.14098   -0.440625     -1.6332    0.822071  -0.0864985    -1.82363     1.07654   -0.642635    -2.44074   -0.786593    0.654881    0.256332    -2.57204   -0.819684     -3.9225     1.42443  -0.0667653   -0.734087      1.9868
  -0.693347    -1.03686   -0.449789    0.102108    0.661772    -2.30676     2.23654     1.49281   0.0268827    0.873996   -0.658444   -0.101532   -0.472278   -0.435987   -0.535193   -0.829021     1.47014  -0.0930114     2.59482      1.9239    -1.26938     -3.7558     2.81385   -0.611928    0.610963    -3.65585     1.28806    0.152456     0.14292   -0.368541
   0.942566   -0.814344    -1.30339     -1.7533    0.661616    -3.67501    -2.37478     3.09455   -0.778253      3.1587  -0.0447272   -0.603119    0.163194  -0.0692946    0.833274   -0.436553    0.164391    -1.48145    -2.06403   -0.550269     3.48776   -0.239223    0.321991      2.5281    0.917022    -2.70864     3.90863   -0.415954   -0.638258    -2.25044
  0.0239471    0.599025    0.246732   -0.434777     1.94929     1.40698     -2.8341    0.302914   -0.134902   -0.402896     1.74572   -0.484214  -0.0509462    0.251811    0.642382    -1.26615     0.30284    -1.02084   -0.860998    -1.47441   -0.651499    -3.74109    -1.24942    0.333925   -0.189368   -0.870117    -1.19732   -0.879571    -2.27589    0.195595
   -2.52128   -0.193502  -0.0311574   0.0266202    -2.07144   0.0530802   -0.987612    -0.21677    0.027057   -0.609149    -1.37856   -0.524702    -1.33149   -0.332388     2.04743   -0.252337    0.361143     2.06384     2.03861   0.0896326   -0.176786    -4.81771    -1.30583   -0.622677    0.771328     -1.0417   -0.201043   -0.486064     -1.3418   -0.455749
   -3.44708   0.0855948    0.386132    0.932134    -1.03961    0.886046     1.85441    0.419029    0.347458    -1.03418    -1.09664     1.25434    -1.48986   0.0802846   -0.820266      1.6703     1.13421     1.62323    -5.68279    0.429132   -0.973137   -0.214169   -0.643635    0.138084   -0.877041   -0.260378   -0.672989   -0.750744     1.12745   -0.998677
   -1.22928   -0.332384    -1.11858     1.23918    -1.82969    -1.64091    0.194569    0.258436    -2.01213    0.699237   -0.982037   -0.901274     2.85031     1.25973      2.3972    -1.50048    0.889741      1.8239     1.42158    -1.83037     0.24241     2.05615    -1.91235    0.651668   -0.416643    -1.64703    0.850809    -3.53498    -3.09443   -0.435577
   -1.98471     1.53903    0.798235    -1.38708    -1.14487    -1.13824     -2.5626    -1.22429    0.458073   -0.286886   -0.328735   0.0299155    -2.40885    0.673723     3.41359     1.71839     2.11728    0.091739  -0.0899708   -0.108538    0.485367      3.2706    -2.82354   -0.168354     1.19127    0.347957    -2.63434     1.45257    -1.51941   -0.455758
  -0.407285    0.371448   -0.449054    -3.53531     2.87176     1.09746     1.63183   -0.373621     2.20082     1.95989    -1.63979    -1.85714     1.08718     -1.5521     1.49405   -0.976262    0.388792     2.34977     1.49305     2.31115     1.60707    -1.36994    -2.79021  -0.0547413    -4.55152    -0.97936     2.15429     2.22567   -0.515201    -1.21435
    1.40885   -0.590029   -0.844241    -1.68522    -1.22164    0.206685    0.144512    -1.64349   -0.673763    0.311999   -0.227105    -1.87856     2.23663    -1.07057    -1.45037   -0.944316    -2.32054    -2.40886     0.80402    -1.96645      2.2139   -0.493661  -0.0480174    -2.37225   -0.392205   -0.206664     -1.1215     1.65739   0.0552735    -1.69739
   -1.13658    0.845112   -0.665034    0.544203    -1.45168   -0.964151     -2.4335    0.189056    -1.50143    -1.31891     0.44871     0.36772   -0.598428     1.16491    0.712302   0.0902987    0.791684   -0.507748    -1.70105   -0.915927    -0.51249    -2.33759    -0.31794   -0.795897     2.47107   -0.104683    -2.27051    -1.08899    -1.20219   0.0587733
   0.521163   -0.531377   -0.208684     1.95683    -1.38433   0.0930341      1.0136    -1.19141   -0.790594  -0.0844527   -0.587432    0.133808    0.154526  0.00951394   -0.908293    -3.26845    0.208328   -0.392047     1.46596   -0.519551      4.7297    0.233599    0.371187    -1.94575   -0.707626    -1.60065   -0.922952    0.942468    0.826353    -3.93179
    1.43571   -0.250894   -0.865154    -3.06018   -0.736929    -1.94541    -1.25117    0.151669   0.0625235   -0.259321    -1.47832    -2.01237     4.85011   -0.856346   -0.196933     -1.2702   0.0854745    -3.74806     1.14301    -1.11913   -0.572613    0.803532   -0.181814    0.726537   -0.932949   0.0275595     -1.2729     0.48754   -0.712568     1.48746
  -0.661994    0.250654      1.4388     -3.3658    -1.51086   -0.746339    -2.28795   -0.444167    0.249077    -1.16286  -0.0627566    0.324057    -4.48969    -2.80317    -1.90102      1.1664    -1.50945   -0.851475     -1.0718      3.9113   -0.741603     1.23484     1.00289    -0.46896    0.875567     1.42598     0.39731     2.00323     1.12407    -1.57464
   -1.35098   -0.703725    -1.81727    0.371568    -1.51603   -0.782565   -0.303108    0.893328    -1.67645    -1.03885   -0.639836    0.188217    -1.04441    -1.41241   -0.161311    0.164266   -0.969887     0.98008     2.34251    -1.05943    -1.34744   -0.583098    0.503721    0.377384    0.406304    0.855503   -0.473808   -0.681748     1.29007    0.652752
   -2.12649    0.679909     1.37654   -0.315572   -0.989867   -0.556155      0.1614    0.981361     1.30074    0.805462    -1.43119     1.22046   -0.404549   -0.505379     1.65779    0.429782    0.559382     1.14433    -2.13242   -0.262057   -0.899267    -5.08414     -2.2795    0.907585   -0.144235    0.883941    0.735148   -0.698416    -2.18439   -0.469477
  -0.923512   -0.320535   -0.384355   -0.208408    -1.68858     4.91628    -1.06588     1.15235   -0.841936    0.740949    -1.00253    -1.20624   -0.668023     2.58912   -0.683764    -1.76396     2.41042   -0.453632    -0.99422  -0.0481106     -2.1435      1.3998   -0.466544    0.892283    -1.40633    -2.16852     1.04991   -0.878596    -1.25962   -0.626843
  -0.256931      1.2408    -5.46088    0.244322   -0.200194    -1.24956     1.09928    0.652143    -3.90426    -1.07005  -0.0582436     1.48154   -0.424324   -0.211247   -0.852181    0.190397    0.137183     1.99149   -0.180611    0.699429    -1.07889    0.607301    -1.92432    0.959106    -1.96411      0.1392   -0.455006   0.0960563    0.295314    0.805161
   0.245358    -1.01845   -0.089126   -0.850665  -0.0845211    0.362637     1.89803    0.354301    0.225099    -0.38613    -0.17953   -0.528682     1.19487    -2.23025   -0.532302     0.97298   -0.659421   -0.743948    -1.50578   0.0268868   -0.468595    0.370956    -0.57718    0.604727   -0.782846     2.66216   -0.210856    0.398854    0.673651   0.0464641
    1.14573   -0.748562   -0.769187   -0.513712   -0.516538    -1.06934   -0.305428  -0.0763725    -1.03038    0.435793   -0.138322    0.494453 -0.00860586    -1.53791    -1.58959    0.367881   -0.995409    -1.06618   -0.402896    0.378673     1.05482   -0.653003     0.43683   -0.196012   -0.504635   -0.322958     1.02298    0.368496    0.259112    -1.84568
 -0.792523
  -1.26755
 -0.349347
   1.98174
 -0.335469
  -2.48566
  -1.46345
  -2.39665
 -0.668789
   -0.5741
 0.0716154
 -0.609337
 0.0149105
  -0.24549
  0.887125
 -0.665087
 -0.690344
   1.13784
   2.36939
-0.0917072
 -0.450436
  0.255399
   1.32531
  -1.03675
  -0.41969
 -0.260116
  -2.29178
   1.45002
  -1.79131
 -0.119423
1
4
30 10
    2.09126    0.998652    -1.01879    -2.55475   -0.972491     1.40361    -1.70157      2.5789    -1.88821     -4.6775     -5.1831  -0.0916341     3.79704     1.37641   -0.903176    -1.70481     1.38084    -2.15177   -0.765604    -1.41885   -0.824115   -0.850242   -0.459311     1.73081   -0.937605    0.999923     2.78688   -0.598261     1.18594     1.63924
  -0.632948   -0.929977    -3.70022    -2.40002  -0.0394469   -0.701797     3.99189    0.157181    0.634182   -0.719566   -0.379771    -1.75437   -0.807379     1.11178   -0.680241     1.68252     -0.1757    0.173808    -1.61729     1.30708    0.537556    0.649934     0.24653      1.6559    -2.09903    0.589796    -1.75115    -8.57855    0.764913    0.444701
   0.234241   0.0175302    0.616709     3.00868      -9.614    -3.71962    -2.24196   -0.104923    -1.93822     2.01748    0.607823 -0.00843081   -0.530139   -0.856268     3.61036     1.73776     2.22229   -0.207072    -1.84556    0.102299     2.94305     1.61275     2.00275     1.80712       1.812     1.69085     2.65534    0.197379     1.20171    -1.69499
   0.923074   -0.157053     1.22409     1.97692     4.70405   -0.681627   -0.895359   -0.103637    0.786366    -1.45688    0.226867     -2.7077    0.681497    -5.49376    -3.49891    0.114564     1.78642     4.36287    -1.97623   -0.471662    -1.81785   -0.666973    0.891492     1.54393   -0.741087    -5.31837     2.68229     1.29858   -0.175635    -1.52712
   -5.12539      1.3973     1.03709    -0.94821     1.11729    0.112205  -0.0497595     1.21219      2.5658     1.95237   -0.576796     0.98469   -0.901762       2.375     2.43462    -4.57303    0.541212    0.707917    -0.15662    -2.82338     0.61409     2.59126    -7.80269    0.169022     1.20042    -2.24005    0.274148     1.21609    -1.55063    0.969782
   0.683636    -0.11202   -0.475062   -0.780281    0.733753     3.49826   -0.087887    0.955991     3.23636     2.58074     1.07728    0.999852    -2.41779    -1.29436   -0.657337     2.17355    0.608892    -2.53817    -1.56671    -2.77324    -1.26783    -6.99485     1.03791    -0.46699    0.586074     1.10784    0.945723    0.881686     1.74007     -1.3469
  -0.367652    -0.24368     3.61075   -0.528978   -0.735071     1.44186     1.47908      1.5789    -5.64908     1.06858     1.04059   0.0264636    0.711185   -0.982224   -0.960369     1.07588    -6.39557    -1.17518  0.00791609     3.08823   -0.272558     1.95949    0.809029    -8.37975     1.69455    0.374401    -0.34394    0.559664   -0.161338   -0.515223
    1.78064   -0.470422   -0.829952     1.05947     3.00587   -0.103261   -0.964693    0.683975     1.80371    -2.19303      4.1532     2.68073      1.9307      0.6727    0.690094    0.521807    0.669917    0.929602   -0.888827     3.27605     3.03091    0.569083     1.34391    0.413084    -1.84252    0.816315    -6.89559     1.40859    -1.91802    0.395668
   0.517271    0.303546   -0.613856      0.4823     1.67972   -0.709521     1.06461    -7.10857   0.0870948    0.614269   -0.281047   -0.813649     -2.1436     3.48307    0.375633   -0.354571   -0.541274   -0.418818     8.12802   -0.538403    -2.71438    0.886654    0.708911    0.449963    0.409498     2.32464   -0.258816     3.28565   -0.892689     1.52553
   0.158369    0.485673    0.271792    0.108761   -0.242754   0.0193507    0.127215   0.0906411    0.152036   0.0224504   -0.111962    0.026877   0.0228042   0.0812471  -0.0956817    0.154121    0.103653   0.0787515    0.169046  -0.0279192   0.0756084    -0.23908  -0.0444725   -0.233292    0.209164   -0.122401  -0.0966626   -0.340256   0.0325491    0.476329
 0.823051
  2.59326
0.0243224
-0.522844
  2.52782
-0.317042
  1.92608
 -2.41559
 -5.31736
-0.408572
