3 16 0.5 1100
1
1
9 30
    1.7176   0.551721   -3.62094   -1.23467    1.14713   -0.32196   0.911173   0.530759   0.842096
 -0.804258     1.2361  -0.651399    1.79909  -0.237249  -0.589524  -0.542583   0.768535   0.777892
 0.0196332   -5.41668   0.394948   0.843122   0.791646    1.41398    1.14643    0.63452   0.967499
  0.488295   0.337333   0.384526  -0.748684   -1.77664     1.7176   -1.76309  -0.442196    3.08627
  0.114329   0.995761    5.59654  -0.244552  -0.692641   -0.49535  -0.398284 -0.0298308   -1.40395
  -0.54484  -0.022233  -0.242927  -0.951652   -2.00884   -1.03678  -0.773823    6.57639  -0.285583
 -0.285407   0.355099   -0.49627   -1.17038  -0.879294    5.00782  -0.483293 -0.0228858   -1.53572
  -5.53606  -0.518918   0.230383  -0.724374  -0.135348    0.69164   0.463944   0.728154   0.759108
 -0.307382   -3.81194   0.441955   0.751143  -0.147938  -0.331081   0.365142   0.690506    -1.3259
   2.82192   -1.28016   0.138246      -0.45  -0.553691  -0.311033  -0.546491    2.71017   -1.15868
0.00902369   -0.75043    3.32397  -0.423088  -0.624751  -0.683955  -0.116958  -0.577079    1.35749
-0.0262056    2.16602   -1.62632  -0.160187   -1.05086  -0.132132 -0.0698494     1.0517    2.03265
0.00160417   0.905601  -0.264382   -1.22491    3.53703    0.98091   -3.02325  -0.428822  0.0247842
 0.0549371  -0.547356   -1.79081  0.0956466   -1.64554   -1.07419   -2.72852    2.73041    2.23109
   1.44659   -1.38576   0.195943    2.81919   0.313339   -1.02853   -1.77207   -2.29921  -0.213114
   1.46896    1.26221   -4.90945   0.819427  -0.585186    1.23424    0.85292  -0.180755   0.917133
  -2.11584  0.0600305   0.417752     0.2458   -1.32002  -0.368978  -0.520942    3.42471   -1.23945
    1.0863    2.51195   0.569135   0.709357   -2.83298   -1.52802  -0.762327   -1.18642   -1.39304
  -1.18977   -1.02819   -1.39446   -1.34101    6.01325   -1.65899   -1.17849   -1.65946   -1.22751
  -1.52819   0.110587    1.10459  -0.341024   -1.33437  -0.803377    5.10851  0.0506623   -1.04182
-0.0954262 0.00116205   -0.40648   0.198863  -0.374997    5.22616  -0.182667  -0.785322      0.114
  0.738927   0.750033   0.791929   -6.12864   0.693193   0.888783   0.780878   0.746877   0.847138
  0.297479  -0.973156    1.38151   -2.71269   0.509474  -0.531977    1.38377   0.676012    3.09302
  -4.83714    1.10036  -0.163272   0.285106   0.692161  -0.408971  -0.219977    1.00275   0.355626
 -0.768553   -1.95144  -0.730211    1.30536   0.464103   0.201571  0.0182804  -0.790969     3.4161
 0.0754776    1.51157   0.728822    0.30941    1.02759   0.719449   0.247326   -4.38879   0.883897
   5.65686   -1.19834    -0.8236  -0.992599  -0.199556  -0.130253  -0.727174   0.678792  -0.607262
  -1.35825    -0.1841   -2.62685   0.785288  0.0011329  -0.570391    2.12787 -0.0483717   -1.14381
 -0.198047    1.26252     1.1634   -2.26352  -0.910689  -0.942812    2.57345  -0.858038   0.202382
   1.22923   0.269534  -0.209033  -0.161681    1.27871   -4.87034  -0.109358    0.43615    1.03115
 -1.90948
 -1.35061
  2.92367
 0.863527
 -3.14333
 -4.02236
  1.85656
  2.13876
  4.07382
 -2.76682
  -3.5652
  0.50611
 -1.30549
-0.896903
0.0198962
-0.795837
-0.733144
 0.865442
   2.3687
 -1.26543
 -3.48403
  3.57996
 -1.17785
  3.31888
 -2.07143
 -2.14317
   2.1583
-0.815465
 0.447043
  2.19575
1
1
30 30
   -0.611225    -0.558831    -0.276547      1.14632    0.0634274     -2.11949    0.0975582      1.03172    -0.502341    -0.545413    0.0838882     0.560474     -1.95476     0.578125     -0.28968   0.00488312    0.0812686     0.697693     -4.80223      0.11794    -0.209485     0.183497     -1.02094     0.682294    -0.263607     -1.08026       1.5987    -0.831839    -0.447891    0.0407489
   -0.014425    0.0137262    -0.289039     0.244174     0.221719     0.455585    -0.414763   -0.0831554   0.00795498     0.167855     0.682556    -0.151872    -0.151367   -0.0576981     0.248105   -0.0178647    -0.110778    -0.510568     0.419904    -0.085644    -0.375688    -0.474835    0.0537093    -0.109902   -0.0517407    -0.299814     0.186793    -0.442466   -0.0543551    -0.306839
   -0.207941     0.333457     -2.93182     0.394386   -0.0658381    -0.486854    -0.786183    -0.358927     -2.80622    -0.444138     0.719277     0.622344    -0.467511   -0.0715165     -1.52701     0.591189    -0.649499     -0.08694     -1.00813     -1.32579     0.603596    -0.180231    -0.293694    -0.520298      1.15748    0.0312092     -1.57136   -0.0816201     0.777794    0.0349383
    -0.52092   -0.0840229     0.492842    -0.826162     -2.82566    -0.641721     -1.86802     -0.67195     0.461778     0.183051    -0.748824      -1.0758    -0.243446     0.290044     0.570983      -2.5298     0.827184    -0.901159    -0.518738     0.927962    -0.449366     0.183238    0.0640725    -0.558508      0.47137     -1.34316    -0.660019    -0.312147    -0.283981     0.696495
    -2.75195     0.375997      0.87703   -0.0911532      5.23239     -1.07984     -0.65127    -0.858295      0.34059     -1.99652      1.50774   -0.0487146    -0.296621    -0.431198     0.579647     -2.27622      1.69914    -0.218005     -1.02603     0.161158     -1.01309      1.72428  -0.00138196    -0.403803    -0.627219    -0.814625     -2.26206      -2.7864    -0.718951     -1.25064
      2.1161    -0.927523     -1.39239    -0.462461     0.694844     0.628519      3.18666     0.810619     -1.08664     0.440944    -0.152663    -0.939804     0.103955     0.407303      -1.2425      2.87207     -1.22911     -1.43254     -2.20225    -0.676761     -1.90837     -1.73799     -0.71622    -0.148667    -0.248728    -0.308207      1.21062      2.04941     0.192373      1.39625
     1.49104     0.732066      2.54445    0.0901978     0.493309      1.77112     0.210906     -1.21319    0.0488512    -0.952518     0.429647      2.88152     0.688313    -0.954791     -2.36504      1.41443     -1.93041     0.669742    -0.642518     -1.41149      1.10094     -1.51467    -0.500832    -0.264323     0.711044      1.94242     -2.99537     -0.06359     0.759388    -0.492428
   0.0263926    -0.737912     -1.42937     -1.83328      1.24199     -0.24862      1.58971     0.537113      1.34827      1.85084     -1.24759     -2.20843    -0.189443      -1.1626     0.196357    -0.965905    -0.943825      2.26575      2.60886    -0.322217    -0.410084    -0.862446     -1.81484     0.185597       -2.821     -2.06214      2.23488      1.87106     0.431172     -1.63378
    0.301256    0.0845049    0.0418863     -1.00966     -1.03842     -1.13238      2.28506    -0.883517    -0.845661    -0.424562     0.207298     0.612028      -3.8561     -1.57335     -1.08532      1.23286     -1.47847      -1.6516      1.83506      3.58721    -0.838744    -0.837185     0.305172     -1.60355     0.789476     -1.90184      -2.0941      1.87778    -0.448743     0.635021
     1.00454    -0.690939     -0.82031     0.175318     0.398868      2.91153      1.01295     -2.82524    -0.504348     -1.10272     -0.34768     -1.68004     0.457821    0.0036625    -0.738132     -1.04911     0.284686     0.490131       1.5584    -0.475157    -0.219275    -0.402154     0.964447     -3.98133    -0.160258     0.389973    -0.697664     0.800652      0.81186    0.0122513
     1.88517     -1.06287     0.460633     0.156036    -0.631988     -3.48764      1.55162      -3.0016     0.555509      2.54071    -0.880427   -0.0712484    -0.402291      -1.5197     0.599384   -0.0875224     -1.60783      1.05689     -1.11382     -1.74133    -0.864798     0.816394     0.556187     -2.43334     -1.37594     -3.84466       1.5752    0.0807356    -0.604213      1.83571
   -0.640694     -1.10174    -0.627959      0.67865     0.251912     -1.80425      2.19466      1.96478    -0.209243     0.822654    -0.825314     0.114546    -0.774955    -0.538015    -0.795221     -1.06115     0.979806    -0.597549      2.25743       1.3704     -1.45943     -2.66174      2.41582    -0.114174    0.0747933     -2.54965      1.07947     0.297451     0.325366    -0.196621
    0.503067    -0.832275    -0.836297     -1.02076     0.312584     -3.66803     -1.82828      2.61719     -0.81274       3.3652    -0.276148     -0.83866    -0.196971     0.139637     0.379713    -0.796632   -0.0149005     -1.69339     -2.24476    -0.404312       3.4309     0.101227    -0.635472      2.22584     0.855511     -2.17995       3.2172    -0.347838    -0.754887     -2.21466
   -0.157662     0.582916     0.218699   -0.0110906      1.49868     0.357739     -2.48911    -0.185498    0.0132092    -0.850564      1.30377    -0.413757    -0.394082     0.200413      1.14644     -1.28995    0.0705035    -0.684439     -1.13534     -1.49263    -0.593309     -3.56775     -1.65909   -0.0430394     0.209738    -0.731715     -1.15438    -0.712021     -2.28537     0.217466
    -2.13589    -0.293017    -0.352448    0.0680043     -1.48523    -0.181964    -0.736812    0.0478159    -0.226943     -1.09288    -0.880309    -0.241487    -0.920129    -0.084703      1.75246    0.0660891     0.150561      2.12275      1.56791    -0.201505    -0.503129     -3.81159    -0.905736    -0.244495     0.406176     -1.48274     0.274026    -0.580698     -1.43152    -0.188367
      -3.457    0.0213905     0.665437     0.699736    -0.677654     0.950432      1.29494     0.252128     0.606623     -0.82061    -0.920823     0.782159    -0.972968    -0.462972    -0.706879      1.85123      1.03509       1.0475     -5.31013     0.662884     -1.04792    -0.133979     -0.45777   -0.0877737    -0.924097    -0.325397    -0.454199    -0.673984     0.782375    -0.620022
    -1.23676   -0.0971854    -0.864107      1.48903     -1.84048     -1.97473    -0.615848     0.517895     -1.63791    0.0443264     -1.16263    -0.397033      2.50748      1.31846       2.7118      -1.4907      1.49054       1.6099     0.190578      -1.2252    -0.357368      1.50978     -1.62949     0.632259    -0.411875     -1.62253     -0.22138     -3.07503     -2.66593    0.0331639
    -2.20183      1.35557     0.518959     -1.16085    -0.887905     -1.15999     -2.27031      -1.0307      0.66822    -0.483036    -0.163273     0.455027     -2.24098      1.56884      2.77577      1.08925      1.81672     0.601254    -0.371943    -0.364009     0.382813      2.45857      -2.2231    -0.210381      1.34347    0.0344892     -2.39949     0.313014    -0.444227    -0.565411
    -0.26535      0.26062    -0.355855     -3.42793      2.56756      1.27221      1.78276     0.589081      1.57902       2.2612      -1.5645     -1.76211     0.475729      -1.6579     0.836904     -0.16851     0.681002      2.83382      2.27231      1.68882      1.29055     -1.02884     -2.81977     0.425556     -4.20802     -1.63888      1.73989      1.88724    -0.270862     -1.36112
     1.28624    -0.420123     -1.07023     -1.48075     -1.09333    0.0905548     0.252338     -1.25552    -0.804448     0.209535    -0.199752     -1.55002      2.44163    -0.955389     -1.44373     -1.07412      -2.2633     -1.98231       0.8726     -2.41287      2.00805    -0.424391    -0.246597     -1.76795     -0.42522    -0.434086    -0.953015      1.42562    0.0784854     -1.36604
    -1.00831     0.488484     -0.45054     0.582088    -0.832904    -0.843805     -2.08988     0.147249      -1.2388     -1.33048     0.574157     0.303912    -0.727382     0.863357     0.592089     0.127637     0.791694    -0.494888     -1.29656    -0.805956    -0.489124     -2.02575    -0.331233     -0.73336      1.80465    -0.102781     -2.03134      -1.1869     -1.30637    0.0693271
     0.37875    -0.322768     0.277706      1.56595     -1.64123   0.00765546      1.26917      -1.3726    -0.341494    -0.109986    -0.519257   -0.0178418     0.714364  -0.00274781    -0.404609     -2.87381 -0.000836514    -0.741551      1.46414     0.178651      4.08674     0.289729   0.00143013     -2.02121    -0.430102     -1.54687     -1.00911      1.28996     0.835515     -3.42977
     1.62484    -0.502122    -0.458082     -2.47458    -0.443189     -2.33992     -1.11989     0.122141     0.115026    0.0208378     -0.81338     -1.71213      4.29516    -0.662704    0.0459658       -1.206    -0.087531     -3.06431     0.807668     -1.13415    -0.281195     0.880881    -0.072724     0.275971    -0.422735    -0.460326     -1.14976     0.212147    -0.620758        1.183
   -0.226955      0.66824      1.38707     -3.30622     -1.57316    -0.343292     -2.19817    -0.487336     0.472681     -1.07692    -0.233268     0.837022     -4.41133     -2.31634     -1.98705      1.71765     -1.66567    -0.772784    -0.199574      3.41561    -0.331683      1.33526     0.707439    -0.535657     0.688859      1.40447     0.602374      1.78611     0.934956       -1.429
    -1.57877    -0.362852     -1.69706    -0.100486      -1.0582    -0.741832      -1.1329     0.389733     -1.61834     -1.03092    -0.285296     0.551209     -0.54534     -1.30877    0.0449257     0.524631    -0.399619     0.799307      1.97084    -0.655335    -0.821952    -0.607812     0.524969      0.18379     0.494271     0.815689     -1.21852    -0.625291     0.854567     0.214818
    -2.12213     0.540363      1.44984    -0.234267    -0.691481   -0.0215761   -0.0427538     0.781773      1.05023   -0.0210103     -1.03958      1.43791    -0.482241    -0.974469      1.13091     0.386212     0.192739     0.988511     -2.07428     0.116503    -0.937857     -4.45042     -2.18992     0.712535    -0.179773      1.46069    -0.322864     -0.66262     -2.06153    -0.373486
   -0.954871   -0.0535067    -0.686228    -0.438329      -1.1781      4.71464     -1.39821     0.659689    -0.895939     0.858301     -1.11115     -1.06084      0.11834      2.31853    -0.925773     -1.74989      2.54725    -0.833673     -1.60326    -0.344351     -2.05679      1.11454    -0.586541     0.429816     -1.48662     -1.88507     0.588005    -0.890331    -0.710413    -0.291508
   -0.328869      1.22375     -4.99619    0.0852332    0.0628461     -1.03948     0.771897     0.799685     -3.59243    -0.628805   0.00622334     0.932547    -0.402007    -0.282257    -0.697392     0.693103     0.450555      1.95049   -0.0634055     0.637301    -0.343727     0.249543      -1.0924     0.910198     -1.60614   -0.0387799    -0.201506    -0.121472     0.157104      0.44809
    0.227793     -0.66321    0.0665708     -1.05585   -0.0328303     0.140295     0.566216    0.0475726     0.398062    -0.242634    0.0989568    -0.391968      1.28748     -1.26206    -0.468131     0.330526    -0.500392    -0.605086      -1.0032    -0.419617    -0.647359   -0.0220187    -0.237051     0.221755    -0.670223      1.05039    -0.193679    0.0836348     0.159897     0.279511
     1.17861    -0.416822     -0.63655    -0.335468    -0.400857     -1.35583    -0.102625   -0.0686477    -0.738868     0.271717   -0.0675783      0.61825    -0.316496     -1.20549     -1.10217     0.571848      -1.0663    -0.749979    -0.372383   -0.0120127     0.656837    -0.768295   -0.0356695    -0.171276    -0.523859    -0.237391     0.459535     0.223548     0.125277     -1.39361
  -0.941074
   -1.21254
   -0.50542
    2.00679
  -0.058559
    -2.0251
   -1.42614
    -1.9817
  -0.610567
    -1.1437
   0.160411
  -0.918646
   0.313486
  0.0262002
   0.714892
   -0.78136
  -0.631923
     1.4212
    1.83878
-0.00718236
   -0.43038
   0.333255
       1.22
  -0.664533
  -0.363975
   -0.43871
   -1.95676
    1.57556
   -1.98297
  0.0208895
1
4
30 10
   2.35242   0.482247   -1.27809   -1.83919  -0.952066    2.21967   -1.50446     2.4413   -1.56315   -4.65775   -5.58705   0.182937    3.59082   0.893579  -0.632093   -1.02225    1.06974   -1.86515  -0.353872   -1.42518  -0.638871    -1.8722  -0.389844    1.87459  -0.804539    1.06587    2.67742   -0.15129   0.794203    1.23165
  -0.65165  -0.319821   -3.52274   -1.94916   0.468983  -0.469403      4.279  -0.235723  -0.149319  -0.543941  -0.746305   -1.06928   -1.40043    1.38653   -0.99168    1.20512   -0.55839   0.329512   -0.99413   0.927215   0.946949   0.169728   0.673501    1.85622   -2.31984   0.888755   -1.83798   -7.47252    1.11215    0.24772
 -0.241374  -0.147716   0.780504    2.90363   -9.20204   -4.07214   -2.26494   -1.07037   -1.78655    2.15955   0.330429  -0.619468  -0.127071  -0.648977    2.68457    1.87739    2.46111  0.0851795   -1.74625   0.179919     2.0543     2.1057    1.46845    1.63969    2.11199    2.23097    2.71436 -0.0587318 -0.0833671   -1.02499
  0.137475   0.164669    1.08426    1.16471    4.43283  -0.421714  -0.604586  0.0477559   0.401534  -0.916648   0.634624   -2.78992   0.941226   -5.09423   -3.05719   0.344416    1.58765      3.651   -2.36923  -0.462788   -1.68271  -0.401166   0.993206    2.20293  -0.329776   -4.97157    3.09357    2.22859  -0.246414   -1.41834
  -4.25834   0.777049   0.693797   -0.94546    1.19724  -0.590982   0.686481    1.28359    2.31141    2.42514  -0.730504    1.29595  -0.946193    1.18254    2.69279   -4.48766   0.237675   0.631199   0.149051   -2.68994   0.300391     2.6772   -6.16191  -0.672315   0.687381   -2.51111   0.670066     1.2992   -1.07832   0.623603
  0.197833  0.0400858  -0.442252   -1.41081   0.823749    3.55232  -0.176734    1.29131    3.74364    2.14394    1.28811   0.899376    -3.3273  -0.958385  -0.639398    2.60894   0.407284   -2.78203   -1.56918   -2.72946    -1.0009   -5.73054    0.49434  -0.966724  -0.131338    1.58342   0.819925   0.425367    1.15488  -0.755488
 -0.388602  -0.170543     2.8991 0.00669972  -0.685793    1.16859    1.37949   0.787482   -5.37142    1.77697    1.45368   0.426092   0.868323   -1.21887  -0.851867   0.709556   -6.32209  -0.724356  -0.654479    3.31589  -0.241455    1.98532   0.813868   -7.32711    1.57793   0.862164  -0.881597   0.149488   0.515388 -0.0638204
   1.98462  -0.180442  -0.444036   0.649239    2.67798  -0.174956   -2.14911    1.14074    1.12855   -2.18543    4.31953    2.57934    2.48573    1.16501   0.863896   0.118796     1.6523   0.532276   -1.31028    3.26049    2.77728   0.315337    1.14119  -0.122653   -1.06499  -0.409416   -6.63856    1.34055   -1.22718   0.489561
  0.971774   0.158398  0.0803236   0.735624    1.11909  -0.671269   0.949308   -5.83583   0.923217   -1.01545  -0.277512   -1.58906    -1.7654    3.68508   0.341531  -0.680532  -0.438342  -0.174619    8.16742  -0.627812   -2.28592   0.507738  -0.254381   0.438636    0.35539    1.60614  -0.522644     1.9101  -0.747113    0.56084
 0.0182203  0.0927375   0.237204 -0.0555831  -0.191942 0.00103293  0.0837019  0.0280903   0.114525   0.249976  -0.104597  0.0147703  0.0753886   0.275298 -0.0688933  0.0880033   0.110019  0.0324112   0.064519   0.104284   0.124439  -0.232432 -0.0127343  -0.152051   0.322532 -0.0826163 -0.0343698   -0.23335   0.117493   0.586718
 0.400881
  2.93175
 -1.22764
-0.013607
  1.80179
 0.299982
  1.70472
 -2.57113
 -4.00534
-0.306672
