3 16 0.5 1000
1
1
9 30
    1.50052      0.6565    -3.96973    -1.24149     1.25552   -0.225834    0.790116    0.431834     1.26263
  -0.854349     1.25228   -0.469538     1.59146   -0.303205   -0.658251   -0.456601    0.923503    0.554059
  -0.182018    -5.39123    0.490497    0.724065    0.632171      1.4283      1.0713     0.51875    0.753147
   0.593852    0.171494    0.129234   -0.441035    -1.80094     1.95189    -1.89532  -0.0249732     3.19451
  -0.033533     1.08237     5.52778   -0.316796   -0.593708   -0.475197   -0.303476    -0.33535    -1.45332
  -0.366882  -0.0849305   -0.300534   -0.958152    -1.82157   -0.930241   -0.707535     6.60458   -0.633333
  -0.318693   -0.120884   -0.270462    -1.11312   -0.886305     5.03023   -0.450698  -0.0170693    -1.22117
   -5.37802   -0.537277   0.0731791   -0.864195    0.410258    0.879556    0.633887    0.573521    0.281827
  -0.119296    -3.87724    0.377922    0.809698  -0.0806689   -0.253948    0.491734      0.5902    -1.41896
    2.80075    -1.54578    0.120361   -0.398003   -0.477189   -0.542985    -0.62107     2.74782    -1.00813
 -0.0890771   -0.638699     3.31758   -0.405925   -0.732116    -0.70201   -0.162937   -0.444231     1.20935
  -0.216404     2.15432     -1.3269    -0.33961    -1.19389 -0.00296469   -0.100778      1.3158     1.75769
 -0.0844408    0.944466   -0.229446    -1.27435     3.00016     1.01922    -3.40058   -0.401726  -0.0503513
  0.0370876   -0.522708    -1.69405    0.236062    -1.45159   -0.943813    -2.71632     3.02634     1.94546
    1.15601    -1.44259     0.23825     2.84854    0.355973   -0.872558    -2.17889    -1.97044    0.226312
     1.2034     1.00733    -4.81932    0.621554   -0.396129     1.28698     1.29631   -0.617119    0.860678
   -2.19249    0.365781    0.282503   -0.107367       -1.12   -0.299868   -0.376656     3.52772    -1.05644
    1.21453     2.63573    0.369188    0.669839    -2.47856    -1.34269   -0.770921   -0.896193    -1.54877
   -1.22021    -1.20976    -1.24557     -1.0902     5.87653    -1.72127    -1.02633    -1.46428    -1.31331
   -1.14941   0.0291449     1.23646   -0.514494    -1.15082    -0.75454     5.20682    0.385732    -1.51733
  -0.108451   0.0701415   -0.291616    0.171724   -0.487002     5.13291   -0.257993    -0.80306    0.267008
   0.738953    0.489977    0.981176    -5.95124    0.697791    0.799231    0.739796    0.920409     0.57239
   0.203502   -0.997312      1.2595    -2.49604    0.419943   -0.671839     1.73952    0.330536     3.36881
   -4.65552     1.13739   0.0346157   -0.133396     1.10291   -0.318285   -0.315387    0.898737    0.119705
   -1.08343    -1.71722   -0.668275      1.5682    0.445214    0.105793    0.293016    -1.02655     3.39115
  0.0533616     1.40798    0.977334     0.11313    0.875724    0.784044    0.171023    -4.04395    0.535819
    5.60597    -1.27249   -0.876777    -1.06607   -0.170901    0.211789   -0.715369    0.500283   -0.583056
  -0.798627   -0.420304    -2.77563    0.713165   -0.070053   -0.444912      2.0645   -0.103659    -1.09105
  -0.565101     1.27778     1.08809    -2.18264   -0.841845   -0.940907     2.62379   -0.968901   0.0730215
     1.3155    0.149113   -0.465385   -0.116386     1.45187    -4.92537   -0.172623   0.0716009     1.59805
 -1.55572
 -1.09039
  3.25515
 0.829288
  -3.1763
 -3.94371
  1.72327
  2.16517
  3.83931
  -2.7681
 -3.53473
 0.840057
 -1.09904
-0.499607
0.0694605
 -0.14054
-0.798481
 0.975784
  2.89561
 -1.26543
 -3.56628
  3.61299
  -1.0453
  3.27328
  -1.5787
 -1.89131
  1.89543
-0.877393
-0.067495
  1.92883
1
1
30 30
   -0.86793   -0.513407    -0.19509     1.22848   0.0271968    -1.94479    0.167779     1.18335   -0.413919   -0.375461     0.14615    0.565379    -1.82846     0.89755   -0.222823   -0.243423    0.452486    0.681527    -4.62557    0.225768   -0.141894    0.343219   -0.724351    0.772186   -0.201327    -1.06718     1.44469   -0.983064   -0.588107   0.0102858
 -0.0143956 -0.00714666   -0.318416    0.193691    0.192247     0.42979   -0.394537   -0.083624 -0.00040902    0.109522    0.628255   -0.148867   -0.104278   -0.149184    0.180014  -0.0246237   -0.134575   -0.546538    0.370332  -0.0348016   -0.360165   -0.472059    0.040715   -0.110554  -0.0991141   -0.311592    0.129425   -0.422694  -0.0313608   -0.360415
  -0.141126    0.413176    -2.95087    0.616415  -0.0671103   -0.490854   -0.649582   -0.199517    -2.81458   -0.445406    0.736491    0.823854   -0.315345  0.00623881    -1.44387    0.772098   -0.682433    0.131388   -0.744113    -1.30624    0.608666   0.0415155   -0.142831   -0.326238     1.28267    0.249811     -1.5262  -0.0433482    0.929953    0.235355
  -0.365912  -0.0649418    0.416689   -0.866258    -2.57743   -0.402779    -2.02411   -0.733356    0.377013    0.198121   -0.682336   -0.949647   -0.198827    0.583672    0.680118    -2.49955    0.824758   -0.638542   -0.390104    0.728246   -0.528168    0.226164   0.0117113   -0.540704    0.447156     -1.1322   -0.488288   -0.529685   -0.422506     0.82437
   -2.76116    0.358213    0.773658   0.0127795     5.31348    -1.09259   -0.786107   -0.882998    0.391492    -2.00969     1.63325  -0.0997858   -0.432806   -0.459836    0.563385    -2.27425     1.63616  -0.0434618    -1.17596   0.0733273   -0.939622     1.52724  -0.0429997   -0.385527    -0.62372   -0.744201    -2.17093    -2.75004   -0.731825    -1.32068
    1.96649   -0.766836    -1.37248   -0.545236    0.453483    0.606866     3.11307    0.791495    -1.00724    0.536805   -0.186775   -0.959125     0.21871    0.292841    -1.09909     2.62585    -1.27435    -1.53429    -2.13108   -0.923883    -1.75376    -1.87151   -0.869008   -0.178953   -0.257729   -0.303317     1.34984     1.79154    0.199306     1.40437
    1.27354    0.768195     2.49794    0.231812    0.469117     1.69324    0.434973    -1.39936    0.163916   -0.807295    0.424795     2.98003    0.498035   -0.811718    -2.48072     1.26596    -1.92336    0.789845   -0.328573    -1.53172    0.906039    -1.13577   -0.660307   -0.433319    0.548381     1.73781    -2.97234    0.119402    0.888674   -0.267174
 0.00793786   -0.890529    -1.55853    -1.46499     1.00376   -0.246834     1.69893    0.471115     1.07269     1.84823    -1.15999     -2.2083   -0.197328    -1.04899    0.169621   -0.898614    -1.01758     1.98225     2.39744   -0.441193   -0.179825   -0.901706    -1.84194   0.0506826     -2.6471    -1.91303     2.14608     1.87807     0.45158    -1.98206
   0.282333  0.00140095   -0.225767    -1.10907   -0.989942    -1.21061      2.1791   -0.984432    -1.00102   -0.256639    0.205135     0.38816    -3.77221    -1.72725   -0.915533     1.27795      -1.837    -1.54522     1.96825     3.62609   -0.716911   -0.926304    0.493752    -1.74271    0.876218    -1.41204    -1.95778     1.60244   -0.183651    0.718148
   0.973558   -0.702593   -0.769724  -0.0488465    0.337882     3.05873     1.11546    -2.78677   -0.423359    -0.82429   -0.331279    -1.84067    0.332736    0.115947   -0.819862    -1.24788    0.471455    0.474222     1.64001   -0.214528   -0.298051   -0.161654    0.933061    -3.93088   -0.218356    0.113331   -0.569515    0.830325    0.850764    0.119428
    2.26602    -1.03672    0.505863    0.286832   -0.444515     -3.3104     1.26254    -3.04275    0.517961     2.68967   -0.669655    -0.20851   -0.502221    -1.14642    0.749087   0.0597236    -1.70612    0.549126     -1.4306     -1.7903   -0.877865    0.639104    0.751447    -2.54913    -1.04664    -3.71491     1.56901   0.0487833   -0.826942     1.92444
  -0.339527   -0.947723   -0.667584    0.226904    0.038305    -1.60856     1.88787     1.81831   -0.247234     0.93146   -0.788652   -0.139046   -0.928996   -0.523825   -0.545625    -0.74741    0.884578    -1.13166     1.92377     1.47044    -1.43584    -3.04874     2.36351   -0.263438    0.228866    -2.48317     1.05991    0.550315    0.129289   -0.178656
   0.791324   -0.782238    -0.87625    -1.00595    0.440539    -3.59737    -1.77738      2.5742   -0.836899     3.46859    -0.28827   -0.525873  -0.0791837   0.0889254    0.508143   -0.522115    0.155926    -1.48532    -2.21293   -0.186357     3.67221   0.0590001   -0.636028     2.26541     0.65331    -2.04119     3.20777   0.0215542   -0.645958    -2.40323
  -0.188175    0.705904    0.210642  -0.0654203      1.2426    0.200143    -2.63622  -0.0713506   0.0509333   -0.959014      1.1623    -0.30453   -0.365879    0.237635     1.18243    -1.32027   0.0780133   -0.647198    -1.09618    -1.51358   -0.601657    -3.58389    -1.68163    0.103755    0.302838   -0.776485    -1.18666   -0.668455    -2.31063    0.306727
   -1.97118   -0.179305   -0.271078    0.114983    -1.61062    0.221564   -0.508072    0.226798   -0.137464    -1.02801   -0.888537   -0.090322   -0.680232    0.122686     1.71788    0.133342    0.331274     1.85676     1.58042    -0.18954   -0.425229    -3.55389   -0.723031  -0.0755979    0.574768     -1.2163     0.29952   -0.552187        -1.4  -0.0906116
   -3.29494   -0.112265    0.594325    0.478424    -1.01093    0.841293      1.3041     0.16846    0.406517   -0.675597    -1.03767    0.717135   -0.844066   -0.656524    -0.96324     1.76603    0.900312    0.959376    -4.96137     0.80464    -1.14845   0.0299221   -0.450541    -0.17445   -0.857259    0.211078   -0.664596    -0.52616    0.858908   -0.534254
    -1.6139   -0.163631   -0.474959     1.52709    -1.81304    -1.83911   -0.655427    0.271631    -1.26554    0.380773    -1.19761   -0.206341     2.35443     1.30991     2.59652    -1.83518     1.54505     1.69221   0.0683211    -1.08828   -0.697641     1.52001    -1.37606    0.285474    -0.57057    -1.85097   -0.343304    -3.24454    -2.50768    0.324246
   -2.43151     1.31335     0.81945    -1.15148    -1.08259    -1.00725    -2.10452   -0.956865     0.99702   -0.602833   -0.374732    0.587033    -2.07087     1.61245     2.40088     1.10214     1.84541    0.333223   -0.375038   -0.534476    0.385791     2.12696    -2.19875   -0.150925     1.25726   -0.026309    -2.50105    0.442807   -0.555982    -0.61806
 -0.0662295    0.170283   -0.564368    -3.47681     2.56728      1.3658     1.59717    0.558474     1.33068      2.2419    -1.57428    -1.65155    0.464251    -1.65756    0.720643   -0.158061    0.691431     2.90472     2.14272     1.72431     1.25598   -0.815196    -2.75518    0.410885    -4.25706    -1.69653     1.79545     1.81825   -0.182903    -1.40111
      1.199   -0.415313    -1.18294    -1.46812    -1.09482   0.0386611    0.158137    -1.26759   -0.911716    0.115975   -0.198827     -1.5311     2.37757   -0.964206    -1.42308    -1.11433    -2.29695    -1.96024    0.779502     -2.4802     1.96837   -0.519901   -0.313546    -1.75414   -0.427754   -0.425054    -1.04092     1.37427   0.0358258    -1.40983
  -0.996252    0.564063   -0.393368    0.717499   -0.685141   -0.865389    -1.94504    0.211338    -1.15633    -1.32233    0.603266    0.333901   -0.627381    0.885727    0.699281    0.118731    0.839861   -0.414337    -1.17704   -0.805899   -0.484015     -1.9644   -0.302115   -0.652054     1.76705 -0.00751078     -1.9878    -1.22317    -1.31373   0.0908781
   0.215854    -0.23011    0.227773     1.83738    -1.49532   0.0268074     1.26116    -1.37769   -0.365491    -0.33026   -0.484939      0.1393    0.760975    0.356571    -0.23517     -2.7579   0.0656155   -0.534038     1.22015   0.0113656     4.05135    0.138689  -0.0910783    -1.97855   -0.374597    -1.49942    -1.15933     1.25901    0.608195    -3.46402
    1.61506   -0.484009   -0.203328    -2.20824   -0.414907    -2.40831    -1.10603    0.110289    0.178568    0.165627   -0.622142    -1.52096     3.87346   -0.503247   -0.131232    -1.15761  -0.0112604    -2.74948    0.844458    -1.36373   -0.358724     1.18569    0.166462    0.196881   -0.147162    -0.47795    -1.23501   0.0513663   -0.419288     1.26697
   -0.29868    0.498894     1.40685    -3.32421    -1.42135   -0.270114    -2.15971   -0.441969    0.478889    -1.02996   -0.162507    0.827936    -4.57481     -2.2545    -2.18616     1.51669    -1.50335   -0.759396   -0.292413     3.45223   -0.322933     1.40281    0.920549    -0.53896    0.504654      1.0552    0.694932     1.67668    0.918244    -1.58805
   -1.44224   -0.386912    -1.75608   -0.185319   -0.967431   -0.696596   -0.963694     0.26496    -1.60891     -1.0339   -0.328904    0.559546   -0.680852    -1.18083    0.048348    0.845517    -0.37219      1.1141     1.76351   -0.492211   -0.755595   -0.553028    0.188544    0.173776    0.183119    0.653684   -0.692339   -0.755968    0.707665    0.166847
   -2.11727    0.415152     1.38417   -0.312623    -0.55127  -0.0479363    0.128944     0.77455    0.925724   -0.177891   -0.800325     1.38822   -0.794583    -1.07491     0.98212    0.362896    0.287549     1.09149    -2.13724     0.23356   -0.870619    -4.05181    -2.10877    0.669464   -0.145913     1.53085   -0.515168   -0.663071     -1.8884   -0.520129
  -0.848384   -0.158907   -0.486048   -0.498398    -1.44249     4.66026    -1.01549    0.860164   -0.706396    0.949395    -1.38963   -0.953389    0.448516      2.1978    -1.03279    -1.50714     2.51705   -0.667779    -1.12703   -0.141296    -1.90082     1.55511   -0.453257    0.550258    -1.49942     -1.8858    0.877292   -0.839197   -0.488878   -0.207941
  -0.238725     1.29442    -5.00676   0.0610534   0.0783678   -0.983707    0.598462    0.804239    -3.64227   -0.549469   0.0318602     0.89688   -0.436559   -0.283102    -0.82085    0.738667    0.442365     1.76428   -0.104183    0.720492   -0.229855   0.0685101   -0.780924    0.895197    -1.37557  -0.0760683   -0.300634   -0.263841   0.0835502    0.442338
    0.34976   -0.526663    0.103122   -0.861874   -0.142864   0.0696018    0.799921    0.256129    0.387957   -0.264844   0.0644086  -0.0672493     1.19077    -1.21498   -0.693068    0.419994   -0.355167   -0.357835   -0.719302   -0.317453   -0.568968     0.15619  -0.0829818    0.378271   -0.619366     0.98162   -0.172488    0.202178    0.396466    0.342439
    1.13556    -0.38842   -0.595199   -0.191697   -0.344247    -1.34706   0.0226623  -0.0608997   -0.651672    0.292436  -0.0457622    0.736074   -0.325895    -1.18274    -1.11476    0.629833    -1.00092   -0.685485    -0.44952    0.174459    0.711809   -0.669586    0.117023    -0.14129   -0.515486   -0.360986    0.331185    0.307776    0.197036    -1.38402
 -0.807142
  -1.23355
 -0.306136
   1.93672
-0.0119262
   -2.0012
  -1.24784
  -2.09488
 -0.566519
  -1.09084
   0.11096
  -1.00019
  0.507981
 0.0431547
  0.882644
 -0.853944
 -0.638065
   1.45192
   1.74781
 -0.100105
 -0.324426
  0.290531
   1.28664
 -0.698092
 -0.344449
 -0.460527
  -1.73137
   1.51459
  -1.81729
  0.140784
1
4
30 10
    2.48749    0.424231    -1.23242    -1.82893   -0.891326     2.27757    -1.20832     2.63749    -1.57599    -4.62071     -5.6266    0.250458     3.65813    0.774052   -0.278836   -0.911112    0.777496    -2.13123   -0.448022    -1.42745   -0.599952    -1.76013   -0.784078     1.85159   -0.900911     1.00315     2.68172    0.164098    0.621218      1.3712
  -0.792416   -0.344651    -3.49974    -1.93852    0.387679   -0.595098     4.59545   -0.548061   0.0152577   -0.364666   -0.503318    -1.15958    -1.84226     1.45205    -1.15353      1.2702   -0.948354    0.504127    -1.43802     0.91592     1.07267    0.097819    0.704056     2.02179    -2.09145    0.783853    -2.06041    -7.41021    0.964951    0.264317
  -0.238565    -0.13845    0.735868     2.97363    -9.03562    -4.08701     -2.2594   -0.968662    -2.11089     2.51858   0.0703721   -0.286437  -0.0386884   -0.884607     2.36054     1.99658     2.58232    0.822925     -1.8586    0.174672      1.8715     2.08356     1.28561     1.32146     2.25263     1.83456     2.89393   -0.228434   -0.212881    -1.07079
-0.00586829    0.151282    0.904596    0.674175     4.39903   -0.598396   -0.690861    0.178424    0.308273    -1.18115     0.47999    -2.83743     0.80377    -4.98483    -3.02937  -0.0226995     1.47685     2.73022    -2.41955   -0.460901    -1.68048   -0.336159    0.997483      2.1941   -0.729659     -4.8626     2.69809     1.61796   -0.192153    -1.45029
   -3.97793     0.70169    0.471653   -0.949018      1.2191    -0.39545    0.382863      1.2774     2.67745     2.32415   -0.946118     1.83128    -1.13988    0.993601     2.56102    -4.04937    0.146753    0.318594   -0.304141    -2.66481    0.219374     2.64852     -5.7036    -0.30789    0.517509    -2.20753    0.705248     1.23047    -1.10891    0.512007
-0.00370132   0.0281954   -0.432785    -1.16864    0.585364       3.442  -0.0640581     1.64291     3.75081     2.06958     1.41684     1.06759    -3.29421   -0.989618   -0.625596     2.69833    0.237522    -2.65081    -1.19241    -2.72233   -0.967588    -5.66426    0.419508    -1.32311  -0.0673859     1.62387     0.72338    0.468667     1.23777   -0.768419
  -0.385999    -0.15003      3.1758  -0.0928687   -0.843419      1.6379     1.03512     0.73341    -5.33798     1.67452      1.2639    0.264265     1.04615    -1.20712   -0.729716    0.442946    -6.18464   -0.168337    0.277191      3.3217   -0.226346     2.00722    0.459688    -7.17836     1.54531     1.14389   -0.978632    0.657599    0.630289  -0.0282925
    2.01881  -0.0449971   -0.383914    0.976364      2.7871   -0.155205    -2.00709    0.545512     1.02958     -2.1376     4.82943     2.08777     2.80835     1.41256     1.03388 -0.00990653     2.13411    0.669248    -1.57903      3.2454     2.81307    0.253691     1.49721   -0.171613   -0.853112   -0.155009    -6.41509     1.31632     -1.1147    0.598133
     1.0023    0.176661    0.111786    0.669074     1.27199    -0.98616    0.810732     -5.6482    0.881391    -1.09641   -0.299504    -1.90188    -1.68167     3.82614    0.272129   -0.741208   -0.125081   -0.411754     8.28172   -0.633856    -2.27316    0.426861  -0.0974296    0.515239    0.409343       1.181   -0.153644     1.85421   -0.631369    0.462914
  0.0719361   0.0789672     0.16888   0.0542086  -0.0880705    0.176984   0.0389362   0.0811248   0.0625194    0.113526   -0.114531   0.0627329  -0.0297232    0.204719   -0.168646  -0.0283742    0.209871    0.114957   0.0508337    0.068063   0.0276044   -0.228445  -0.0917562   -0.150737    0.233323   -0.145865  -0.0567488   -0.284811    0.093259    0.477267
 0.333477
  2.74714
-0.722464
-0.648686
  1.27105
 0.470069
  2.12386
 -2.52472
  -3.7283
-0.205582
