3 16 0.5 1800
1
1
9 30
    1.12917    0.928477    -4.23767    -1.18263    0.572129   -0.113002      0.9022  -0.0709578     1.05666
  -0.435489      1.3318   -0.999829     2.09106    0.326734  -0.0931332   -0.134786    0.669268     0.90109
   0.318252    -6.07787    0.895571    0.915504    0.464894    0.892454     1.23404    0.577439     1.03474
    0.67912    0.560731     0.72148   -0.594874    -2.02884     1.24107    -1.50567   -0.816422     3.46503
  -0.265437    0.816965     6.44397   -0.478741   -0.450391   -0.567145   0.0524907   -0.806973    -1.12701
  -0.818329   -0.190854   -0.335123   -0.797611    -1.80202   -0.955306   -0.943216      6.7996   -0.384079
  -0.301242   -0.195269   -0.281861   -0.787884   -0.533539     5.30021   -0.521784    -1.19496    -1.19135
   -6.14939   -0.312326    0.663589   -0.728666 -0.00679097    0.977519   -0.124499    0.743436     1.24619
   0.143095    -3.95594    0.356103    0.357556   -0.206317   -0.607839    0.741907    0.880751    -1.99164
    2.44744    -1.57943    -0.22405   -0.659902   -0.333205  0.00164664     0.37982     2.34354    -1.37238
  0.0628588   -0.736691     4.06589   -0.549522   -0.885707   -0.757623  -0.0626359   -0.494029      1.5856
    0.13057     1.75144    -1.65011     -0.7835   -0.825052   -0.292978    0.504986     1.36526     1.70936
   0.567637   0.0691049   -0.568603    -1.45068     3.01875    0.318206    -2.76335   -0.335459    0.259026
  -0.381945    -1.70103     -1.9622   -0.152566    -1.48646    -1.67001    -2.73869     2.54414     2.82837
    1.25511    -1.50764    0.737062     3.40461   -0.269858    -1.25946    -1.33156    -1.45916    0.376772
    2.04004     1.82276    -5.39166    0.557457    0.576112     1.26209     1.27703   -0.203894    0.281169
   -1.92494   -0.336839    0.157676    0.868089     -1.0546    0.483093   -0.292548      3.1127    -1.50196
    1.20274     2.36905    0.244045     0.18055    -3.83318    -1.57188   -0.725613    -0.11307    -1.40185
   -1.48774    -1.02867    -1.49196    -1.34286     6.15276    -1.84199    -1.10628    -1.55589    -1.59984
   -1.83527   -0.544565      1.1574   -0.431838    -1.20876   -0.982088     5.93163    0.312937   -0.702048
   0.260646   0.0884969   -0.492146    0.386239   -0.473329     5.61008   -0.686874   -0.848544   -0.283852
   0.801801    0.927777     1.09573    -6.93653    0.461221    0.951499    0.845942     1.25375     1.87426
     0.2141    -1.04705    0.425143    -2.80679    0.388733    -1.26879     1.68935    0.524806     3.39792
   -5.53988       0.962    0.250775    0.257721     1.21658  -0.0342528    -0.58772     1.09181    0.341186
 -0.0928685    -2.31863   -0.938014     1.74928    0.156464    0.238778    0.136034    -1.34888      3.9825
 -0.0860014     1.52686      1.1011    0.765096    0.645212    0.291719    0.578463      -5.067    0.664467
    6.39598   -0.522735    -0.68294   -0.760631   -0.264645   -0.180796   -0.358887    0.228358   -0.493658
   -1.50339   -0.971641      -2.654     1.48638   0.0662006  0.00796719     2.38914   -0.360657    -1.76189
 -0.0658005     1.04118    0.487462    -1.89607   -0.947554   -0.560926     3.06632    -1.32509    0.139361
    1.02227    0.366865    0.247078   -0.339511     1.44738    -5.19767    0.766797     0.60212     1.48883
 -1.45825
 -1.29353
  3.32625
 0.484332
 -2.79736
 -4.36979
  2.17527
  2.16146
  4.50782
 -3.38743
 -3.82649
-0.389408
 -2.19828
-0.783751
 0.447931
-0.699879
-0.558248
  1.27525
  1.95168
-0.998077
   -3.851
  3.45906
-0.435558
  3.25304
 -1.22675
 -1.91058
  2.72092
-0.488447
 0.450148
  1.53711
1
1
30 30
  -0.770166   -0.348376    -0.20863     1.40917    0.409013    -1.48089    0.267719     1.29926   -0.392661   -0.159891    0.226958    0.766438    -2.03216    0.813286   -0.249195   -0.640248     0.92101     1.22902    -5.25207    0.440952    0.162964    0.275982   -0.782434       1.038   -0.517523    -1.37537     1.58203     -0.8155    -0.50655  -0.0943008
   -0.32678   -0.051932  -0.0871534    0.399215    0.440052    0.870099   -0.416148    0.111222  -0.0217913    0.557253     1.04685   -0.433205   -0.256851    0.136111    0.527642   -0.207976    -0.06396   -0.670733    0.502964   -0.409438   -0.444757   -0.644198    0.126962  -0.0392992     0.19749    -0.26094    0.294893    -0.81766    -0.26066   -0.286729
   0.256269    0.737638    -2.89225    0.479804  -0.0527118    -0.57929    -1.17202   -0.502276    -2.91937   -0.425041    0.741206    0.680964   -0.544835  0.00298801    -1.41916     0.51489   -0.553451   -0.567613   -0.981896    -1.40914    0.882622   -0.138552   -0.272803   -0.720655     1.79105    -0.04527    -2.31695    0.232732    0.925885  -0.0350982
   -1.17141   -0.435689    0.519032   0.0921936    -3.54516   -0.723175    -1.85906     -1.2528    0.456391    0.398035    -1.14313   -0.816119   -0.659753     1.21059    0.863383    -3.27622    0.465024   -0.530379    -1.12208    0.935994   -0.545421    0.924281    0.423058    -1.06801     1.00609    -1.32745   -0.798609   -0.259957   -0.304619    0.515982
   -2.82329    0.247861     1.29778   -0.203086     5.99924    -1.35994   -0.665107    -1.11561    0.140883    -1.70309     1.38915    -0.24661   -0.455609   -0.748124    0.976913     -2.2941     1.64732   -0.512462   -0.874452    0.423917    -1.29341     1.54733   -0.201921   -0.660733   -0.951481     -0.9454    -2.40598    -2.98031   -0.492093    -1.11433
    2.11317    -1.12398      -1.619   -0.231936       1.228    0.836674     3.54841    0.782641    -1.56126    0.286666   -0.101889    -1.05444   -0.618529    0.281654   -0.616607     3.28181    -1.00333    -1.54563    -1.46201   -0.881112    -2.62173    -1.76477    -1.05299   -0.157519   -0.146528   -0.471133     1.93916     1.56435   -0.538793     1.78606
     1.7952     1.17963     3.45936     0.21125    0.560306     1.39683   -0.575948   -0.524509    0.418697    -1.17558    0.457784     3.31681    0.757788    -1.39628    -2.72536     1.33341    -1.45626     1.63476   -0.453308    -1.75166      1.1334    -1.76839   -0.505534    0.504304    0.164075     2.13912    -3.98852    0.104771     1.39856   -0.031132
  -0.160918   -0.867848    -2.19046    -2.80776     1.62978   -0.107649     2.11555     1.02828      1.6007     1.65531    -1.90593    -2.45672     -0.5921    -1.78778  -0.0270892   -0.666881   -0.430357     2.53084      3.0385   -0.385132   -0.463475   -0.872413    -2.89925    0.817105    -3.49056    -2.50962     2.56314     1.37331    0.916133    -1.42647
   0.739469   -0.178724   -0.236961    -1.25928    -1.30528   -0.810867     2.72337      -1.454    -1.54296     0.18025    0.309971    0.154558    -3.68716    -1.92219   -0.784999     1.56921    -1.33189    -1.92158      1.2972     3.95347   -0.950958   -0.598901   -0.531501    -1.77449    0.639486    -1.35109    -2.11603     1.80599   -0.846097     1.10611
   0.120346   -0.464002    -0.18283    0.667308    0.539832     3.13519     1.58469    -2.21859    0.213296    -1.46194   -0.408368    -1.40541    -0.18145  -0.0295402   -0.172842    -1.12089    0.625826    0.547015     2.10603   -0.566253   -0.273419   -0.287068     1.07632    -3.58803    0.651293    0.888022    -1.72442    0.499075      1.2963    0.162475
     1.5631    -0.89656    0.472495    0.372145   -0.751505    -3.66948    0.844474     -3.1823    0.674173     2.57108   -0.937616  -0.0142195   -0.462365    -1.45573     1.13338    -0.13427    -1.60132     1.46024   -0.629845    -2.51194   -0.810203    0.784469   0.0951563    -2.50573   -0.791027    -3.87316     1.58917   -0.119035   -0.813531     2.03413
  -0.433529   -0.846247   -0.585098    0.173101    0.776884    -2.19599     2.12564     1.54555  -0.0779649    0.745136   -0.605292  -0.0125578   -0.420225   -0.641828   -0.631669   -0.488567     1.23252   -0.233557     2.65886     2.02241    -1.26408    -3.75933     2.97073   -0.531811    0.804609    -3.25612     1.09961    0.200837    0.206894   -0.336096
   0.798283   -0.640274    -1.13924    -1.42632    0.488866     -4.2409    -2.11562     3.14736   -0.683603     2.83667   -0.112259   -0.548641    0.190838   0.0280782     0.83046   -0.606145   0.0322477    -1.16883    -2.01868   -0.689018     3.21549   -0.168385  -0.0537038     2.43324    0.865317    -2.75075     3.78247   -0.612752    -0.70639    -1.92018
 0.00578999    0.607628    0.272259   -0.538304     1.82515     1.41271    -2.85501    0.231226  -0.0664123   -0.331709     1.59175   -0.565142    0.112287    0.324555    0.722589    -1.28786    0.371082    -1.15208   -0.660778    -1.68821   -0.653001    -3.68014    -1.28938    0.283431   -0.212548   -0.992101     -1.0495   -0.889693    -2.32725    0.247626
   -2.37564   -0.242801   -0.105763   -0.110432    -2.11081     0.12255   -0.794663   -0.109703  -0.0198494   -0.698609    -1.51545   -0.553599    -1.29759   -0.394355     2.04979  -0.0603818    0.427995     1.97711     2.07644    0.119753   -0.127411    -4.67556    -1.25065   -0.419503    0.673085     -1.1672   0.0191834   -0.345486    -1.28599   -0.599447
   -3.60112   0.0166467    0.481539     1.08956     -1.0129    0.816998     1.86525    0.425261    0.485626    -1.06487    -1.09898     1.29024    -1.43434    0.198936   -0.579889     1.43803     1.09622     1.64914    -5.69243    0.255497    -1.02467    0.045463    -0.63774   0.0594299   -0.853063   -0.349616   -0.825563   -0.847343     1.10693   -0.826137
    -1.5093   -0.382538    -1.26825     1.17177    -1.66525    -1.47192  -0.0817329   0.0268215    -2.19054    0.915706    -0.85209    -1.20907      2.6838     1.36581     2.38865    -1.70535     1.05616     1.48707    0.962654    -1.81412    0.224092     1.80401    -2.17539    0.406581   -0.406438    -1.61092     0.57934    -3.39698    -3.21536   -0.888074
   -1.86153     1.37084    0.774804    -1.33721   -0.995513    -1.20231    -2.40845    -1.34952    0.412179   0.0436503   -0.154229   -0.118231    -2.53491    0.833984     3.22249     1.80584     2.03019    0.156908   -0.289397   -0.165049    0.639402     3.24294     -2.8036   -0.370978     1.16554    0.335816      -2.802     1.45086    -1.27043    -0.71531
   -0.42671    0.259549   -0.558175    -3.75961     2.84103     1.07192     1.53484   -0.356702     2.01207     1.88488    -1.64447    -1.94355    0.965211    -1.72918     1.21792   -0.974944    0.334973     1.97935     1.56513      2.1959     1.64627    -1.33277    -2.92245  -0.0723069    -4.72005    -1.07679     1.97076     2.14887    -0.60598    -1.37324
    1.37222   -0.578132   -0.908733    -1.68276    -1.22366    0.212463   0.0844548    -1.65936   -0.733658    0.252692   -0.226702    -1.85403     2.18476    -1.05972     -1.4298    -1.00595    -2.32187    -2.35188    0.746092    -2.03293      2.1216   -0.553241   -0.101885    -2.37728   -0.391501    -0.21474      -1.175     1.59205  -0.0237308     -1.6439
   -1.13502     0.77825   -0.685705     0.49889    -1.36302   -0.958795    -2.37538    0.126567    -1.54743    -1.35144    0.478794    0.272856   -0.624006      1.0306    0.645648   0.0985757    0.691337   -0.549273    -1.66695   -0.947264   -0.500867    -2.34811    -0.44922   -0.840551     2.34533  -0.0590471    -2.26915    -1.14665    -1.24422  -0.0524252
   0.669234   -0.500363  -0.0695718     1.75902    -1.52758   0.0633796     1.04026    -1.22157   -0.679018   -0.123958   -0.597512     0.10503    0.448793 -0.00383663    -1.00465    -3.16098    0.134563    -0.62035     1.57195   -0.391958     4.71478    0.256867    0.472803    -1.94079   -0.610001    -1.59208    -1.02067     1.11654     0.87517    -3.82563
    1.37672   -0.385753   -0.844954    -2.95295   -0.616742    -1.99922    -1.11188    0.282797   0.0698606   -0.212784    -1.40655    -2.09155     4.82491   -0.727032    0.115715    -1.33693   0.0120457    -3.59389     1.26388   -0.996645   -0.381924     1.01572   -0.134617    0.811487   -0.684543    0.284885    -1.17502    0.632698   -0.756997     1.34987
  -0.427431     0.32545     1.56135    -3.30706    -1.53405   -0.705052    -2.03582   -0.370444    0.343454    -1.02553  -0.0579258    0.508792     -4.4383    -2.62598     -1.9564     1.30246     -1.4145   -0.775525   -0.784616     3.95831   -0.734909     1.44786     1.13816   -0.402479    0.917867     1.32281    0.524355     2.00712     1.25878    -1.41701
   -1.41205   -0.762637    -1.90835    0.228884    -1.44617   -0.791831    -0.52905    0.716269    -1.70019     -1.0561   -0.651082    0.183907    -1.11275    -1.62509   -0.165091    0.132869   -0.988335    0.941901     2.44777   -0.901768    -1.46244   -0.576885    0.578447    0.264383    0.197268    0.761848   -0.595914   -0.612971     1.25585    0.704005
   -2.24476     0.59949     1.54833   -0.539189    -1.07498   -0.913408    0.248222    0.933246     1.48209    0.355255    -1.60144     1.16604   -0.288186   -0.603201     1.39695    0.548743    0.584585     1.22567     -1.7923    -0.24456   -0.916371    -4.99893    -2.46474    0.932644   -0.285376    0.796243    0.399563   -0.726763     -2.0492    -0.56167
  -0.931997  -0.0944449   -0.451205   -0.236816    -1.75284     5.01087     -1.0342     1.00464   -0.924489    0.686284    -1.14559   -0.992563   -0.764161     2.54765   -0.852173    -1.73262     2.46906   -0.612099    -1.48028   -0.275744    -2.07581     1.21974     -0.5035     0.76703    -1.45124    -2.08927     0.58234   -0.798943    -1.25307    -0.83122
  -0.197153     1.10047    -5.46616    0.341518   -0.181456     -1.2097     1.14264    0.628573    -3.90219    -1.06326   -0.058552     1.43988   -0.411234   -0.230411   -0.831374    0.374715   0.0211491      2.0334   -0.286038    0.443484   -0.947381    0.736524    -1.87133    0.877463    -2.04641   0.0407515     0.11023   -0.141544    0.281397    0.752485
   0.287414    -1.12361  -0.0721611    -1.06599   0.0711369    0.381084     1.88234    0.164353     0.26877   -0.189141   -0.123478    -0.57452     1.15463    -2.26696   -0.625003    0.904091   -0.534092   -0.897095    -1.34612    0.165402   -0.419317    0.363599   -0.544888    0.383424   -0.901741     2.52133   -0.413756    0.523669    0.709595  -0.0464511
    1.12819   -0.703844   -0.810918   -0.485092   -0.507488    -1.11529   -0.256112   -0.112132    -1.05546    0.465322   -0.129861    0.491207   0.0480708    -1.51184    -1.56387    0.353512    -0.98882    -1.03348   -0.350755    0.163205     1.00908   -0.615252     0.33634   -0.197349   -0.657306   -0.430719      1.0041    0.246099     0.25701    -1.73952
 -0.625232
  -1.27728
 -0.502751
   2.16906
 -0.331798
  -2.46888
  -1.22261
  -2.13146
 -0.609872
 -0.383534
  0.246099
 -0.632723
  0.118135
 -0.188822
  0.877766
 -0.592209
  -0.92945
   1.15701
    2.1498
 -0.149471
 -0.525307
  0.250406
   1.47071
 -0.803745
  -0.50852
 -0.240485
  -2.34052
      1.45
   -1.7361
-0.0831765
1
4
30 10
   2.52187    1.00725    -1.0233   -2.74482  -0.706263    1.44068   -1.70537    2.67616   -1.59461   -4.66913   -5.06576   0.498168    3.93643    1.53998  -0.990129   -1.27489    1.30823   -2.15408  -0.304513   -1.39917  -0.796146   -0.80309  -0.464434    1.63921   -1.14976    1.18411    2.85083  -0.839369    1.04762    1.49706
  -1.10815  -0.793788   -3.68696   -2.06992    0.12861   -1.01126    4.08042  0.0109265   0.510888  -0.653494  -0.443614    -1.4399   -1.24638    1.21505  -0.538186    1.39183  -0.234177   0.546289   -1.66658    1.37827   0.877381   0.537847   0.239927    1.71281   -2.19763   0.726103    -1.9198   -8.54678    0.99338   0.557214
  0.336716 0.00250113   0.630246    3.00298     -9.569    -3.7398   -2.37339   -0.32627   -1.84684    1.96757   0.846314  -0.298101   -0.73446   -1.03406     3.2811    2.05063    2.17676  -0.080802   -1.81093    0.12252     2.8527    1.66581     1.5685    1.78754    1.82655    1.41046    3.01422   0.125453   0.751097   -1.67431
  0.883116 -0.0840976    1.45466    1.96385    4.89485  -0.428157  -0.654954  0.0692264   0.738723  -0.954222   0.361654   -2.60878   0.518501   -5.42231   -3.49379   0.391553    1.72788    4.31447   -2.11653  -0.476512   -1.78672  -0.579407    1.08583    1.49595  -0.608886   -5.43066    2.51709    1.46027  -0.305951   -1.46834
  -5.04713    1.39064   0.944657   -0.84571   0.884339   0.499454  -0.280013   0.603747    2.31505    1.84731   -1.01136    1.34614  -0.925266    2.23013    2.50529   -4.60632  0.0118432   0.347878 -0.0152284   -2.81587   0.501796    2.26541   -7.65654   0.181996    1.17204   -2.22931   0.717346    1.31632   -1.23508   0.855692
  0.631355 -0.0679747  -0.551202  -0.804876    1.04345    3.46221   0.121588    1.48435    3.25894    2.73215    1.27708   0.573292   -2.44166   -1.22009  -0.655361    2.10718   0.764976   -2.48978    -2.1763   -2.78224    -1.2376   -6.91466   0.980704  -0.380075   0.588621    1.30667    1.15783    1.20671    1.79531   -1.34114
 -0.468234  -0.272889    3.49112  -0.682691   -0.88089    1.13156    1.45921    1.55031   -5.66904    1.25572   0.868027  -0.138793   0.477393   -1.00399  -0.908547   0.961935   -6.19906   -1.13318   0.358072    2.88466  -0.306932    1.96557   0.744959   -8.30745    2.02026   0.501424  -0.626706   0.591056 0.00942987   -0.60382
   1.72737   -0.60878  -0.813713    1.14908    2.52333 -0.0930484   -0.97169   0.889926    1.47291   -2.43129    4.00004    2.51144    2.12879   0.557954   0.600276   0.382448   0.917397    1.05594  -0.827167     3.3855    2.85356   0.549889    1.55685   0.124509   -1.78141   0.602779   -7.02955    1.41093   -1.96148   0.471215
  0.627222   0.231027  -0.594738   0.347261    1.56132  -0.721534    0.91858   -7.10834    0.45195  0.0919292   -0.14743   -1.12744   -1.39364    3.52965   0.610041  -0.730672  -0.376781  -0.723536    7.87829  -0.548999   -2.72906    1.06971   0.722687    0.66861   0.212594    2.27385  -0.586405    2.94623  -0.899989    1.59709
 0.0774362   0.353301   0.398121   0.137924  -0.211102  0.0628414 -0.0349938 -0.0305933    0.20575  -0.159201 -0.0336056 -0.0363402 -0.0643734   0.132502 -0.0942106  0.0604952   0.101245  0.0370386   0.166293   0.121555  0.0599263  -0.266213 -0.0919559  -0.165983   0.187847  -0.104091  -0.134257    -0.2685  0.0430128   0.544905
   1.19596
   2.58064
-0.0724558
 -0.381777
   2.48018
 -0.520906
   1.97329
  -2.38968
  -5.54358
 -0.304364
