3 16 0.5 900
1
1
9 30
    1.38727    0.831039    -3.53941    -1.57048     1.43268   -0.256553    0.775446    0.250147     1.62671
  -0.713026     1.14652   -0.644525     1.62924   -0.365084   -0.632667   -0.517823      1.0365    0.318055
   -0.15874    -5.41594    0.525827    0.753622    0.548776     1.26277    0.771424    0.630027    0.621551
   0.609521   0.0878866   0.0721646    -0.55617    -1.53582     2.24202    -2.02042  0.00664295      3.4624
  0.0198741    0.886245     5.41752   -0.194936   -0.601381   -0.521844   -0.375775    -0.31543    -1.23975
   -0.50765   -0.133445  -0.0973315    -0.44724     -2.1547   -0.775239    -1.08713     6.62386   -0.130863
  -0.436438    0.334831   -0.537715    -1.18433   -0.765294     5.03186    -0.46845    0.100548    -1.17466
   -5.09851   -0.842161    0.223828   -0.600981    0.717746    0.518087    0.816879    0.537771    0.346672
 0.00353773    -3.96151     0.49437    0.801244   0.0560545   -0.404608    0.406265    0.649699    -1.41425
    2.78107    -1.34244   -0.147276   -0.513195   -0.474902   -0.622318   -0.519166     2.71841   -0.618342
 -0.0676798   -0.566655     3.24212   -0.358775   -0.806393   -0.696177   -0.169446   -0.493397     1.21276
  -0.207615     2.12677     -1.6623   -0.391229    -1.08214   -0.125141   -0.261107     1.02362     1.69514
  0.0292678    0.933287   -0.196133    -1.59982     3.16904     0.93863    -3.17339   -0.220057   -0.302491
 -0.0841621   -0.426558     -1.9752    0.317099    -1.43806   -0.795817    -2.36682     2.80588     2.23779
   0.859943    -1.64591    0.109942     2.85035     -0.0662    -0.77837    -1.84879    -1.90376    0.224266
    1.00876     1.02463    -4.71284     1.22296   -0.268193    0.913495    0.937974   -0.242768    0.884158
   -2.01473    0.159089    0.347401   -0.129475   -0.879375   -0.473888   -0.663103     3.50502   -0.968678
     1.3606     2.21709    0.415496    0.806726    -2.58282    -1.17987   -0.368116   -0.654472    -1.83039
   -1.07866    -1.20143    -1.15357    -1.21221     5.90065    -1.60647    -0.90901     -1.4732     -1.5343
   -1.09852  -0.0444059     1.39365   -0.255001     -1.3055   -0.681657     4.73246    0.625564    -1.67721
0.000928708     0.31719   -0.322378   -0.071964   -0.386336     4.99065   -0.139799    -0.91103    0.251869
   0.776782    0.507077    0.905851    -5.84015    0.819668    0.788099    0.652709    0.869348    0.435134
  0.0045338    -1.04002      1.5123    -2.64223    0.626439   -0.390616     1.40924    0.194684     3.37103
    -4.6253    0.767719   -0.173832  -0.0825079     1.13454   -0.440952   -0.121362    0.767834    0.445963
   -1.51347    -1.45105   -0.597835     1.72736   0.0688732    0.198174    0.280087   -0.966828     3.33536
  0.0707496     1.37343    0.788334    0.468033    0.273687    0.460199     0.23834    -4.21191      1.0187
    5.44969     -1.0408   -0.725112    -1.15205  -0.0369795    0.357936   -0.521316    0.268459   -0.535944
   -0.98191     0.09207    -2.43439    0.600408   0.0628428  -0.0435493     2.14937   0.0708517     -1.5451
  -0.704831     1.43127     1.19003    -1.96643   -0.874688    -0.92828     2.42754   -0.794276    0.169612
   0.903681    0.391588   -0.628724   -0.239486     1.32226    -4.78132    -0.36651  -0.0406077     1.41514
  -1.65291
  -1.18849
   3.37108
   0.40123
  -3.13583
  -3.77825
   1.70514
   2.39305
   3.71597
  -3.04141
  -3.49383
  0.436003
  -1.34063
 -0.436185
  0.361882
-0.0226193
 -0.636877
  0.734142
   2.85564
  -1.18398
  -3.61289
   3.56874
  -1.14005
   3.15995
  -1.57519
  -1.78643
   2.26092
 -0.626857
  0.435214
   2.18765
1
1
30 30
   -0.64706   -0.542983   0.0235212     1.08532   0.0871576    -2.01917    0.220712     1.30398   -0.190743    -0.45287   0.0592148    0.684993    -1.67009    0.785478    -0.25819   -0.111951    0.473502    0.992099      -4.226    0.323858  -0.0976007    0.611174   -0.865618     1.00829   -0.683625    -0.99995      1.7538   -0.924194   -0.491621   0.0816169
 -0.0190635  0.00381088   -0.295296     0.19729    0.180109    0.391462   -0.357251  -0.0537863   0.0358804   0.0885842    0.593049   -0.128915  -0.0292109   -0.134691     0.19468  -0.0356464   -0.127758    -0.51734    0.408591  -0.0571331   -0.358482   -0.447552   0.0349672  -0.0891329  -0.0856849   -0.281627   0.0640549    -0.42076  -0.0180224   -0.337042
 -0.0874646    0.405694    -2.94367    0.627876   -0.101289   -0.473873   -0.674462   -0.317521    -2.83713   -0.439551    0.714526    0.805904   -0.170388   0.0282543    -1.35421    0.813364   -0.727886   0.0320717   -0.770901    -1.38169    0.634196   0.0205556   -0.143043   -0.418345     1.26114    0.286911    -1.48092  -0.0411991    0.819073    0.195856
  -0.106517   -0.275295    0.350331    -1.02201    -2.36963   -0.488506    -1.82926   -0.758544    0.316955    0.114555   -0.718225   -0.973711   -0.618038    0.327115    0.417647    -2.24105    0.662324   -0.678017    -0.43166     1.01716   -0.569049    0.227827   0.0898522   -0.483566    0.403079    -1.20287   -0.330343   -0.356424   -0.415213    0.655981
   -2.73371    0.342725    0.798688   0.0291348     5.30803    -1.24246   -0.743446   -0.878213    0.485251    -1.98446     1.66972  -0.0345133   -0.185227   -0.524941    0.632287    -2.24968     1.56134    0.152582    -1.04977   0.0428368   -0.903156     1.38661   -0.202449   -0.336415   -0.673531   -0.643498    -1.96262      -2.662   -0.744301     -1.2646
     1.7583   -0.678596    -1.36567   -0.368589    0.360095    0.704915       3.129    0.781341    -1.17055     0.65788   -0.218041   -0.844117   -0.027279    0.219217    -1.26602     2.41759     -1.1444     -1.5026     -2.3411   -0.865466    -1.71423     -1.8048   -0.544593   -0.275448  -0.0321786  -0.0875017    0.989891     1.73441    0.302992     1.48121
     1.1377    0.954117     2.27945    0.320331    0.572091     1.61148    0.147445    -1.44946    0.155879   -0.884221     0.70757     2.83885    0.574589   -0.754185    -2.14858     1.17518    -1.88067    0.996972   -0.618654    -1.21561       1.106    -1.45861    -1.05872   -0.583008    0.569714     1.80542    -2.69308    0.393507    0.784898   -0.491517
  -0.307245   -0.968959    -1.18757     -1.3893    0.669092    -0.29658     2.00068    0.344598     1.27614     1.93293    -1.20533    -2.10982   -0.242799    -1.10869   0.0795842   -0.753205   -0.941009     1.78329     2.47327   -0.548667   -0.514858     -0.4731    -1.68209   -0.139826    -2.60123    -2.20345      2.2617     1.82933    0.409837    -1.49886
   0.338628    0.124367   -0.352198     -1.1779   -0.955788    -1.21022      2.3668   -0.809984   -0.771966   -0.102433    0.133697    0.336597    -3.56397    -1.67097   -0.881703     1.35758    -1.72047    -1.31598     1.97646     3.68253    -0.71034    -0.79095    0.144215    -1.57703    0.821764    -1.62928    -1.77621     1.78937   0.0591311     0.84224
   0.896022   -0.672057   -0.860329  -0.0145498     0.31824     2.99053     1.31182    -2.71803   -0.444022   -0.836489   -0.311747    -1.79747    0.491925    0.110794   -0.864876    -1.13257    0.452709    0.642653     1.77115   -0.206885   -0.248041   0.0162134     0.82046    -3.76607   -0.288443   0.0459183   -0.489225    0.838501    0.833645    0.138851
    2.25466    -1.07049    0.272129    0.493773   -0.369663    -3.25034     1.27774    -3.06564    0.348919     2.60034   -0.581766   -0.199538   -0.321771    -1.00873    0.528392  -0.0235517    -1.63518    0.523722    -1.78418    -1.80677    -0.85102    0.534433    0.840654    -2.54587    -1.06842    -3.68824     1.47501   -0.122754   -0.666004      1.8043
    -0.5594   -0.969314   -0.399531    0.220112    0.350382    -1.49505     1.90742       1.682   0.0713876     1.23328   -0.592556   -0.312273   -0.682447   -0.191195    -0.27542   -0.963261     1.02311    -1.16773     2.12369     1.02145    -1.54014    -2.88873     2.26801   -0.330176  -0.0849264     -2.7998     1.39266   0.0616513   -0.170835    0.218299
   0.653288   -0.544236   -0.757358    -1.01482    0.854672    -3.52998    -1.93718     2.28918   -0.809742     3.62426   -0.218574   -0.390712    -0.25602    0.364788    0.922252   -0.519911    0.220775    -1.01077    -2.31808   -0.422506     3.46189   -0.113864   -0.796487     2.12887    0.409694    -1.83928     3.14747   -0.237155   -0.786781    -1.93896
  -0.269114    0.598121    0.135963  0.00675264     1.04646    0.151073    -2.49971   -0.207041  -0.0175604   -0.900308    0.991575   -0.290434   -0.490585    0.292051     1.13357    -1.31874   0.0589887    -0.60448    -1.19201    -1.53997   -0.600601    -3.57061    -1.72539  -0.0230561    0.177305   -0.853352    -1.07167   -0.716263    -2.42782    0.165594
   -1.91326   -0.350382   -0.391642   -0.239685    -1.39167     0.25858   -0.322761    0.147116   -0.189318    -0.92812   -0.830701   -0.436167   -0.973998   -0.262917     1.59594    0.191438    0.270221     1.75967      1.6003    0.138091   -0.395925    -3.30292   -0.572911   -0.222831    0.629669    -1.10491     0.10808   -0.218179    -1.24248    -0.10762
   -3.44391     0.16058    0.926729    0.653482   -0.987153     1.01227     1.02775    0.363826    0.707252   -0.550225   -0.936565    0.911557   -0.709333   -0.455268   -0.549224     1.57456      1.2887    0.988189    -4.75618    0.490618    -1.42641   0.0235587   -0.571094    0.113159   -0.639249    0.100591   -0.593725   -0.621432    0.681435  -0.0702833
   -1.54575  -0.0832259     -0.4781     1.88753    -1.96142    -2.10581   -0.759826      0.4052    -1.25914   0.0653912    -1.23681   -0.175558     2.00574     1.26601     2.52936    -1.59268     1.37447     1.41842    0.372497    -1.17344   -0.881446     1.22229    -1.37917    0.380142   -0.396548    -1.69493   -0.580604    -3.19079    -2.37131    0.393938
    -2.4625     1.40244    0.967545    -1.08307    -1.04638    -1.11387    -2.13456    -0.96597     1.15982   -0.810736   -0.296231     0.89302    -2.27752     1.70427      2.2134     1.04049     1.86379    0.530386   -0.675783   -0.466576    0.447027     1.96264    -2.12768   -0.162045      1.0628   -0.459861    -2.34796    0.374931   -0.486849   -0.873508
  0.0186221   0.0514728   -0.432253    -3.56338     2.38794     1.37765      1.6268    0.705335     1.39866     2.26291    -1.65615    -1.71096     0.51902    -1.60838    0.608343   -0.119308    0.613173     2.89078     2.29336     1.61796    0.975952   -0.752093    -2.62206    0.523657    -4.25382    -1.76002     1.93963      1.8132   -0.142195     -1.1826
    1.16691   -0.416002    -1.22699    -1.46244    -1.09347   0.0127855    0.119042    -1.25168   -0.957527   0.0481726   -0.198362    -1.50329     2.36712   -0.965953    -1.42324    -1.14918    -2.31362     -1.9352    0.743959    -2.49262      1.9487   -0.554793   -0.337823    -1.71811   -0.423547   -0.400633    -1.09509      1.3413   0.0546314    -1.41218
  -0.979285    0.488531   -0.425404    0.590769   -0.657852   -0.805974    -1.92654   0.0963599    -1.20807    -1.28252    0.578375     0.23736    -0.62543    0.766424    0.637413    0.092718    0.779407   -0.461529    -1.16486   -0.781251   -0.474831    -1.88245   -0.350845   -0.721021     1.64967  -0.0465782    -1.90352    -1.24864    -1.36381   0.0420447
  0.0426629   -0.192044    0.193981       1.923    -1.23272  -0.0936843     1.31076    -1.46942   -0.373227   -0.292062   -0.410978    0.115596    0.848778    0.478278   -0.136421    -2.79518  -0.0271402   -0.375803      1.1026    0.160578     3.95483    0.137059   -0.194292    -2.00854   -0.275721    -1.45536    -1.17741     1.18152    0.747862    -3.40413
    1.58765    -0.54167   -0.362639    -2.29605   -0.163719    -2.40569    -1.29028   -0.029511   0.0175672   0.0891325   -0.460311    -1.47031     3.61703   -0.619338   -0.318122    -1.33335   0.0797218    -2.46252    0.640658     -1.2852   -0.419539     1.19839  -0.0520094    0.111204   -0.389931    -0.45436    -1.27084  -0.0620692   -0.296749      1.1331
  -0.548117    0.516498     1.33484    -3.15297    -1.40624   -0.345833    -2.09292   -0.643125    0.422401    -1.10432   -0.181789    0.917056    -4.71675    -2.25561    -2.16263     1.36867    -1.45286   -0.849416   -0.297828     3.04216   -0.310696     1.24357    0.776609   -0.727256    0.520167     1.03116    0.352405     1.46639    0.621212    -1.84767
   -1.34074   -0.344582    -1.57913   -0.177065   -0.617989   -0.604132   -0.721222    0.386304    -1.44712   -0.948052   -0.214034    0.581149   -0.858171   -0.975371   0.0777427     1.03878   -0.246449     1.28337     1.69072   -0.154805   -0.581552   -0.567831   0.0546472    0.255477    0.106464    0.561911   -0.692465   -0.617262    0.712138    0.112544
   -2.10017    0.228627     1.38189   -0.414491   -0.858609   0.0453601   0.0429132    0.480186    0.862793  -0.0227504   -0.870542     1.21077   -0.930174    -1.08641     1.06829     0.51759    0.213625     1.13003    -2.13319    0.291558   -0.839962    -3.77214    -1.94498    0.460572    -0.20165     1.38659   -0.153245   -0.627795    -1.85908   -0.399017
  -0.635153   -0.221308   -0.668733   -0.342337    -1.32644     4.60826      -1.024    0.553354   -0.815598     1.25098    -1.44153    -1.02957    0.623913     2.27208    -1.01657    -1.43052     2.35216    -0.81427    -1.23341   -0.361357    -1.75912     1.45687   -0.414842    0.243617    -1.43689    -1.81023    0.762821   -0.999048    -0.54049   -0.343416
  -0.303497     1.22405    -4.97558   -0.130491    0.228883   -0.807683    0.676853    0.783573    -3.61218   -0.443715   0.0113526     0.74419   -0.447887   -0.385329    -0.97727    0.608406    0.466845     1.69188   0.0112728    0.793634   -0.143282   0.0339692   -0.707857    0.838935    -1.43749  -0.0192033   -0.510478   -0.395733    0.128826    0.279023
    0.53343   -0.432918     0.12818   -0.662453   -0.305174   0.0717448    0.644107    0.245858    0.343507    -0.24376   0.0490203   0.0236494     1.12154    -1.22426   -0.609261    0.510324   -0.355435   -0.308442   -0.594477   -0.339125   -0.461103    0.251085 -0.00137151    0.349903   -0.454701     1.06463  0.00599866    0.320009     0.46968    0.407485
    1.01565   -0.411643   -0.584894   -0.290917   -0.328975    -1.33801 -0.00337879    -0.14137    -0.63195    0.273715  -0.0370641    0.718876   -0.435655    -1.12584    -1.06232     0.58307    -1.01655   -0.664903   -0.509691   0.0891946    0.593208   -0.729072   0.0808901   -0.204142   -0.606736   -0.401668    0.297594    0.197601   0.0612529    -1.34189
 -0.680276
  -1.18978
 -0.326417
   1.79235
 0.0860616
  -1.93909
  -1.22564
  -1.94173
 -0.328342
  -1.04183
0.00525069
 -0.946477
  0.623497
-0.0204848
  0.931947
 -0.755428
 -0.712089
   1.43331
    1.6994
 -0.135138
 -0.383323
  0.290753
   1.08481
 -0.838338
 -0.174497
 -0.460157
  -1.71808
   1.49541
  -1.73925
 0.0845331
1
4
30 10
    2.36809     0.39135    -1.17499    -1.65005    -1.23227     2.21867    -1.18747     2.54274     -1.4506    -4.59516    -5.59151    0.295698     3.40382    0.793054   -0.215927   -0.919054     0.86865    -2.20641    -0.15215    -1.43512   -0.603691    -2.17821   -0.700805     1.92702   -0.621064     1.02777     2.53368    0.207123    0.676535      1.0952
  -0.385806   -0.329775    -3.48263    -2.02454    0.227739   -0.579905     4.38212   -0.115172   -0.152903  -0.0460396    -0.71682    -1.97985    -1.73591     1.60293   -0.964965     1.22092   -0.886019    0.290623     -1.4589    0.928915     1.24243    0.407911    0.402188     2.09464    -2.18978    0.903178    -2.23871    -7.33585     1.01415    0.577405
  -0.472539    -0.12457    0.737724     2.71838      -8.872    -4.00589    -2.32014   -0.833144    -2.13588     2.29756  -0.0603316    0.183558     0.07748   -0.950661     2.31884      1.9782      2.3058     1.07145    -1.61265    0.169503     1.76735     1.82584    0.967236     1.39651     2.10427     1.56914     2.67256   -0.235927   -0.371951     -1.0958
  -0.408674    0.177428    0.804809    0.808725     4.37533   -0.697394   -0.363785   -0.110868    0.474855    -1.29786    0.720389    -2.82386    0.877891     -4.8645    -3.01587  -0.0213117     1.54319     3.01914     -2.0732   -0.456568    -1.67115     0.09593     1.52288     2.42345    -0.70042    -4.75375     2.32109     1.47111   0.0925501    -1.25629
    -3.7363    0.727604    0.295067   -0.861451     1.48817   -0.615559    0.362984      1.8331     2.42604     2.42533   -0.715269     1.77003    -1.30289     1.10901     2.73399    -3.96467    0.618895    0.713039   -0.709705    -2.64389    0.452299     2.72232    -5.25836   -0.964714    0.664179    -1.92612    0.644768     1.46767    -1.16984   0.0829966
-0.00291512   0.0658987   -0.258186   -0.887416    0.597704     3.22371    -0.16979    0.915945     3.80337     1.97801     1.55754     1.07354    -3.49348   -0.848406   -0.569884     2.72872   0.0415151    -2.71188    -1.46329       -2.72   -0.865564    -5.59306    0.570775    -1.67867   0.0418036     1.91018      1.0467    0.736124     1.17648   -0.736912
  -0.342366   -0.143923     3.24173  -0.0690594   -0.365154     1.61676    0.952722    0.435934      -5.305     1.73917      1.1577    0.548675     1.18999    -1.20395   -0.670424    0.764905    -5.88427   0.0181186   -0.182105       3.331   -0.204947     2.00879    0.383563    -6.94572     0.99419     1.20164   -0.560498    0.270009    0.280615  -0.0784677
    1.91003  -0.0688267   -0.368531    0.602897     2.85547    0.198057    -2.17369    0.628945    0.970732    -2.15836     4.56053      2.2354     2.71019     1.11177    0.612767    -0.17715     1.87359   0.0491141    -1.26848     3.22794     2.36544    0.151052     1.11753    0.140854   -0.753308    -0.57177    -6.32122     1.24695    -1.07032    0.861941
    1.17462    0.108742   0.0558411    0.677726    0.804912    -0.81831     1.11148     -5.4473     1.00733    -1.15637   -0.227261     -1.9871    -1.40746     3.64293    0.181984   -0.936736   -0.384418   -0.560209     8.23962   -0.653414    -2.25304    0.316542   -0.226552    0.529783    0.542384    0.984901 -0.00376729     1.84351   -0.434055    0.440715
  0.0707899   0.0449663    0.125278    0.138166  -0.0444015   0.0470606    0.134142    0.047992   0.0924136    0.112674  -0.0433147   0.0384399  0.00168374    0.181003   -0.142849   0.0223299    0.109792   0.0927192    0.109739   0.0242316   0.0624608   -0.158096  -0.0707124   -0.178532    0.244992  -0.0976522  -0.0580559   -0.291343   0.0828319     0.42806
  0.34622
  2.63929
-0.480184
-0.168296
  1.40457
 0.291028
  1.81734
 -2.89146
 -3.63702
-0.241689
