3 16 0.5 2600
1
1
9 30
     2.06164     0.462764     -4.00255    -0.691269     0.924927 -0.000574369     0.269492   -0.0791912     0.931336
  -0.0816823      1.55161    -0.868843      1.99888     0.639012     0.184987    0.0505372     0.988655      1.14985
    0.417017      -6.5585     0.878071      1.08932     0.684961     0.881021      1.46521     0.409346      0.97228
   -0.606092     0.533433     0.446562    -0.771174     -1.95942     0.725884     -1.54949    -0.416398       3.5686
    0.125954     0.445708      6.40482    -0.417376    -0.954299    -0.098028     0.307017    -0.627011     -1.19973
   -0.282575   -0.0721734    -0.881331     -1.21396     -1.54364    -0.986808     -1.19107      7.02345    -0.621164
   -0.460575    -0.418351      -0.9177     -1.07919     -1.41085      6.04507     0.277742    -0.222849     -1.30668
    -6.34735    -0.875808     0.771641    -0.634599    -0.119021      0.93394     0.433778     0.266286      1.93791
    0.133603     -3.75183     0.397255     0.463558     -0.42758    -0.446491     0.517969      1.42107     -2.24159
       2.768     -2.19807    -0.560723    -0.565247    -0.304032   -0.0445406     -0.54581       2.9931    -0.864115
    0.142971    -0.413357      3.84023     -0.45814     -1.43948    -0.705954     0.340343    -0.353902       1.7851
    0.182534      1.88604     -1.40357    -0.799597     -1.48198     -0.62555     0.317619       1.5556      2.15223
    0.401808   -0.0620042    -0.244339     -1.45921      3.81684    0.0785675     -1.85335    -0.358344      0.19799
   -0.158412     -2.03893     -2.19081    -0.621841     -1.46742     -1.59567      -2.4831      2.48722      3.13463
     1.60801     -1.12814     0.562188      4.23183      0.15883    -0.957193    -0.317869     -1.10159     0.660308
     2.04943      2.30363     -5.39693     0.564475     0.114529      1.33677     0.793684     0.252801     0.343932
    -2.20545     0.270049     0.230111      1.68581    -0.497191     0.375797    -0.338254      2.69454     -1.58301
     1.39403      2.35656     0.172499    0.0848242     -3.60883     -1.47605    -0.890904    -0.621374     -2.10839
     -1.4085     -1.07034     -1.18086     -1.86245      6.12788     -1.82195     -1.82911     -1.32709     -1.47489
    -1.09268    -0.118244      1.03011    -0.360871     -1.11767     -1.33859       6.4962    -0.325708    -0.427724
    0.224556     0.108054    -0.164755     0.299444    -0.580468      5.79296    -0.496487    -0.838203    -0.415156
    0.715605      1.44169     0.829113      -7.1125     0.594858       1.8836       1.2797      1.31258      1.97752
    0.159552      -1.3332     0.197528     -2.97946     0.197646     -1.32404      1.17144     0.211371      2.97743
    -5.76012      1.13588     0.387078     0.263328      1.55577  -0.00160573    -0.897096        1.423      0.53245
   -0.371202       -2.726    -0.515828      1.10632   -0.0351617    -0.178527   -0.0145582    -0.690685      3.85097
    0.122633      1.41955     0.712695      1.19705     0.333591     0.661241     0.371648     -5.39078     0.787122
     6.74432    -0.925668     -0.84822    -0.773451    -0.382079    -0.389401   0.00769955     0.328029  -0.00499419
    -2.01765     -1.40796     -2.87304       1.5681     0.284391     0.128687      2.40294    -0.704711     -1.56786
   -0.308265     0.576955     0.540366     -2.44671    -0.187852   -0.0897164      3.73189    -0.969938    -0.645594
    0.833611     0.820906    0.0453633     -1.04835      1.58127     -5.43775     0.735176     0.557916      1.73757
  -1.93373
 -0.972297
   3.33121
  0.816618
  -3.15574
  -4.10954
   2.02161
   2.65361
   5.19189
  -2.58969
  -4.16661
   0.15401
  -2.24401
 -0.680147
  0.839845
  -1.62433
 -0.497372
   1.37027
   1.97518
 -0.831502
  -3.80152
   3.97792
 -0.807601
   4.05845
  -1.82365
  -2.77258
    3.1715
-0.0231794
  0.214865
   1.05737
1
1
30 30
  -0.428089   -0.571993    -0.44194     1.21801    0.360893    -1.03835    0.155666     1.19163   -0.744208    0.328165    0.216356    0.598968    -2.24987    0.650138    -0.43068   -0.528954    0.589431    0.925953    -6.00959     1.01896    0.557676   -0.304539   -0.625724    0.776754   -0.498855    -1.24426     1.57026   -0.384967   -0.673561   -0.872027
  -0.793623  -0.0858957 -0.00214907    0.220226    0.518399    0.976218   -0.418313    0.238849   -0.230819    0.880856    0.691495   -0.522776   -0.515016    0.141746    0.620989   -0.607226  -0.0581103   -0.619529    0.588341   -0.454709   -0.588205    -0.77425  -0.0499911   0.0396284  0.00520174   -0.312122     0.45798    -1.00322   -0.519683   -0.372042
   0.634544    0.916446    -2.94451    0.397493     0.14503   -0.630288    -1.39898   -0.497483    -2.91473   -0.414217    0.830628    0.813601   -0.114871   -0.156033   -0.966061    0.751681   -0.663848    -0.69231    -1.09754    -1.44924    0.911469   -0.297053   -0.433616   -0.706834     1.92586    0.398926    -2.29346    0.295447      1.1057   0.0709829
   -1.66867   -0.846786    0.733804    0.199809    -3.64771   -0.824303    -1.62677    -1.63225    0.676001    0.712552    -1.11814    -1.41632   -0.302862     1.20535     1.55575     -3.7881    0.514999   -0.608611   -0.350536    0.204606   -0.620414     1.11664   -0.095411    -1.68375      1.0681    -1.75308    -1.07055   -0.271523   -0.552466   -0.360727
   -2.96603     0.85459     1.62375  -0.0930482     6.14036    -1.41913   -0.173894    -1.24056    0.270168    -1.70328      1.0548   0.0712445    -0.47787   -0.545753      1.3918    -2.35354     2.03156   -0.948659   -0.752723    0.454241    -1.22918     1.86501   -0.193378   -0.511392   -0.437085    -1.24685    -2.68305     -3.2927   -0.475261    -1.03312
    2.71932   -0.709141    -1.28772   -0.415103     1.85608    0.881009     3.83121    0.889227    -1.76216    0.573075    0.226468    -1.20698   -0.348266    0.662971    -1.05226      3.3418    -1.07007    -1.85323      -1.066   -0.554097    -2.86029    -1.91934   -0.749991    0.215699    0.204842    -1.50665     2.04178     1.97014   -0.476353     1.98604
    1.76784     1.34823      4.1743    0.321607  -0.0858701     0.83815   -0.700415   -0.407099   0.0365461    -1.65575   -0.107203     3.32145    0.397232    -1.85506     -2.3898     1.22404    -1.82179      1.3416   -0.822201    -2.34921     1.09761    -1.62968   -0.932543    0.379059   -0.292537     2.32292    -4.48985     0.30198     1.18929  -0.0313439
  -0.166861    -1.07379    -2.22181    -3.65298       1.446    0.372839     1.89348    0.544316     2.30214      1.5121    -2.20591     -2.6665    -0.85847    -2.28855   -0.407142   -0.631372   0.0613005     2.72302     2.29253   -0.257958   -0.289717    -1.26694    -3.11412    0.191813     -3.7237    -2.87167     2.41468     1.09927     1.22487    -1.22332
    0.46661   -0.418636  -0.0332632   -0.929565     -1.5296    -1.05853     2.94672    -1.68027    -2.17297   -0.279879    0.326893  -0.0657354    -3.69481    -2.28549   -0.935589      1.4983    -1.62975    -1.75849      1.4086     3.99588    -1.34805   -0.790786   -0.405975    -1.77467    0.471503     -0.8991    -2.63051     1.84078   -0.734817      1.3551
   0.151799   -0.649272   -0.147288    0.771341    0.178908      3.0611     2.24361     -2.1342    0.238079    -1.61524   -0.910268    -1.19331   -0.238061    0.254903   -0.496694    -1.43944    0.759261    0.689015     1.95566    -1.00456    -0.11072   -0.924324    0.468004    -3.73902     1.12422     1.00932    -2.66404    0.843316     1.76929   0.0434953
    1.87463   -0.953073     0.27343  -0.0835698   -0.807564    -3.90512    0.914765    -3.31502    0.528004     2.63266   -0.950812    0.191755  0.00486151    -1.41395    0.842246  0.00168571    -1.61054     1.01427   -0.951869    -2.46906   -0.470026    0.476401   0.0255753    -2.96106   -0.832506    -4.09428     1.40791   -0.311732   -0.950175     1.44193
  -0.637539    -1.29661   -0.814385    0.569722    0.501652    -3.04165     2.59747     1.38738  -0.0323626    0.873169   -0.597698  -0.0214056   0.0844181   -0.273693    -1.09878    -1.06915     1.43941   0.0338064     2.05549     1.46965    -1.22961     -3.5327     2.60191   -0.972407    0.312633    -3.81635      0.8565    0.458257   0.0979907   -0.248565
   0.615964   -0.669748    -1.16931    -1.88984    0.662532     -4.0615     -2.1204     3.54613    -1.07751      2.8251     0.35085   -0.920196    0.314845  -0.0231205    0.782337   -0.753868   -0.282881    -1.75645    -2.43893   -0.693964     3.16342   -0.409821    0.162423     2.86691    0.988418     -2.6127     4.58374    -0.36121   -0.736844      -2.096
  0.0576465    0.376617   0.0495898   -0.894316     1.87132     1.45185    -3.30076    0.563135   -0.471582   -0.433473     1.55447   -0.580816   -0.267939   0.0517062    0.129396    -1.30391    0.331447    -1.05086   -0.590812     -1.3043    -0.66843    -3.88123    -1.33113    0.635039   -0.560199   -0.760927    -1.05257   -0.951464     -2.1621    0.357084
   -2.51872   -0.367987    0.226942  -0.0701343    -2.06063   -0.108348    -1.24481   -0.154125    0.113086   -0.499139    -1.50754     -0.7239    -1.89354   -0.282868     2.29691   -0.389306    0.101657      1.7992     2.62292    0.186386   0.0161936    -5.04755    -1.13465   -0.806399    0.984548   -0.743239    0.222482   -0.386234    -1.07009   -0.160798
   -3.22815    0.431989    0.608308     1.36098    -0.77199    0.500663     1.95366    0.625893    0.192341    -1.55257   -0.900948      1.2968    -1.76217  -0.0298804    -0.91586     1.31718     1.41772     1.56293    -5.95132     0.44265   -0.705945  -0.0180434   -0.689407    0.358381    -0.97967   -0.715232    -0.78869   -0.812788     1.12786    -1.11193
   -1.11681   -0.162857   -0.612425     1.56824    -2.01128     -1.8496      0.4131    0.671775    -1.99391   0.0716315     -1.0584    -1.32231     2.79851     1.37215      1.7616    -1.51641    0.426791     1.63267     2.01134    -2.12509  -0.0575742     1.65158    -2.23786     1.29452   -0.147992    -1.66222    0.543434    -3.56421    -3.53015   -0.182741
   -1.89497     1.45291    0.934231    -1.16414    -1.16696     -1.1097    -3.02015    -1.81208    0.619312   -0.554185   -0.086615   -0.256421    -1.90103     1.00616     3.61717     2.35825     2.24216    0.195469   -0.390332   -0.188014    0.363284     3.76072    -2.47913    -0.16981     1.25782    0.162953    -2.76035     1.44625    -1.63432   -0.407195
  -0.277407    0.388307   -0.826954     -3.9622      2.6286     1.08831     1.83118   -0.155284     2.25647     1.77916    -2.13984    -1.89684     1.91467    -1.60253     1.42256    -0.84715     0.16937     1.61576     1.06257     2.57812     1.48008    -1.27824    -2.66399    0.268781    -4.95698   -0.889491     2.03922     2.33986   -0.143275     -0.9547
    1.26958   -0.588866    -0.98631    -1.72337    -1.28315    0.195226   0.0847589    -1.68489   -0.846359    0.497675   -0.238387    -1.88355     2.26127    -1.13639    -1.27985    -1.08348    -2.32656    -2.66186    0.783065    -2.04908     2.05331    -0.51006  -0.0684023    -2.46165   -0.432286   -0.178604     -1.2326      1.6899  -0.0576409    -1.64905
     -1.195    0.881998    -0.69758     0.32404    -1.53399    -1.01543    -2.75007   0.0615788    -1.52953    -1.18517    0.422616    0.122744   -0.560378     1.28982    0.742062   0.0738946     0.87146   -0.596064    -1.49113    -1.21905   -0.513036    -2.62938   -0.410963   -0.936258     2.50034   -0.286701    -2.36976    -1.11108    -1.28943    0.191191
    0.77725   -0.720505    -0.50916     2.01786    -1.22017    0.156528     1.03673    -1.00799    -1.00072   -0.129426   -0.538589    0.307964   0.0397912  -0.0142133   -0.951896     -2.6813   0.0151073   -0.544369     1.40647   -0.917078     5.30314    0.302466     0.44558    -1.85536   -0.696862    -1.37658   -0.849565    0.700583    0.838459    -4.21918
    1.88902   -0.275033   -0.909062    -3.10395   -0.629348    -1.81933    -1.17511    0.225353  -0.0367513   -0.223587     -1.5406    -2.17098     5.22954   -0.998931    0.330856    -1.00889   -0.406954    -4.12826     1.22513    -1.00152   -0.541729    0.750334    -0.11511    0.686313   -0.724033    0.366411   -0.813469    0.572508   -0.790884     1.42239
   -0.62088    0.130518     1.38256     -2.6284    -1.84068    -0.65298    -2.43017  0.00669782    0.543259    -1.32354    -0.33178      0.6103    -4.53529    -2.72902    -2.03963    0.986955    -1.19088    -1.01772    -1.18712     4.57496   -0.978511     1.11773      1.0726   -0.136893    0.644174     1.37184   0.0415959      2.5155     1.26432    -1.36831
   -1.36295   -0.799117    -2.28493    0.364978    -1.65731   -0.789427   -0.347046     0.83808    -2.00204    -1.05389   -0.539569      0.3035    -1.46476     -1.4112   -0.607361    0.246602    -1.18237     1.00755     1.55401    -1.07525    -1.29198    -1.13525    0.329269    0.199529    0.555116    0.987112    -1.06139   -0.425535     1.52029    0.248456
   -2.05119    0.858114     1.40921   -0.450296    -1.13999   -0.955152  -0.0659279     1.11444     1.08179    0.580202     -1.6803     1.06767  -0.0445287   -0.951792     1.68375   -0.114733    0.565437    0.974069    -1.99256   -0.349815   -0.990312    -5.37289    -2.50903    0.734612    -0.41246    0.799682    0.538144   -0.598409    -2.22389   -0.607186
  -0.668072     -0.2257   -0.765339    0.363537    -1.65759     5.26702    -1.19322     1.16613    -1.20749    0.563067    -1.07256    -1.04645    -1.47777     2.67562  -0.0238277     -1.3794     2.11818   -0.408235   -0.338175  -0.0557383    -2.15048     1.94912   -0.130591     0.68362     -1.3706    -2.17961    0.824034    -1.20973    -2.04399   -0.602422
  0.0116886     1.25821    -5.88505    0.707998   -0.266006    -1.11091     1.18248    0.507512    -4.04276    -1.12626   -0.142885     1.68466   -0.464701    -0.10061   -0.925604    0.361326   -0.235777     2.49087  -0.0294616   0.0573933   -0.817978     1.03748    -2.33794     1.00419    -2.19429    0.420443   -0.438695    0.254419    0.235206    0.491746
   0.594705   -0.724889   -0.369972    -0.85577   -0.112824     0.46579     2.26322    0.081493  -0.0656795   -0.247639   -0.290106   -0.488496      1.1988    -2.43566    -1.16501    0.916538    -1.02527   -0.194031    -1.71665    0.361191   -0.478597    0.281356   -0.545346    0.560157   -0.706234     3.19485   -0.042246    0.502841    0.461674    0.435919
     1.1851   -0.927923    -1.27924   -0.870001   -0.557987   -0.800505   -0.464142  -0.0200407    -1.43312    0.641904   -0.180534    0.758725   -0.247155    -1.58777    -2.03364    0.307552   -0.963105    -1.21363   -0.549814     1.15746    0.970906   -0.717486    0.644022   -0.231812   -0.527165  0.00427785    0.785042    0.680258    0.464325    -1.95406
 -0.973779
  -1.41437
 -0.279277
   2.40742
 -0.256389
  -2.81685
  -1.50279
  -2.36764
 -0.907824
-0.0474151
 0.0327514
 -0.652131
 -0.273075
 -0.561728
  0.915658
  -0.60421
  -1.04179
     1.123
   2.51214
 -0.137924
 -0.519568
  0.243785
   1.34245
  -1.04586
 -0.692058
 -0.649869
   -2.6095
   1.42446
  -1.85642
 -0.226577
1
4
30 10
     1.29665      1.17738    -0.915971     -2.61584     0.063906      1.24565     -1.71627      2.55801     -1.75254     -5.04745      -5.3658    -0.213101      3.03834      1.61305     -1.25349     -1.68864      1.34926     -1.91045     -0.29333     -1.41045    -0.918055    -0.794071    -0.678227      1.34511    -0.574735      1.02163       2.9758    -0.895596     0.777261      1.56692
   -0.744898     -1.08466      -3.7873     -3.02652    -0.379242    -0.393492      4.00427     0.140826      1.98152     -1.08767    -0.613962     -1.07253     -1.18378      1.66454    -0.606971      1.50704     0.199422   -0.0824068      -1.3802      1.06186     0.851832     0.457948     0.180583       1.8657     -2.06001      1.00778     -1.86295     -9.32894     0.770756     0.252127
    0.472118     0.119736     0.391715      3.01045     -9.90012     -3.88697     -2.45542     0.306367     -1.87263      2.79543     0.897393    -0.213014     -1.01476     -1.34873      3.34996      1.36691       2.3044    -0.359056     -2.07139    0.0112557      3.33825      1.65617      2.32076      1.72699      1.46177      1.12722       3.1595     0.305658     0.751807     -1.83036
     1.11892    -0.147422      1.22324      1.77758      4.39273    -0.547077    -0.531612     0.269726      0.45564     -1.25285     0.359596     -2.09437     0.778594      -5.4587      -3.1313   -0.0422803      1.52583      3.71562     -2.47567     -0.47208     -1.79253    -0.333793      1.05552      1.53243     -1.24027     -5.16906      2.88223      1.53254   -0.0228377     -1.45654
     -5.6299      1.48921     0.797174     -1.02807     0.249793    0.0568627    0.0784338       1.2426      2.06256      1.62178    -0.573691     0.633866    -0.754515       2.4866      2.18405     -3.89606    -0.210245     0.554884    -0.386889     -2.78412     0.344936      2.52638     -8.20128   -0.0287193      1.24224     -2.29765     0.407355      1.02828     -1.26009      1.33781
     1.71912    -0.415393    -0.180786    -0.128786     0.837255      3.34789    -0.293944     0.967927      2.73806      2.41994      1.38784      1.11563     -1.49338     -1.55444    -0.420903      2.23601     0.477343     -1.68336      -1.2437     -2.75762     -1.42732     -7.38131      1.03853    -0.102471      1.01408      1.20801     0.720847     0.893645      2.45396     -2.35446
   -0.675595    -0.376752      4.00081    -0.299109    -0.544246      1.01027      1.52604      1.25237     -5.72545      1.40655     0.647359    -0.109948      0.65451    -0.736712    -0.805143      1.14127     -6.15172    -0.836246    -0.412145      3.35455    -0.188099      2.00827     0.603431     -9.12681      1.61215     0.304656    -0.403111      1.74681    -0.104177   -0.0283593
     1.42024     -0.30693    -0.985887      1.45287      3.38035     0.401254     -1.29394      0.75366      1.80791     -1.87329      3.98095      2.20873      2.09395     0.644398     0.551448     0.472878     0.793106     0.431758    -0.305339      3.25203      2.82902     0.861437       1.3301     0.482181     -2.13371     0.661439     -7.33291      1.34039     -1.70377     0.554108
     1.12751      0.34866    -0.692372     0.172471      1.77934    -0.694414      1.27692     -7.64129   -0.0569604     0.203935   -0.0345802    -0.939352      -1.7993      3.08235     0.543016     -0.42326    -0.190348    -0.147546      7.88799    -0.507257     -2.80919      0.75588      1.12919      1.22868     0.760737      2.48146    -0.452119      3.04813      -1.4686      1.84928
    0.095343     0.483211     0.193949     0.116917    -0.192327   -0.0362891     0.174624    0.0406953     0.132268   -0.0729543    -0.045507    0.0321887   -0.0577965     0.108118    0.0181641    0.0595662    0.0241006 -0.000758936    0.0994828     0.206809     0.187242    -0.103994    -0.037949    -0.169817     0.170513     -0.19646    -0.180566    -0.181192    -0.036617     0.241925
  1.38508
  3.08908
-0.166349
-0.386368
  3.00178
-0.378881
  2.08282
 -3.17835
 -6.12702
-0.251308
