3 16 0.5 700
1
1
9 30
    1.29479    0.406201    -3.51633    -1.57736     1.61466   -0.719502    0.151186    0.504277     2.18279
  -0.926532     1.30552   -0.889188     1.42295   -0.296157   -0.607716   -0.413034    0.643688    0.490002
-0.00103425    -5.22929    0.732834    0.512593     0.27786     1.25891    0.691764    0.655466    0.398131
   0.638369    0.393111   0.0131053   -0.759214    -1.34314     1.91778    -2.12638    0.421592     3.40318
  -0.412089      0.7245     5.37577   -0.357404    -0.65174   -0.574296   -0.326355   -0.204903    -1.06391
   -0.39286   0.0599887   -0.639392   -0.432068     -1.8444   -0.200263   -0.711208     6.29376   -0.123257
   -0.38597  -0.0143494    -0.86174   -0.944257   -0.998694     4.72831  -0.0826404  -0.0292067    -1.17073
   -5.12771   -0.559296    0.643224   -0.864712    0.497226    0.474395    0.471817    0.215132    0.422656
 -0.0727721    -3.49197     0.30499    0.735568    0.259659   -0.383724    0.260172    0.493174    -1.25269
    2.79686   -0.853695   -0.397284   -0.242497    -0.41636   -0.678401   -0.411962     3.21278    -1.40273
  -0.172107   -0.499244     3.08046   -0.764627    -0.49641   -0.656555   -0.204133   -0.305017    0.884233
  -0.261555     2.09898    -1.28064   -0.565111    -1.86026  -0.0757036    0.231594     1.16531     1.75061
  -0.264017     1.10461  -0.0718275   -0.893408     2.49773     1.32873    -4.09677   0.0736863   -0.296967
  -0.470387    -0.12173    -1.82663  0.00920333    -1.16282    -0.57701     -1.8958     2.69426     2.20114
    1.03481    -1.18275   -0.202569     3.05007   -0.318121   -0.202093    -1.66427    -1.84361  -0.0983988
   0.844298    0.743701    -4.42296     1.46669   -0.927171    0.816891      1.3931   -0.264998    0.999321
   -1.57383    0.311476    0.772009   -0.302903   -0.298641   -0.571964   -0.800495     3.44406    -1.37671
    1.55668     2.38558    0.308082     1.17204    -2.55454    -1.21291    -0.92413   -0.620409     -1.8294
   -1.26623    -1.03066    -1.03023     -1.3532     5.65545    -1.60667   -0.934114   -0.931252    -1.70736
    -1.1237    0.346747     1.19589   -0.194717    -1.84844   -0.694002     4.29876     0.67543    -1.56151
-0.00038948    0.109372   -0.157311   -0.271322   -0.420007     4.88346   -0.349313   -0.491437    0.211067
   0.721773    0.631158    0.802934    -5.53226    0.796591    0.939279    0.784077      1.0058    0.228503
   0.101066   -0.578995     1.45762     -2.6245    0.294277   0.0618281     1.19572    0.515182     2.78954
   -4.46092    0.839129   -0.309289    0.114547    0.988301    -0.37435   -0.535377    0.356745    0.700613
   -1.21697   -0.993955   -0.665677     1.21144    0.448892   0.0943063   -0.123224   -0.629367     2.92623
   0.190708     1.50463    0.275773    0.379437    0.509713    0.640184   -0.120241    -3.71055    0.815953
    5.03284    -1.20215   -0.556213   -0.959297   -0.510873     0.25861   -0.536172    0.103971   -0.588461
   -1.31721   -0.154593     -2.2118    0.673317     -0.4273  0.00761072     2.27908    0.160372    -1.13758
  -0.210737     1.42013    0.442933    -2.47712   -0.574341   -0.378454     2.51883   -0.649508    0.332475
   0.591458    0.410822   -0.311925   -0.411653     1.04122    -4.72066   -0.186378    0.423389     1.25743
 -1.10316
 -1.02118
  2.93134
 0.296183
  -2.8035
 -4.09751
  1.93782
  2.16761
  3.74563
   -2.437
 -3.09961
  0.16201
 -1.03482
 0.212125
0.0530047
 0.391834
-0.552223
    1.141
  2.72536
 -1.62152
 -3.55996
  3.23855
 -1.33052
  3.21441
 -1.81086
 -1.98351
  2.20967
-0.534798
 0.544293
  2.60132
1
1
30 30
  -0.800255   -0.451132   -0.417322    0.898213   0.0880081    -1.81543     0.01622     0.95821   -0.590874   -0.396196   0.0378407    0.357324    -1.28578    0.801666    -0.25473   -0.327039    0.811791     0.78089    -4.23839    0.266487   0.0355455   0.0476381    -1.12413    0.702191   -0.558373   -0.731522     1.10374   -0.675899   -0.925384   -0.150462
 -0.0546602  -0.0106884   -0.326494      0.1277    0.141713    0.279282   -0.361932  -0.0867084  -0.0066893   0.0331873    0.547981   -0.122035  0.00399537    -0.20208    0.109224   -0.114319   -0.180167   -0.433573    0.316394   -0.085261   -0.399631   -0.442523   -0.054316   -0.111054   -0.167847   -0.280071  0.00458925   -0.446304  0.00953832    -0.36083
  -0.565996     0.41431    -2.72078    0.452109   -0.023231   -0.461824    -0.54096   -0.149303    -2.57482   -0.533018    0.717716    0.693019   -0.318474   -0.202464    -1.18261    0.700267   -0.637788   0.0612831   -0.627593    -1.16354    0.522477   0.0153394   -0.156844   -0.309968     1.22209    0.346276    -1.63822   -0.184285    0.611967    0.328384
   0.149099   -0.170092    0.422004    -1.17257    -2.06332   -0.217354    -1.35917    -0.50113    0.380175    0.307038   -0.782552    -0.95598   -0.161028   0.0790181     0.40344    -1.74341     0.75776    -1.02204    -0.11499    0.515271   -0.515287    0.129818  0.00938667   -0.108074    0.316411     -1.2203   -0.224778   -0.166043   -0.740943    0.654703
   -2.49182    0.272947    0.688484   0.0801457     5.13214    -1.34311   -0.848613   -0.624928     0.55515     -1.9488     1.55635    0.018195   -0.140831    -0.54556    0.625739    -2.10889     1.36901   0.0478726   -0.889846    0.127965   -0.879747     1.50627   -0.084486    -0.12148   -0.879698   -0.490092    -1.35984    -2.65457   -0.658052    -1.17611
    1.83267   -0.571122    -1.28765   -0.458299    0.224608    0.167546     3.29715    0.957607   -0.994714    0.399757   -0.260638   -0.730782     0.13838 -0.00947176      -1.302     1.84613     -1.1422    -1.27488    -1.82044   -0.720753    -1.47903    -1.57259   -0.699258  -0.0658277   -0.189918    0.219411      1.0539     1.98995   0.0191069     1.49782
   0.933645    0.766357     1.94664    0.489571    0.681834     1.58336     0.28856    -1.48313    0.189489   -0.793757    0.664062     2.31575    0.449727     -0.4664    -2.03315    0.951819    -2.01327    0.648465   -0.344149   -0.801531      1.0983   -0.870554   -0.751098   -0.976078     0.50245     1.79767    -2.51728    0.342325    0.962255   -0.560863
    0.27534   -0.737834   -0.688143   -0.515425    0.627068   -0.154134       1.429    0.211914     1.13957     1.99967   -0.639002    -1.49513   -0.162223  -0.0131825  -0.0758015   -0.771639   -0.871777     1.39125     2.54642   -0.434011   -0.136269   -0.767531    -1.11649  -0.0196421    -1.99981    -2.17004     1.98562     1.69064    0.559041    -1.57636
   0.405976    0.156139   -0.118483   -0.824048   -0.994005    -1.32319     2.06394   -0.296158     -0.4754   -0.555589   0.0875243    0.745175    -3.61857   -0.757166   -0.980345     1.22762    -1.72464    -1.54666     1.55194     3.35161   -0.798362    -1.12442    0.407015    -1.09737    0.779276    -2.03518    -1.25878     1.52629   -0.133229    0.968643
    1.02114   -0.607904   -0.762028   -0.390087 -0.00619114     2.63321      1.0981    -2.60368   -0.373812    -0.66499   -0.438618    -1.66176    0.322757  -0.0546187    -0.93117    -1.06769     0.11624    0.724852     2.08566    -0.12918   -0.419714   0.0676858    0.854455    -3.48284   -0.286523   -0.108817   -0.379437    0.910965    0.739993    0.429245
    2.06797   -0.799193    0.318117    0.573672    -0.62265    -3.31884     1.17753    -2.97072    0.415143     2.39521   -0.625897   -0.324813 -0.00257756    -1.26051    0.708964    0.101701    -1.65687     0.96279    -2.02766    -1.60058   -0.668733    0.534588    0.709587    -2.34886   -0.668011    -3.15184     1.54351   -0.134544   -0.261926     1.76369
  -0.978256    -1.36623   -0.184586   -0.195746 -0.00857639    -1.40058     1.81826     1.88371    0.114335    0.983421   -0.385677   -0.362465   -0.789749    -1.08735   -0.347567   -0.873458     0.58405   -0.846025     1.85933     1.05757    -1.55218    -2.52261     1.73531    0.209559   -0.376447    -2.08346     1.56971    0.158369    0.493831    0.340166
   0.307352   -0.851309   -0.643879    -1.33266    0.593692    -3.57042    -2.29508     2.31751   -0.729352     3.46308   0.0714069   -0.668938  -0.0864882   -0.326731    0.692209      -0.943     0.46828    -1.75896    -2.05839   -0.315374     3.47376  -0.0682724   -0.287396     2.40346  -0.0888527    -1.68125     2.75474   -0.222667   -0.603631    -2.02563
  -0.340721    0.711175    0.226303   0.0607435    0.930391   -0.221145    -2.37942  -0.0917159    0.176028    -1.08675    0.834705      -0.108   -0.352416    0.343084     1.22667    -1.27005     0.21715   -0.262446    -1.02878    -1.47301   -0.588172     -3.4161    -1.69737   0.0692274    0.193134   -0.813071    -1.23706   -0.626552    -2.42284    0.284551
   -1.54661   -0.149109   -0.174359    -0.25302    -1.11259     0.43195   -0.604808     0.25933  -0.0256617   -0.769629   -0.456385   -0.291683   -0.696524   -0.331424     1.58452    0.460768    0.140062     1.57381     1.52052    -0.22319   -0.319685    -3.03773   -0.700911   -0.010828    0.756788   -0.772001   -0.146401   -0.155463    -1.37282    0.102475
   -3.42615   0.0292857    0.757139    0.156918   -0.878548    0.503959     1.18132   0.0538309    0.516747   -0.633071   -0.968188     0.34327     -0.8483    -1.36066   -0.405448     1.67764     1.09989    0.746643    -3.93883    0.882763    -1.30785     0.28076   -0.378855   -0.159166   -0.286165    0.563939   -0.702657   -0.170042    0.928769   0.0811093
   -1.61098   -0.285502   0.0900111     1.71148    -1.65116     -2.0826     -1.0328    0.511921   -0.711557  0.00447737    -1.02075   -0.474636     2.21122     1.28171     2.64913    -1.99377     1.59794     1.38323   -0.176683   -0.952841   -0.933162     1.02053    -1.41024    0.558941   -0.431214    -1.99227   -0.117587    -2.98162    -2.18573    0.426433
   -2.32214     1.35606     1.10728    -0.81712   -0.785995    -1.29922    -1.92193    -1.00985     1.24649   -0.917771   -0.257288     1.29965     -2.1147     1.54573     2.47703     1.61722     1.51845    0.659938   -0.311607   -0.716816     0.46222      1.8826    -1.86027   -0.181809    0.861069   -0.224518    -2.05764   -0.164952  -0.0207671   -0.779419
  0.0325871   -0.124227   -0.555837    -3.41558     2.34614     1.29949     1.69184    0.886446     1.06122     2.24564    -1.61522    -1.90572      0.5264    -2.06362    0.626456    -0.17256    0.220862     2.87704     2.48283      1.6767    0.897326   -0.708019    -2.33362    0.598463    -3.82704    -1.38369      1.5414     1.88627   0.0180337    -1.34036
    1.15593   -0.412087     -1.1817     -1.3595    -1.09117 -0.00559379    0.130066    -1.36001    -0.89454    0.114751   -0.194914    -1.47672     2.30066   -0.939807    -1.30206    -1.14351    -2.30987    -1.80239    0.742101    -2.50141     1.98105   -0.559178   -0.397242    -1.81528    -0.43256   -0.512899    -1.00051     1.31977  -0.0302741    -1.45385
  -0.880626     0.47187    -0.51004    0.611898   -0.585936   -0.760981    -1.94833   0.0638661     -1.2029    -1.26382    0.576059    0.311711   -0.537223    0.702777    0.659247    0.166529    0.585585    -0.51149     -1.1834   -0.752386   -0.468636    -1.78467   -0.383402   -0.702599     1.56589    0.143157    -1.75793    -1.22518    -1.33378   0.0903684
   0.327483   -0.119465    0.410399     1.52242    -1.29254  -0.0388608      1.3905    -1.67534  -0.0546859   -0.077761   -0.387511    0.254458     1.30192    0.366009   -0.228046    -2.45256   -0.317911   -0.561993     1.16272    0.253606     3.63682    0.187444    0.150512    -2.19098   -0.306249    -1.45948   -0.932681     1.21535    0.800996    -3.03491
    1.34504   -0.239118   -0.363587    -2.20111  -0.0989686    -2.35584    -1.08351   -0.248313    0.367131    0.398506   -0.371987    -1.44018     2.81216   -0.740255  -0.0303509    -0.83835    0.418476    -2.22498    0.625872   -0.938887    0.250737    0.649668   -0.227331   -0.240964   0.0105684   -0.895488     -1.2654    0.577192   -0.191318    0.319216
  -0.515034    0.591288     1.52192    -3.06662    -1.35879   -0.366257    -1.94418   -0.511605    0.758538     -1.1698   -0.211125    0.961255    -4.50842    -1.99285    -1.75295     1.58438    -1.39488   -0.949142    0.241537     2.92826  -0.0695391     1.42417    0.542643   -0.647604    0.409837      1.1713    0.222247     1.54602     0.58488    -1.82245
   -1.25704   -0.368898    -1.68622   -0.410758   -0.216644   -0.351001   -0.744823    0.148708    -1.53624   -0.722745  -0.0361858    0.545436   -0.644063    -0.98105    -0.14161     1.19937   -0.121277     1.23709     1.10676    0.025915   -0.488702    -0.89816   -0.248086   0.0810245  -0.0727541    0.132531   -0.682371   -0.690639    0.194338  -0.0888062
   -1.74907    0.268371     1.32697   -0.277438    -1.20332  -0.0795576     0.16227    0.486692    0.866413   -0.313901   -0.957325     1.51104   -0.791469   -0.865522     1.30118     1.09868    0.238316     1.05737    -1.76868    0.288121   -0.686915    -3.80653    -1.84349     0.54839    0.115221      1.3636   -0.240184   -0.139229    -1.86583   -0.299071
  -0.782524  -0.0368981   -0.728521   -0.531318   -0.891097     4.26418    -1.05357    0.505332   -0.853315     1.24587    -1.24805    -1.25641    0.744041     2.08719   -0.765977     -1.5447     2.41241    -0.61422    -1.24278   -0.216491    -1.76611     1.11519   -0.233806     0.19861   -0.943887     -1.6431       0.271    -1.23877   -0.336988  -0.0656345
  -0.245499     1.22232    -4.67725  -0.0454502     0.34396   -0.697697    0.522908    0.901763    -3.43548   -0.392236    0.124743    0.668397   -0.579586   -0.309089   -0.926687    0.525507    0.403022     1.75451  -0.0998124    0.774333     -0.1418  -0.0880396   -0.570746    0.879098     -1.3044  -0.0278631   -0.398254   -0.476896    0.199067    0.304367
   0.539228   -0.285605  -0.0780184    -0.48418  0.00128497   0.0352673     0.49976   0.0522641    0.298935   -0.136193    0.224323   -0.104235    0.825152   -0.847903   -0.490789    0.338901  -0.0148482   -0.282193   -0.493316   -0.110172   -0.169297    0.239725    0.139461    0.068437   -0.269966    0.842436   0.0447305    0.297156    0.289733     0.19214
    1.09471   -0.495926   -0.292818    -0.11117   -0.260481    -1.30008   0.0909601   -0.100638   -0.398239    0.366758  0.00471411     0.71937   -0.386059   -0.969754    -1.18312    0.646638   -0.962769   -0.900869   -0.461307     0.21368    0.570056   -0.545441    0.577457   -0.222999   -0.648356   -0.607214    0.403142    0.226391    0.256513    -1.14296
-0.805414
 -1.24344
-0.320242
  1.82644
 0.193729
 -1.74633
 -1.02214
 -1.80077
-0.333754
 -1.02033
 0.156417
 -1.04361
  0.47587
 0.120145
  1.11002
-0.603793
-0.384188
  1.68119
  1.55216
-0.126537
-0.341689
 0.352788
  1.20186
-0.510391
-0.333008
-0.309531
 -1.48518
  1.50472
  -1.6377
 0.249318
1
4
30 10
    2.70899      0.3275   -0.899898    -1.01543   -0.983934       1.988    -1.01367     2.18454    -1.04458    -4.53886    -5.35638    0.976613     3.60554    0.325119   -0.343218   -0.456944     1.08045    -3.32673    0.183651    -1.42752   -0.541711    -1.98604   -0.776645     2.05283    -1.12826    0.822117     2.29448    0.495909    0.498942     1.42078
  -0.836371   -0.203629    -3.39276    -1.59489    0.973145   -0.245175     4.17418   -0.759529   -0.299688  -0.0288724   -0.559709    -1.77902    -1.79755     1.09376   -0.945326    0.974725     -1.3805    0.458983    -1.25432    0.978843     1.14605    0.450189   -0.151621     2.27314    -1.98742    0.838507    -2.08982    -7.02604    0.663678    0.498149
  -0.546676  -0.0873369     1.00784     2.46172    -8.28392    -3.33805    -2.35577    -1.05986    -2.12733     2.30786    0.589231    0.631631    0.582521   -0.831797     2.15876     2.38605     2.34025    0.578293    -1.43011    0.168892     1.78889     2.01646     1.06115     1.37261     2.09525     1.54494      2.2895    0.283568   -0.273233   -0.945868
 -0.0280507    0.155258    0.926912    0.959655     3.96459    -1.11083   -0.584042   -0.440995    0.427553     -1.0669    0.777428    -3.23126    0.957441    -4.56895    -3.17033    -0.26004     1.12782     3.29489    -2.22233     -0.4557    -1.61936    0.135559     1.08596     2.05175   -0.678944    -4.67833     2.57282     1.47353   -0.228582    -1.17601
   -3.26148    0.585321    0.135284    -1.13814      1.1927   -0.629618   0.0161914     2.41914      2.6432      2.1125    -1.41512     1.13946    -2.50251    0.929728     2.21574    -3.73858     1.03455    0.787055    -0.54956    -2.66845    0.195633      2.3478     -4.7063   -0.983786    0.786758    -2.19544  -0.0805281    0.700685    -1.10617      -0.293
   0.188681    0.112194  -0.0873125    -0.72925    0.816149     3.55037   0.0330951    0.227137     3.35999     1.92432     1.61293     1.33046     -3.5143   -0.847151   -0.298106     2.27988    0.373253    -2.17773   -0.876584    -2.71103   -0.769078    -5.28172    0.374909     -2.0197   -0.227333     1.94741      1.3476     1.15347    0.925264   -0.652373
   -1.01513   -0.124631     2.64508   -0.545498   -0.424353     1.14651     1.01051     1.08669    -5.01308     1.59432    0.632028    0.739088    0.894759    -1.22952     -0.6826    0.722291    -5.96437    0.323517   -0.319368     3.27327   -0.252537     1.71159    0.125068    -6.50481     1.16233     1.07954   -0.530154  -0.0474148    0.407854   -0.184195
     1.7308   0.0130574   -0.339106    0.355677     2.09474 -0.00612461    -1.86184    0.440222    0.965458    -2.08344       4.306     1.60011      3.3718     1.61481    0.844603   -0.179462     1.89881    0.386578    -1.78134     3.24087     2.38664    0.331869      1.5773    0.365694   -0.216054   -0.150089    -5.87779    0.942475   -0.534073     1.03725
    1.16335   0.0262059   -0.145288    0.561387    0.530835   -0.814875      1.1758    -4.24717     0.72646    -1.03469   0.0985203    -2.09109    -1.27813     3.90619    0.631026    -1.05403   -0.413306   -0.641846     7.56911   -0.650857    -2.10533   0.0313956    0.188691    0.315304    0.275955     1.13636    0.168438     1.69461   -0.159553    0.186096
  0.0541094   -0.114978    0.271805    0.096606   0.0103172    0.203904   0.0527163    0.140527  -0.0322298    0.136377    -0.15216   0.0803041   0.0697306    0.274417   -0.135993    0.128163     0.18601    0.178266    0.114191   -0.047829    0.087809   -0.211726  -0.0115596   -0.164975    0.230838  -0.0610732  -0.0164938   -0.223602   0.0482542    0.452533
0.0382366
   2.7828
-0.760466
-0.425647
 0.809783
 0.984661
  2.13481
 -2.62462
 -3.61806
-0.279107
