3 16 0.5 2400
1
1
9 30
    1.58411    0.772686    -4.14447   -0.845635    0.683311    0.108345    0.314912    0.128493    0.902115
   0.153483     1.20332   -0.624134     2.00103    0.619367    0.230254   -0.465827      1.1206     1.29275
   0.486418     -6.3831    0.852159     1.07642    0.575431    0.958252     1.46789    0.349353     0.89495
  -0.256268    0.679301    0.385311   -0.691652    -1.85565      1.1466    -1.71662   -0.663367       3.545
  -0.171094    0.219346     6.42603   -0.209062   -0.782125   -0.314477    0.190027   -0.725084    -1.20184
  -0.436027   -0.191885   -0.639889    -1.19348    -1.35913   -0.949795    -1.00486     7.02893   -0.636386
  -0.142567   -0.719995   -0.725762    -1.03501    -1.23848     5.85535  -0.0889242   -0.562758    -1.23434
   -6.34525   -0.621416     1.04191   -0.486786   -0.379414     0.77355    0.346571    0.260178     1.39803
   0.257887    -3.83702      0.5506    0.483579   0.0564815    -0.42905    0.530464      1.0915     -2.3435
    2.46481    -2.20709   -0.678792   -0.722857   -0.578064    0.242856   -0.655937     3.21069    -1.01422
  0.0983449   -0.362524     3.89769   -0.418663    -1.09758   -0.798886    0.369964   -0.612295     1.71615
   0.488686     2.04022    -1.64201   -0.619577    -1.15469   -0.364491    0.178875     1.01538     2.40514
   0.352278   0.0399971     -0.4496    -1.18674     3.61552  -0.0173068    -2.34064   -0.328178    0.257521
  -0.590882    -1.77917    -2.37855   -0.594713    -1.26084     -1.7349    -2.32548     2.29886     3.09741
    1.25012    -1.55178    0.452469     4.04052     0.29406   -0.968856   -0.442882    -1.27451    0.829388
     2.2473     2.31926    -5.40561    0.968087      0.2688     1.15763     0.40598   -0.138158     0.48865
   -2.11982   -0.102709    0.541836     1.46147   -0.271231     0.26593   -0.383269     2.77478    -1.64075
    1.92467     2.34207   0.0164511    0.537348    -3.42456    -1.36017    -1.34348   -0.690358    -2.17996
   -1.63555    -1.24174    -1.08454    -1.55414     6.18782    -1.65404    -1.68104    -1.19107    -1.67025
   -1.07455   -0.264467     1.24849   -0.482605   -0.862719    -1.41519     6.37202    0.180249   -0.408349
   0.274703    0.268701   -0.155352    0.439255   -0.703985     5.80469   -0.677782    -1.00248   -0.406145
   0.927349     1.32124     1.13833    -7.07664    0.655191     1.53963    0.734819     1.53566      1.7404
  -0.305655    -1.18212     0.40507    -2.76812    0.342687    -1.35035    0.940856     0.32443     3.11179
   -5.76402     1.64148    0.259904  -0.0876301     1.14985    0.152942   -0.721207    0.958838     0.37519
  -0.301234    -2.68507    -0.75479      1.1721 -0.00560098   0.0280351    0.199874   -0.697206     3.92996
 -0.0432308     1.67046    0.827651    0.887251    0.392764    0.769261    0.505266    -5.23791    0.712233
    6.78481    -1.06229   -0.835803   -0.545646   -0.469214   -0.660466   -0.328073     0.46902   -0.146681
   -1.94084   -0.935026    -3.08887     1.47136   -0.229289    0.245221     2.44576   -0.405251   -0.958981
   0.138314    0.828153    0.761901     -2.3974   -0.541342   -0.180105     3.70073    -1.10198   -0.756828
   0.794203    0.434439    0.286354   -0.748461     1.42587    -5.36763     0.78825    0.662959      1.6337
  -1.85456
 -0.942699
   3.37173
   0.94284
  -2.95078
  -4.40067
   2.41295
   2.90519
   4.82173
  -2.39842
  -4.16265
 -0.167806
  -2.21058
 -0.517316
   1.24075
   -1.4333
 -0.778378
  0.994841
   2.40036
 -0.744582
  -3.76224
   3.97138
 -0.824287
   4.04585
  -1.31031
  -2.46799
   2.88496
-0.0314675
  0.156879
   1.47957
1
1
30 30
   -0.359872    -0.559586    -0.192876      1.18197     0.227147     -1.16045     0.301721      1.18367    -0.527039     0.375964     0.163106     0.692456     -2.25596     0.645418    -0.324724    -0.458081     0.541932      1.15157     -5.89777     0.956738      0.57005   -0.0698111    -0.595915     0.793702    -0.527546      -1.2388      1.75089    -0.258705    -0.553521    -0.786181
   -0.608647   -0.0595993    -0.153918     0.194305     0.426691     0.986553    -0.543826     0.130766    -0.291613     0.734241     0.797818    -0.450329    -0.446584     0.154861     0.441569    -0.461345    -0.138045    -0.682649     0.554471    -0.455894    -0.566306    -0.877282     0.027308   -0.0350661    0.0986095    -0.231755      0.24056    -0.972092    -0.454531     -0.39351
    0.470167     0.931111      -2.9079      0.39306     0.100149    -0.584271     -1.40824    -0.494901     -2.85518    -0.417588     0.841128     0.798947    -0.398024     0.185378     -1.14752     0.629335    -0.500716    -0.491997     -1.35803     -1.34062     0.846553    -0.294265    -0.311842    -0.708021      1.87085    0.0480463     -2.25071     0.254126      1.03809    0.0738301
    -1.62726    -0.622657     0.631726     0.265423     -3.64421    -0.723751     -1.91776     -1.16906     0.546393     0.532649      -1.0595     -1.35276    -0.431116      1.18778      1.43454     -3.79323     0.573031    -0.812363    -0.238108     0.168033    -0.680027        1.249    0.0842801     -1.28645     0.926975     -1.65664    -0.924007     -0.50512    -0.645324   -0.0178679
    -2.97042     0.734374      1.52503    -0.267549      6.07399        -1.13    -0.319025      -1.3494      0.22144     -1.56774      1.12412    -0.100055    -0.455788    -0.500247      1.31212     -2.39282       2.2433    -0.996406    -0.664766     0.465573     -1.22961      1.78274    -0.258446    -0.652626    -0.538293     -1.20416     -2.80954     -3.24446       -0.532     -1.10051
      2.6003    -0.922453     -1.40612    -0.376113      1.74639      1.04044      3.79718     0.737241     -1.76436     0.608944     0.243061      -1.3213    -0.484578     0.530061     -1.08335      3.24271    -0.928844     -1.72031     -1.51539      -0.5836     -3.03352     -1.86937    -0.728119    0.0430797     0.364235     -1.36541      1.85497        2.055    -0.621109      1.81368
     1.70542      1.40416      4.03893     0.573928    -0.117362     0.934069    -0.512345    -0.576872    0.0416961     -1.59457   -0.0324482      3.46369     0.639531     -1.32642     -2.56478      1.12488     -1.82328      1.28713     -1.13253     -2.25724      1.19481     -1.64759    -0.562834     0.253717     0.171877      2.10915     -4.48119     0.289091      1.23291  -0.00573663
  -0.0273441    -0.988184     -2.30035     -3.67648      1.41329      0.42544      2.01638      0.73981      2.24484      1.63671     -2.21007     -2.59064    -0.738308     -2.04689    -0.376973    -0.483394    -0.164749      2.72682       2.3753    -0.148103    -0.325579     -1.18277     -3.06049     0.420655     -3.64977     -2.67067      2.52933      1.51016       1.2014     -1.20865
     0.32512    -0.321541    -0.291621     -1.01987     -1.45882     -1.03119        2.724     -1.77727     -2.08176      -0.3269     0.334286     0.110227     -3.55669     -2.34852     -1.12345      1.37199      -1.4341     -1.96574      1.19932      3.91188     -1.39653    -0.893268    -0.441184      -1.9182     0.432548     -1.17968     -2.71037      1.69873     -0.87765      1.31919
    0.330498    -0.582264   -0.0816616     0.498667     0.265301       3.2315      2.14795     -2.15292     0.120639     -1.63465    -0.827267     -1.23573    -0.259285    -0.138309    -0.459079     -1.23494     0.749498       0.1419      1.92129    -0.708901   -0.0937678    -0.969456     0.448083     -3.68019      1.09837      1.05328     -2.52351     0.781316       1.6567     -0.17565
     1.97638    -0.931533     0.293929    0.0309745     -0.69044     -3.78345      0.91861     -3.31047     0.579411      2.71086    -0.905019     0.289216    -0.074969      -1.3883       0.9025     0.129089     -1.54308      1.11601      -1.1518     -2.42339    -0.481188     0.539667     0.129441     -2.95234    -0.780011     -4.07611      1.47142    -0.166808    -0.879948      1.54359
   -0.713526     -1.09549    -0.700548     0.238444     0.821592     -2.89545      2.26166      1.51085   -0.0575451     0.791488    -0.755305   -0.0402427     0.226072    -0.519197    -0.728176     -1.13897      1.60097     -0.12542       2.2181      1.59736     -1.25624     -3.76774      2.73367    -0.816283     0.516219     -3.66854     0.614957     0.176526     -0.19579  -0.00467345
    0.762678     -0.58328     -1.34364     -1.79634     0.598201     -4.15867     -2.36694      3.34621     -1.00882      2.75786     0.233002    -0.562621   0.00528945     0.190593     0.767814     -0.45962    -0.417099     -1.42647     -2.94804    -0.810083      3.12878    -0.406233     0.211046      2.70432     0.899884     -2.65816      4.38641    -0.343746    -0.743628     -1.77707
   0.0175602     0.420535    0.0403473    -0.884538      1.96221      1.42268     -3.16102     0.708056    -0.374903    -0.454567      1.57198    -0.615217   -0.0763076    0.0238645     0.236412     -1.32471     0.401147     -1.15051    -0.730984     -1.18356    -0.663298     -3.90433     -1.27673     0.823372    -0.484005     -0.79233     -1.00026    -0.916845     -2.13973     0.314461
    -2.46322     -0.29078     0.217612 -0.000954061      -2.1661   -0.0241716     -1.17001     0.221279    0.0876318    -0.750786     -1.51228    -0.372099     -1.97961    -0.276336      2.25386    -0.366749     0.120412      1.63048      2.33185     0.537782    0.0139531     -4.97555    -0.853457    -0.416616      1.25406    -0.613035     0.131233    -0.120268    -0.873571    -0.123021
    -3.32414     0.440201     0.602364      1.49058     -0.86084     0.401309      1.67307     0.451965    0.0841203     -1.42612    -0.911205      1.30149      -1.7483    0.0257441    -0.638561      1.25429      1.27091      1.79391     -6.01401     0.264145    -0.874036    -0.312562    -0.733272     0.228557    -0.819577    -0.498636    -0.555362    -0.997726      1.08635     -1.02339
   -0.978822    -0.230277    -0.631589      1.33114     -2.04749     -1.67233     0.239505     0.504858     -1.89833      0.24779     -1.06812     -1.28811      3.18064      1.47503      1.59627     -1.42293     0.846693      1.39747      1.77233     -2.12363     0.191928      1.66033     -2.23593      1.09549    -0.135473     -1.77997     0.371655     -3.29396     -3.65066    -0.450362
    -1.95906       1.4477      1.01736     -1.04373    -0.723313     -0.81069     -3.12962     -1.73554     0.722706    -0.369912     0.193037    -0.410919     -2.16127     0.929469      3.54616      2.26067      2.31422     0.221671    -0.423176     0.107757     0.489289      3.68719      -2.3665     -0.44843      1.25402     0.295499     -3.02168      1.32692     -1.56636    -0.487764
   -0.480827     0.329286    -0.434626     -3.73627      2.74491      1.34979       1.7193    -0.224714      2.38557      1.96834      -1.9876     -1.81917      1.50482     -1.25116      1.59595     -1.08122     0.308749      1.95224     0.953317      2.41728      1.63305     -1.30275     -2.60197     0.191712     -4.79467     -1.10821      2.31654      1.94152    -0.411037     -1.13927
     1.37178    -0.577799    -0.901317     -1.68041     -1.25521     0.233183     0.167437     -1.62706    -0.757522     0.505334     -0.23202     -1.86592      2.29647     -1.10014     -1.38646     -1.01026     -2.32536       -2.601     0.855276     -2.01826      2.17503    -0.426351    0.0466621     -2.39231    -0.417465    -0.111811     -1.15448      1.70163    0.0667932     -1.63377
    -1.18873     0.805923    -0.592518     0.354921     -1.41614     -1.02354     -2.69978     0.096251     -1.49564     -1.20329     0.478008     0.191919    -0.620634      1.24864     0.756845    0.0705257      0.85573    -0.499494     -1.56203     -1.08464    -0.511898     -2.58457    -0.397793    -0.913418      2.58046    -0.257496     -2.37256     -1.09392     -1.26206     0.184478
     0.68585    -0.643118    -0.405217      1.93671     -1.31493     0.101275      1.07986     -1.06671    -0.924119    -0.117107    -0.613717     0.255939     0.218685    -0.145961    -0.983439     -2.85989    0.0323692    -0.535512      1.46777    -0.855743      5.22095     0.297344     0.507352     -1.87274    -0.736478     -1.35695    -0.820956     0.699217     0.932233     -4.09553
     1.93634    -0.111633    -0.880247     -3.09295    -0.454753       -1.912     -1.28989     0.335153  0.000453179    -0.101742     -1.44012     -2.17681      4.98377      -0.8724     0.328687    -0.844657    -0.310822      -4.1572      1.25761    -0.930588    -0.469534     0.488255    0.0267959      0.73767    -0.613302     0.195443    -0.967328     0.571049    -0.762097      1.46537
   -0.451504     0.154527      1.25592     -3.00507     -1.70319    -0.610009     -2.33732    -0.209243     0.409903     -1.17832     -0.27391     0.525019     -4.60833     -2.72213     -2.23996      1.07656     -1.16741    -0.953887     -1.22666      4.37691    -0.818831      1.05997     0.971857    -0.292305     0.588354      1.13927     0.162632      2.36818      1.16062     -1.65991
    -1.40765    -0.700063     -2.27321     0.332153       -1.651    -0.786803    -0.598927     0.743639     -2.03977     -1.05536    -0.577682     0.212072     -1.32686     -1.41626    -0.496326     0.206599     -1.17715     0.819585      1.71293     -1.29666     -1.26792     -1.15306     0.270137     0.113767     0.515991     0.896031     -1.01167    -0.639962      1.27884     0.168449
    -2.03051     0.760637      1.30441    -0.162637     -1.21606     -1.02444     0.331374      1.12651       1.1689     0.562674     -1.68599      1.43144    -0.341863    -0.903162      1.50257    0.0731809     0.389877      1.24393     -2.41977    -0.300962    -0.892557     -4.94639     -2.52284     0.835407    -0.635923     0.772396     0.770006    -0.585166     -2.14925    -0.788419
   -0.820299    -0.571714    -0.621813     0.100973     -1.60343      5.27472     -1.01004      1.44845     -1.07326     0.411483     -1.01503     -1.13364     -1.08219      2.47325    -0.581025     -1.54915      2.21047     -0.74005    -0.500814    0.0821158     -2.22464      2.06058    -0.188653     0.999074     -1.59263     -2.21312     0.920229      -1.0104     -1.54571    -0.750629
   -0.159859      1.42303     -5.79923     0.721313    -0.332181     -1.20669      1.10751      0.59856      -4.0974      -1.2268    -0.151257       1.6613    -0.446187    0.0540765    -0.545525     0.190477    -0.287632       2.3369     0.204336   -0.0586217     -1.12192     0.947756     -2.09345      1.08424     -1.86784     0.405605    -0.434234    0.0500256   -0.0441353     0.840048
    0.501623     -0.81172     -0.52792    -0.987292     -0.13053     0.520229      2.35174    0.0616075   -0.0877046    -0.212638    -0.216299    -0.443675      1.26912     -2.61802     -1.21238     0.954265     -0.53632    -0.259302     -1.58903     0.474998    -0.766214     0.476209     -0.63338     0.601919    -0.938998      2.88856     -0.28943     0.662096     0.705238      0.47972
     1.16354    -0.942971    -0.987527    -0.774533     -0.56558    -0.843444    -0.376016    -0.010176     -1.30843      0.66697    -0.168783     0.603747    -0.320216     -1.54216     -1.96197     0.296688    -0.988926     -1.04701     -0.49189     0.995288      1.25747    -0.677016     0.515454    -0.218539    -0.464303   -0.0739279     0.921759     0.625802     0.440994     -2.12715
  -0.81101
  -1.47736
 -0.346673
   2.26339
 -0.269984
  -2.82124
  -1.47055
    -2.203
  -1.01537
 -0.265592
 0.0978676
 -0.661734
 -0.237944
 -0.457312
  0.949582
 -0.623978
 -0.995641
   1.14627
   2.48885
-0.0609988
 -0.497677
  0.288792
   1.39743
  -1.09439
 -0.785821
 -0.548531
  -2.58709
   1.40113
  -1.73047
 -0.169102
1
4
30 10
    1.61448    0.820935    -1.00244    -2.67941   -0.572941     1.70484    -1.93257     2.52934    -1.65819    -4.98054    -5.29747   -0.337449     3.10651     1.69476    -1.17563    -1.38566     1.23806    -2.33143   -0.560916    -1.42231   -0.895887   -0.899466   -0.594006     1.40989   -0.660047     1.06051     2.91214   -0.735762    0.804842     1.54589
  -0.377819    -1.00724    -3.77074    -2.78623   -0.258266   -0.322088     3.89129     0.39279      1.8427   -0.806781   -0.297107   -0.951069   -0.903418     1.60979   -0.670101     1.55857  -0.0390811  -0.0421024    -1.27195     1.20533    0.785483    0.502813    0.506041     2.03085     -2.0547    0.856237    -1.63786    -9.21933    0.684502    0.335686
   0.327494    0.111111    0.490298     3.36239    -9.86885    -3.80627    -2.59007    -0.22578    -1.81132     2.31205    0.609337   0.0230331   -0.658563    -1.31374     3.07465     1.67784     2.28893   -0.242724     -1.6517    0.057562     3.29476     1.42792     2.12824     1.73848     1.56982     1.26303     3.13786    0.321947    0.710869    -1.78664
    0.79649  -0.0225609      1.0822     1.81446     4.42176   -0.579946   -0.631219    0.168839    0.512864    -1.27974    0.368789    -2.42485    0.483995    -5.45806    -3.19372   -0.188959    0.919822     3.59833    -2.49262   -0.493866    -1.78473   -0.556903    0.722039     1.74657    -1.01748    -5.27634     2.71758     1.41463    0.235454    -1.44844
   -5.48432     1.63823    0.948478   -0.854208    0.467536   -0.616964    0.279238     1.20762     1.81691     2.03847   -0.479285    0.718028    -1.09399     2.46585     2.44035    -4.12499  -0.0327084     1.02337    -0.63434    -2.80171    0.374911     2.51608    -8.09282  -0.0983362     1.12797    -2.29746    0.466725     1.04479    -1.33924      1.1099
    1.23982  -0.0451575    -0.20429   -0.181175     1.36872     3.42879  -0.0817906     1.32335      3.1449     2.66232     1.39687    0.799945    -1.97829    -1.46854   -0.304135     1.83863    0.688646    -1.75711    -1.71193    -2.78532    -1.38092     -7.3141    0.899075   -0.320197     1.07299     1.29231     1.21914     1.30037     2.81986     -2.0422
  -0.340202   -0.286707     3.80366   -0.418949   -0.737501     1.32696     1.71823     1.30327    -5.69101     1.31195    0.757307   0.0212469    0.656797   -0.814397   -0.928808     1.49762    -6.03602     -1.0259   0.0962145     3.21353   -0.171861     1.79837    0.581143    -8.94319     1.62671   0.0815224   -0.810779     1.51068   -0.162016   -0.140048
    1.42091   -0.416541   -0.932851     1.16875     3.54569    0.422949    -1.09827    0.815755     1.63002    -2.04294     4.00151       2.146     2.03039    0.621967    0.796403    0.357219     1.26751    0.728292   -0.489805     3.29459     2.79807    0.967889     1.44558    0.286718    -2.11082    0.785523    -7.20252     1.21037    -2.07395    0.420331
   0.907237   0.0117635   -0.563647   -0.110514     1.51358    -1.01834     1.03966    -7.66502   -0.148789  -0.0283307    -0.37484   -0.678901    -1.32369     3.05472    0.371657   -0.556468   -0.198138   -0.267496     8.03632   -0.519598    -2.79095     1.31442     1.18322     1.07227    0.527831     2.58007   -0.707592     2.82316      -1.486       1.896
 0.00287832    0.468729    0.322129    0.136405  -0.0865118   0.0917047    0.212857    0.132822    0.185429  -0.0388296   -0.153851   0.0772473 0.000580713    0.181158   -0.206437     0.06515    0.167757    0.027835    0.187101     0.20427    0.108082   -0.330706  -0.0985821   -0.145873    0.262385  -0.0344152   -0.157602   -0.129648   0.0568614     0.49386
  1.19585
  3.06865
 0.126447
-0.717749
  2.78753
-0.586548
  2.54728
 -3.22187
  -5.8778
-0.199369
