3 16 0.5 2200
1
1
9 30
    1.48765    0.730735    -4.12333    -1.02394    0.471898   0.0159858    0.613558   0.0697856    0.654117
   -0.20139     1.16455   -0.819416     2.19878    0.630331    0.197045   -0.164086     1.00445     1.03259
   0.328802     -6.1838    0.748847     1.23978    0.656028    0.995317     1.38695    0.356514     1.14337
  0.0360402    0.607533    0.496509   -0.658179    -2.20152     1.48345    -1.98134   -0.610608     3.44204
  0.0283847    0.145709     6.44102   -0.354298   -0.541947   -0.235203    0.115962   -0.801681   -0.960552
  -0.374962   -0.284365   -0.362581   -0.879052    -1.40714    -1.25919    -1.34773     6.93644   -0.409074
-0.00212691   -0.361538   -0.915634    -1.19219   -0.792157     5.70012    0.107674    -1.31416    -1.09004
   -6.22135   -0.303647    0.852726   -0.788306    0.026152    0.860858    0.143981    0.295322     1.13839
   0.232191    -3.82054     0.49529    0.616201  -0.0773436   -0.746569    0.790579    0.942089     -2.0367
    2.31673    -2.50984   -0.163975   -0.208745   -0.738745   -0.150958   -0.892372     3.15152   -0.856905
   0.340028   -0.756198     4.07965   -0.414227   -0.810352   -0.953173    0.308268   -0.590236     1.39505
 -0.0572009     1.85011    -1.58494   -0.433996    -1.29953   -0.257331    0.378662     1.19879     2.08072
   0.269276    0.388035   -0.350158    -1.32094     3.29623     0.17577    -2.46294  -0.0565869   0.0772601
  -0.253966    -1.75371    -2.22461   -0.428008    -1.36101    -1.64954    -2.38842     2.43601     2.83568
    1.96698    -1.35632    0.508348     3.89984    0.821428   -0.927861   -0.974209      -1.625    0.813787
    2.13822     2.09333     -5.3727    0.900777    0.796202     1.17325    0.908144   -0.142165    0.504643
   -1.93883   -0.191298    0.315071     1.66152   -0.884387    0.758204   -0.535633     2.80059    -1.22803
    1.29974      2.4168    0.252444    0.462351    -3.37831    -1.50567   -0.821476   -0.566572    -2.11177
   -1.62333   -0.725007    -1.85752    -1.59291     6.09203    -1.46143    -1.31797     -1.4872    -1.49119
   -1.05255  -0.0866963     1.11303   -0.339971    -1.07988     -1.4896     6.31997 -0.00936932   -0.702358
   0.307827    0.125168   -0.331778     0.43935   -0.614756     5.84691   -0.610219   -0.896819   -0.614843
   0.759584     1.12972      1.5175    -7.03678    0.557743     1.29015    0.726627     1.43035     1.66779
    -0.2933    -1.04439    0.231768    -3.07899    0.417909    -1.13955     1.19318    0.601877     3.09481
   -5.78219     1.32919    0.336694   0.0887324     1.31213   0.0508115   -0.715259      1.0911    0.358023
  -0.387913      -2.493   -0.515189     1.19568    0.250006    0.484957  0.00990375    -1.16066     3.74569
   0.132728     1.75569    0.693725     1.12334    0.662474     0.76501    0.458511    -4.84448   0.0478761
    6.73758   -0.828718    -1.13615   -0.788522   -0.146692   -0.521023   -0.317941    0.181338   -0.398906
   -2.02674    -1.04473    -2.91034      1.5408    -0.48299   0.0104713     2.58217   -0.241964   -0.946986
  -0.543541    0.839749    0.586681    -2.37742   -0.706407   -0.384751     3.36173    -1.38415   -0.748561
   0.652302    0.742149    0.499642   -0.704677     1.46177    -5.33533    0.760137    0.690189     1.48802
 -1.65533
 -1.20217
  3.35166
  1.02657
 -3.08436
 -4.35891
  1.79147
   2.9967
  4.72524
  -2.7766
  -3.9015
 -0.10802
 -2.23126
-0.451386
 0.790607
 -1.21961
-0.402674
  1.22125
  2.84515
 -0.93103
 -3.65839
  3.73683
-0.705774
  3.73069
 -1.31439
 -2.59216
  2.73473
-0.037637
 0.574455
  1.47175
1
1
30 30
   -0.690674    -0.411832    -0.245722      1.12574     0.231836     -1.16852     0.188026      1.24379    -0.574166     0.209725     0.211097     0.561006     -2.20016     0.785231    0.0366833    -0.662688     0.606251      1.04922     -5.68894     0.535343     0.239878    0.0164769    -0.860357     0.926504    -0.404983      -1.2339      1.74453    -0.565594    -0.802572    -0.503366
   -0.533605   -0.0329309    -0.189064     0.229054     0.311166     0.910077    -0.660565     0.041841    -0.254443     0.717693     0.833955    -0.448139    -0.422821     0.228958     0.434646    -0.411856   -0.0903064    -0.625599     0.479454    -0.514654     -0.55484     -0.96499    0.0279783    -0.138995    0.0612034    -0.293617     0.214139    -0.936699    -0.480941    -0.328099
    0.343565     0.737942     -2.92545     0.220169  -0.00473603    -0.580172     -1.47125    -0.595449     -2.86325    -0.419339     0.771338     0.643712    -0.367421  -0.00530654     -1.33677     0.492109    -0.602228    -0.663177      -1.1102     -1.40586     0.858227    -0.274699    -0.280978    -0.811158      1.68491   -0.0132305     -2.35036     0.192459     0.981462   -0.0234437
    -1.36137    -0.299911     0.491259     0.196928     -3.38918    -0.595047     -2.13203     -1.41533     0.363857     0.567357    -0.979413        -1.07    -0.135323     0.976783      1.06771     -3.52623     0.625495     -0.66757    -0.591564     0.179719    -0.447165      1.08508  -0.00858413      -1.4144     0.862479     -1.30888     -1.09614    -0.850897    -0.745711     0.256418
    -2.91837     0.399492       1.3231    -0.482085      5.97827     -1.18217    -0.177061     -1.31306    0.0972442     -1.46371      1.14891    -0.149945    -0.163392    -0.614137      1.24565     -2.33239      1.95455     -1.23331    -0.664064     0.277632     -1.23692      1.81714    -0.348078    -0.626266    -0.666484     -1.20015     -2.52609      -3.3736    -0.741347     -1.21053
     2.37718     -1.22416     -1.14663    -0.436602      1.27856       1.1653      3.80552     0.673977     -1.67748     0.529565     0.035284     -1.38234    -0.598589     0.793374     -1.19189      3.01679     -0.95659     -1.62045     -1.16666    -0.596856     -2.75633     -1.69164     -0.80291    0.0387275    0.0724439    -0.993962       2.2263      2.11057    -0.823597      1.57835
     1.46693      1.25757      3.94586     0.426516    0.0252336      1.11461    -0.374479    -0.841434     0.161594     -1.37651   -0.0906769      3.03961     0.526402     -1.54697      -2.5718     0.922763     -1.57787      1.36815    -0.810806     -2.29712        0.976     -1.85463    -0.857939    0.0686722   -0.0664937      1.93982     -4.56532     0.087809      1.07703    -0.144526
   0.0445214     -1.08044     -2.44236     -3.51224      1.85391     0.307372      1.99827     0.727177      1.98004      1.89392      -1.9522      -2.5276    -0.541743     -1.82388    -0.389188     -0.47396    -0.425113      2.60673      2.91425    -0.151846    -0.323324    -0.943671     -2.99231     0.408763     -3.55762       -2.505      2.51509      1.47438      1.12081     -1.16003
    0.528124    -0.294461    -0.202847    -0.916536     -1.43158    -0.835644      2.75596     -1.76405     -1.89481    -0.016836     0.318447     0.334739     -3.71142     -2.03879     -1.14031       1.5484     -1.30051     -1.91433      1.21956      3.94038     -1.19707    -0.760815    -0.485077     -1.93784     0.387957     -1.44202      -2.3915       1.7458    -0.895389      1.17794
    0.134364     -0.61834    -0.143471     0.789602    0.0285939      2.98085      1.93544     -2.10268    0.0901909     -1.72101    -0.785887     -1.32232     -0.58253     -0.16714    -0.594451     -1.38561     0.780676     0.474058      1.91165     -0.71631    -0.218888    -0.755526     0.628729     -3.62612     0.857553     0.950243     -2.14635     0.807974      1.49285    -0.111729
     1.82916    -0.994547     0.262854    0.0915205    -0.978858     -3.84376     0.959693      -3.1905     0.414954      2.46379     -1.15733     0.263778    -0.394635     -1.65754     0.750867   -0.0251817     -1.62235      1.06917    -0.952595     -2.43523    -0.596464     0.618925     0.044448     -2.74045     -0.94601     -4.02429      1.30006    -0.119758    -0.805782      1.42303
   -0.931403     -1.21074    -0.622491      0.31561     0.359738     -2.79601      2.55145      1.48848    -0.152837     0.770368    -0.961754    0.0600426    -0.202598    -0.333796    -0.924892     -1.28408       1.2767    -0.305873      2.41604      1.78984     -1.26866     -3.74882      2.62431    -0.792624      0.44694     -3.58086     0.985902     0.231953    0.0173948    -0.410761
    0.723518    -0.802752      -1.3887     -1.74167     0.465614     -4.11873     -2.22576      3.44369    -0.846204      2.85842    0.0866045    -0.696409    -0.213536     0.418129     0.843461    -0.610734    -0.291319     -1.56223     -2.49594    -0.571531      3.42411    -0.479592     0.108746      2.80365      1.14947     -2.52159      4.16229    -0.109891    -0.580579     -2.37052
   0.0410898     0.596397     0.224806    -0.553115       2.0391      1.48823     -2.92925     0.270961    -0.144044    -0.374353      1.68197    -0.471638    0.0817536     0.192429     0.629977     -1.26086      0.19707      -1.0392    -0.899796     -1.39193    -0.655895     -3.78831     -1.26571     0.361869    -0.357638    -0.787081    -0.884381    -0.848408     -2.23307     0.296557
    -2.42167    -0.210953      0.12305   -0.0840705     -2.27817      0.37306     -1.20622    0.0302982     0.132604    -0.416023     -1.51737    -0.388642     -1.60155    -0.170124      2.12457    -0.362039     0.491681      2.02392      2.28669     0.379116   -0.0523946     -4.84764     -1.06269    -0.470557     0.814984    -0.989448     0.170633    -0.337358     -1.06369    -0.203548
    -3.04991     0.248735     0.524602      1.36709     -1.01711     0.330883      1.85513      0.50471   -0.0365105     -1.52638     -1.05253      1.42438     -1.67943    -0.143111     -1.03825      1.65701     0.818996       1.8081     -5.72514     0.397434    -0.777934   -0.0267128      -0.6929     0.351795    -0.707114     0.224703    -0.453552    -0.699928      1.47211    -0.954856
    -1.17151    -0.123276     -1.25814      1.14878     -1.81523     -1.46349     0.376382       0.5844     -2.01199     0.441914    -0.935199     -1.02604      2.95975      1.43166      2.12811     -1.42011      1.12348       1.4335      1.64761      -1.9004     0.241226       1.8037     -2.23126      1.10414    -0.202975     -1.73147     0.648522     -3.19856     -3.56051    -0.429927
    -1.86015      1.45317      0.86583     -1.33823    -0.720962     -1.31968     -2.52083     -1.45763     0.531804    -0.513749    0.0302566    -0.111715     -2.50827     0.334735      3.59808       2.3889      2.16741    -0.172089    -0.526274    0.0284343     0.281918      3.36407     -2.61539    -0.395115      1.38952    0.0148021     -2.97651      1.38045     -1.27071    -0.414283
   -0.325614     0.407449    -0.689267     -3.87014      2.74048      1.20176      1.52376    -0.331403      2.05439      1.89115     -1.81885     -1.80408      1.16614     -1.56238       1.5039    -0.780504     0.419143      1.85996     0.734443      2.48251      1.70179     -1.58466     -2.83729    0.0697477        -4.72     -1.02694      2.25898      2.11499    -0.518288     -1.29621
     1.42695    -0.579187    -0.821411     -1.68868     -1.22636     0.156234     0.211873     -1.63103    -0.685919     0.469038    -0.229824     -1.91338      2.26239     -1.13927     -1.39403    -0.917829     -2.32171     -2.44957     0.895126     -1.97125      2.27333    -0.398293   -0.0122192     -2.38461    -0.407596    -0.139418     -1.10726      1.69496     0.133739     -1.69356
    -1.18625     0.816717    -0.526092     0.376693      -1.2868     -1.02614     -2.61316     0.186283     -1.43155     -1.30562     0.528971     0.231246     -0.64541      1.18946     0.744333    0.0241951     0.930132    -0.503206     -1.54733    -0.959571    -0.514824     -2.51355    -0.354229    -0.820878      2.56143    -0.212407     -2.41207     -1.12809     -1.21372     0.137209
    0.446593    -0.640232    0.0248669      1.99668     -1.42407 -0.000835592     0.970147     -1.03075    -0.786373    -0.146526    -0.588372     0.146654     0.139305   -0.0827436     -0.85983      -3.1746      0.29822    -0.671485      1.44881    -0.786753      4.94438     0.215567     0.555358     -1.83978    -0.642663     -1.79574     -1.01604     0.780205     0.776131     -4.04706
       1.752    -0.167549    -0.570448     -3.06117    -0.789257     -2.02883     -1.02931     0.170679    0.0804212    -0.107954     -1.55339     -2.32993      4.88621    -0.776267     0.140359     -1.10128   -0.0922869     -3.80669      1.23303     -1.11061    -0.539287     0.775353    -0.274479     0.691202    -0.697874    0.0463295    -0.688225     0.597063    -0.764462       1.3371
   -0.563052     0.196563      1.09716     -3.26724     -1.45298    -0.632267     -2.30158   -0.0516245     0.390494     -1.25068   -0.0815396      0.52068     -4.53517     -2.73677     -2.07509     0.992112     -1.28704    -0.688293     -1.08754      4.39288     -1.06713       1.2154      1.02037   -0.0707953     0.635478      1.34228     0.406076      2.19217      1.29349     -1.33883
    -1.49997    -0.826716     -2.14283     0.531994     -1.69481    -0.789001    -0.580412     0.729155       -1.958     -1.05291     -0.63346     0.147507     -1.36047     -1.44455    -0.440907    0.0745296      -1.2348     0.855452      1.95695     -1.28492     -1.39569    -0.975345     0.426403      0.10607     0.482642      0.92398    -0.854966     -0.77768      1.27687     0.278373
      -2.082     0.729649      1.13859    -0.328662     -1.00981    -0.669968    -0.187837      1.28026      1.13162     0.573136     -1.43789      1.13939    -0.325978    -0.814552      1.52252     0.030446     0.393469     0.955028     -2.03266    -0.359338    -0.966734     -5.01696     -2.27025      1.07722    -0.516753     0.818225     0.744357    -0.708119     -2.32681     -0.54072
   -0.778834    -0.283249    -0.580357     0.192724     -1.73045      5.22078     -1.14018      1.10385     -1.01095     0.734666     -1.05258     -1.07274     -1.06432      2.68718    -0.642099     -1.58657      2.37442     -0.56032    -0.904056     -0.15506     -2.20995      1.32718    -0.383944     0.745187     -1.42711     -2.18032     0.952058      -1.0211     -1.63011    -0.788861
   -0.243776      1.28571     -5.66047     0.391853    -0.329847      -1.2132      1.13547     0.622837     -4.03551     -1.10514    -0.118118      1.58152    -0.308466    -0.058924    -0.926015     0.196906   0.00272414      2.10228    -0.183832     0.381698     -1.01117     0.778322     -2.05573       1.0385     -2.01623     0.249924    -0.404111   0.00593619     0.143713      0.73117
     0.50372    -0.935943    -0.337705    -0.910165   -0.0666826     0.426979      2.05224     0.276594    -0.132267    -0.576357    -0.131418     -0.37856      1.22908     -2.18208     -0.99102     0.874985    -0.758153    -0.507252     -1.66329     0.219758     -0.80867      0.45075    -0.644441     0.769231    -0.771383      2.82811    -0.168321      0.72374     0.617726     0.434599
     1.29516    -0.827916    -0.971259    -0.490488    -0.549694    -0.942298    -0.216689    0.0300865      -1.1423     0.537915    -0.155601     0.589793   -0.0348706     -1.52602     -1.65143     0.466715    -0.966011    -0.886522    -0.492755     0.603062      1.28883    -0.570567     0.538018    -0.120152    -0.484883    -0.195534      1.26332     0.471697     0.462123     -1.95282
 -0.847568
  -1.48094
  -0.48752
   2.13803
 -0.348241
  -2.74146
  -1.54064
  -2.11672
 -0.887876
 -0.394639
-0.0662405
 -0.827004
 -0.125677
 -0.208508
  0.973059
 -0.611018
 -0.824286
   1.08278
   2.26933
-0.0264076
 -0.478617
  0.198523
   1.40316
 -0.939544
 -0.787549
 -0.585528
  -2.49668
   1.41242
  -1.82774
-0.0202457
1
4
30 10
    1.98084    0.827299   -0.985348    -2.19353    -1.07474     1.72103    -1.79802     2.45894    -1.70517    -4.92825    -5.22902  -0.0971969      3.8388     1.50676   -0.924547    -1.34573     1.00174    -1.98358   -0.443741    -1.40912   -0.862864   -0.896332   -0.220507     1.44347   -0.708247     1.04097     2.95114   -0.351509     1.31088     1.98347
  -0.619646   -0.871665      -3.731    -2.61499     0.12485    -0.66577     3.82219    0.130334    0.735498   -0.846194   -0.431171    -1.34027    -1.08848     1.46369   -0.393837     1.64188  -0.0315862    0.278975   -0.969278     1.28386    0.535115    0.182216    0.306393     1.57384    -2.07238    0.804728    -1.59272    -8.87534    0.425279    0.315737
   0.538297    0.132238    0.543529     3.06818    -9.77236    -3.77938    -2.52089   0.0309413    -1.80448     2.37158    0.686913   -0.457469    -1.07797   -0.938704     3.28048     1.42746     2.16236   -0.686405    -2.07267   0.0866698     3.10523     1.59456     1.95283     1.90134       1.598     1.52101     3.32909    0.192807     1.15416    -1.74996
   0.826394  -0.0936936     1.21615      1.5264     4.91988   -0.271876   -0.737108    0.239829     0.89012    -1.30255    0.320743    -2.64337    0.904837    -5.49275    -3.43809 -0.00977616     1.80224     4.03981     -2.5862   -0.477501    -1.78284   -0.699629    0.753372     2.04297   -0.982168    -5.21833     2.25288     1.61755  -0.0402902    -1.61008
   -5.35524     1.62201    0.989116   -0.821151    0.682366   -0.217073    0.341982    0.991859     2.42678     1.77303   -0.347201    0.795776   -0.913674     2.49689     2.84726    -4.33777    0.266788   0.0811411   -0.726362    -2.83733    0.476389     2.80272    -7.98981   0.0276827     1.06326    -1.99123    0.626668     1.20045    -1.69897     1.11956
    1.01513  -0.0712163   -0.346749   -0.398833     1.07737     3.73432    0.455919     0.92354     3.16682     2.93317     1.03814    0.899161    -2.09634    -1.42268   -0.662992     2.08785     0.61673    -1.94188    -1.81397    -2.77813    -1.31793    -7.21036    0.806581  -0.0513463    0.959362     1.06103     1.10606     1.39061     2.37125     -1.6481
  -0.689768   -0.408594     3.64922    -0.58516    -1.01912    0.973143     1.85573     1.89224    -5.69169      1.1645     1.13478    0.177933    0.254932    -1.00389    -1.05378     0.99488    -6.46097    -1.15786 -0.00186826     3.02252   -0.233187     2.28011    0.261126    -8.71176     2.18834   0.0491167    -1.03432    0.325776   0.0178369   -0.464669
    1.38773    -0.45351   -0.893515    0.972347     3.21397   -0.158196    -1.14456    0.737552     1.58342    -2.22141     4.13096     2.62558     2.19186    0.791119    0.569752    0.373457    0.963588    0.861966   -0.360071     3.41783      3.0372    0.701193     1.30406   0.0425214    -2.03616    0.747729    -7.07817     1.23545    -2.25205     0.23106
    1.02039    0.121003   -0.590729    0.361786     1.72745   -0.796208    0.319146    -7.55521     0.03677    0.242612   -0.619063   -0.644143     -1.6942     2.99195    0.186434   -0.158426   -0.223854    0.191121     8.29335    -0.56062    -2.72821      1.0026     1.60452    0.654279   0.0723482     2.33031   -0.465875     2.93514    -1.09368     1.71359
   0.037561    0.402939    0.435713    0.193727   -0.144096  -0.0849089    0.162096   0.0301615    0.154852  -0.0338847  -0.0826537    0.105487  -0.0931587    0.207317   -0.211801   0.0607111   0.0720126   0.0696796    0.120763    0.119644    0.207579   -0.255749 -0.00644828   -0.163851    0.297167   -0.140018   -0.114934   -0.211292   0.0621717    0.418503
  1.23732
  3.07669
-0.125752
-0.776857
  1.98501
-0.269154
   2.3014
  -2.7023
 -5.40468
-0.275109
