3 16 0.5 2700
1
1
9 30
   1.79701   0.681805   -3.90289  -0.975215   0.849565  -0.256685   0.233878    0.21771   0.983139
 -0.135511    1.52576  -0.974416    1.89607    0.73522   0.169809  0.0876942    1.13598    1.26261
  0.532958   -6.66948   0.731029    1.10817   0.493996   0.931919    1.71251   0.391764    1.08032
 -0.551159  0.0828895   0.561036  -0.923432   -1.70595   0.615861   -1.03317  -0.628613    3.61046
  0.235694   0.362971    6.60379  -0.814534   -1.03429   -0.16448   0.261634  -0.437043   -1.21019
-0.0765314  -0.195468   -0.80046  -0.828537   -2.15806   -1.30143   -1.11927     7.1362  -0.880658
 -0.300976  -0.176352  -0.739296    -1.4599   -1.29863    6.11362   0.618293  -0.715292    -1.2212
  -6.44445  -0.873944   0.660847  -0.551705 -0.0286656   0.941512    0.20718   0.344787    1.68439
  0.086692    -3.8571   0.267064   0.175551  -0.350175  -0.439711   0.432005     1.7234   -2.32922
   2.70302   -2.34135   -0.33234  -0.226626  -0.796779   -0.22936   -1.02691    3.25897  -0.714614
  0.322647   -0.48341    3.76249  -0.624346   -1.44219  -0.772825   0.370718   -0.45033    1.93304
 0.0775346    2.03087   -1.63001  -0.772544   -1.16493  -0.530938   0.538964     1.2586    2.33491
  0.303956  -0.493163  -0.402492   -1.42168    4.03774   0.237625   -1.92864  -0.375046   0.269114
 -0.380267   -2.11939   -2.36649  -0.731598   -1.60032   -1.55918   -2.17892    2.32926    3.24852
   1.49269   -1.48905   0.539736    4.38575   0.264945  -0.795141    -0.4978   -1.36438   0.547347
   2.05215    2.39389   -5.41331   0.818826  0.0439736    1.37734   0.530852   0.256871  0.0329164
  -1.70032    0.03587   0.310484    1.51969  -0.307898   0.532818 -0.0410979     2.6047    -2.1255
   1.57907    2.06086   0.247865   0.108029   -3.51414   -1.71546  -0.778931  -0.662958   -2.03029
  -1.88515  -0.998815   -1.19717   -1.62219    6.09998   -1.84607   -2.21691  -0.790651   -1.51747
  -1.01447  -0.409656   0.860655  -0.501125   -1.01764   -1.20872    6.45258   0.452783  -0.590096
  0.219983   0.197981  -0.210082   0.277998    -0.7862    5.74453  -0.311384  -0.955063   -0.36342
   1.21961    1.19492    1.18916    -7.1752   0.723741    1.72013    1.47218    1.23459    1.66032
-0.0272306  -0.952089   0.182007   -2.97854  -0.111592   -1.27671    1.49964   0.097827    2.82834
  -5.93224    1.28868   0.507283   0.165377    1.34769  -0.173523  -0.922298    1.32943   0.752994
 -0.451269   -2.82133   -0.45236   0.830142  -0.168161 -0.0853219  -0.185247  -0.684882    3.98656
  0.209717    1.42746   0.744682    1.02324   0.199464    0.48306   0.581972   -5.54766   0.864394
   6.74279  -0.905767   -1.00934  -0.925933  -0.452234  -0.283699 -0.0404575   0.528657 -0.0657058
  -1.93609   -1.07171   -2.97782     1.2046 -0.0917627  0.0134632    2.78428   -0.49051   -1.27426
-0.0762614   0.537659   0.694921   -2.30833  -0.541949 -0.0914369    3.76839  -0.567498  -0.774354
  0.828501    0.78135   0.171786  -0.987662    1.40248   -5.48853    1.10986   0.622656     1.8657
 -2.11357
 -1.18015
    3.176
 0.894215
 -2.57546
 -3.84816
  2.16266
  3.04433
  5.15642
 -2.13252
 -4.16378
 0.462135
 -2.17886
-0.966876
 0.281399
 -1.85737
 -1.05603
  1.38654
  1.35891
 -1.01281
 -3.79543
  4.06039
 -1.08408
  3.98601
  -1.6481
 -2.56553
  3.32622
-0.185599
 0.833491
 0.535036
1
1
30 30
   -0.383582    -0.531019    -0.328959      1.38631     0.472286    -0.937617     0.381812      1.22754    -0.634135     0.460632     0.254457     0.756603      -2.2161     0.708844     -0.47676    -0.445034     0.610992      1.12203     -5.91726      1.21404     0.689598   -0.0461814     -0.60083     0.806248    -0.562537     -1.16639      1.66988    -0.300472    -0.514146    -0.808456
   -0.841911    -0.120542    0.0789301     0.241753     0.630353      1.18682    -0.473146     0.240927    -0.170166       1.0676     0.757825    -0.485118    -0.541847     0.239826     0.620786     -0.64048    0.0575358    -0.444651     0.655829    -0.437363    -0.579685    -0.699407    0.0222281    0.0313269  -0.00966112     -0.40834     0.517196    -0.979319    -0.503259       -0.336
    0.766602      1.13391     -2.97475     0.461373     0.172648    -0.644521     -1.21926    -0.313222     -2.77653    -0.419611     0.863995      1.05935    0.0441928    -0.110899    -0.859885     0.917791    -0.465498    -0.613629     -1.03953     -1.37319     0.827287    -0.154814    -0.432537    -0.562983      1.94343     0.355592     -2.31313     0.427796      1.25186     0.335778
     -1.6145    -0.970992     0.665224     0.284595     -3.84134    -0.606538     -1.35403     -1.79005     0.555356     0.859709     -1.36775     -1.30748   -0.0738197      1.19977      1.35149     -3.74842     0.244153    -0.973489    -0.471474      0.14523    -0.572776      1.33143   -0.0284456     -1.84879     0.884063     -1.72625     -0.94042    -0.350509    -0.515918    -0.598284
    -2.92824     0.987575      1.44664    -0.259962      5.97335      -1.5244    -0.556886     -1.44999    0.0947214     -1.86601     0.892782    0.0826126    -0.571975    -0.616104      1.52947     -2.25711      1.89316    -0.961358    -0.518357     0.387289      -1.2683      1.63674    -0.526114     -0.71135    -0.774189     -1.28986     -2.72769     -3.39328    -0.573005     -1.01021
     2.63322    -0.815379     -1.30322    -0.465542      2.13929     0.950716      3.80296     0.824286     -1.86487     0.492977     0.359855     -1.34891    -0.365284     0.654547     -1.10337      3.32638     -1.15245     -1.78887     -1.17583    -0.662095     -2.87616     -1.96452    -0.758667     0.212379     0.190186     -1.37811      2.24812      1.59045     -0.36736      2.01117
     2.07709      1.63792      4.55739     0.302893   -0.0341429     0.720508     -0.91338    -0.402858     0.303887     -1.68315     0.107982      3.51608     0.670426     -1.59457      -2.0472      1.45185     -1.81161      1.42451    -0.812838     -2.22928     0.934298     -1.77858    -0.680086      0.37614 -0.000194956      2.24636      -4.3206     0.400656      1.03583     0.489042
  -0.0486549    -0.876375     -2.19761     -3.45112      1.58912     0.478294      2.10064     0.680989       2.4832      1.63874     -2.16044     -2.41784    -0.866683     -2.20825    -0.278795    -0.409434     0.288399      3.11547      2.49518    -0.112865    -0.292497     -1.14752     -3.12813      0.38895     -3.72751     -2.71261      2.68638      1.09962      1.39398    -0.916857
    0.585311    -0.251047     0.133979     -0.81066     -1.58874      -1.0149      3.06318     -1.69479     -2.16867     -0.22339     0.292407    0.0063023     -3.72693     -2.15675    -0.796756       1.6459     -1.62897     -1.65788      1.45945      4.03028     -1.27121    -0.710033    -0.261786     -1.75041     0.666853    -0.916369     -2.50416      1.92314    -0.647833      1.35059
   0.0758006    -0.786656    -0.120641     0.747378     0.305153      3.16081      2.38785     -2.08682     0.274429     -1.68117    -0.870064     -1.29641    -0.215085     0.229564    -0.294041     -1.64649      0.60157     0.703149      1.69651    -0.765473    -0.324762     -1.00497     0.665674     -3.73588       1.4207      1.26654     -2.78071     0.983711       1.8055     0.186268
     2.10496    -0.886546     0.235386    -0.154569    -0.922059     -3.89851      1.04611     -3.30701     0.536868      2.59253    -0.996794     0.333987      0.06365     -1.39535      0.72743     0.186376     -1.62672      1.00172     -0.83588     -2.28712    -0.453635     0.583283     0.161321     -2.97398    -0.925229     -4.05938      1.49437    -0.239534    -0.860994      1.56586
   -0.726587     -1.17866    -0.677801     0.525851     0.396607     -3.08164       2.3606      1.51419   -0.0275112     0.777959    -0.574696    -0.159544     0.214983    -0.152901     -1.04622     -1.12496      1.44189     -0.11774      2.34984      1.30219     -1.17644     -3.63974      2.43784    -0.838385     0.306408     -3.98958     0.823813     0.353079    -0.193674    -0.294582
    0.568762    -0.487943     -1.24016     -1.62446     0.526513     -4.38386     -2.01621      3.92959     -1.09474       2.5205      0.22277     -0.74622      0.23634     0.116144     0.670317    -0.641284    -0.117524     -1.42331      -1.9219    -0.738789      3.33258    -0.470111   -0.0841982      3.20388     0.750149      -2.6361      4.69212    -0.409823    -0.856703     -2.13807
   0.0825565     0.402223    0.0890831    -0.888693      1.76378      1.31447     -3.33529     0.625954    -0.431316    -0.506871      1.56086    -0.587742    -0.259468     0.101431     0.192373     -1.28707     0.319717     -1.01613    -0.487295     -1.32843    -0.671372     -3.87835       -1.276     0.707296    -0.478404    -0.760208     -0.97346    -0.822491     -2.16323     0.459306
    -2.54381    -0.238106     0.345874   -0.0711952     -2.03201    0.0963259     -1.34302     0.202398      0.13292    -0.441815        -1.49    -0.666723     -1.72348   -0.0944518      2.44856    -0.365151     0.327783      1.50811      2.62207     0.235523    0.0288784     -5.17328     -1.00462    -0.525571      1.21067    -0.726947    0.0853793    -0.205493     -1.17147    -0.122767
    -3.26404      0.41077      1.19258      1.30818    -0.850999     0.578825      2.08066     0.608414     0.400876     -1.41911    -0.876142      1.20673     -1.76343   -0.0614775    -0.441257      1.28447       1.4365      1.65812     -5.90694     0.433491    -0.694248     0.239091    -0.725135     0.384227    -0.753927    -0.396527    -0.208474    -0.671021      1.29247     -1.00751
   -0.924529    -0.029501    -0.986319       1.3439     -1.98159     -1.55249      0.20058    0.0793296     -2.33695     0.569155      -1.0516     -1.50689      3.26876       1.5566      1.59073     -1.39543     0.594301      1.11869      1.81599     -2.27129  -0.00525806      1.45331     -2.23039     0.771698    0.0741029     -1.52524    0.0879311     -3.40574      -3.7063    -0.321799
    -1.73952      1.51654     0.802062     -1.13078    -0.987274     -1.21523     -2.94208     -1.86101     0.553005    -0.682131    -0.160621    -0.193965     -1.69054     0.929046      3.52673       2.6404      2.27973    0.0825497    -0.463323   -0.0689441      0.51699      3.92026     -2.53839    -0.199764      1.23291     0.288228      -3.0621      1.57898     -1.64991    -0.617446
   -0.320279     0.403398    -0.963212      -3.9092      2.54621      1.14596      1.85349     -0.10287      2.26648      1.63327     -2.19332     -1.81954      1.86936     -1.56442      1.30329    -0.996411     0.226291      1.60595      1.17456      2.56851      1.44041     -1.34509     -2.56752     0.352442     -5.08179    -0.953406      1.80509      2.36246    -0.245664    -0.946191
     1.29216    -0.596413    -0.979401     -1.76607     -1.28307     0.201706    0.0955648     -1.76701    -0.830415     0.559439    -0.239289     -1.88021      2.23861     -1.15273     -1.29879     -1.05452     -2.34525     -2.62068     0.789933     -1.97432      2.04609    -0.497199   -0.0506458     -2.54108    -0.457348    -0.187753     -1.21921      1.71224  -0.00115859     -1.62937
     -1.1787     0.833227    -0.736249      0.23454     -1.54168    -0.996673     -2.77427   -0.0241839     -1.61252     -1.15362     0.407526    0.0515314    -0.514945      1.22291     0.680079    0.0842105     0.763856    -0.652705     -1.48232     -1.31564    -0.512827     -2.63637    -0.436636      -1.0257      2.48054    -0.224898     -2.34676     -1.16828     -1.28858     0.154377
    0.693483    -0.754175    -0.480731      2.04659     -1.22323    0.0936151      1.04585     -1.00866    -0.946884   -0.0927906    -0.538764     0.260733    0.0224403    0.0198907    -0.754476     -2.77153   -0.0239824    -0.520947      1.39526    -0.920458      5.24532     0.295617     0.374232     -1.87212    -0.685468     -1.37787    -0.917038     0.675006     0.812141     -4.17192
     1.84865    -0.355184    -0.743985     -3.06322    -0.770529     -2.03981     -1.08815      0.26343    0.0386084    -0.272209     -1.55035     -2.19797          5.2    -0.859629     0.386302     -1.11024    -0.453699     -4.18548      1.24352     -1.00805    -0.592498     0.876723   -0.0914532     0.663478     -0.57824    0.0955097    -0.684642     0.544388    -0.724366      1.42123
   -0.400337     0.206809      1.14003     -2.60802     -1.93138    -0.640226     -2.66697   -0.0221268     0.307613     -1.39892    -0.333743     0.743732     -4.56493     -2.60364     -2.44223      1.15582     -1.03618     -1.09776     -1.07683      4.47682    -0.985022     0.997007      1.12843    -0.152487     0.547471      1.11805     -0.10651      2.59762      1.14822     -1.44241
    -1.41832    -0.884234     -2.25786     0.257861     -1.66965    -0.788005    -0.382165     0.747304     -2.03037     -1.05177    -0.522311     0.186012     -1.48555     -1.43479    -0.582141     0.212891     -1.23108     0.929185      1.39301       -1.119     -1.28936     -1.30236     0.242239     0.106596     0.520594     0.917125     -1.10688    -0.489212      1.43309     0.115494
    -2.02028     0.949169      1.69024    -0.278064     -1.12453    -0.849797     0.112349      1.46502      1.38207     0.746544     -1.63403      1.15131     0.174807    -0.737549      1.93669    -0.174213     0.762887      1.23686     -1.71807    -0.264774     -1.02453     -5.17479     -2.44348      1.07089    -0.179662     0.904587      0.83592    -0.502572     -2.18949     -0.45436
   -0.641985    -0.361856     -0.82319     0.108331     -1.70795      5.50047      -1.3645      0.84606     -1.31347     0.906282      -1.1536     -1.22771     -1.56716      2.49934    -0.100712     -1.39564      2.15607    -0.532243    -0.501559   -0.0199588     -2.11648      1.61905    -0.172078      0.37037      -1.3701     -2.21057     0.831065     -1.16858     -1.96701    -0.669006
  -0.0891028      1.23335     -5.88394     0.775669    -0.233347      -1.1214      1.21814     0.592782     -3.98102     -1.15015    -0.150048      1.65288     -0.46618    -0.270734    -0.835896     0.229623    -0.216557      2.59101     0.120654    0.0900286    -0.845332      1.03537     -2.38298      1.10743     -2.29413     0.481314    -0.385283     0.196052     0.300299      0.51353
    0.459374    -0.762683    -0.360633    -0.985552    0.0107371     0.593369      2.25406    -0.205836    -0.134678    -0.179769    -0.307177    -0.565949      1.25836     -2.56282     -1.15712     0.860175     -1.09915    -0.212127     -1.91222    0.0904667    -0.442763      0.31011    -0.612377     0.358432    -0.714191      3.27005     0.350557    0.0902653     0.505763      0.42437
     1.24986    -0.936275     -1.30419    -0.622243    -0.400117    -0.801228    -0.235609     0.336808     -1.25119     0.658078    -0.153222     0.956678    -0.373479     -1.66246      -2.1024     0.452296    -0.943034    -0.859781    -0.409149      1.42417      1.11136    -0.461173     0.658164     0.122237    -0.609119     0.434552      1.03196     0.926623     0.720608     -1.83476
 -0.761259
  -1.36796
 -0.067496
   2.32643
 -0.411901
  -2.87677
  -1.31278
  -2.06039
 -0.795592
-0.0111579
  0.123977
 -0.694414
 -0.186214
  -0.54317
   0.97456
 -0.402953
  -1.13338
   1.16784
   2.48071
 -0.126436
  -0.58403
  0.246579
   1.35196
  -1.21094
 -0.791375
 -0.316723
  -2.73863
   1.48575
  -1.91515
 0.0385651
1
4
30 10
   1.52874    1.17459  -0.938515   -2.61089 -0.0385355    1.61506   -1.70073    2.97517   -1.72591   -5.13889   -5.42271    0.11889    3.20885    1.69752  -0.913433   -1.64093    1.18345   -2.36449  -0.240926   -1.40077  -0.934305  -0.431748   -1.15264     1.2783  -0.538605    1.17705    2.71361  -0.449925    1.00024    1.83737
 -0.420151   -1.15204   -3.82301   -2.82731  -0.306652  -0.315233    4.12609  -0.106391    2.17545   -1.06121  -0.556177   -1.40587   -1.05753    1.62208  -0.652413    1.44682   0.156145  -0.164315   -1.72833     0.9747   0.959133   0.483012   0.621832    1.76758   -2.07482    1.07277   -1.95428   -9.49933   0.858193     0.1046
   0.86308  0.0290176   0.447708    2.91118   -9.95188   -3.76636   -2.60047   0.108637   -1.89404    2.86503    1.08051  0.0480334  -0.776999   -1.42887    3.00055     1.5064    1.85452  -0.602837   -2.11589  0.0659075    3.26964    1.71647    2.17752    1.64347    1.55908   0.933507    3.12342   0.430574    0.50926   -1.89083
  0.985723 -0.0987952    1.49472    1.59196    4.58684  -0.569696  -0.236978   0.321888   0.682367   -1.23761   0.643449   -2.06936   0.389184   -5.45335   -3.13431   0.101457    1.58336    4.11339   -2.24855  -0.466642   -1.81224  -0.167707   0.922786    1.81289   -1.15498   -5.21479    2.90523    2.05497 0.00390193   -1.21714
  -5.81353     1.7999   0.512847    -1.0381   0.170398   0.304837   0.145704    1.32691    2.09984    1.28202  -0.867757   0.324968   -1.15458     2.4171    2.09237    -3.7627  -0.491712   0.606865   -0.50068   -2.79147   0.342144    2.21916   -8.27073  0.0390126    1.23223   -2.35265    1.12291   0.944325   -1.34823    1.03871
    1.2132  -0.347439   0.090793  -0.213994   0.979173    3.33268  -0.256912    1.00845    2.54989    2.70116     1.4668   0.669379   -1.45934   -1.58794  -0.451218    1.61133   0.637029    -1.7057   -1.33796   -2.76717   -1.44111    -7.4232    1.14332 -0.0771705    1.08506    1.12715   0.855782    0.71223    2.63785   -2.42343
  -0.70918  -0.493055    3.80427  -0.472295  -0.668321   0.725208    1.35536    1.38527   -5.73204    1.39629   0.347603   0.544681    0.49908  -0.715755  -0.757182    1.43722   -6.00896  -0.813925   0.143626    3.34417  -0.163824    1.37932   0.704784   -9.15295    1.39786   0.298035  -0.752253    1.64816   0.187792 -0.0469603
   1.17365  -0.307683   -1.03491    1.71692    3.30492   0.328502   -1.40824   0.490896    1.83109   -1.76231    4.26249    2.16233    2.15045   0.925172   0.711978   0.407999     1.1545   0.808602  -0.307024    3.29609    2.81905    0.95608     1.5434   0.658577     -2.165   0.775976   -7.38098   0.882192   -2.05046    0.61382
   1.28265   0.199331  -0.703269   0.257573    1.80382   -1.11502    1.17065   -7.66062  -0.348539   0.141893  -0.269103   -1.07713   -1.47945     2.9164   0.514321  -0.433727  0.0287042  -0.194375    7.65507   -0.50665   -2.80966    1.02553    1.08833   0.953388   0.741416    2.52843  -0.538803    2.94773   -1.60423    1.87437
 0.0864473   0.318268   0.199204  0.0773897 -0.0934009 -0.0332593  0.0600873  0.0786273   0.129507 -0.0295414 -0.0939628  0.0632645  -0.053464  0.0954665   0.028322  0.0759668   0.126631 -0.0162535   0.186682   0.144886   0.236787  -0.117647 -0.0542249  -0.133111   0.201665 -0.0321859  -0.146514  -0.207825  0.0774741   0.217265
  1.37945
  2.90538
-0.314586
-0.250945
  2.86664
-0.423733
  2.60557
 -3.07506
 -6.37094
 -0.23414
