3 16 0.5 400
1
1
9 30
    1.36673   -0.245245    -2.74076   -0.885626    0.816964    -0.37776    0.178325    0.714447     1.55262
   -1.10253    0.933002   -0.686529      1.4405   -0.281279   -0.827507   -0.496349    0.542493   0.0947944
     0.1318    -4.84304    0.760862    0.340523    0.187983    0.637251    0.445452    0.742194    0.260093
   0.654888    0.221851    0.189075     -0.5619   -0.117977     1.97206    -1.56976    0.654181     2.94954
  -0.122725     1.05819     4.33353   -0.528474   -0.600433   -0.607646   -0.188807  -0.0401949    -1.26469
   -0.41201   -0.385756    -0.44712   0.0296843   -0.778102   -0.456308   -0.307135     5.52713   -0.393261
   0.345167    0.430635    -0.70052   -0.703772   -0.973917     3.68205  -0.0031506   -0.275168    -1.58803
     -4.592    0.171263    0.379162   -0.937269   0.0320166    0.185332   -0.257658    0.295452    0.340597
   0.189527    -3.41639    0.425916    0.788101    0.302466   -0.313945    0.218176    0.419598    -1.10096
    2.21706   -0.419893   -0.855106   -0.272127    -0.18452   -0.843218  0.00492077     3.07065    -1.92642
  -0.253227   -0.408573      2.6406   -0.878272    0.136088   -0.493167   -0.483551     0.07591    0.843727
  -0.964874     2.10251    -1.60243   -0.702821    -1.44728   -0.667537    0.829097     0.91554     1.20314
   -1.19118    0.583836   -0.349975   -0.420869     2.45345      1.6365    -3.81113   0.0274334   0.0876267
   -1.05787   -0.185004    -1.64735    0.278406   -0.491232   -0.880073     -1.2808     2.95127     1.76635
   0.638354    -1.22653    0.431714     2.81071   -0.143466   -0.216411    -1.64638   -0.776959   -0.758081
   0.570648    0.968366    -4.33729    0.856757   -0.327139 -0.00958898     1.68577   -0.594701    0.951519
   -1.50348   -0.173189    0.370622   -0.258415   -0.806996   -0.831097   -0.970802     3.36291   -0.914681
    2.29561     2.60842    0.229054    0.695953   -0.697856    -1.95635   -0.865199   -0.508252    -2.18321
  -0.956225   -0.583407   -0.494323    -1.14499     1.96822     -1.2266    0.843079   -0.447358    -2.28024
   -1.63662    0.377655    0.891254   -0.625288    -1.85325   -0.752111     3.91445     0.65232    -1.47603
   0.378444    0.454045   -0.726111   -0.765819   -0.311024     4.32701   -0.297484   -0.645061    0.196779
   0.446869    0.247409   0.0717107    -4.78057    0.890009    0.280734     1.06772    0.392427    0.553315
  -0.109681   -0.563546     1.67019     -2.5094    0.569633    0.471053     1.33928   0.0262588     2.34715
   -3.75819    0.680877    -0.29067   -0.112477  0.00225441   -0.432628   -0.668699   0.0645177    0.719686
   -1.26695   -0.856332   -0.574325    0.890455    0.101394   -0.370093    0.118845   0.0380922     2.16868
  -0.392791     2.11496   -0.365894   -0.285827    0.163341    0.859788   -0.099084    -3.70472    0.846294
    4.08476   -0.586176   -0.661335   -0.867951     -0.6518    0.532705   -0.282227  -0.0367426   -0.702044
   -1.11726   -0.140177    -1.74637    0.169309    0.217513    0.497133      2.3886   -0.101446    -1.11254
  -0.111193    0.823478    0.286662    -2.41399    0.322706   -0.398021     1.62877   -0.310443    0.367507
    1.04408    0.291761   -0.368022   -0.240044    0.265819    -4.28032   -0.168153    0.554978     1.16789
  -1.33974
  -1.44989
    2.6666
 0.0870609
  -2.42129
  -3.21006
    1.6581
   2.21386
   3.00121
  -1.61304
  -2.73699
-0.0491533
-0.0364327
 0.0336507
 0.0989119
   1.09763
 -0.161232
  0.870443
  0.710874
 -0.835661
  -3.36436
   3.30037
 -0.299144
   3.63969
  -1.92106
 -0.338968
   1.39424
 -0.212641
  0.878577
    2.8849
1
1
30 30
  -0.353883   -0.240431   -0.243213     1.02715   0.0581815    -1.29027   -0.214687    0.894034   -0.321222  -0.0239283    0.388128    0.105588    0.424634     1.09405     0.23558   -0.429966    0.664272    0.235763    -1.49514   -0.527986   0.0931182   -0.315441   -0.890138    0.745086   -0.175999   -0.804071    0.584101   -0.911494    -1.01279  -0.0574617
 -0.0667147 -0.00868624   -0.283102   -0.047374    0.100385    0.152197   -0.381604   -0.079641   0.0147868   0.0494023    0.506281   -0.134292   0.0833979   -0.252558   0.0629377   -0.169168   -0.145325   -0.486906    0.187468  -0.0832162   -0.427302   -0.401564   -0.066922   -0.131841   -0.164575   -0.263294  -0.0812533   -0.409709   0.0507103   -0.306227
   -0.42596    0.501303    -2.53753    0.300669 -0.00695441   -0.388437   -0.542735 -0.00841441    -2.29924   -0.572125     0.71581    0.773035   -0.477162  -0.0241434    -1.16327    0.804711   -0.329537    0.139435   -0.737982   -0.579092    0.336797    0.162545   0.0148317     -0.1808     1.02041    0.202664    -1.42772   -0.146378     0.38255    0.527684
  0.0777604  -0.0895704   0.0443672   -0.287048    -1.33034   0.0868034   -0.414664   -0.576162  -0.0388143    0.281519   -0.603984   -0.494985   0.0646481    0.223519    0.155819    -1.09617    0.430667   -0.631879   -0.108716    0.273607   -0.490989   -0.453221   -0.363516   -0.071451  -0.0506031    -1.31773  -0.0184959   -0.413193   -0.912632    0.144159
   -1.57245    0.322195    0.533828   -0.146832     4.07828    -1.38552    -1.41883    -1.03912    0.617187    -1.56932      1.0748    0.119096   -0.307411   -0.577104    0.815958    -1.48505     0.89543    0.611658    -1.16088    0.167384   -0.653156     1.70913    0.172988   -0.365928   -0.526678  -0.0674418    -1.08941    -2.46402   -0.389835    -1.09678
   0.714937   -0.599335   -0.902416  0.00100463    0.118822   -0.546572     2.70525     1.27278   -0.606759    0.346538  -0.0966599   -0.599849    0.292391  -0.0358961   -0.875906     1.09301    -1.26085    -1.00669  -0.0346398     -1.3079    -1.27676   -0.937555   -0.775198    0.294657   -0.421757  -0.0942594    0.843394     1.04948    0.245657     1.71156
   0.899548     1.09797     0.83046    0.508057    0.472102    0.978538   -0.138377    -1.14472    0.186977    -1.39747    0.289243     1.51292    0.962198   -0.167458   -0.973579    0.664704    -1.01854     1.05455     0.24342    -1.59126     1.32969   -0.963642   -0.874837   -0.823602    0.461045      1.4019    -1.59351     0.19298   0.0274468   -0.349026
   0.615103   -0.619017   0.0595819    0.382754    0.122654    0.200934     1.05896   -0.166397     1.26612     2.20115    -0.19969    -1.90528    0.858822    0.117235    0.571321    -1.09315   -0.131083    0.978323     1.13724    -0.62285   0.0269832   -0.315488   -0.796227     0.10698     -1.3787    -2.29598     1.87789     1.38262    0.293587   -0.580693
   0.705343    0.135221   -0.323729    -1.02344    -1.41678    -1.22922     1.66874    -0.26957   -0.479433   -0.377169   -0.177926    0.182818    -2.61943    -1.06269   -0.774564     1.52639    -2.03173    -1.99233     1.49019      2.4261   -0.464044    -1.36897   -0.358881    -1.00821    0.725486    -1.07041    -1.28738     1.39548  -0.0847324    0.879262
    1.00909    -0.49857   -0.249713    0.110423    0.220514     2.13643    0.762778    -2.71358 -0.00041859   -0.257736   -0.297938     -1.7895    0.709515    0.172176   -0.866982    -1.15324  -0.0199764     1.07552    0.870132   -0.321161   -0.280563   0.0150056    0.477466    -3.42133   -0.412484   -0.557361  -0.0270803    0.651675    0.408056    0.383145
    1.77444    -0.85351    0.212254    0.707717   -0.572497    -2.93334    0.876512     -2.4269    0.134934     1.82126   -0.634515    -0.56212   0.0427585    -1.60212    0.732324    -0.14753    -1.86301     1.32238     -1.1135    -1.70663    -1.03593    0.387809    0.445256    -1.86695   -0.592822    -2.60017    0.976882   -0.405549  -0.0399934     1.69835
  -0.486508    -1.50778    0.067218     0.12692     0.20014     -1.4761     1.01709     1.61539  -0.0870545     1.33128    0.229218    -0.30732   -0.402976    -1.14401   -0.339802   -0.589801   0.0324579    -1.40531    0.397511    0.767902    -1.36196     -1.2093     1.67082    0.458737   -0.314643    -1.57063     1.15619   0.0762005    0.610207    0.531788
  -0.212669   -0.685128   -0.449033    -0.79979   -0.109426    -3.10896   -0.859363     1.56695    -0.53081     3.56704   0.0736566   -0.174886    0.718287   0.0557631    0.423247    -1.07929    0.094132    -1.42447    -0.25498    -1.04951     2.50203    0.323612     -1.0007     2.09502   -0.725673    -1.94957     1.99746   -0.503506   -0.583748    -1.88039
  -0.448562    0.725636    0.013121    0.168104    0.777396   -0.160839     -1.6604   0.0120116    0.192528   -0.591395    0.437344   0.0469494    -0.06078    0.659953     1.38102    -1.22942    0.369938    0.198858   -0.966612    -1.33657   -0.524197    -3.00224    -1.61232   0.0947115   0.0368303   -0.552835    -1.10215   -0.617441    -2.37081    0.328243
  -0.991545    0.229014    -1.01781   -0.605015   -0.693797    0.269162    -1.00243    0.232888   -0.605468   -0.176767   -0.521409    0.153117    0.235147   -0.283477     1.13125    0.793031    0.460638     1.18701    0.306307   -0.700795     -0.4337    -2.45921   -0.978551    0.199214    0.719371  -0.0258645   -0.900036    -0.33559    -1.08388    0.428688
   -2.11878    0.034609    0.317914    0.271929     -1.1252   -0.959946    0.399554    0.318576  -0.0317757    -1.18462   -0.969055    0.543129   -0.937193    -1.03109   -0.235524     1.49968      0.4887  -0.0336614    -1.22364    0.316452    -1.80773   0.0296485   -0.161376    0.320411   0.0182876    0.400121   -0.226844   -0.579649    0.314596     0.62893
   -1.41803   -0.522019     1.23153    0.959489    -1.13004     -1.7488    -1.90165    0.320746    0.293014    0.616278   -0.881536   -0.632771     1.70378    0.878913     2.35653    -1.88582     1.24862     0.82801   -0.375581   -0.809227   -0.825113   0.0991522    -1.39139    0.413653   -0.498571    -2.27456    0.158809    -2.32593     -1.7502  -0.0441175
   -1.69391     1.13164    0.858152    -1.24348   -0.203516   -0.908099    -1.82598   -0.749839    0.831602    -1.39198   -0.239611     1.36751    -1.87375    0.714077     1.21074     1.32577     1.47319    0.657749  -0.0916118   -0.295003  -0.0406617    0.768806   -0.801066   0.0274217    0.595383     1.04405    -2.06844   -0.483384   0.0494684   -0.797881
   0.086983    -0.25565   -0.432265     -2.6421     2.07317    0.939406     1.74208    0.976179    0.799239     2.15577    -1.63769    -1.58406    0.402673    -2.00504    0.648478   -0.271458  -0.0121795      3.0796     2.34358    0.955726    0.744645    -1.04533    -1.80963    0.619214    -3.29913    -1.24441     1.75926     1.53339   -0.161392    -1.39329
    1.26172   -0.419879   -0.724592    -1.16955    -1.09127   -0.123456    0.201136    -1.59598   -0.490192     0.60126   -0.190456    -1.54593      1.8048   -0.808439    -1.29717    -1.00262    -2.37052    -1.46531    0.733774    -2.17453     1.96849   -0.530565   -0.481444    -1.97982   -0.445327    -1.08514   -0.383978     1.30412  -0.0618901    -1.32712
    -0.5846     0.31382   -0.426693    0.533902   -0.669491   -0.293381      -1.573   -0.164029    -1.18644     -1.0447      0.3592   0.0418622   -0.289847      0.6138    0.649059    0.391331     0.29822    -0.64849   -0.894697   -0.838612    -0.43881    -1.41064   -0.400106   -0.725586     1.29783    0.400722    -1.32718    -1.21898    -1.24159    0.136114
    1.00183   -0.132812    0.404415    0.664803    -1.16735   0.0945063      1.3184    -1.39906  -0.0643406   -0.160609   -0.348751   -0.505009     1.99744  -0.0571427   -0.218134    -2.31997   -0.242416     -1.5761    0.792219  -0.0831079     3.13387    0.300833     0.28287    -1.89724   -0.164765   -0.958772   -0.594827      1.3537    0.599886    -2.39919
   0.271875  -0.0912355    0.130225    0.128417  -0.0878124    -1.17271    0.180761   -0.195785    0.458461    0.325099    0.166897   -0.562203    0.510651   -0.269931    0.511721   -0.640389   -0.324994   -0.859935    0.251185   -0.756647    0.597012   0.0051325   -0.345728   -0.254379   0.0908677   -0.963357   -0.438948    0.188636   -0.211319   -0.436663
  -0.421921    0.650848     1.67938    -2.15919    -1.27396   -0.281851    -2.22866   -0.669488    0.730067    -1.09972   -0.108817     1.35332    -3.84403    -1.15453    -1.45803     1.25828    -1.25142   -0.930422     0.51175     2.07135     0.62791     1.60849     1.34831   -0.796828    0.762835    0.833076  -0.0254121    0.890891    0.530322    -2.15596
  -0.820085   0.0827608    -1.64681   -0.241484   0.0504426    -0.23482   -0.991861    0.268014    -1.48762   -0.651681    0.141209    0.774506   -0.412086   -0.721622  -0.0435795     1.27813   0.0139712    0.756178      0.1685    0.225113   -0.476038   -0.959763   -0.167912    0.248578    0.384466     0.44527   -0.844475   -0.762948   -0.109774   0.0219766
   -1.44102  -0.0647315     1.07198    0.178498   -0.982572   0.0129531    0.393861    0.235982    0.653904   -0.459514   -0.841121     1.51875    -1.03238    -1.19513      1.1276     1.66215    0.140628     0.70902    -1.11421    0.283319   -0.820442    -3.32072     -1.5749    0.329288    0.325383     1.14512    -0.18333   0.0907156    -1.74346   -0.279146
   -0.74515   -0.234842   -0.623865   -0.219968   -0.600358     2.63349   -0.548641    0.371509   -0.717031    0.615219    -0.89765    -1.00099    0.192111     1.75953   -0.214456    -1.17335     1.66193   0.0351436    -1.38859    0.272238    -1.71666    0.888174    -0.43634  0.00106414   -0.489387     -1.4263    0.532069   -0.971332   -0.165919    0.232794
  -0.628292     1.01817    -4.14433   -0.130643    0.321259   -0.729115    0.552278    0.755949    -3.16141   -0.307949    0.185774     0.31409    -0.59277   -0.532599   -0.941604    0.291154     0.23546     1.40216   -0.294252    0.594362  -0.0122754   -0.143733   -0.314814    0.523292    -1.01423    0.180902   -0.659327   -0.718348    0.237209    0.105649
   0.180877   -0.217611   -0.376509   -0.175484  -0.0482431  -0.0265544    0.161956  -0.0981087    0.047542   -0.120844     0.33598   0.0306255   0.0755852   -0.546692    -0.33502   0.0644707   0.0648725   -0.191592   -0.251062    0.018526   -0.176367   0.0357199  0.00517605  -0.0798729   -0.221762    0.221514   0.0220094    0.119239   -0.022943   0.0335626
   0.701297   -0.335273  -0.0352856  -0.0555899   -0.129083    -1.23762  -0.0359775   -0.441926  -0.0409043    0.506949    0.108231     0.47453    -0.22929   -0.855126   -0.802068     0.44426   -0.898555   -0.659533   -0.156011  -0.0975488    0.208061   -0.452635    0.343169   -0.448155   -0.455907   -0.579025    0.137508  -0.0893997    0.107805   -0.810362
 -0.688753
  -1.22129
 -0.281132
   1.36943
  0.458013
  -1.39127
 -0.629952
 -0.856029
-0.0389612
  -1.01178
-0.0968295
 -0.860586
  0.012795
  0.331125
   1.20764
 -0.976075
 -0.490106
    1.1504
   1.25774
-0.0834086
 -0.228254
  0.383001
  0.944354
 -0.246935
 -0.255471
  -0.41234
   -1.1362
   1.40063
  -1.86098
  0.365818
1
4
30 10
    1.64303    0.385819   -0.575692   -0.313583   -0.466832     1.26118   -0.572049     1.49358   -0.139481    -4.00745    -4.84728    0.900875      2.8555    0.396634  -0.0809391   -0.654982    0.826464    -2.95654    0.541708    -1.64213   -0.345678    -2.17045   -0.654055     1.10835   -0.705411    0.523746     2.01165    0.913069   0.0226006    0.432641
  -0.843825  -0.0834163    -2.94508    -1.36696    0.789793   -0.299693     3.50683   -0.481467   -0.644954   -0.244984   -0.155648    -1.54931    -2.15806     1.03239   0.0549309   -0.116743    -1.39914    0.219108     -1.0559    0.366085     1.25683    0.645911   -0.648435     2.01511    -1.56326    0.732946    -1.97785     -5.9994    0.219602    0.151383
  -0.701406  -0.0750668     1.21894      1.7422    -6.83879    -2.37046    -1.86562   -0.679446    -2.25376     1.55218    0.722534    0.564679    0.595532    -1.01973     2.05106     2.16744     2.95024    0.190519    -1.11992    0.175853     1.44533     2.26938   0.0896177     1.26137     2.04981     1.18941     1.77764   0.0980961   -0.359731   -0.694487
    0.70236    0.181107    0.645921    0.528977     3.54466    -1.49951   -0.631614   -0.140551   0.0967458   -0.216463    0.583951    -2.99304    0.389531    -3.80584    -3.12096   0.0631626     1.37082     3.72224    -1.80835   -0.454542    -1.51839    0.489203   0.0220047     1.38292    -0.95969    -4.50782     1.60574    0.946343   -0.100419   -0.785178
   -1.56568    0.373546    0.737605   -0.224575    0.358957   -0.454545    0.418518     1.94282     2.03737     1.68108   -0.828197    0.141415   -0.666962     1.12052     1.63268    -1.41185    0.606032   -0.249089   -0.821971    -1.66668    0.511959     1.76209   -0.497648  -0.0635306     1.05958    -1.21051    0.200792    0.827703   -0.184512   -0.293513
  -0.120111    0.113661   -0.198509   -0.607173    0.191436     3.74644   -0.715332    0.963101     3.88112     2.26571     1.02785     1.74952    -3.59614   -0.731699   -0.361375     1.27464   -0.565558    -2.18552   -0.893337    -2.78901   -0.610863    -4.85165    -1.02945    -2.43035   -0.322886     1.71116    0.916376    0.751251    0.322351   -0.325451
   -1.26608   -0.106494     1.99055   -0.308324    0.515204    0.484236    0.668949    0.296784    -4.68348     1.34488   -0.102466     1.14829    0.166877    -1.32315   -0.624283    0.908196    -4.45308     1.37371   -0.748599     3.56403   -0.238233     1.77151    0.163112    -5.34206     1.11336     1.23976   -0.844723    0.182733    0.323018   -0.177806
    1.29042    0.099125    0.107029    -0.17099     1.53761    0.175695    -1.16193   -0.134659    0.552821    -2.54363     3.82446    0.976479     3.50091     1.38137    0.524597   -0.956099     2.02971  -0.0843211    -1.55365     2.86092     1.55136   0.0680264     1.44469     0.80392  -0.0229542   -0.323689    -3.61641    0.778378   -0.115717     1.21749
   0.965496  -0.0843491    -1.13004   0.0356656    0.247852   -0.503164    0.946779    -3.40979    0.791508   -0.644989    0.459871    -1.62292   -0.767866     3.34163    0.334817   -0.599908    -1.26862   -0.347078     6.77917   -0.666305    -1.82325   -0.226829   -0.111236    0.187182    -0.56635    0.990073   0.0213948     1.17263   0.0669323     0.36587
 -0.0487676   -0.243884    0.337391    0.157854  -0.0154015   0.0569295   0.0592391   -0.141607  -0.0241083    0.110582   -0.112236  -0.0109519   0.0967343    0.272285   -0.165598    0.202779    0.193546   0.0152386    0.242626  -0.0632932 -0.00912788   0.0393894   -0.192655   -0.124359     0.18702   -0.202184   -0.124848   -0.301865  -0.0139606    0.417169
-0.594121
  2.78024
-0.474305
 0.168686
 0.175433
 0.773778
  1.70147
 -2.40101
 -2.80871
-0.197876
