3 16 0.5 2800
1
1
9 30
   1.92078   0.620886   -3.95243  -0.984895    0.99892  -0.199003   0.411953  -0.078689   0.947573
 0.0100507    1.48971  -0.767862    2.20041   0.543457   0.127311  -0.452842    1.26065    1.16358
  0.641679    -6.6635   0.651678   0.823933   0.499844    1.10035     1.5486   0.414425   0.842972
 -0.597103   0.582101    0.57043  -0.864376   -1.79251   0.759145   -1.19122  -0.494252    3.78151
  0.408566   0.285374    6.63799   -1.20206  -0.634956  -0.358181   0.479294  -0.935381  -0.820863
 -0.637602  -0.188299  -0.772982  -0.859874   -1.83316  -0.903035   -1.13777    7.22614  -0.934634
 -0.284068  -0.390636  -0.509524    -1.0858   -1.18654    6.14436  0.0496791  -0.557472   -1.14031
  -6.47556   -1.02376   0.810942  -0.719033   -0.38892   0.841097   0.338671   0.303668    1.96818
  0.273395   -3.94065   0.303107   0.285907 -0.0564525  -0.327404  0.0781493    1.62897    -2.5429
   2.64748   -2.33026  -0.481633  -0.277741  -0.773021  -0.160586  -0.864464    3.17452  -0.875632
  0.320909  -0.635033    3.74372   -0.74714   -1.27799  -0.483205   0.551654  -0.439854    1.82346
 -0.136426     1.9189   -1.43306  -0.468271   -1.47019  -0.180417  0.0541557   0.984938    2.56662
  0.494499  -0.396983  -0.196853   -1.43816    3.71027  0.0491243   -1.78531  -0.400471   0.232554
-0.0383987   -2.08855   -2.51154  -0.697897   -2.10628   -1.58831   -2.25643    2.50414    3.03074
   1.84046   -1.20973   0.374555    4.52768  -0.132062   -1.05265  -0.319907   -1.31532   0.822333
   1.92357    2.59377   -5.38807   0.925444 -0.0180323    1.53804    0.44442   0.224324   0.188608
  -1.71836   0.208753   0.448583    1.70167  -0.988555   0.298843 -0.0575234    2.39031   -1.42616
   1.59596    2.68067    -0.1495 -0.0671531   -3.31451   -1.26569  -0.763887   -0.75655   -2.50802
  -1.80871  -0.579574   -1.43197   -1.74707    6.09153   -1.45953   -1.65503    -1.4918   -1.70531
 -0.660085   -0.47774     1.1299  -0.305812  -0.798313   -1.41194     6.5494   0.422075  -0.447758
  0.256678   0.200716  -0.247236   0.420235   -0.86527    5.67517  -0.300801  -0.915704  -0.447486
  0.980279    1.70817    0.92903    -7.2202   0.606185     2.1803    1.75249   0.900077    1.64063
  0.185059   -1.10578   0.325771   -3.04317   0.171988    -1.1969     1.4415   0.072599    2.92088
  -5.96647    1.39044   0.188716   0.199954    1.31989   -0.08434  -0.946205    1.24937   0.645922
 -0.154095    -2.6715  -0.428329   0.841594  -0.132968    0.21268  -0.244341  -0.965051    4.05669
  0.448512    1.36112   0.772832   0.856325   0.394317   0.904075   0.222174   -5.62198   0.569821
   6.86544   -1.10287   -1.16729  -0.774539  -0.111027  -0.422569  0.0225605   0.510125  -0.162032
  -1.74662   -1.46405   -2.81568     1.1713   0.377333 -0.0365532    2.87613  -0.903997    -1.0942
 -0.657861   0.748998   0.563811   -2.40289  -0.123045   0.222688    4.02257  -0.706443  -0.482461
  0.465832    1.15393   0.322352  -0.790319    1.45699   -5.46891    1.01849   0.660898    2.03817
 -2.11963
-0.725174
  3.57215
  0.52538
 -2.60569
  -4.0107
  2.33221
  2.75184
  5.03027
 -2.30696
 -4.30072
0.0158113
 -2.34039
 -0.82855
 0.528912
 -1.90313
 -0.99592
  1.20143
  2.70673
-0.954122
 -3.88118
  4.10371
-0.957625
  4.13979
 -1.92702
 -2.82713
   3.1231
 -0.16369
 0.391893
  1.01125
1
1
30 30
  -0.706754   -0.522235   -0.595058     1.24847    0.455062   -0.856668    0.286055     1.09093   -0.879655    0.514679    0.229723    0.550542     -2.2341    0.732846   -0.373736   -0.726395    0.660545     1.02879    -6.13525     1.11741    0.311893   -0.262895   -0.855396    0.702855   -0.562752    -1.08469     1.50966   -0.448024   -0.727098   -0.790879
  -0.919855   -0.176586  -0.0246062    0.188053    0.795531    0.984367   -0.643971   0.0535763   -0.341131    0.945173    0.835209   -0.654452    -0.40219    0.135055    0.568376   -0.696235  -0.0887052   -0.597258    0.565118   -0.570523   -0.586319    -0.88789   0.0174329   -0.212677   0.0229016   -0.343437    0.380648    -1.15698   -0.530606   -0.422305
   0.647703     1.11964    -3.02958    0.268388     0.11451   -0.652444    -1.27018   -0.342995    -2.83743   -0.410464     0.81594    0.976851   -0.112197   -0.283001   -0.882173    0.787307    -0.50643   -0.717165    -1.06872    -1.31626     0.77033   -0.252142   -0.472483   -0.616086      1.8769    0.225221    -2.39741    0.320514     1.25697    0.247759
   -1.68045   -0.871237     0.63107    0.310521    -3.87152   -0.594439    -1.52355    -1.76379    0.606513    0.682721    -1.29677    -1.11896   -0.411414     1.24085      1.4146    -3.81478     0.32279   -0.741632   -0.634703    0.241088   -0.591301     1.37758  -0.0750419    -1.78314    0.895812    -1.88654    -1.08673   -0.216779   -0.603161   -0.430338
   -2.91309    0.888557     1.49661    -0.25998     5.93847    -1.76797   -0.402857    -1.57448   0.0554358    -1.80442     1.00301     0.19585   -0.560794   -0.648835     1.58057    -2.31308      1.7772    -1.07336   -0.249027    0.603005    -1.31855     1.91874   -0.248594    -0.78885   -0.703779    -1.31872    -2.89664    -3.28153   -0.514738   -0.917634
    2.57429   -0.911905    -1.27967   -0.281991      2.3696    0.978358     4.06159    0.881397    -1.85677    0.676349    0.535294    -1.28304   -0.526757    0.765293    -1.06464      3.3154    -1.14562    -1.61571    -1.30302   -0.533191    -2.90255    -1.98051   -0.594443    0.200116    0.284235    -1.44043     2.18428     1.71942   -0.304582      1.8816
    1.97592     1.47286     4.59076    0.531953   -0.137693     1.00129   -0.438854   -0.513254    0.177774    -1.45586    -0.17304     3.45223    0.410673     -1.7589    -2.34894     1.53491    -1.53535     1.52694   -0.784345    -2.31062    0.965526    -1.44507   -0.805749    0.252662   -0.397525     2.55763    -4.84382    0.610286     1.20821    0.203827
  -0.201004    -1.00651    -2.09702    -3.89596     1.45031    0.459989     1.97691    0.777647     2.60543     1.49116    -2.33085    -2.60769   -0.829859    -2.31206   -0.162801    -0.51527    0.324732     2.83715     2.56853    0.108043   -0.155068    -1.40547    -3.05945    0.398761    -3.83073     -2.6898      2.4759     1.16113     1.53698   -0.926859
   0.472835   -0.388311   0.0693198   -0.900292    -1.58224    -1.04752     3.02471     -1.8587    -2.14213   -0.122842     0.33432  -0.0959799    -3.50794    -2.35062   -0.769467     1.60756    -1.53613    -1.69982      1.3063     4.18464    -1.19388   -0.867193   -0.342035    -1.86949    0.591901    -0.93768    -2.63693     1.84763   -0.607791     1.19194
    0.25242   -0.890488    -0.25803    0.668459    0.605893     3.41324     2.24518    -2.24252    0.187265    -1.54019   -0.880178    -1.23498   -0.317378    0.332997   -0.462155    -1.42922    0.749514    0.974966     1.27959   -0.798023   -0.354052    -1.28728    0.622328    -3.96618     1.44125    0.924851    -2.77417    0.646261     1.79182   0.0804235
    1.90306    -1.01685    0.309889   -0.303381   -0.677423    -3.80444    0.937718    -3.37765    0.565248      2.7777   -0.917666    0.172325  -0.0606803    -1.39983    0.738534    0.017645    -1.47319     1.09184     -0.9947    -2.27851   -0.340523    0.492303   0.0363997     -3.0636   -0.934583    -4.12448     1.45278   -0.187924   -0.914441     1.37543
  -0.542651    -1.20147   -0.911833    0.710037    0.449106    -3.31793     2.49067     1.38331    -0.24821    0.733762   -0.424122 -0.00894087   0.0835383   -0.434045   -0.964528    -1.01762     1.13983   -0.189863       2.181     1.55552   -0.887523    -3.69637     2.73648    -1.10076    0.394723    -3.83342    0.547175    0.567359  0.00928893   -0.320918
   0.591643   -0.484928    -1.18363    -2.02345    0.639125    -4.31795    -2.46845     3.93614    -1.06639      2.7224    0.236596   -0.863329     0.40754    0.513877    0.903038   -0.661219   0.0233267    -1.89201    -2.09489   -0.651332     3.06434   -0.686183    0.414474     3.08594     1.04797    -2.80635     4.43176  -0.0108616   -0.835606    -1.74447
  0.0932949    0.224739   0.0951354    -1.01031      1.9046     1.58367    -3.30793    0.695581   -0.493664   -0.166281     1.54523   -0.809984   -0.232007   0.0843885    0.120218     -1.2777    0.465568    -1.09449   -0.531786    -1.33444   -0.666689    -3.91063    -1.35374    0.708074   -0.493546   -0.760736   -0.762136   -0.905743    -2.17227    0.308825
   -2.62576   -0.158019    0.317697    0.140919    -1.87466  -0.0791533    -1.35233    0.293031   0.0568042   -0.691512    -1.52803    -0.50028    -2.02986   -0.328138     2.56933   -0.328956    0.209295     1.66175     2.48091    0.369233 -0.00231538    -5.36397    -1.16849   -0.554355     1.10078   -0.642115   0.0355218    -0.44751   -0.896573   0.0954982
   -3.22989    0.494916    0.905126     1.08313   -0.877398     1.08387      1.9766    0.463544    0.136198    -1.05454   -0.826175     1.16399    -1.78126  0.00854919    -1.13831     1.40994     1.73681     1.56352    -5.97215    0.300076   -0.634438    0.194465   -0.937397    0.262898     -1.0404   -0.392817   -0.851342    -0.61697     1.23078    -1.14478
  -0.982766    0.187783   -0.742075     1.47643    -1.92965    -1.38671     0.33398    0.406709    -1.99383      0.5325    -1.00466    -1.27776     3.18959     1.96886     1.84046    -1.27514    0.924436     1.49309     1.72367     -2.1059  -0.0214582     1.67057    -2.51837     1.16084   -0.036303    -1.94412    0.437699    -3.29957    -3.78979   -0.306426
    -1.7938     1.77075    0.861881   -0.816179    -1.17769    -1.43961    -2.95844    -1.51937    0.668049   -0.807839   0.0124106    0.340357    -1.96242      1.1351     3.78985     2.54893     2.03226    0.243064    -0.66596    0.108226    0.388859     4.08274    -2.32361    0.152684     1.37111    0.255815    -2.88613     1.69177    -1.66712   -0.428482
  -0.383509    0.491319   -0.925214    -3.86109     2.57846     1.20631     1.69308    -0.17327     2.36646     1.61247     -2.1047     -1.7539     1.66494    -1.46927     1.37474    -1.06349      0.3521     1.85994     1.04667     2.66034     1.34456    -1.37439    -2.62028    0.330343    -5.14045    -1.07081     1.85291      2.3995   -0.163627   -0.701189
    1.24735   -0.608771   -0.985578    -1.76957    -1.28195    0.190004   0.0785954    -1.77172   -0.842108    0.539814   -0.239789    -1.89759     2.26849     -1.1665    -1.26374    -1.11333    -2.34071    -2.65003    0.785557    -2.00107     1.98979   -0.510848  -0.0774237    -2.54835   -0.457696   -0.162172    -1.22928     1.69465  -0.0325961    -1.61134
   -1.19533    0.921908   -0.667372    0.296597    -1.44332    -0.96304    -2.88408   0.0259227    -1.50247    -1.15032    0.529716   0.0957266    -0.52519     1.32392    0.768423   0.0656744    0.859356    -0.55065    -1.48954    -1.35487   -0.525039    -2.68686   -0.424607   -0.968996     2.55761   -0.308813    -2.35474    -1.22924    -1.29433    0.274857
   0.862263   -0.839145   -0.553681     1.99952    -1.24169   -0.137235    0.967547    -1.05007    -1.02769   -0.130519   -0.493533    0.210202   0.0351287   -0.108924   -0.820232    -2.62239   -0.290051    -0.56196     1.45994   -0.850331     5.31201    0.265744     0.50448    -1.95524   -0.697908    -1.37036   -0.816093    0.665933    0.881428    -4.17512
    1.90322   -0.357406   -0.847292    -3.03136   -0.869932    -2.08892    -1.02542    0.292575  -0.0364829   -0.395769    -1.52233    -2.13091     5.09483   -0.784686    0.194881    -1.13107   -0.423711    -4.21539     1.20451    -1.08885   -0.765049    0.875909   -0.273607    0.705208   -0.601753   0.0860704   -0.803474    0.769147   -0.655577     1.54849
  -0.629432    0.144699     1.23282    -2.59059    -1.89086   -0.587799    -2.55858   0.0131188    0.444336    -1.36278    -0.38682    0.593078    -4.46886    -2.68222     -2.4006     1.00958   -0.830751    -1.13382    -1.11324     4.58345     -1.0663     1.14915    0.982618  -0.0528649    0.522789     1.10282  0.00549815     2.63036     1.28024     -1.5299
   -1.44062   -0.899772    -2.29001    0.307791    -1.66021   -0.785176    -0.35482    0.790524    -2.02906    -1.04996   -0.516625    0.262015    -1.55325    -1.34877   -0.544201    0.189981    -1.21871     1.09469     1.36728    -1.12171    -1.38928    -1.35234    0.328519    0.140695    0.552533    0.888032    -1.05574   -0.508652      1.4695    0.221918
   -2.17805    0.564923     1.53303   -0.537743   -0.995041   -0.798536   -0.176582     0.96416     1.14749     0.90509    -1.54065    0.444778    0.394811   -0.816321     1.85003   -0.446823    0.600499    0.817152    -1.93141   -0.588865    -1.06715     -5.2849    -2.60326     0.58856  -0.0126575    0.685025    0.911666   -0.846272    -2.63467   -0.759807
  -0.669899   -0.370388   -0.599138    0.517118      -1.797     5.40297   -0.796788     1.25819    -1.15031    0.520908    -1.12104   -0.871936    -1.55989     2.62904  -0.0165574    -1.50298     2.21048  -0.0184039   -0.872518    0.131258    -2.15321     2.03004   -0.202793    0.736099     -1.3957    -2.17557     1.04396    -1.34643    -1.76348   -0.685446
 -0.0117509     1.21564    -5.84244    0.911634   -0.297733    -1.11453     1.21698     0.66816    -4.00255    -1.20215   -0.125599     1.74838   -0.516724   -0.186666   -0.729654    0.186267   -0.347747     2.73292  -0.0309171    0.162814    -1.00436     1.05839    -2.31944     1.08064      -2.203    0.508257   -0.173265    0.193646    0.292966    0.636318
   0.436976    -0.71833   -0.324266   -0.819986  -0.0476888     0.76545     2.25745   0.0601234    -0.11305   -0.561782   -0.333705   -0.428012     1.12753    -2.54909    -1.41989    0.746762   -0.901495   -0.150868    -1.85806     0.10405   -0.437897      0.1211   -0.492032    0.737542   -0.721159     3.49321     0.24416    0.297229    0.579418    0.604663
    1.14361   -0.869771    -1.47734   -0.761789   -0.497989   -0.780071   -0.625514    0.282546    -1.58125    0.584292   -0.192287    0.797001     -0.4724    -1.59646    -2.07742    0.320827    -1.03032     -1.2572   -0.602544     1.25173     1.01907   -0.682089    0.474277   0.0515009   -0.461118    0.431801     0.93065    0.753886    0.491723    -1.96351
 -0.945222
  -1.52917
 -0.218547
   2.35068
  -0.39947
  -2.91643
   -1.2846
   -2.1059
 -0.851406
-0.0922622
 0.0846592
  -0.70828
 -0.226727
 -0.610255
  0.963987
 -0.555066
 -0.861242
   1.29813
   2.49999
 -0.137655
 -0.512465
  0.159755
   1.26008
  -1.11098
 -0.768537
  -0.69564
  -2.59313
    1.4493
   -1.9558
 -0.233813
1
4
30 10
    1.65984     1.27111   -0.947118    -2.39485   -0.370387     1.49397    -2.00234     2.66211    -1.67931     -5.2253    -5.46883   -0.364422     3.25139     1.71402   -0.735742    -1.47931     1.09159    -1.89227   -0.296587    -1.40105   -0.959612   -0.498148   -0.549116    0.989676   -0.563236     1.35197     2.97102   -0.481127     1.13111     1.57012
  -0.751477     -1.1965    -3.80235     -2.9675   -0.166423   -0.695408     4.38302   0.0796239     2.33766   -0.504848   -0.312575     -1.4608    -1.60053     1.46541    -0.70583     1.35167   -0.137095   -0.271642    -1.55237    0.977401     0.81524    0.680542    0.540555      1.6402    -2.04534    0.994914    -1.85144    -9.47006    0.635694   -0.103497
   0.970482   -0.101796    0.385674     2.29103    -9.93561    -3.74944    -2.52735    0.656463       -1.88     2.90021    0.821385     -0.2654   -0.666211    -1.52388      3.2144     1.57436     2.13319   -0.818393    -2.14719     0.03788     3.35631     1.56117     2.29178     1.68029     1.53442    0.983429     2.71941    0.494239    0.780104    -1.90192
    1.29206   -0.258572     1.58825      1.8554     4.22682   -0.744746   -0.580237   -0.376633    0.709539    -1.68789    0.331958    -2.22811    0.734407    -5.48713    -3.05814    0.216345     1.63452     4.32278    -2.33943   -0.461671    -1.80654  0.00289025     1.10954     1.78111    -1.28816    -5.24453     3.38102     1.97149  -0.0457647    -1.12689
   -5.83441     1.86313    0.493076    -1.21475    0.439903  -0.0346492   -0.178885     1.34265     2.05454     1.29127   -0.401783    0.919493   -0.369807      2.4167     2.41463    -3.76995    0.206857    0.352427   -0.212877     -2.7821    0.384461     2.50316    -8.25595   0.0251575     1.21404    -1.99869    0.490788    0.743292    -1.64637     1.28281
    1.38161   -0.363038     0.11714   -0.283238     0.97633     3.52491    -0.33737     1.08483     2.53421     2.50777     1.17971    0.636656    -1.56513    -1.62335   -0.655918     1.56725    0.794791    -1.68665    -1.30933    -2.76378    -1.44598    -7.43754     1.32553     0.25173    0.999838      1.0607     1.10122     0.48926     2.50532    -2.30638
  -0.974972   -0.645343      3.7343   -0.448266   -0.905492     1.17654     1.81901     1.44283    -5.73829     1.26795    0.372264    0.612925      0.5244   -0.700531   -0.934317     1.22707    -6.28362    -1.18186   -0.259986     3.37781   -0.181311     1.54812    0.317626     -9.2162     1.68617   0.0544904   -0.770778     1.52682    0.335148  -0.0396905
    1.37049  -0.0110938    -1.01714     2.25762     3.49375    0.295373    -1.49618    0.721319     1.62601    -1.72792     4.57628       2.511     2.00771    0.960959    0.382114    0.357532     0.80816    0.766229   -0.396199     3.27523     2.91562     0.80961     1.31666    0.649416    -2.17507    0.618857     -7.3741        0.86    -2.10013    0.439816
   0.990559    0.245925   -0.701205    0.219591     2.12088   -0.726577      1.5148    -7.76298   -0.326266    0.365128   -0.413301    -1.04542    -1.99657     3.17017    0.489473   -0.371089   -0.151344   0.0925875      7.8333   -0.511551    -2.84934    0.587101    0.681984     1.12172    0.719586     2.52435   -0.572489       3.537     -1.4008     2.07616
  0.0838582    0.386003    0.258166     0.13019   -0.121296  -0.0203148    0.126845    0.046083    0.149518   0.0119477  -0.0678496   0.0469353   0.0417439   0.0976911  -0.0250165   0.0593983    0.102804 -0.00716959    0.207971    0.116113    0.140267   -0.176338  -0.0187927   -0.115397    0.199371   -0.113077  -0.0868991   -0.223609    0.105927    0.320132
  1.11106
  2.57276
-0.229545
-0.474217
  3.65047
-0.400703
  2.62157
 -3.17869
 -6.35092
-0.205901
