3 16 0.5 2100
1
1
9 30
   1.51811   0.962053    -4.1314  -0.951643   0.418484 -0.0951692   0.356328 -0.0865469    1.03328
 -0.163948    1.31308  -0.937353    2.25507   0.342845 -0.0678319  -0.373569   0.624692    1.17799
  0.263714   -6.08329   0.617889    1.16439   0.801113   0.950711    1.44454   0.350669    1.08241
  0.165309   0.990776     0.3826  -0.555054   -2.36906    1.40983   -1.53752   -0.87098    3.29761
 -0.209031   0.260693    6.52478  -0.253058  -0.592514  -0.445734  0.0713604   -0.68546   -1.03061
 -0.434009  -0.093426  -0.518442  -0.949019   -1.32163   -1.14376  -0.917383    6.77815  -0.572946
 -0.168971   -0.61549  -0.399487   -1.04047  -0.699816    5.57999  -0.182949   -1.05956  -0.997122
  -6.16155 -0.0361113   0.999905  -0.655203    -0.2849    1.05836   0.404412  0.0564763    1.28619
 0.0367113   -3.85335   0.364531   0.765508  -0.360663  -0.707468   0.863398    0.82734   -1.91577
   2.59666   -2.15262  -0.211119  -0.271855   -0.63009 -0.0646833  -0.787902    2.97448   -1.12578
   0.31293  -0.580436    4.06292  -0.420149  -0.877945  -0.706899   0.233274  -0.761844    1.43258
-0.0361188    1.99739   -1.71053  -0.596904   -1.01216  -0.523237   0.681164   0.895524    2.29939
  0.122709  0.0318969  -0.346879   -1.26267    3.35192   0.406636    -2.4764 -0.0646568 -0.0216161
 -0.661551   -1.26604   -2.23168  -0.591519   -1.41181   -1.55898   -2.54816    2.49709    2.81351
   1.53852   -1.10662    0.37371    3.76077   0.486018  -0.634522   -1.04781   -2.04869   0.318576
   2.29463    2.20049   -5.38681   0.894358   0.220235    1.05676   0.985996  -0.373664   0.877591
  -1.89136  -0.119012   0.307849    1.48524   -1.05957   0.693473  -0.352412    2.91257   -1.75658
   1.26157    2.17801   0.376664   0.165619   -3.57244   -1.77574   -0.93692  -0.429735   -1.48453
  -1.54086  -0.823107   -1.47411   -1.30066    6.07161   -1.73062   -1.52124   -1.45143   -1.86132
 -0.944708  -0.642684     1.2013  -0.480518   -1.05388   -1.27023    6.34218   0.221875  -0.819382
 0.0846745   0.212475   -0.30256   0.437913  -0.527873    5.73563  -0.630632  -0.996663  -0.424978
  0.770318    1.04668    1.16045   -6.99227   0.426892     1.3171   0.872829    1.47977    1.58918
-0.0373649   -1.09242   0.186925   -2.91959   0.499883   -1.10824    1.46049   0.814234    2.66281
  -5.61199    1.11045  0.0788236  0.0466669    1.34222   0.115047  -0.537154    1.08163   0.354463
 -0.547702   -2.34722    -0.5894    1.50667   0.366852   0.240963  -0.134941   -1.38751    3.85321
-0.0655718    1.86265   0.827761    1.10636   0.616767   0.779253   0.381403    -4.8716   0.587161
   6.65498  -0.831871   -1.12863  -0.711513  -0.249237   -0.46489   -0.23253   0.451284  -0.409897
  -1.78617  -0.985269   -2.86685    1.71813  -0.712962 -0.0400126    2.30488  -0.325981   -1.15539
 -0.482981   0.658986   0.291614   -2.29192   -1.02591  -0.492285    3.37013   -1.05664  -0.522469
   0.97571   0.610271   0.739226   -0.68737    1.24491   -5.33491   0.393778   0.701644     1.5559
 -1.32216
 -1.01143
  3.36882
 0.990165
 -2.90705
   -4.645
  2.30438
  2.62218
  4.77415
 -2.83828
 -3.97761
-0.197281
  -2.3194
-0.655036
 0.484718
-0.886815
-0.440886
  1.20518
   2.4084
-0.971356
 -3.73248
  3.89768
 -1.12933
  3.87089
  -1.6713
 -2.58118
  2.66109
-0.689023
 0.478534
  1.40673
1
1
30 30
  -0.718875   -0.446229  -0.0572075     1.29685    0.119615    -1.22382    0.291622     1.24691   -0.452335   0.0437395    0.132434    0.673444    -2.13333    0.687626  -0.0880244   -0.666868    0.539191     0.89243    -5.62248    0.390482    0.274817    0.301098   -0.728459    0.901645    -0.51084    -1.42141     1.83171   -0.712656   -0.766217   -0.482886
  -0.531879   -0.106103   -0.216423    0.237658    0.315623    0.897072    -0.63661   0.0244807   -0.278069    0.753743    0.851845   -0.478673   -0.456355    0.200325    0.415585   -0.416373  -0.0734233   -0.599144    0.385361    -0.50209   -0.592537   -0.857299   0.0385748   -0.152872   0.0179416   -0.364153    0.267607   -0.946593   -0.473241   -0.333468
   0.363705    0.792131    -2.93681    0.330486  -0.0180612   -0.579677    -1.32129   -0.522178    -2.87617    -0.41948    0.765272    0.724992   -0.412252    0.118524    -1.29245    0.531484   -0.606035    -0.55938    -1.06202    -1.43691    0.769367   -0.203422   -0.291885   -0.738622     1.76292   0.0653999    -2.34863     0.26683     1.02994    0.110048
   -1.34865   -0.412541    0.495136    0.119297    -3.50216   -0.671221    -2.07791    -1.33811    0.452355    0.636789    -1.01425   -0.949533   -0.209807     1.17828    0.961313    -3.56006    0.696145   -0.532897   -0.779537    0.379056   -0.443141     1.09009    0.145787    -1.22425    0.903243     -1.4809   -0.947805   -0.561775   -0.565478     0.22531
    -2.9107    0.355053     1.37459   -0.658228     6.02392    -1.11829   -0.369851       -1.17    0.181864    -1.44331     1.19014   -0.225419  -0.0479473   -0.688731     1.24951    -2.35096     2.01939    -1.13938   -0.673616    0.242905    -1.24244       1.743   -0.366144   -0.495819   -0.800025     -1.1194    -2.41265     -3.2099   -0.714527    -1.14155
    2.36438    -1.10091     -1.2147   -0.153735     1.42744     1.09026     3.74042    0.636394    -1.73459    0.379178   0.0536731    -1.22963   -0.691907    0.630736    -1.07193     3.21087    -1.09851    -1.57115    -1.44034   -0.754288    -2.67843    -1.61608   -0.775928   -0.137601   0.0242848   -0.737326     2.28563     1.76518   -0.738855     1.73169
    1.52327     1.32789     3.81171    0.486023   0.0673618     1.19652   -0.325949   -0.652722    0.271107    -1.27179  -0.0669423     3.15071     0.89493    -1.42308    -2.32063     1.04813    -1.82498      1.2802   -0.534638    -2.42087    0.796865    -1.78842   -0.633204    0.312659    0.118417      2.0973    -4.20772  0.00650044     1.05179    0.166161
  -0.159842    -1.09031    -2.31304    -3.25757     1.65663     0.12924     1.91223    0.750963     1.70633     1.78979    -1.98227    -2.62946   -0.490186    -1.71423   -0.380672   -0.665425   -0.412479     2.34599     2.87177   -0.514479   -0.342535   -0.919294    -2.89849    0.423649    -3.61349    -2.86131      2.5355     1.28558    0.743622    -1.41262
   0.499119    -0.32593   -0.128587    -1.12247    -1.41058    -1.00727     2.78986    -1.81711    -1.73464 -0.00858876    0.306982    0.201845    -3.61141    -2.19481   -0.988857     1.60833    -1.38441    -1.84519     1.36539     4.00443   -0.943771   -0.602147   -0.585704    -1.96745     0.25272    -1.48778    -2.03093     1.64777   -0.793485     1.16383
   -0.02573   -0.723935   -0.221988    0.458861   0.0569605     3.14853     1.86086    -2.32713    0.100503    -1.46232   -0.816765    -1.64518   -0.546778   -0.261428   -0.701036    -1.47699    0.854357    0.279607      1.6801   -0.674379   -0.345697   -0.761905    0.561268    -3.84992    0.710495    0.690419    -1.92524    0.627295     1.27826   -0.235846
    1.80126    -1.02566    0.379496    0.116969   -0.914305    -3.78617    0.883982    -3.21688    0.537077      2.6037    -1.07319    0.266276   -0.285405    -1.47086    0.805737  -0.0487558    -1.67563     1.13898   -0.868066    -2.43507    -0.62655    0.700139     0.17866    -2.74651   -0.907019    -4.05414     1.42091   -0.203297   -0.799359     1.58027
   -1.00936    -1.38363   -0.552042   -0.269865    0.609529    -2.43445     2.09326     1.24636  -0.0662866     1.03095    -0.83329   -0.259187   -0.349171   -0.554069    -1.00512    -1.24077     1.40419   -0.335351     2.47805     1.87528     -1.1343    -3.67699      2.7675    -1.01316     0.35041    -3.68709    0.942193    0.164811    0.161187   -0.393153
   0.637683    -0.79797    -1.27498    -1.67051    0.654929    -3.92912    -2.30824     3.41793   -0.925687     2.76812    0.204231   -0.833017   -0.226404  0.00731653    0.780221   -0.649864   -0.111165    -1.56434    -2.41307   -0.801289      3.4619   -0.336224    0.109815     2.73746     1.02325    -2.56051     3.99876   -0.447155   -0.727471    -2.31458
  0.0298597    0.550372    0.197406   -0.474376     1.91875     1.35807    -2.89304    0.128324    -0.19787   -0.415357     1.72255   -0.523464  -0.0702477    0.150574    0.581089    -1.26797    0.120239   -0.992515    -1.00119    -1.39837   -0.656504    -3.80363    -1.29965    0.207079   -0.316547   -0.842579   -0.960159   -0.841044    -2.23632    0.208265
   -2.60492   -0.384098   0.0862741  -0.0105315      -2.111   0.0290507    -1.14204   -0.132945   0.0556812   -0.412024    -1.38428   -0.534809    -1.53071   -0.256914     2.07441   -0.431488    0.235828     1.99677     2.15452    0.209181   -0.144301    -4.71279     -1.0567   -0.645488     0.99011    -1.11359  -0.0994801   -0.506838    -1.21505   -0.300172
   -3.13428   0.0910032    0.963935     1.19533   -0.967441    0.478956      1.8894     0.57486    0.386968    -1.44775    -1.03209     1.30547    -1.68473   -0.104785   -0.956741     1.62315     0.89218     1.56732    -5.73092    0.514177   -0.895258  0.00558813    -0.43438    0.390906   -0.629334   -0.193803  -0.0931301   -0.805537       1.475   -0.864228
   -1.25411   -0.141793    -1.05058    0.970541    -1.78668    -1.44971    0.414021    0.148411    -2.06619    0.834129    -0.93964    -1.03707     2.89974     1.19287     2.44709    -1.44767    0.965282     1.35739     1.65384    -1.95651    0.110309     1.97729    -2.06882    0.654326    -0.10598    -1.82807    0.617422    -3.35359    -3.48974   -0.247195
   -1.85705     1.41154    0.758349    -1.59526   -0.763839    -1.21414    -2.62876    -1.58453    0.387246    -0.20697   -0.131377  -0.0558613    -2.38507    0.421159      3.5159     2.12567     2.24288   0.0679388   -0.346482   0.0149203    0.337841      3.2839    -2.75074   -0.441417     1.33491    0.132997    -2.95091     1.43671    -1.29968   -0.625986
  -0.231492    0.281255   -0.701297    -3.73739     2.79689    0.962207     1.51836   -0.296143     2.01642     1.79566    -1.75496    -1.83545    0.992321     -1.7365     1.40312   -0.748565    0.334506     2.00158     1.01802     2.73133     1.80477     -1.6365    -2.74235   0.0663675    -4.65722   -0.882306     2.14163     2.26926   -0.415971     -1.4349
    1.40458   -0.571336   -0.857643    -1.69702    -1.22301    0.187405    0.167444     -1.5871   -0.717447    0.384752   -0.229124    -1.87994     2.28664    -1.09744     -1.4398   -0.928857    -2.29694    -2.42545    0.845957    -2.03646     2.25264   -0.455254  -0.0593343    -2.31961   -0.410361    -0.22386    -1.14565     1.63429   0.0527535    -1.71531
   -1.18025    0.797392   -0.566251     0.41026    -1.29264   -0.984527    -2.58645     0.19805    -1.45291    -1.31692      0.5372    0.273334   -0.688639      1.1709    0.701138   0.0132959    0.947666   -0.456027    -1.66685   -0.966303   -0.514898    -2.44027   -0.345862   -0.810581     2.49372   -0.256344    -2.41994    -1.13666     -1.2138    0.108046
   0.432183   -0.657869   -0.173794     2.06909    -1.42625    -0.18746    0.996221    -0.91913   -0.787908   -0.305382   -0.575997    0.123474    0.219372   -0.144539   -0.856656    -3.22527    0.138257   -0.591689     1.64567   -0.653769     4.89172    0.274118    0.400887    -1.68339   -0.680619     -1.5705   -0.975276    0.849456    0.839177    -3.95565
    1.64213   -0.219625   -0.670169    -3.11185   -0.718556    -1.85133    -1.09553     0.18813   0.0927704  -0.0582735    -1.55046    -2.32217      5.0169     -0.7608   0.0791041    -1.21975  -0.0393128    -3.84368     1.23624    -1.13453   -0.500629    0.740892   -0.255346    0.736838   -0.739476    0.122097   -0.837756    0.438193   -0.845046     1.31884
  -0.435546    0.220827     1.15261     -3.3043    -1.50428   -0.639074    -2.42494   -0.336194     0.17056    -1.21837  -0.0589503    0.511623    -4.57146    -2.71818    -2.04832     1.16521     -1.5382   -0.869053    -1.23333     4.12552   -0.865083     1.04515     1.11189   -0.372959    0.775913     1.38055     0.38817     2.02527     1.11043    -1.59437
   -1.44396   -0.831273    -2.13658    0.560204    -1.66672   -0.775039   -0.301725    0.914363    -1.82219    -1.05494   -0.666719    0.201817    -1.24555    -1.42433   -0.381598     0.20287     -1.1432    0.992514     2.10287    -1.09773    -1.29385   -0.630862    0.450839    0.321665    0.409493    0.992096   -0.625495   -0.646698     1.49927    0.331869
   -2.06321    0.829582     1.13737   -0.412314    -0.77124   -0.574941   -0.334279     1.27946     1.11344    0.601875    -1.30186     1.17799   -0.374405   -0.727692     1.65464    0.149009    0.423221    0.950914    -2.01521   -0.415398   -0.926003    -5.25759    -2.17528     1.09836   -0.219335    0.985869    0.539836    -0.68752    -2.31355   -0.414074
  -0.735715   -0.230724   -0.500819    0.244996    -1.84544     5.13652   -0.992607     1.17416   -0.955019     0.69831    -1.13088    -1.07831    -1.04886     2.67719   -0.674709    -1.54243     2.40268   -0.321972   -0.718397   -0.107507    -2.18127     1.31084   -0.414381    0.880508    -1.47052    -2.15092     1.14724   -0.935851    -1.51024   -0.745366
  -0.297501     1.20037    -5.71065    0.443804   -0.273445    -1.21984    0.959204    0.577513    -4.08739    -1.12339  -0.0616621     1.56944   -0.399385  -0.0398513    -0.90653    0.109875  -0.0430626     1.99182   -0.388383    0.392364    -1.00975    0.676356    -2.03516    0.922274     -2.0458    0.246742   -0.495782   -0.117736    0.136332      0.6765
   0.235128    -1.03307    0.269468   -0.716483    0.023555    0.495348     1.94181    0.308994    0.298276   -0.410887  -0.0502913   -0.494225     1.18686    -2.16122   -0.565212    0.709204   -0.727358    -0.92044     -1.7563    0.391476   -0.763364    0.546964   -0.231485    0.683646   -0.585779     2.61843    0.228121    0.606499    0.615405    0.495978
    1.21537   -0.870564   -0.986973   -0.436278   -0.552457   -0.986607   -0.315705    -0.14595    -1.17389    0.516519   -0.150531    0.529327   -0.140894    -1.52508    -1.61951    0.388917   -0.988255    -0.79917   -0.597758    0.502746     1.14853   -0.693012     0.48598   -0.313126   -0.539907   -0.228057     1.19277    0.386332    0.343913    -1.93636
 -0.880833
  -1.52277
 -0.418351
   2.19865
 -0.291023
  -2.63498
  -1.37156
  -2.32884
 -0.776673
 -0.593364
 0.0360342
 -0.798448
 -0.184417
 -0.289358
  0.858164
 -0.582893
 -0.785572
   1.06715
   2.26858
-0.0712569
 -0.489673
  0.238282
   1.39934
  -1.12465
 -0.584826
 -0.466081
  -2.41571
   1.31157
   -1.7511
 -0.129867
1
4
30 10
    2.04894    0.792134   -0.984638    -2.39915    -0.88013     1.45409    -1.85437     2.29785    -1.89765    -4.86877     -5.2011   0.0525462     3.52477     1.35361   -0.898188    -1.43512      1.5898    -1.85409    -0.38315    -1.42841   -0.847262   -0.926099   -0.614477     1.28421   -0.810071     1.02661      2.7295   -0.713661     1.06051     1.70083
  -0.799943   -0.869949      -3.724    -2.54648   -0.145153   -0.586989     3.95957   -0.239915    0.631038   -0.913636   -0.238204    -1.25001    -1.08013     1.24307   -0.246615     1.57765   -0.226473   0.0812565    -1.36492     1.27366    0.398626    0.132669    0.573282     1.67777    -2.02105    0.967759    -1.73768    -8.79177    0.430128    0.339204
   0.692333   0.0978232    0.553379     3.24618    -9.70737    -3.69845      -2.389   0.0691147    -1.76721      2.4534    0.699808    0.368243   -0.957468   -0.925144     3.28982     1.63804     2.54091   -0.378265    -1.75296    0.108305     3.03423     1.72149     1.77474     1.84422     1.68515     1.42452     3.20966    0.152589     1.21227    -1.71944
   0.768859   -0.229265     1.27808     1.73568     4.46937   -0.385501    -0.67088    0.182174    0.931099    -1.51814    0.269654    -2.57215     0.99783    -5.48987    -3.54769  -0.0142946     1.57736     4.18085    -2.31495   -0.476998    -1.79871   -0.593112    0.724109      2.0746   -0.906986    -5.23712     2.25288     1.53846   -0.134292    -1.54473
   -5.33317     1.63054    0.971465   -0.707538    0.673346   0.0244887    -0.01716    0.732212     2.16907     1.65752   -0.498352    0.504392   -0.326214     2.36218     2.49695    -4.42217    0.194203   0.0923072   -0.631778    -2.81245    0.458378     2.67904    -7.97412   -0.116584    0.956562    -2.18868    0.612144     1.22706    -1.46548     1.28889
    1.02373  0.00763602   -0.433911   -0.584918     1.19306      3.6428     0.11399    0.895047      3.3525     3.02872     1.19923     0.92159    -2.24651    -1.32599   -0.556665     1.97665    0.751255    -1.95979    -1.82008     -2.7698    -1.30675    -7.13642     1.27109   0.0546866     0.45957     1.15405     1.34459    0.881761     1.91039    -1.59885
  -0.635789   -0.404536     3.66314   -0.654999   -0.869658     1.27413     1.42471     2.06463    -5.68162     1.00211    0.799268    0.243213    0.578929   -0.998847    -1.05384     1.17337    -6.38854    -1.43367    0.227389     3.01939   -0.234035     2.14187    0.318083    -8.62816     2.26356    0.130761   -0.921823    0.812306    0.153315   -0.495217
    1.37117   -0.373645   -0.886149    0.971957     3.26562   -0.430571   -0.981935     1.10297     1.60509    -2.16668     4.30708      2.0395     1.98455    0.970682    0.623293    0.459419    0.697803     1.02561   -0.838868     3.38184      3.2447    0.723397     1.70106   0.0615816    -1.85775    0.684692    -6.95318     1.14072    -2.15823     0.29455
   0.967982    0.153107   -0.586654    0.254318     1.88058   -0.754005     1.00949     -7.2541     0.29575    0.511908   -0.652288   -0.991338    -2.15599     3.20265    0.303645    -0.27976   -0.639305   -0.070994     8.19846   -0.547399    -2.72024      1.0143     1.00477    0.670688     0.31339     2.38276   -0.441309     3.42349   -0.814211     1.62534
  0.0242906    0.368379    0.311353   0.0813593  -0.0262621   0.0367442    0.175481   0.0816114    0.119106     0.11847   -0.176044   0.0234067 -0.00630273    0.200255   -0.131465  -0.0300002    0.162937  -0.0130421    0.178599   0.0996446    0.206375   -0.172344   -0.146118  -0.0329522     0.22463   -0.206616   -0.168983   -0.184564    -0.10552     0.32139
  1.37544
  2.95569
 0.363795
-0.726793
   1.6291
-0.443165
  2.20474
 -2.66087
 -5.37621
-0.238297
