3 16 0.5 1500
1
1
9 30
   1.25311   0.701393   -4.06746   -1.47795   0.855537  -0.197279   0.813375   0.851092   0.883006
 -0.232395     1.4211   -1.25917    1.73718   0.140835  -0.354315  -0.205496   0.791465   0.862044
  0.192744   -5.68454    0.56261   0.706392   0.260928    1.13859    1.22476   0.639355   0.909014
  0.924826   0.522435   0.453536  -0.817767   -1.77625    1.74057   -1.46426  -0.656619    3.16757
 0.0157042   0.696969    6.02508  -0.133412  -0.665274  -0.859649    0.53657  -0.236357   -1.52865
-0.0688864  -0.359056  -0.634483  -0.986523   -1.68478  -0.762436  -0.982029    6.90768  -0.824432
 0.0987652  -0.292233  -0.145031   -1.14202  -0.904452    5.33918  -0.649002  -0.495713   -1.20193
  -5.83652  -0.293418   0.480106  -0.730253  0.0545378    0.49234   0.419795   0.642063   0.999249
  0.217779    -3.9472   0.365542   0.688567 -0.0425151  -0.763181    0.49194   0.731151   -1.95861
    3.0107   -1.81287   0.230178  -0.403422   -0.65811 -0.0398838  -0.456324    2.86993  -0.684632
 0.0927516  -0.816478    3.61556  -0.540413  -0.748494  -0.997255 -0.0525449  -0.603612    1.58432
-0.0119009    2.36361   -1.37212  -0.341381   -1.29731  -0.475879  -0.198548   0.947354     1.8335
  0.349751 -0.0404509  -0.650503    -1.7275    3.26426  -0.133012   -3.05033  -0.483592    0.20999
 -0.540295   -0.76239    -2.0688  -0.164391   -1.07969   -1.41545    -2.9666    2.20869    2.74375
  0.771599   -1.37012   0.419404    3.04758   0.053402   -1.10504   -1.69488   -2.43836    0.59641
   1.62185    1.53611   -5.20307   0.621641  0.0396983    1.13508   0.812133  -0.162327    1.06992
  -1.80053  -0.375952  -0.176296    0.70956   -1.27699  -0.150652  -0.283975    3.45952   -1.75715
  0.782681    2.31923   0.441763    0.45566   -3.53736   -1.88917  -0.395989  -0.302213   -1.16388
   -1.5595   -1.94524  -0.826453  -0.768071    5.98432   -1.71297   -1.16023   -1.01355   -1.86027
   -1.2896  -0.372934   0.785576  -0.230941  -0.337358  -0.832367     5.6862   0.470664   -1.28857
 0.0823074   0.139167     -0.624   0.270988  -0.404598    5.74998  -0.362082   -0.71391  -0.469387
  0.702267   0.592732    0.98029   -6.73877   0.620162   0.821981   0.728677   0.887972    1.57451
   0.21714  -0.797162   0.958606   -2.55566   0.798292  -0.153608     2.0856   0.688575    3.07884
  -5.08734    1.31075  -0.313173   0.251961   0.844375  0.0552931  -0.539566    1.11305   0.232043
 -0.405876    -1.9677  -0.471843    1.41198   0.554337   0.102175  -0.128778   -1.03093    4.07423
  0.291279     1.5045    1.07159  0.0123506    0.80035   0.719554   0.243535    -4.6079   0.544895
   6.02181  -0.515739  -0.726095  -0.986622  -0.294521  -0.364101  -0.188122   0.420621  -0.491689
 -0.894709  -0.894149    -2.7643    0.73738   0.133016   0.159282    2.45262   0.376057   -2.06751
-0.0281161    1.56565    1.00121   -1.89671   -1.26106  -0.757519    2.87625   -1.01137  0.0120248
   1.05637   0.153749   0.408871   -0.69903    1.65584   -5.14801   0.176072    0.53859    1.37009
 -1.25016
 -1.43045
  3.66013
 0.998256
 -3.05462
 -3.93201
  2.18324
  2.08013
  4.17539
 -3.04413
 -3.59127
 0.191047
 -1.11021
 -1.17146
 0.290286
-0.449881
0.0551443
  1.00841
  1.98265
 -1.45421
 -3.53302
  3.81426
 -1.09148
  3.29048
  -1.6454
 -2.20514
  2.79404
-0.392876
 0.172031
   2.1279
1
1
30 30
  -0.753121   -0.358443   -0.454186      1.3722    0.176902    -1.70535   0.0557582     1.14704   -0.684463   -0.353452   0.0620671    0.678838     -1.9818    0.828563   -0.457198   -0.356378    0.569805    0.854637    -5.13292   0.0395202  0.00547059   0.0987057   -0.786806    0.887831   -0.362081    -1.43962     1.61728    -1.02689   -0.565647   -0.141935
 -0.0848895   0.0207626   -0.185038    0.334572    0.385287    0.662206    -0.42747  -0.0150749   0.0143097    0.390969    0.837064    -0.19645   -0.187546   0.0706924     0.40779  -0.0351663  -0.0847484   -0.521937      0.4606   -0.148448   -0.398125   -0.569906   0.0926473  -0.0650526   0.0990779   -0.276434    0.296519   -0.558993  -0.0707232   -0.229258
   0.456811    0.748535     -2.8078    0.894919  -0.0401695   -0.524832   -0.760815   -0.259045    -2.91115   -0.434229    0.809741      1.0168   -0.165298    0.121942    -1.38186    0.795904   -0.503861   -0.381416    -0.66418    -1.36931    0.748109    0.189113    0.112297   -0.444016     1.92817    0.246565    -1.89797   0.0916013     1.19273    0.387375
   -1.04031   -0.224233    0.267554   -0.507956    -3.27802   -0.583322    -2.06241    -0.90548    0.274728   0.0670665   -0.950493   -0.991797   -0.535945    0.449318    0.285372    -3.12784    0.805883   -0.938865   -0.758477    0.766003   -0.529176    0.475168    0.224555   -0.812968     0.61756    -1.56895   -0.953312   -0.443635   -0.536251    0.639151
   -2.79187     0.41543     1.21034  -0.0435039     5.47891    -1.36172   -0.798313   -0.749734    0.368909    -1.93636     1.50732   -0.191443   -0.296093   -0.512024    0.847863     -2.2523     1.86862  -0.0357754   -0.743877    0.242108    -1.17281     1.55804  -0.0788375   -0.362637   -0.855001    -1.01617    -2.41601    -2.78677   -0.607296    -1.17508
    1.90204    -1.24766    -1.53111   -0.262156    0.793542    0.899989     3.67677    0.937553    -1.24695    0.530985   -0.238123    -1.17064   -0.175078    0.680047   -0.792088     2.74423    -1.09271    -1.65127    -1.08525    -1.14591    -2.52097    -1.50389    -1.00822   0.0287483   -0.346136   -0.447924     1.79042     1.55957    -0.51298     1.77986
    1.65985     1.23177     2.92024   -0.186198     0.47129     1.59096    -0.67991   -0.850924    0.416219   -0.988116    0.421537     3.32375     0.81362   -0.827942    -2.69735     1.06802    -1.58691     1.87786   -0.465465    -1.63294     1.19752     -2.1533    -1.12806    0.288604  -0.0138312      1.5749    -3.25385    0.141031    0.987026    -0.43763
  -0.078927    -1.00076     -2.1141    -2.28388      1.8076    0.130971     1.94676    0.702117     1.06573     2.08006    -1.49816    -2.25198   -0.436472    -1.32615  -0.0120862    -0.87949   -0.424098      2.5305     2.67415   -0.432486   0.0103425    -1.03385    -2.60844    0.350948    -3.21594    -1.97826     2.32878      1.6201    0.541274    -2.02381
   0.788342   -0.300581   -0.101284    -1.26347    -1.19426   -0.933569     2.62973    -1.24187    -1.22828    0.116424     0.26701    0.461646    -3.61458    -1.84229   -0.985174     1.48246    -1.72254    -1.80581     1.64043     3.85171    -1.24981   -0.626338     0.16039    -1.78085    0.561937    -1.30204    -1.89009     1.86191   -0.487853      1.3607
   0.699844   -0.622052   -0.519236    0.258836    0.821282     3.16056    0.855321    -2.54344   -0.246854    -1.37428   -0.308522    -1.36999   -0.203935   -0.249712   -0.824672    -1.06994    0.387876      0.2828     1.51823    -0.11542   -0.157389   -0.701365     1.38555    -3.89883    0.144423    0.883602    -1.03253    0.823035     1.19939  -0.0880966
    1.72278   -0.988763    0.215323    0.315569   -0.931677    -3.61305     1.25254    -3.05018    0.348207     2.39451    -1.06251   0.0138937   -0.780526    -1.76206    0.847805  -0.0226978     -1.8268     1.06903   -0.789266    -2.28325   -0.821043    0.926284    0.280226    -2.55381   -0.877738    -3.76683     1.32917 0.000666978    -1.03954      1.7177
  -0.413494   -0.729672    -0.80325    0.511184    0.769537    -2.19514     2.58159     1.41489   -0.375367    0.931807   -0.962712    0.143608   -0.802078   -0.681083   -0.650572   -0.354671     1.25735   -0.319796     2.39561     1.50051     -1.4274    -3.32052     2.55043   -0.691472    0.575458    -3.05874    0.440857     0.14919    0.184217   -0.203162
   0.594294   -0.762324    -1.13496   -0.886198     0.51261    -3.62057    -2.30886     3.02126    -1.02948      3.1824  -0.0220254   -0.468051    -0.54342    0.309514     0.46484   -0.608195    0.152292    -1.31292    -2.08685    -0.57441     3.31857  -0.0804422   0.0143645     2.38077      1.0536    -2.53571     3.40208   -0.750709    -0.46369    -1.98041
 -0.0344787    0.555482    0.214057     0.12352     1.95849    0.645042    -2.50292  -0.0293617  -0.0433593   -0.759691     1.56953   -0.349402    -0.32334    0.228633    0.963336    -1.19646    0.142195   -0.573498    -1.28029    -1.45351   -0.579389    -3.66102    -1.64011   0.0818133    0.124512   -0.630827    -1.40823   -0.727325    -2.15714    0.110523
    -2.0252  -0.0177479   -0.249395  -0.0446163    -1.46947  -0.0341847    -1.09475   0.0815456   -0.072629    -1.07429    -1.10586   -0.331049    -1.16309   -0.291663     1.95523    0.181604    0.225787     2.03887     1.90481   -0.123926   -0.249619    -4.72245    -1.22932   -0.151622    0.548236    -1.31012    0.193188   -0.332121    -1.56148   -0.320802
   -3.38743    0.252234  -0.0302977     1.01469    -1.04903    0.926507     1.62691    0.136581    0.291196    -1.00946     -1.1374     1.35142    -1.12804    -0.17557   -0.377492      2.0652     0.73513     1.76759    -5.52024    0.514278    -1.45055  -0.0230237   -0.501455    -0.20066    -0.67335    0.151118   -0.679434   -0.651875     1.25647   -0.377005
   -1.41875   -0.282723    -1.23435     1.67342    -1.93796    -1.68251   -0.135204     0.52166    -1.96319     0.67487    -1.06269   -0.632385     2.69729     1.41101     2.53188    -1.59986      1.0625      1.7802    0.630015    -1.53595   -0.508826     1.79666     -1.7026    0.599852   -0.250775    -1.28068    0.117985     -3.1977    -2.57645 -0.00361046
   -1.88779     1.19328    0.605019    -1.39152    -1.34636    -1.03809    -2.46333    -1.26155    0.420977     0.12211   -0.126274    0.138852    -2.59528      1.3464     2.95471     1.55642     2.15289    0.235392   -0.245397   -0.198234    0.409752     3.14774    -2.11211   -0.483667     1.47074    -0.15257    -2.46959     1.06292   -0.652511   -0.403189
 -0.0160576    0.420933   -0.563202     -3.7859     2.81908     1.32799     1.48878   -0.110116      1.8341     2.15642    -1.56669    -1.85114    0.374024    -1.59714     1.10126   -0.524794    0.359125     2.42307     1.87184     2.34409     1.07085    -1.13835    -2.75659  -0.0408415    -4.60868    -1.35049     1.75996     2.33547   -0.508515   -0.998122
    1.47766   -0.535296   -0.867467    -1.58849    -1.14525    0.135319    0.337974    -1.41156   -0.617779    0.143238   -0.223269    -1.73123     2.51463    -1.10057    -1.41343   -0.947105    -2.32239    -2.14814    0.980761    -2.18499     2.22542   -0.293695   -0.150414     -2.0513   -0.393399   -0.116924   -0.862951     1.56062    0.174486    -1.49101
   -1.07798    0.578021   -0.397762    0.421363   -0.865067   -0.967667    -2.07899    0.366942    -1.23886    -1.38179    0.633098    0.070009   -0.593521    0.992794    0.788401    0.145214    0.954869   -0.569572    -1.23146   -0.924286   -0.470374    -2.24167   -0.443295   -0.580096      2.1899     -0.1576    -2.23203    -1.17414    -1.33562   0.0774421
    0.70855   -0.230216   -0.364623      1.5281    -1.61586  -0.0373989      1.0116    -1.38638   -0.837664   -0.272196   -0.585868    0.123419    0.486613    -0.19182   -0.759863    -2.78054  -0.0198793   -0.762969     1.39875   0.0585914     4.70226   0.0639994   0.0899841    -2.00245     -0.4273    -1.37777     -1.3223     1.35043     0.79483    -3.98738
    1.45203    -0.41916   -0.805716    -3.00927   -0.790674     -2.3799    -1.28079    0.199291  -0.0211078   -0.350956    -1.05556    -2.11383     4.22625   -0.903729   0.0848472    -1.26242   -0.130886    -3.31409    0.964953    -1.07803   -0.615765    0.808841  -0.0464324     0.51135   -0.427681  -0.0462295    -1.41553    0.587819   -0.643713     1.21928
  -0.315105    0.549406     1.20977    -3.41955    -1.60285   -0.413178    -2.24576   -0.333289    0.205666   -0.949923   -0.230673    0.685257    -4.51568    -2.61032     -2.2272     1.51235    -1.37058   -0.685889   -0.681949     3.53364   -0.261092     1.26209    0.754047   -0.414153    0.675202     1.24308     0.49747     1.86049    0.987922     -1.7304
   -1.54908   -0.403197    -2.10664    0.153202    -1.15249   -0.748678   -0.928994    0.341795    -2.02435    -1.08015   -0.348576    0.287249    -1.20147    -1.49912   -0.127825    0.238926   -0.507044    0.803298     1.70653   -0.739709    -1.24878   -0.883088    0.455308  -0.0486594      0.2939    0.664314   -0.967864   -0.706646    0.958497    0.405166
   -2.26955    0.722346     1.16441   -0.224755   -0.820672   -0.299152    -0.21543    0.593311    0.963381    0.294983    -1.13632     1.38668   -0.558048   -0.705409    0.972041    0.405481    0.226866    0.984049    -2.38415   0.0257939    -1.10147    -4.90529    -2.36444    0.688188  -0.0546208     1.32505   0.0573057   -0.778347    -2.21897   -0.525986
  -0.909106   0.0479017   -0.345494   -0.268871    -1.82316     4.83991    -1.28218    0.730308   -0.658607    0.924522    -1.25214    -1.07085    0.077804     2.74152   -0.610445    -1.66199     2.43346   -0.654455   -0.954429   -0.410948    -2.16247      1.1277   -0.430164    0.735761    -1.15936    -2.00405     1.32073   -0.858389    -1.28948  -0.0292105
  -0.283468     1.21335    -5.15493    0.233513  -0.0756142    -1.27811     1.00842    0.861242    -3.78557    -1.06185    0.045338     1.11571    -0.42851   -0.254993    -0.74859    0.406152     0.36766     1.74178    -0.14747     0.36247   -0.808394    0.693611     -1.4409     1.00611    -1.74409   -0.234186   -0.332668   -0.151571    0.126562    0.733356
   0.540329    -1.05618    0.334558   -0.958708    -0.16935    0.429912     1.65908    0.247992    0.640895   -0.199369  -0.0180202    -0.40887     1.09283    -1.75183   -0.580736    0.836362   -0.330595   -0.497205    -1.02055    0.210299   -0.313412    0.586372   -0.465163     0.41936   -0.925537     1.93156   0.0988412    0.907118    0.768029   0.0451238
    1.21908   -0.434692   -0.577505  -0.0628997   -0.421858    -1.17266  -0.0482883     0.15225   -0.872712    0.451755  -0.0912047    0.750007   -0.376154    -1.23634    -1.32329    0.552872    -0.89263   -0.712493   -0.486685    0.236938    0.979421   -0.538635    0.203778 -0.00124763   -0.526142   -0.334948    0.673097    0.245553    0.319487     -1.5972
 -0.844752
  -1.19292
 -0.174213
   1.89854
 -0.126224
  -2.34249
  -1.25609
  -2.12836
 -0.657845
 -0.916243
 -0.032613
 -0.745229
  0.175317
-0.0154657
  0.796554
 -0.609832
 -0.724499
   1.26874
   2.02186
 0.0901679
  -0.32788
  0.209778
   1.17485
  -0.79245
 -0.683646
 -0.496853
  -1.91232
   1.44983
   -1.6104
  0.130941
1
4
30 10
    2.68039    0.661514     -1.0799    -2.35172   -0.965084     1.65815    -1.33889      2.3782    -1.70083     -4.7497    -5.32708    0.354202     3.54572     1.19885   -0.995669   -0.824822     1.05154    -2.23781   -0.736124    -1.48932   -0.752666    -1.10034   -0.751308     2.20242   -0.884976      1.1289     2.80368   -0.233678     1.08669     1.51632
  -0.959657   -0.463008    -3.60907    -1.65816    0.100165   -0.768696     4.22587    0.246414    0.184971   -0.725699    -0.87381    -1.26361   -0.746439     1.14239  -0.0646243    0.711785   -0.557267    0.122661    -1.50117     1.12014     0.97275    0.840921    0.176711     1.62057    -2.03839     1.22421    -1.65971    -7.92655    0.875054    0.667255
  -0.183182 0.000941281    0.871835     3.21345    -9.45109    -3.90408    -2.36484   -0.202436    -1.37062     2.28202    0.847986   -0.616963    -0.44303   -0.534788     3.38648      1.9593     1.85598   -0.364191    -1.91545    0.210949     2.27977     2.24796     2.10686     2.49669      1.9379     1.98108     3.31195    0.144709    0.775525    -1.12095
   0.496882    0.224454     1.35544     1.39372     4.51275   -0.805329   -0.904356   0.0371543    0.449859    -1.09964    0.211803    -2.29662    0.830946    -5.55424    -3.48215    0.552362     2.46146     4.29292     -2.1646   -0.497991    -1.78153    -1.22693    0.763554      1.2251   -0.309626    -5.41579     2.88136     1.61874   -0.547411    -1.72486
   -4.74197    0.961177    0.773533    -1.04054      1.1408 -0.00572718    0.510969     1.18983      2.6445     2.17819   -0.722825    0.951354   -0.758362     1.68021     2.32728    -4.96303  -0.0910308    0.394711   -0.150102     -2.8094    0.472866     2.68675    -6.92406  -0.0277249    0.679996    -2.43243    0.371899     1.31142    -1.40463    0.753531
   0.437136  -0.0755742   -0.936867     -0.9663    0.903921     3.75294  -0.0771444    0.925241     3.33236     2.37233     1.49189     1.56781    -2.59365    -1.11215     -1.3738      2.3551    0.741233    -2.32365    -1.09991    -2.80232    -1.12821    -6.58277    0.858369    -0.88503    0.110568     1.08652    0.818149    0.666995      1.7251   -0.995874
  -0.467684   -0.194226      3.5115   -0.226004   -0.231609    0.713719     1.27955     1.41758    -5.53245     1.83235    0.970053   -0.391624    0.584262    -1.11371   -0.804865    0.964512    -6.16329   -0.539935   -0.704639     3.28572   -0.271742     2.32321    0.765671    -7.88752     1.47297    0.626581    -0.32597    0.512058    0.270343   -0.337274
    1.65978   -0.424048   -0.800562     0.79689     2.67625    0.215733    -1.73351    0.359922    0.933768    -2.27827     4.52314     2.41263      1.8878     1.27034    0.941788   0.0826501     1.37359     0.69022   -0.545538     3.28066     2.87482    0.324727     1.23081    -0.69763    -1.57695   0.0374848    -7.10284    0.998061    -1.83863    0.346646
    1.18251    0.112674   -0.235152    0.153818     1.19383   -0.316589    0.996682    -6.50176    0.696342   -0.625193    -0.43618    -1.40124    -1.98754     3.41524    0.476174   -0.164109    -0.57517   -0.351834     8.13662   -0.550242    -2.43699    0.243518    0.551849    0.876281    0.690785     2.10889     -1.0038     2.57907   -0.747736    0.785863
  0.0511055    0.192567    0.108398   0.0609573   -0.307352   -0.111591  -0.0544983  0.00572554 -0.00353759    0.193932  -0.0804971   0.0724919  -0.0593102    0.325296  -0.0795924   0.0288898  -0.0647329   0.0920922   0.0921896    0.030292   0.0747204   -0.196056 8.69801e-05   -0.214028    0.327985  -0.0388157  -0.0761363   -0.163436    0.014318    0.524244
 0.802175
  2.61302
-0.490934
0.0794158
  1.91962
 0.375579
  1.33743
 -2.80246
 -4.51231
-0.124131
