3 16 0.5 500
1
1
9 30
   1.55206   0.245339   -2.88516   -1.03728    1.11544  -0.920697   0.158421   0.741489    1.54219
  -1.04836   0.774389  -0.710778    1.54581  -0.476655  -0.649029  -0.616301   0.202429   0.429333
-0.0167972   -5.04706   0.688887   0.390918   0.179896   0.710048   0.582774    0.65161   0.265928
  0.844919   0.469929   0.203957  -0.566779   -0.81392    1.58625   -1.89172   0.593034    3.50615
 -0.369603   0.785297    4.87387  -0.352063  -0.571029  -0.528156  -0.141585 -0.0271326  -0.993389
 -0.432313  -0.397753  -0.587696 -0.0737571   -1.40688   0.151909  -0.303939    5.79163 -0.0931724
  0.189899    0.38242  -0.774037   -0.80431   -1.06577    4.26979 -0.0493228   0.182802  -0.935104
  -4.75635   -0.10849   0.293748  -0.742308   0.263389  0.0558218   0.203294   0.229799   0.208726
-0.0808229    -3.3637    0.44263   0.963906  0.0983331  -0.540017   0.285103   0.405392   -1.30759
   2.48973 -0.0664544  -0.514226  -0.218515   -0.60613   -1.32397 -0.0930016    2.74464   -1.66921
-0.0256121  -0.270895    2.90181  -0.746193  -0.120007    -0.6334  -0.544846  -0.134186   0.837867
 -0.846539    2.12021   -1.40689  -0.417514   -1.62721  -0.643105   0.166241   0.904061    1.44918
 -0.823484     0.6368  -0.488703  -0.600159     2.5082    1.33907   -4.02792    -0.1116 -0.0244858
 -0.666879  -0.204051   -1.95884   0.235097  -0.609212  -0.641576   -1.59983      2.895      1.852
  0.680877      -1.29   0.434937     2.9683  -0.472653  -0.177589   -2.02329   -1.14166  -0.385864
  0.544128     0.3957   -4.30437    1.54527  -0.340767   0.119939    1.40742 -0.0430653   0.705929
  -1.53148  -0.390477   0.660693  -0.476832  -0.551909  -0.746512   -1.18516    3.33207  -0.941161
   2.64857    2.53682  0.0576563   0.938212   -1.52832   -1.46046  -0.994951  -0.566533   -2.29197
  -1.42239  -0.904921  -0.780402  -0.954062    4.10925   -1.41038  -0.316602  -0.620686   -1.79884
  -1.56572   0.773498   0.857189  -0.464893   -1.99312     -0.685    4.08034   0.606595   -1.64322
  0.233206   0.314804  -0.549708  -0.658974  -0.307593    4.63367  -0.241734  -0.778738   0.140892
  0.171679    0.79751   0.307061   -5.03164   0.614356   0.961452    1.17237   0.156875   0.749589
 0.0205323  -0.586587    1.67233   -2.77723   0.439713   0.317679    1.28465   0.384054    2.41359
  -4.05291   0.878724  -0.475749 -0.0564398   0.802006  -0.544347  -0.125907 -0.0639705   0.477797
  -1.48702  -0.971706  -0.760765    1.23583   0.196518   -0.12914   0.190506  -0.488776    2.24934
 0.0284499    1.42456  -0.118835 -0.0227513   0.224382   0.795086   -0.28789   -3.75941   0.802425
   4.55147   -1.21972  -0.722071  -0.904162    -0.8858   0.361438  -0.558948    0.57531  -0.518678
  -1.25268   0.310164   -1.91008   0.571317   0.135277 -0.0811904    2.74724    0.19595   -1.29533
 -0.260162    1.31204   0.294123   -2.44462   0.372633  -0.448183    2.06225  -0.290501   0.360002
    0.9465   0.290796  -0.109196   -0.43164   0.385295   -4.62835 -0.0869362   0.855817    1.20609
  -1.63521
  -1.04146
   2.77654
 0.0447953
  -2.66708
  -3.63562
   1.92197
   2.43566
    3.2285
  -1.96576
  -2.81753
-0.0599525
  0.513937
  0.432364
  0.103735
  0.912432
 -0.716359
   0.93623
   2.35842
  -1.20886
  -3.52924
   3.38318
  -0.57782
   3.49129
  -1.66394
 -0.959836
   1.53974
 -0.216513
  0.797642
   2.82375
1
1
30 30
   -0.309135    -0.207313    -0.505681      1.01087    0.0892664     -1.62744    -0.192796     0.831509    -0.556038    -0.164955     0.356313     0.342179    -0.411668      1.00419   -0.0342856    -0.308526      0.61587     0.311271       -2.338     -0.12098    0.0624522   -0.0874142     -1.02133     0.658643    -0.167898    -0.747742     0.495582     -0.69658    -0.818341   -0.0870652
  -0.0589563    0.0157255    -0.284733  -0.00119715     0.155049     0.192408    -0.391672   -0.0691627    0.0254768    0.0558129     0.531902    -0.149167    0.0904074    -0.230416    0.0989036    -0.160307    -0.152061    -0.451166     0.255043   -0.0819297    -0.415793    -0.430401   -0.0841539    -0.111138    -0.163502    -0.247247   -0.0563498    -0.431279     0.015222    -0.310789
   -0.325491     0.267743     -2.60731      0.48915    -0.140148    -0.400384    -0.485682    -0.287949     -2.49875    -0.546374     0.653765     0.615106    -0.317562   -0.0930129     -1.23067     0.744294    -0.476517    0.0704547    -0.826702       -1.168     0.681342    0.0250607   -0.0600144    -0.372172      1.01557      0.10708     -1.29451    -0.203945     0.288933     0.136203
   0.0345271    -0.211898    0.0798543    -0.969336     -1.74442     0.174231    -0.587709    -0.507557    0.0266865     0.382491    -0.878215    -0.657277   -0.0423092      0.18671    0.0266697     -1.31588     0.593499    -0.960374    0.0346356     0.361069    -0.489714    -0.251196    -0.118461    -0.155556    0.0110227     -1.35208    -0.104106    -0.244487    -0.674011     0.252413
    -1.88508      0.27939     0.532905     0.061415      4.48556     -1.43634    -0.906528    -0.711549     0.542755     -1.86149      1.24065   -0.0190738    -0.117933    -0.504945     0.801479     -1.68204     0.931976     0.399322     -1.16921     0.168006    -0.683685      1.76577   -0.0242689    -0.101875     -0.69322    -0.117219     -1.19373     -2.49541    -0.492722     -1.24756
     1.20935    -0.565082     -1.19379   -0.0548712     0.163717    -0.511481      3.00699     0.856843    -0.971952     0.147123    -0.175615    -0.584781     0.318187    0.0821023     -1.16095      1.18582     -1.11713     -1.24343    -0.458076     -1.36545     -1.40774     -1.19986     -1.01019    -0.175254    -0.355206     -0.36623     0.883714      1.39458   -0.0796042      1.56582
    0.898513     0.737114      1.34173     0.686628     0.779819      1.38657    -0.171059     -1.30593     0.200937     -1.10977     0.620933      1.71526     0.758372    -0.352533      -1.3418     0.716936     -1.59037      1.07885    -0.033535     -1.21338      1.48142    -0.979789     -0.96218     -0.86121      0.32147       1.2819     -1.83631     0.353854     0.130765    -0.837535
    0.461335    -0.358684    -0.438698   -0.0090936     0.170244    -0.327275     0.979523    -0.210855      1.12573      2.02067    -0.567238     -1.64345     0.533592     0.144911   -0.0637905    -0.851069    -0.622536      1.41725      1.70052    -0.532047     0.176297    -0.662548     -1.27458  -0.00359607      -1.7569      -2.1314      1.96672      1.76134     0.576536      -1.1697
    0.424639      0.16322     -0.24346    -0.914286     -1.26991     -1.13963       1.6127    -0.331109    -0.447387    -0.423258    -0.116397     0.326377     -2.99216     -1.04777    -0.838751      1.35032     -1.91187     -2.03668      2.12757      2.92939    -0.514206     -1.38234   -0.0160255     -1.16401     0.841904     -1.27862     -1.39224      1.41706    -0.166722      0.81417
    0.811131    -0.706317    -0.296931    0.0089697   -0.0258187      2.24357     0.980463     -2.68127   -0.0602889    -0.535558    -0.461991      -1.9438     0.436696     0.154925    -0.805063     -1.22442    -0.099216     0.864509      1.58113    -0.166655    -0.149556     0.099994     0.678433     -3.51002    -0.356035    -0.383117    -0.109125     0.706385     0.439098     0.198835
      1.7381    -0.708863     0.324237     0.956561    -0.664824      -2.8391      1.08738      -2.4275      0.29532       2.0747    -0.694877    -0.169221     -0.32677     -1.03654     0.715409   -0.0416044     -1.40162      1.25437     -1.72182     -1.47118     -1.04454      0.55115      0.59519     -1.87181    -0.661961     -2.92931      1.23021    -0.470014    0.0772767      1.95687
   -0.601811     -1.46033     0.219699   -0.0783884     0.116551     -1.28887       1.3268      1.66732     0.160344      1.56566    -0.034395    -0.264754    -0.632925    -0.964555    -0.575181     -0.60384     0.608778     -1.18847      1.22697     0.919626     -1.62227      -1.5918      1.64732     0.296898    -0.498863     -2.04543      1.58469     0.289314     0.705269     0.789972
  -0.0339731    -0.742959    -0.426783     -1.57556    -0.140999     -3.87139     -1.81814      2.00514    -0.495975      3.11457   -0.0729243    -0.713359     -0.10996    -0.453516     0.344583    -0.930091    -0.104991     -1.25526    -0.963486    -0.727262      3.10097     0.297235    -0.763273      2.40224    -0.671368     -1.50215      2.51966    -0.238167    -0.266399     -2.02632
   -0.376389     0.559122    -0.073151      0.20111     0.753777    -0.389683     -1.97288    -0.264119   -0.0447965    -0.918317     0.575544     0.010637    -0.430312     0.389079      1.17958     -1.17038     0.105171   -0.0239702     -1.16352     -1.38626    -0.585224     -3.24725     -1.68032    -0.103812    0.0787157    -0.647796     -1.19221    -0.618477     -2.39436     0.234119
    -1.25809    0.0123153    -0.673329    -0.800813    -0.801503     0.417818     -1.02847    -0.022445    -0.423036    -0.241757    -0.498098    -0.294385   0.00533415    -0.200021      1.35327     0.635626     0.651478     0.947614     0.785959    -0.551079    -0.389574     -2.89955     -1.06967   -0.0886177     0.719479    -0.377129    -0.740864    -0.336385     -1.46691     0.317381
    -2.51067     0.149679     0.405756     0.237485    -0.943934    -0.517351     0.609171     0.485967    0.0627039     -1.00313    -0.882648      0.64352    -0.906898     -1.18282    -0.319458      1.62737     0.692952    -0.189359     -2.15605     0.405194      -1.7226     0.360122     0.184304     0.360587     0.390897     0.383581    -0.695091    -0.334361     0.757145     0.611127
    -1.55256    -0.489004     0.790611      1.33728     -1.34103     -1.89255     -1.74985     0.422984    -0.138955     0.261861    -0.936411    -0.592339      1.69351     0.964986      2.61638     -2.03088      1.25165     0.921136    -0.588864     -1.10545    -0.768684     0.278154      -1.3152     0.405439    -0.396693     -1.99553     0.053619     -2.94346     -2.03353    0.0286138
    -2.17201       1.2134      1.07767     -1.28094    -0.386724    -0.663857     -1.61166    -0.751383      1.12112     -1.04611    -0.531066      1.09007     -1.63939       1.3971      2.03721      1.23908      1.89884     0.737766    -0.447071    -0.719076   -0.0410289      1.21342     -1.45668    0.0522505     0.748665     0.626978     -2.17202    -0.539349    -0.285226    -0.655709
   0.0416434    -0.258136    -0.592008     -2.81657      2.32951      1.47399      1.63297      1.08164     0.694032      2.28917     -1.41105     -1.69525     0.496268     -2.00957     0.841572    -0.389745     0.190281      3.02204      2.40889      1.36122     0.893138    -0.952479     -1.87624     0.671467     -3.38848      -1.2957      1.57575      1.51043    -0.262248     -1.44469
      1.4116    -0.438898     -0.94583     -1.26712     -1.10459   -0.0553786      0.28148     -1.35493    -0.661937     0.391294    -0.195386     -1.45599      2.25545    -0.793736     -1.33801    -0.889454     -2.32964     -1.62918     0.883933     -2.32902      2.00502    -0.410827    -0.310969     -1.80153    -0.446435    -0.786015    -0.611569      1.46986     0.102928     -1.30363
   -0.702957     0.479775    -0.444624     0.603727     -0.60656    -0.518475     -1.69258   -0.0254001     -1.11321     -1.16012     0.382121     0.182309    -0.332681     0.697399     0.708565     0.292941     0.494718    -0.494258     -1.02657    -0.781395    -0.452059     -1.58303    -0.420411    -0.651071      1.35014      0.33311      -1.4622     -1.20599     -1.28663     0.144649
    0.841086    -0.185987    0.0559978     0.938438     -1.19459   -0.0854798      1.14792     -1.56315    -0.394052    -0.393131    -0.379218    -0.290284      1.89281    -0.143374    -0.418793     -2.43318    -0.480483      -1.5129      1.10654    -0.217234      3.33452    0.0597105     0.337037     -2.08173    -0.256042     -1.09983    -0.952613      1.13668     0.554271     -2.79841
    0.294101    -0.192173     0.125594    -0.549408    -0.526382       -1.838      0.14726    0.0315752     0.561438 -8.33462e-05     -0.23984    -0.688449     0.677069     -0.24467     0.446886    -0.501012  -0.00531462      -1.2803     0.444422    -0.719584     0.181676     0.261879     -0.26784    -0.102243    0.0624091     -1.40664    -0.708178     0.412718  0.000672411    -0.028219
   -0.353283     0.636464      1.80418     -2.63909     -1.31468    -0.233818     -2.16004    -0.638088     0.968087     -1.02623    -0.175229      1.11005     -3.99677      -1.5839     -1.59034      1.41101     -1.43627    -0.865627     0.464582      2.32375      0.68071      1.49049     0.733453     -0.75959     0.595283     0.894824    0.0861725      1.27882     0.517198     -2.38626
   -0.868088     -0.17439     -1.56419    -0.346976    -0.107208    -0.329902     -0.81389     0.208798     -1.35426    -0.641621    0.0224273     0.578625    -0.183946    -0.828792    0.0755602      1.38557    0.0147072      1.21373      1.08887   -0.0943148      -0.4691    -0.859058    -0.318332      0.25213  -0.00622192     0.376299    -0.341368    -0.765905   -0.0168878     0.124923
    -1.60949   -0.0612465      1.22662     0.162705     -1.11229     0.225578     0.363048     0.107134     0.733655    -0.308407    -0.913229      1.42746     -1.10618     -1.14113      1.09175       1.1834     0.367433     0.779805     -1.53323    0.0800531    -0.920833     -3.56768     -1.82527     0.222182    0.0790292     0.960328     -0.16423    -0.104144     -1.93637    -0.299963
   -0.627782    -0.146274    -0.573806     -0.45281    -0.531265      3.68431    -0.707914     0.322669    -0.713327      1.12621    -0.805032     -1.27444     0.454378      1.89326    -0.363901     -1.49023      1.88195    -0.170393     -1.20181     0.112838      -1.5934     0.925783    -0.252916    -0.138749    -0.550464     -1.57916     0.304642     -1.06408      -0.1548    0.0694452
   -0.480858      1.03368     -4.41711   -0.0635583     0.204291     -0.71358     0.509863     0.757176     -3.38565    -0.319507     0.123071      0.34012    -0.539835    -0.465408    -0.960242     0.384297     0.209605      1.40485    -0.149672     0.552123   -0.0173254   -0.0927357    -0.298665     0.573522     -1.08051     0.204535    -0.519551    -0.727521     0.212166     0.161852
    0.247196    -0.233965    -0.375716    -0.213195    -0.045493   -0.0174764     0.235142   -0.0387034    0.0230567    -0.152717     0.333311    0.0666413     0.201213    -0.600951    -0.374904     0.128643    0.0508332     -0.20284    -0.309219    0.0255721    -0.139506    0.0840102    0.0639856   -0.0214858    -0.214832     0.299603   -0.0189048      0.19604    0.0607743    0.0281118
    0.855646    -0.399557    -0.105691    -0.169066     -0.16653     -1.27199   0.00265366    -0.401563    -0.142995     0.534918    0.0824739     0.496828    -0.120527    -0.963508    -0.991579     0.485218    -0.924063    -0.803054    -0.255394   -0.0467965     0.262884    -0.491465     0.396517    -0.450028    -0.577865    -0.600073     0.136523    0.0339769     0.165452    -0.848853
-0.745224
 -1.21219
-0.416827
  1.41888
 0.378127
 -1.71778
-0.804658
  -1.2336
-0.121915
 -1.04901
0.0250168
-0.877243
 0.168792
 0.103732
  1.13771
-0.781331
-0.534817
  1.40706
  1.36605
0.0218252
-0.222996
 0.143517
 0.956025
-0.344668
 -0.18565
-0.522514
 -1.17685
  1.38771
 -1.82161
  0.31909
1
4
30 10
   1.65448   0.400745  -0.646833  -0.487621 -0.0487349    1.27468   -0.23079     1.7001  -0.434582   -4.28364   -4.92767   0.848325    3.83323   0.514615    0.17963  -0.681203   0.837621   -2.99022   0.560315   -1.51822  -0.424645   -1.90484   -0.66131    1.90733  -0.908879   0.666642    2.38295   0.857187   0.158761   0.986586
 -0.501703  -0.143592    -3.1672   -1.56882   0.889436  -0.374883    3.66852  -0.709993  -0.314773  -0.318596  -0.433023    -1.2025   -1.97726    1.08857  -0.347745  0.0582829   -1.49479   0.601912   -1.04642   0.773908    1.35562   0.427198  -0.748358    2.18434   -1.74734    1.05152   -2.05856   -6.42593   0.253574  0.0924602
 -0.604813 -0.0848518    1.12241     2.2354   -7.47305   -2.69793   -2.17467    -0.6071   -2.32482    1.93731   0.608091   0.925966   0.588601  -0.948704    2.30015    1.79033     2.5689  -0.135562   -1.40763   0.165167    1.56227    2.27019  0.0966261    1.35798     2.0561    1.30556    2.48679   0.205323  -0.356146   -0.77102
  0.711666   0.131249     1.0678    0.58996    3.64071    -1.3233  -0.522446   -0.58118   0.134264  -0.656562   0.407356   -3.37744   0.546514   -4.14926   -3.23934   0.445356   0.877869    3.65463   -2.67288  -0.452441   -1.53016   0.387914   0.257418    1.60985  -0.801937   -4.60824    1.52487    1.32253  -0.127998  -0.906638
  -2.03234   0.489851   0.290294  -0.501027   0.773592  -0.215847   0.379036    2.43332    2.62235    1.93182  -0.764811 -0.0801459   -1.34772    1.29746    2.01468   -2.45859    1.33078  -0.277229  -0.502761   -2.33373    0.62828    2.11102   -1.25465  -0.257448   0.797568   -1.54418   0.173355   0.497906  -0.427464  -0.302805
 -0.110734   0.115108  0.0316156  -0.708407   0.187812    3.40797   -0.55626   0.620988    3.61237    2.42329    1.33251    1.79371   -3.76196  -0.779865  -0.509165    1.54365  -0.229768   -2.34885   -1.38401   -2.77225  -0.640673   -5.05163  -0.936947   -2.68329  -0.401653    1.66478    1.04806    1.07199   0.365075  -0.569159
   -1.4926  -0.119414    2.10182  -0.234791   0.184976    0.81151   0.724271   0.522149   -4.91513    1.40368 -0.0484451    1.16233   0.437847   -1.31372  -0.680261   0.790287    -5.2413   0.887938  -0.592279    3.38149  -0.353089    1.60624  0.0973048   -5.73598   0.978223   0.976776  -0.987342 -0.0354207   0.393546  -0.126708
   1.32227  0.0333537  -0.177022 -0.0288327    1.19598   0.230032   -1.80395   0.284169   0.238349   -2.48196    3.98543    1.60151    3.03878      1.122   0.536978  -0.381144    2.01469   0.782179  -0.774662    3.15454    1.55541   -0.12178    1.94853  0.0753352 -0.0188565  -0.227133   -4.92219   0.696487  -0.162321    1.12904
   1.15785 -0.0185164  -0.772164  0.0193881   0.529215  -0.572062    1.11079   -3.81216    1.01986  -0.769028   0.525616   -2.35577   -1.03859    3.56103   0.155585  -0.433091  -0.567083  -0.491817    7.13954  -0.650236   -1.92388  0.0328808 -0.0200539   0.464842   0.128976    1.05937   0.446695    1.48077  0.0971009   0.359187
    -0.196  -0.211053   0.339773  0.0647821 -0.0298771   0.199693   0.130395   -0.02921   0.002178   0.191165  -0.203887 -0.0215797  0.0209253   0.239147  -0.143739   0.307606   0.169211 -0.0240727   0.150086  -0.101371     0.1229  -0.120292  -0.107278  -0.160889   0.168465   -0.14972   -0.01461  -0.261582  -0.029307   0.406267
 -0.283177
   2.66798
 -0.816059
0.00158619
  0.420305
  0.780537
   1.83681
  -2.27715
   -3.0094
 -0.267617
