3 16 0.5 1300
1
1
9 30
    1.33959    0.625765    -3.96693    -1.16383      1.2523   -0.665103    0.836224    0.114196     1.43886
  -0.388608     1.12595   -0.662566     1.91079    0.288743   -0.383198    -0.57231    0.960899    0.896203
  -0.138289    -5.47672    0.686573    0.927404    0.412119     1.23716     1.16524    0.772015     1.02489
    0.76156    0.433036   0.0787091   -0.516528    -1.78122     1.71811      -1.429   -0.543079     3.20942
 -0.0918401      1.0182     5.84193  -0.0317598   -0.464063   -0.793056    0.167587   -0.414132    -1.39504
  -0.845597  -0.0659119   -0.214567   -0.713208    -2.23095    -1.21268   -0.950486     6.82559    -0.43355
   -0.20345  -0.0866716   -0.549316    -1.15913    -0.89375     5.10031   -0.363154   -0.331252    -1.31609
   -5.81759   -0.294405    0.355546   -0.863079   0.0171667    0.752862    0.250841    0.437086    0.474326
  -0.146165    -3.99383     0.36441    0.571581  -0.0961167    -0.23659    0.370097    0.789149    -1.65947
    2.98215    -1.56854    0.314215   -0.190469   -0.836195   -0.168798   -0.905226     2.72355   -0.890456
   0.433426    -1.07152     3.35706   -0.212195   -0.634347     -1.0817  -0.0509795   -0.308048     1.32445
-0.00757107      2.3316     -1.3182    -0.30803    -1.28693  -0.0224969      0.3026    0.434002      2.4442
  -0.139557    0.512217   -0.167837    -1.37668     3.21453    0.772077    -3.32764   -0.579522    0.140872
  -0.351534   -0.495885    -1.79504   0.0903925    -1.73449    -1.07543    -2.89896      2.4916     2.51626
     1.7631    -1.38018    0.427769     2.57793  -0.0526157    -1.03239    -1.51996    -2.32348    0.230857
    2.08051      1.4507    -5.06624    0.678478    0.151242     1.35214    0.697457   -0.503031    0.743374
   -2.11424   -0.113166    0.198598    0.442816    -1.08443   -0.249604   -0.512455     3.62155    -1.47111
    1.00897     2.39071    0.279649    0.524419    -3.65532    -1.05927   -0.758947   -0.455444    -1.31519
   -1.48466    -1.23638    -1.51952    -1.21362      6.0449    -1.40405    -1.23457    -1.52221     -1.3336
    -1.4893  -0.0388464     1.06882   -0.323204   -0.882531   -0.672407     5.42762    0.297954    -1.46554
  0.0455094   0.0235639   -0.180529    0.226708   -0.526058     5.28819   -0.237452   -0.722124  -0.0120635
   0.821303    0.522691      1.1991    -6.38046    0.824076    0.967303    0.815231    0.930368     1.35062
   0.347089   -0.946319     1.03573    -2.61712    0.842472   -0.472186     1.73689    0.828664     3.01223
   -4.93022     1.43716   -0.372151    0.324608    0.998061   -0.293035   -0.348159     1.08137    0.194948
  -0.386627    -1.86784   -0.453988      1.5508    0.605173   -0.118977  -0.0541124   -0.747908     3.79406
   0.206719     1.72225     1.03329    0.116785    0.687768    0.759715    0.403698     -4.3278    0.588514
    5.89303   -0.902279   -0.818601   -0.973319    -0.13299   -0.475915   -0.537742    0.714119   -0.672923
  -0.896736   -0.787369    -2.94266    0.307935    0.137119   -0.765153     1.87122  0.00579195    -1.22096
  -0.344939     1.38267     1.01664    -2.10219   -0.846917   -0.971001     2.79779    -1.24968    0.474397
    1.38083    0.280737   0.0376054   -0.625542     1.50441    -4.87349    0.115396    0.476369     1.12237
 -1.45638
 -1.58419
  3.21018
 0.829926
 -3.31153
 -3.60762
  1.85458
  2.09694
  4.05326
 -3.09399
 -3.74709
 0.464382
 -1.20179
-0.712408
 0.200109
-0.961471
-0.585703
  1.03674
   2.2762
-0.938007
 -3.73864
  3.32568
-0.992687
  3.31042
 -2.10833
  -2.1795
  2.16281
-0.540405
   0.4065
  1.93334
1
1
30 30
  -0.853416    -0.38162   -0.322499     1.39136    0.152313    -1.80545  -0.0333236     1.03914   -0.523833   -0.284339   0.0840282    0.594088    -1.97179     1.00106   -0.151643   -0.423961    0.530612    0.873367    -5.11976     0.01393   -0.212493   0.0597754    -1.00827    0.786306   -0.335548    -1.51099     1.77034    -1.01942   -0.820706     0.10321
 -0.0275073   0.0319538   -0.291692    0.325823    0.210802     0.54006   -0.421422  -0.0890686  -0.0510832     0.24391     0.69346   -0.135762    -0.23723  -0.0442307    0.266389  0.00616739    -0.13445   -0.553515    0.324609   -0.125085   -0.381929   -0.581698    0.056527   -0.133709 -0.00428424    -0.31625    0.186348   -0.498813  -0.0837191   -0.346439
   0.107086    0.719252    -2.90476    0.655787    0.106005   -0.491768   -0.848099   -0.123695    -2.82816   -0.445995    0.842195    0.906178   -0.327608  -0.0862298    -1.33876    0.761155   -0.609738   -0.263097   -0.951972    -1.24778    0.600369  -0.0285048   -0.190569   -0.286936     1.60967    0.314505     -1.6842    0.107096      1.0074     0.33581
  -0.885645   0.0128408    0.574704   -0.728713    -2.99915   -0.728859    -1.96111   -0.793975    0.531303  -0.0964228   -0.825081   -0.779187    -0.52224    0.445826    0.369256    -2.93733     1.11791   -0.447502    -0.30348    0.971812   -0.506633     0.62286  -0.0598504   -0.716526    0.306791    -1.64766   -0.831498   -0.366027   -0.214474    0.760331
   -2.79693    0.157273     1.01379   -0.314109     5.71708    -1.12724    -0.94079    -1.02984    0.275945    -1.76045     1.75526   -0.594905   -0.354739   -0.659328    0.841833    -2.25494      1.6764   -0.358907   -0.830894    0.234646    -1.02942     1.39274  0.00885153    -0.53626   -0.884962   -0.880856    -2.14461    -2.86546   -0.804654    -1.23953
    2.45758    -1.07613    -1.62092   -0.327166    0.849162    0.811358     3.16563    0.762584    -1.14554    0.645176   -0.148632     -1.0412    0.134411    0.875984    -1.11757     3.07279    -1.27354    -1.36258    -2.00175   -0.978492    -1.89858    -2.18842    -0.84798   -0.104351    -0.26135    -0.41911     1.47084     1.91012   -0.208048      1.2582
    1.18484    0.973487     2.65464    0.146384    0.549738     1.56348   -0.172331    -1.06399    0.133758   -0.764174    0.424789     3.27798    0.877841    -1.03839    -2.37038     1.14969    -2.04466     1.09187   -0.802394    -1.63374     1.26958    -1.72211   -0.581098   -0.189549    0.475862     2.28152    -3.50269   -0.147257     1.00254   -0.376621
   0.215182   -0.905214    -1.57048    -2.04138     1.33656   -0.102652     2.17987    0.720259     1.27217     1.90062    -1.52074    -2.37307   -0.380036    -1.59009   0.0864684    -1.03262   -0.892189     2.27169     2.73866   -0.505357   -0.612653   -0.808095    -2.11992      0.3589    -3.21197    -1.97007     2.33936     1.82515    0.335473    -1.77046
    0.58855  -0.0718294  -0.0970636    -1.22211    -1.04688    -1.18267     2.24977    -1.22637    -1.10393   -0.300961     0.24078    0.440995    -3.60421    -1.69602   -0.865906     1.50257    -1.66736     -1.8662     1.79745     3.70901    -1.04384   -0.860576    0.243644    -1.80037    0.714289    -1.59686    -1.97435     1.98951   -0.425745     0.99549
   0.933615   -0.685822   -0.505721    0.197626    0.452634     3.22915     1.17408     -2.6702   -0.303369    -1.14147    -0.52135    -1.47512    0.199045  -0.0521335   -0.808748   -0.913387    0.466994    0.389167     1.57118   -0.318827   -0.214533   -0.475859      1.0487    -3.94378  -0.0609327    0.587269   -0.709859    0.947413    0.899265  -0.0274382
     1.7619    -1.02678    0.363429    0.220972    -0.93527    -3.53044     1.19292    -3.13356    0.403887     2.51461   -0.966143   0.0468427   -0.381317    -1.39615    0.789492  -0.0143391    -1.82658    0.907049    -1.05945     -2.2279   -0.744679    0.924777    0.269509    -2.64848   -0.947094    -3.76589     1.33539  -0.0661626   -0.839681     1.61282
  -0.525945   -0.872218   -0.795448    0.617709    0.775971    -1.87737      2.2384       1.395    -0.34495     1.22055   -0.840657  -0.0146357   -0.961534   -0.229621   -0.600286   -0.776362      1.3259   -0.278456     1.89644     1.65481     -1.5225    -3.17784     2.59686   -0.683809    0.598934    -2.82724    0.924549    0.310773    0.379439    -0.38145
   0.777269   -0.951722   -0.992989    -1.06731    0.203867    -3.78377    -1.94165     2.83361   -0.878202     3.30272   -0.164384   -0.905906   -0.413653   0.0642631     0.50206   -0.816047   -0.222634    -1.81844    -1.90225   -0.140433     3.22388   0.0796422   -0.144302     2.37055    0.951362    -2.29612     3.47809   -0.285995    -0.88614    -1.94642
 -0.0972078    0.631397    0.223192    0.149401     1.60188    0.501216    -2.44325   -0.192447 -0.00215232   -0.789643     1.36342   -0.367096   -0.437297    0.264276     1.03435    -1.18837   0.0767633   -0.646287    -1.35215    -1.48473   -0.569369    -3.67528    -1.63778 -0.00050173    0.202155   -0.744198      -1.248   -0.714816    -2.29558   0.0899474
   -2.20804   -0.285219   -0.282837   0.0287682    -1.45315   -0.428871    -1.03049    0.115494   -0.222264    -1.27666    -1.09927   -0.232102   -0.812959  -0.0530674     1.95242   -0.136785    0.112388      2.2367     1.97762   -0.139008   -0.565802    -3.82419   -0.964284   -0.162515    0.542261    -1.29354     0.13901   -0.587815     -1.2381  -0.0769064
    -3.5205   0.0766752    0.326598    0.681879   -0.754597     0.90281      1.6297    0.359941    0.581086    -1.23127   -0.991597     1.00724   -0.959627   -0.185699   -0.726574     2.03095    0.978712      1.3973    -5.32572    0.610117    -1.02743  -0.0163227   -0.829453  -0.0430192   -0.930291   -0.208055   -0.778225    -0.58258     0.90624   -0.823061
   -1.24159   -0.313822   -0.995114     1.42426    -2.02627    -1.93146    0.101148    0.451109     -1.8134     0.11294    -1.18572   -0.547257     2.81798     1.47796      2.4506    -1.26669     1.28741     1.71753    0.329892    -1.27085   -0.195623     1.97472    -1.55291    0.605165   -0.389999    -1.47178   -0.187493    -3.04464    -2.61727   -0.350715
   -2.01728     1.32834    0.889257     -1.3915     -1.0166    -1.05319    -2.86381    -1.25021    0.655877    -0.47126   0.0801765    0.497202     -2.5361     1.36916     2.63111     1.42474     1.86145    0.219438   -0.321481   -0.219266     0.46444     2.96558    -1.99201   -0.453519     1.36801   -0.192394    -2.38795     0.39475   -0.301668   -0.343919
  -0.359551    0.246225   -0.567687    -3.48206     2.76179     1.28195     1.67617    0.276079     1.57245      2.3457     -1.4912    -1.78026    0.368744    -1.56609    0.734805   -0.418597    0.629558     2.68537     2.11283     1.81257     1.41389    -1.11729    -2.92409    0.200206    -4.45128    -1.69725     1.63755     1.83586   -0.400693    -1.41559
    1.30691   -0.476382    -1.07782    -1.52395    -1.10048   0.0877212    0.264718    -1.40052   -0.803767    0.233531   -0.209709    -1.59508     2.41588    -1.00884    -1.49761    -1.07326    -2.28674     -2.0502    0.880423    -2.31639     2.04633     -0.3987  -0.0986608    -1.96017   -0.404749   -0.345018   -0.940821      1.4406    0.180216    -1.41479
   -1.04036    0.541982   -0.409949    0.540846   -0.990741   -0.910731    -2.02839    0.264257    -1.23502    -1.38503     0.53143    0.308462   -0.747683    0.915114    0.629701    0.172929    0.853418   -0.506237    -1.38447   -0.765495   -0.490491    -2.08169   -0.305158   -0.659685     2.02786   -0.151579    -2.11401    -1.10928    -1.20743   0.0290431
    0.32984   -0.232453    0.107822     1.58575    -1.73558    0.308802     1.20479    -1.61971   -0.530168    0.191278   -0.593875    0.106522    0.359504   0.0807518   -0.516485     -3.0296      0.2493   -0.675681     1.36274   0.0225698     4.12633    0.272353    0.148926    -2.28227    -0.35078    -1.58622     -1.0573     1.25305    0.749683    -3.41249
    1.49001    -0.44851    -0.60776    -2.84368   -0.118201     -2.3955    -1.31598    0.144664    0.209932 -0.00605134   -0.642505    -2.02591     4.51371   -0.603871    0.379916     -1.3916  -0.0391754    -3.04875     1.18354   -0.853367   -0.448215    0.851636  -0.0458761    0.429305   -0.395603  -0.0471124    -1.45648    0.422805   -0.596564     1.42145
  -0.194404    0.550662     1.50188     -3.4884    -1.67189   -0.508491    -2.11148   -0.442411    0.453756    -1.01354   -0.280406    0.661131     -4.2616    -2.54799    -2.08326     1.66652    -1.62065   -0.908911   -0.404346     3.42116   -0.192652     1.34554    0.667114   -0.475202     0.64019     1.22502      0.6326     1.79864    0.890558    -1.67524
   -1.69388   -0.464149    -1.75175    0.454848    -1.23561   -0.748131   -0.737786    0.580007      -1.703    -1.08594   -0.367807    0.447127    -1.17713    -1.44431   0.0940971    0.297769   -0.494814     1.20096     1.90896   -0.879821    -1.16047   -0.543896    0.439125    0.229558    0.187441    0.798303   -0.513018   -0.783311     1.07832     0.50447
   -2.18233    0.559972     1.26444    -0.21837   -0.727447   -0.240651   0.0438513    0.599557     1.06385    0.220139    -1.14934     1.46131   -0.541304   -0.658079     1.00233    0.418596    0.358897     1.11998    -2.47721    0.107254    -1.26326    -4.55908    -2.25744    0.612135   -0.234607     1.13332   0.0221815   -0.699002    -2.25479   -0.398804
  -0.964928    0.111077   -0.621626   -0.288591    -1.31546     4.67552    -1.47691    0.742583   -0.863931      0.5896    -1.08332    -1.13722    0.286888     2.55278   -0.639035    -1.77391     2.50776   -0.943676    -1.34054   -0.574594    -2.13736    0.943214   -0.666123    0.620823    -1.35914     -1.9318    0.495597    -1.02089    -1.24723   -0.195599
  -0.180096     1.29854     -5.0687    0.297466   -0.179343    -1.16454    0.937977     0.85503    -3.68226   -0.934051  -0.0778398     1.10627   -0.347759   -0.231382   -0.758913    0.670572    0.387107     1.82575   -0.201293    0.467113   -0.501764    0.422289    -1.32547    0.977227    -1.70175   -0.103883   -0.219056   -0.121988    0.177956    0.543446
   0.549017   -0.738773    0.102025    -1.16907  -0.0252242     0.18573    0.775402   0.0705884    0.440511   -0.279137    0.131411   -0.481466     1.42132    -1.34419   -0.402978    0.572914    -0.61228   -0.695383    -1.00699   -0.225841   -0.624377  -0.0373674   -0.311458    0.245441    -0.45508     1.61421   -0.529196    0.383806    0.251007    0.200041
    1.19594   -0.493655   -0.619121   -0.280893   -0.422248    -1.31949   -0.135183   0.0154486   -0.843074    0.285839  -0.0851315     0.58126   -0.360721    -1.23338    -1.22912    0.460583    -1.00231   -0.827456    -0.46211    0.115116    0.809342   -0.721899   0.0462212   -0.122936   -0.559619   -0.383238    0.544762    0.198553    0.161707    -1.56759
  -0.861724
   -1.27741
  -0.258692
    2.04539
  -0.173981
   -2.19156
   -1.24464
   -2.25025
  -0.665843
  -0.994147
 -0.0393558
  -0.876805
   0.214088
 -0.0124518
   0.704051
  -0.748549
  -0.636592
     1.2673
    1.91023
-0.00690281
    -0.3885
   0.298561
    1.44802
  -0.739567
  -0.462078
   -0.45991
   -2.03542
    1.51092
   -1.91982
 -0.0102698
1
4
30 10
    2.88354     0.51854    -1.25338    -1.88596    -1.10427     2.11567    -1.91144       2.571    -1.66336    -4.71594    -5.42056      0.1846     3.49715    0.829225   -0.989877   -0.566281     1.16786    -2.32706   -0.488701    -1.38953   -0.676323    -1.60613    -0.57682     2.24091   -0.998887     1.31622     3.09903   -0.310999    0.760341     1.41877
  -0.547172   -0.339807    -3.56616    -1.89711     0.36501    -1.08216     4.67475    -0.62714    0.282444   -0.550386   -0.893649    -1.25507    -1.23206     1.41419   -0.835903     1.13031  -0.0817012    0.300813    -1.28511    0.885953    0.936367    0.372914    0.764088     1.92074    -2.31526    0.822979    -1.79094    -7.66752     1.05654    0.363475
  -0.241233   -0.185754    0.677047     3.28915    -9.35736    -4.12332    -2.28379   -0.643227     -1.8203     2.55156    0.640724    -1.02681   -0.566035   -0.654829     2.96315     1.88861     2.54796   0.0695723    -1.55768    0.180638     2.02399     2.01227     1.43777     1.85771     1.71221     1.86928     3.15594  -0.0726296    0.110392    -1.04795
   0.469009    0.243318     1.21683    0.543537     4.86931   -0.552461   -0.744489  -0.0478135    0.845855    -1.28796    0.569255    -2.69955     1.03487    -5.31651      -3.285    0.477989     1.51726     3.21961     -2.2476   -0.463123    -1.72009   -0.575641    0.919085     1.89075   -0.428603    -5.22735     3.02759     1.86799   -0.212301    -1.48457
   -4.73293    0.796969    0.744509    -1.18366    0.749099   -0.054482    0.918926     1.23231      2.2798      2.0268   -0.843269     1.11284    -0.85065     1.46269     2.48369    -4.88848  -0.0500074    0.775144  -0.0846331    -2.77205     0.46334     2.52159    -6.89738   -0.581174     1.30933    -2.35694    0.163986     1.17305    -1.25033    0.628992
   0.169028 0.000301934   -0.578924    -1.41729     1.05982      4.0197    0.193302     1.43544     3.06822     2.22971     1.28487     1.27976    -2.89572    -1.02241   -0.782408     2.26331    0.364708    -2.62146    -1.49113    -2.74575    -1.08836    -6.08076    0.959717    -1.04153   0.0449961     1.44463     0.68013    0.772361      1.3326   -0.939362
  -0.493373   -0.161974     3.14482    0.170126   -0.329984     1.14617     1.38629     1.15503    -5.44441     1.87977     1.21312    0.281194    0.790942    -1.17159   -0.791385    0.774651    -6.70466   -0.758564   -0.466853     3.29059   -0.216129     2.12555      0.7473    -7.72852      1.3368    0.620204   -0.491962    0.341789    0.783051   -0.156384
     1.6529   -0.254114   -0.499727     1.01048     2.57328  -0.0537344    -2.24612    0.918395     1.05478    -2.17979     4.36405     2.75301     2.44898     1.09808     1.07484     0.23017     1.43918     1.31468    -1.19304     3.34004     2.84758    0.330102     1.04988     -0.4678     -1.2675   -0.104893    -6.92986     1.18542    -1.52382    0.320066
   0.944391    0.186435  -0.0342166    0.685953       1.055   -0.875236    0.606949    -6.14378     1.03483    -0.76746   -0.229607    -1.31398     -1.9077     3.75326    0.573485   -0.636525    -0.10358   -0.289695     8.13389   -0.578477    -2.34129    0.657211    0.374883    0.832014    0.689165      1.9611   -0.819211     2.38133   -0.862202    0.787709
   0.165957    0.163701    0.229814   0.0946373   -0.144312  -0.0300438    0.108033    0.093502    0.204589    0.157481   -0.110012   0.0809111  -0.0171431    0.208493   -0.114615  -0.0882549   0.0742059    0.112114    0.093766   0.0615634    0.116437   -0.209935  -0.0253121   -0.284226    0.335502  -0.0637964  -0.0299348   -0.353272    0.238189    0.656324
 0.412054
  2.84416
-0.931858
-0.259048
   2.1842
 0.429449
  1.58492
 -2.55263
 -4.38971
-0.398557
