3 16 0.5 800
1
1
9 50
  -0.432906    0.840519    -1.26455    0.918915     1.92864    0.759896   -0.799948   -0.890197  -0.0646009
  -0.209477   -0.248174    0.348109    -3.22742    0.246269   0.0688601    0.156119    0.429198    0.372742
   0.374962    -2.44213    0.299917   -0.228779    0.895574   -0.686141    0.231943   -0.348899   -0.454008
     1.2335    0.175372    -1.94268    0.923229    0.410325    0.402967   -0.215851     2.59973     1.36306
   -3.93522  -0.0110585   -0.732454    0.502861    0.920627  -0.0537733   -0.624436   0.0206961  -0.0591851
  -0.210611    0.176531   -0.360603     1.07702    -1.12384   -0.314567    0.193976  -0.0434611     2.43923
   -1.53764   -0.833169    0.610913     1.43658    0.947972   -0.473863     2.48662    0.151194      -2.922
    1.08799    -1.55109   -0.239364    0.192266   -0.585227   -0.532382    0.579717   -0.560917    -1.77471
   0.975473     1.06373    0.046425     1.05839   0.0640073    0.245241    -0.32548    -2.13886    -1.31766
   -1.87783    -1.05067    -2.35006     2.36752    -1.31589  -0.0861545   -0.654893    0.945036     -1.4187
    3.21342     1.79221   -0.544301   -0.188809   0.0925343    -2.03075    0.646511    -1.04711   -0.255154
  -0.724956     1.04662    0.549764   -0.604779     1.65591    -1.21941    0.592721    -1.65798    0.148208
   -1.88617     0.78348   -0.523211    0.765025     1.22345    0.985819    -1.00878    0.026636    0.809337
   -1.43627   -0.102508    0.117437    -1.16477    -1.18102   -0.395903     2.65893    0.145267   -0.658513
    2.27348    0.201039    0.979796      -1.577   -0.840324    -1.28586     2.48382    -1.15965     1.29325
   0.666039   -0.908264    0.291152    0.812359   0.0441169    0.290114    0.104515      2.1116    -0.39751
   0.589372    -1.13862   -0.464628    0.419255   -0.974139    0.839041   -0.723193    -1.10658     3.81742
   0.631349    -1.61481    0.484999    0.500165    0.705955     1.23537    0.239205    -3.57224   -0.516102
  0.0864044   -0.432968     4.78721    0.580391   -0.615946   -0.952282    0.248471    -0.25499   -0.344218
   0.330201   -0.682205   -0.324888    -1.00177  -0.0672561       5.037    -0.13706   -0.387429    -0.73473
   0.900605    0.475904    -2.08291    0.158377   0.0655737   -0.116867    0.250542 0.000314884   -0.740285
     1.2229     -1.3499     1.13358   -0.952306   -0.461063   -0.218496   0.0196207     1.83673   -0.091865
  -0.509557  -0.0447587    0.312628    0.474341    -3.39097    0.325918    0.728923     1.14805    0.495863
  -0.341966    -1.25835    -1.21942     4.43364   -0.595948   -0.662276   -0.668705    -1.19598   0.0497043
   0.805387    -3.55867   -0.496307    0.774031   -0.229584    0.438034   -0.554256    0.874463   -0.497326
    1.54188   -0.445039    -1.45978   -0.654783    0.625383     1.33128  -0.0547038   -0.420406    0.443525
  -0.983279    0.486929   -0.310907   -0.933727  -0.0967843  -0.0485217     3.26298   -0.390141    -1.16352
   -1.01856    0.821083      1.2544    -3.01493   -0.214037     0.89317    0.574813   -0.720306    0.552253
  -0.466626    -3.53719    0.183961    0.778364    0.402991    0.699325     1.28108     0.44202    0.989302
  0.0966317     -3.1453    0.886852    0.737744     1.35867    0.364687     1.01508      -2.548     1.34416
   0.797502     1.00415   -0.655374  -0.0773769    0.548091   -0.447397    -3.17238    0.557751  -0.0498327
   -1.34169   0.0346241    -2.84624    0.446372    0.318398     0.62351   0.0513677     0.77578    -1.07441
   0.402599    -2.09922   -0.206339     1.12809    0.606907    0.835892   -0.640433   -0.109987    0.266298
   -1.71353    -1.19704    -1.04845   -0.464122    -1.05777     4.20878    -2.31783   -0.826007  -0.0864941
   0.220469    0.349919    -1.17588   -0.102423     2.94714    -2.34681     1.17841      1.2696    0.724299
   0.457427    0.155276    -2.30364     0.51059     1.61823   0.0264899    0.467812   -0.635288     1.08271
   0.266398    0.600176     2.77435    0.808202     0.77314   0.0846101   -0.738429    0.799706    0.283089
   0.512486  -0.0423026    0.724776    0.161001     1.25963    0.629524    -1.85369    -3.19985   -0.583697
   -1.15972   0.0876649    0.303123    0.859951   -0.304099  -0.0259703    -1.77784    0.204912   -0.338042
   0.569012   -0.492402   -0.147789    0.397979  -0.0598212     -0.7463  -0.0128953   -0.828501    -3.00828
   0.134784    -1.15752    -1.94895     0.50641   -0.573913    0.997903   -0.615474     1.13323     1.90137
  -0.536813    0.267871     1.45001    -1.12138    -1.98391    0.469956     1.80008    0.735333    -1.04108
  -0.279378   -0.443399   -0.266191    -1.66552      2.3818    0.226493    -1.02024   0.0917436     2.05891
   -1.68494    -1.11262     1.75446    -1.22105    0.741127     1.57294    0.535732    -1.32628     1.00678
  -0.834825    0.892246   -0.351071   0.0638292   0.0672207    -1.78056     1.13055    0.238785     3.02024
  -0.443374     1.66904     1.73362   -0.883885    -2.46425   -0.377245    -1.89877    -1.02485    -1.13333
   -1.34698   -0.577461     2.29055     1.17823    -1.07665   -0.317998   0.0942102   -0.555795    -1.16143
    0.40867    0.701976   -0.141295  -0.0711894   -0.126948    0.677268    -1.10193     0.17724    -3.07784
   -1.63258    0.733402   -0.271494   -0.954577     2.56252    -0.25616    0.730131     2.16611   -0.467464
   0.424153    0.817023   -0.434168    -2.01281   -0.837015   -0.222924    -1.24959     1.62343  -0.0099572
  0.852456
   -1.1653
  0.728383
 -0.332277
   1.64076
-0.0405796
 -0.658915
   0.69609
 -0.293448
  -1.25568
  0.264141
    1.0811
 -0.505666
  -1.87336
 -0.575184
  -2.31381
  -1.44434
  -0.75721
   2.05862
   1.95708
  -1.45789
  0.635551
  -1.70859
  -2.16482
  -1.09092
 -0.694617
  0.635389
-0.0160792
 -0.449619
 -0.507965
  0.863159
  0.623932
 -0.860416
 -0.886115
 -0.451116
  0.937701
   1.07734
  -1.43623
 -0.922897
  0.691054
 -0.970881
 -0.671723
 0.0944364
 -0.681641
   0.37734
  0.298291
  -1.49034
  -1.44306
  -1.77059
 -0.323678
1
1
50 50
   -0.600339    -0.280927    -0.336539    -0.582926    -0.311071    -0.183928    -0.157077  -0.00195605    -0.113744     0.252524    -0.403252    -0.261194   -0.0612304    -0.149307      0.13489    -0.225976     0.452389     -0.20663     0.209583    -0.391883   -0.0857497     0.233566     0.676641   0.00499846     0.171416    -0.149597    -0.416786    -0.272507    -0.203402     0.133827    -0.265404     -0.56335    -0.435147    -0.109839    -0.493134     -0.69547     0.151126     0.144708   0.00335179    -0.370624    -0.322089    -0.174319    -0.472119   -0.0125897    -0.180186     0.164961     0.331791   -0.0596945    -0.276086    0.0950386
    0.306483    -0.125877   0.00815994    -0.744507    -0.813374     0.358302       1.5626    -0.638116     0.581639   -0.0758102    0.0220293    0.0491703    -0.604825      1.89034      1.74234    -0.352699    -0.426494     0.709458     -1.56225      0.93762       0.7343    -0.820268    -0.770654     0.178655     -1.07249     0.537855     0.654184     0.185392   -0.0632995     0.292024     -2.35967     0.390233     -1.23784     -1.07115    -0.332134     0.653101     -2.05226    -0.499814    -0.856242    -0.316707    -0.392138     0.767743      -1.3374     0.543392     0.561357     -1.97904    -0.916183     -1.03546    -0.106361     -1.09666
    0.258601    -0.539587     0.184368     0.330804     0.293449    -0.093586    -0.451954     0.262341   -0.0401115   -0.0648846     0.710632   0.00189002    -0.483133    -0.307296     0.322746    -0.373887   -0.0935214    -0.543876     -1.47136      1.14365     0.647271    -0.134221    -0.300302    -0.492969    -0.336922     0.551016     0.488275   -0.0106418    -0.467544    -0.322698     0.162024     0.735313    -0.472859    -0.232116    -0.296732     0.341161    -0.502623    -0.712765    -0.769528    0.0419358     0.350528    0.0658148    -0.258182    -0.277906     0.467395   -0.0426486    -0.442325    0.0794732    -0.372111     0.060788
    0.219594    -0.776174     -1.25379    -0.526904     0.350113     0.359748     -1.55381     -1.69673    -0.294115     0.230065       -0.603    -0.310233      1.06936    -0.663934     0.758608    -0.484113      1.37939     -1.71178    -0.455924    -0.376639    -0.572288    -0.935668    -0.450653      1.31639    -0.812238    -0.447226  -0.00549859    -0.116958    -0.328114     0.352907     -1.13829    -0.403991    -0.925696    -0.525909     0.338066    0.0966263    -0.310796    -0.159173     0.390552     -2.10342    -0.293268     -1.19329    -0.369186     0.640173       0.6044    -0.259256    -0.134021     -1.07216     0.114097    -0.862087
    -0.26307    -0.383405     0.294804     -0.20774     -0.23945    -0.460493     -0.27517    -0.219156    -0.280496    -0.341129      0.03948    0.0425956    0.0401162    -0.308346    -0.358931   -0.0329657   -0.0497522    0.0928518     0.297314      -0.3912    -0.338876     0.225822     -0.12422    -0.193027     0.308571    -0.280342    -0.486242    -0.224842   -0.0856374    -0.183385     0.206544    -0.720997     0.183226    -0.158189   -0.0494359    -0.163748     0.194155   -0.0380385     0.452682    0.0104129    -0.470498    -0.455114     0.127684    -0.214291    -0.143853     0.307296     0.115909      0.22424    -0.506668     0.154497
   -0.035613     0.254248     0.119456     0.344983    -0.805912    -0.619568     -1.14785     0.328316    0.0465057     -1.08358     0.415775    -0.719587    -0.573197     0.148544      0.21068   -0.0985554   -0.0637383     0.712421    -0.666062    0.0685811    -0.203687    -0.221573     -1.33485    -0.737998     0.390086     0.633252     0.111139     0.680534    -0.412721     0.401838    0.0640252   -0.0817361    0.0332583      1.15608     -1.64253    -0.433803     -0.50469    -0.192867    -0.584692  -0.00414213     0.356219     0.136491     0.249467     0.301649     -1.22452    0.0383435     -1.07709     0.267316     -1.50627     0.786007
   0.0353025     0.078039     0.403108     -0.41263   -0.0324783     0.854813    -0.203097      0.31239    -0.901778    -0.432586      1.19981     0.847507    -0.626569    -0.549515     0.423123    -0.661015    -0.868389      -1.4317      1.93294     -4.06775   -0.0781926     0.393633    -0.771255     0.026784    0.0230038     -1.07263    -0.469137      -1.3701     0.236058    -0.193055    0.0633888     0.141055     0.117243     -1.12304      1.72834     0.747944     0.868394     -1.06763    -0.210638     0.295867    -0.437393    -0.732236     0.681466     -1.67363      1.31582    -0.204331     0.129075    -0.740499     -0.47867   -0.0571853
     -0.5376     0.369769    -0.202707     0.632944     -1.35136    -0.916136    -0.291243    -0.264676    -0.755882    -0.656795   -0.0407132     -1.26075    -0.267986    -0.218859    -0.331648      0.94979    -0.582409    -0.408811     0.846628     0.853291    -0.599212     0.031472    -0.403873    -0.209126     0.410964     0.180999  -0.00610184    -0.529609    0.0538698    -0.917447   -0.0831894    -0.673123   -0.0338956    -0.548119    -0.128413     -0.71662     0.244359    -0.796285    -0.908992   -0.0477007    -0.188136    -0.147116    -0.360271    -0.682873    -0.439029     -1.31948     -1.11192   -0.0363575    -0.378825     0.288704
   0.0435261    0.0534925     0.198824    0.0608354    -0.194026    -0.136302    -0.247398   -0.0230505     0.134732    -0.278287     0.373557   -0.0816057    -0.199158     0.151778    0.0608845     0.186549    -0.118088    0.0548321     0.115704     0.276647   -0.0742912     0.152569    0.0614979   -0.0292665     0.113527    -0.183727     0.157333    0.0325096    -0.398288   -0.0956813    0.0882418    -0.202877    0.0635923    -0.156629    -0.205868    -0.201553    -0.145229    -0.178241    -0.146608     0.236836    -0.369894    -0.193653   0.00827388    -0.169638     0.135653    -0.132492    -0.115645    0.0138133     0.231167    -0.289507
    -0.56403   -0.0806267    -0.010674    -0.417479    -0.714728    -0.564818     0.122496    -0.145058    0.0265227    -0.937784   -0.0421076     0.541268   -0.0651798       -1.093     0.185757    -0.330526    -0.531426    -0.715634     0.670638    -0.724858    -0.246294      1.23285     0.302614     -2.73812    -0.128382    -0.723605    -0.394616     -0.54753     -0.30947    -0.238978    0.0669231    -0.812677   -0.0531508    -0.191778    -0.360413       -1.136     0.759878     0.607168     0.489898    -0.153534    -0.336462     0.075543    -0.357869    0.0340456     0.223813     0.765906     0.930918   -0.0877971    -0.303701      0.41562
    0.290826    0.0728631     0.773259     0.309914     0.085592    -0.570109      0.56418     0.781915    -0.850208    -0.365496    -0.744131    -0.318397    -0.987493    -0.375512    -0.247352     -0.26748     0.248818     0.508325      1.51223     0.659665    -0.763814     0.725897     -1.20073    -0.453988      1.96421    -0.186069    -0.361601     -1.06141      1.23382     0.672692    -0.943399     0.131989     0.997985    -0.303647    -0.746911     0.361882     0.775047    -0.957645    -0.503772     0.214529     0.650412    -0.484706      0.18022    -0.246501    -0.385776     -1.15545    -0.272901    -0.370097    -0.848357    -0.399169
   -0.048618    -0.922448     0.252696    0.0614812     0.612695     0.431417     -2.20332    -0.671195    -0.322527     -1.06215     0.378442   -0.0502439   -0.0417643     -1.52853     0.708976    -0.219389     0.796695     -1.05642    -0.224293    -0.668225    -0.640124     0.190976   -0.0976319    -0.914475    -0.295195    -0.281338     0.520782     0.782142     0.138371     0.243872     0.123904    -0.417582    -0.444189     0.402313   -0.0866777   -0.0968684     0.371403    0.0617377   -0.0893677     -1.30124   -0.0329247    -0.426187     0.417489     0.587169     0.453536     0.915096    0.0607473     -0.23013    -0.367518     -0.10239
    0.101842    0.0846663     0.530992     0.050028    -0.137274    -0.451454     0.395156     0.431983     0.484745    0.0268874     0.413261  -0.00837026    -0.242571    0.0360063    -0.278453     0.114579    -0.118132    0.0302856    -0.168873     0.155094    0.0533487    -0.265364    -0.573638    -0.400282     0.409945    -0.112529    0.0973541    -0.195546    -0.408843    -0.295656     0.301129     0.149135   -0.0703434      0.12109    -0.427461    -0.208466    -0.157833    0.0535277   -0.0634613     0.146018    -0.289191    0.0923929     -0.34986     -0.16838    -0.471788     0.314695      0.16684     0.576804    -0.345137    0.0438407
   0.0925551     -1.34628    -0.980792    0.0670884    -0.407514     0.383051      1.90294    -0.022154    0.0962244    -0.733438    0.0669297    -0.587833    -0.662235      1.22198     0.671056    -0.225084    -0.517638     0.380707     0.367728      1.05006     0.239936   -0.0778501    -0.322078    -0.132926    0.0351728    -0.249084     0.434606    -0.367282     0.379664      0.11298     -2.02375     0.706887    -0.135903     -2.03751   -0.0582332     0.217279    -0.551723        -1.94     -1.61362   -0.0564727    -0.286299      1.19884     -1.73142    -0.371644    -0.339334     -1.08867    -0.920219    -0.214468     0.427174     -1.60443
    -1.55035     0.234667     0.718518     -2.02466    -0.303841    -0.618417     0.212926    -0.251929    -0.702236     -1.14212      -1.5058     0.451257     0.260177     -1.26978    -0.928786   -0.0823218     -1.19861     0.264365     0.524778     -1.05644     -1.27121      1.05121     0.260235    -0.598104     0.429413     -1.55412     -1.37174     0.144578   -0.0601732     0.314766     0.454826     -2.12101     0.748781    -0.856825    -0.437046     -2.43296     0.639355       1.3768      1.18574    -0.427057     -1.43042    -0.122326     0.587928      0.56411    -0.548416        1.823      1.93264     -0.48434    -0.783607   -0.0561693
    0.216202    -0.727668     0.326376     0.154163    -0.434364     0.400477      0.26839    -0.537968    -0.612497      -0.3076     -0.36714    -0.119805     0.686745    -0.720161    -0.257413    -0.198964    -0.736692    -0.145155    -0.376795     -1.25003    -0.189516   0.00122815     -0.65808     -1.17954    -0.326058    -0.569182    -0.192332     0.501348     0.394946       0.3726     0.233535    -0.214287   -0.0851278     0.281589     0.254797     0.150579     0.367687  0.000126118     0.164096   -0.0755638   -0.0769926    -0.309993     0.543739     0.293042     0.777985    -0.877833    -0.369151     -1.05005     0.845121    -0.312405
    0.975677     0.164024     0.138988   -0.0959956     0.497827      -1.3217     0.812088    -0.708306    0.0980602     -1.02703     0.383632     0.427095     0.584735      -1.6703     -1.39319    0.0734367     -1.10911     0.405242      0.16796      1.31933     -0.46241    -0.441726     -0.94968    -0.850947   -0.0686403   -0.0324135      0.33907    -0.470543    -0.280105      0.79872     0.722242    -0.184918     0.371133     -1.11117      2.02072      0.59402     0.787421     0.601054    -0.587468    0.0556973    -0.770714     -1.93465     0.939252    -0.129141     -0.45379     -2.25397    -0.767753     0.205276      2.02386    -0.780292
   0.0440816    -0.470386    -0.893058      1.04839     0.656058      1.14422     -1.79391     -1.58561     -0.82334    -0.504809     -0.18912   -0.0600959    0.0691245    -0.538947      1.79751    -0.750429      2.93204     -1.09648    -0.357214     0.339078    -0.871214     0.230799     0.525512     0.982547     -1.26925    -0.156661    -0.870024     0.505955     0.379634     0.814087    -0.958602    -0.903373    -0.406542     -0.48378     0.561401     0.651796   -0.0576744      -1.2196   -0.0480119     -2.73076      1.27577    -0.818825     0.960097      0.49283      1.29589    -0.887045    -0.223776     -1.77654    -0.472828    -0.785085
    0.192854     0.131348   -0.0972051       0.7182     0.189517    -0.455532      -1.0306    -0.382324   -0.0818309     0.758293     0.895154    -0.486958    0.0118492    -0.096333    -0.491112    -0.249857     0.221419    -0.525113     -3.04904     0.329808      1.13681    -0.601315   -0.0450565      0.49762    -0.273357     0.795518     0.761617    -0.903991    -0.658963     -0.25548     0.981921      0.81624    -0.722014    0.0571866     0.664184     0.455748     -1.68786     -0.18778    -0.515846   -0.0579035     0.477628     -1.32044     0.031074    -0.818831     0.153479    -0.928373     -1.06414    -0.101326      0.42271     0.278374
    0.440585      -1.1544     -1.17495    -0.761503    -0.187533    0.0738735    -0.655172     -1.25161    -0.175554     0.365675    -0.126657     0.142126     0.844352    -0.660262    -0.145406    -0.365754    -0.368741     -1.49737    -0.248219    -0.141837    -0.189862    -0.633351    -0.343622    -0.553392    -0.743447     -0.28887     0.878686     0.294022     -1.15811    -0.576582    -0.963482     0.348833    -0.944232     0.147257    0.0276305     0.534813   -0.0966969    -0.493537    -0.546377    -0.815823    -0.285989   -0.0617577    -0.598652    0.0899744     0.698987     0.192041    -0.515878    -0.781037     0.981007    -0.762776
   -0.157205    -0.901505    -0.629768    -0.657849     0.218229     0.779988     0.580032     -1.25855    -0.599725     0.321032     -1.61627   -0.0298286     0.816467      0.36042    -0.296983    -0.669079    -0.793804     -0.67695    -0.614094   -0.0410859    -0.130698    -0.766404     0.786904   0.00444674     -2.42448    -0.769952    -0.350717     0.547506     0.969169     0.259522    -0.463356    -0.244277    -0.912394    -0.253315     0.102136     -0.78534    -0.213077    -0.670152     0.290194     -0.40346    -0.631836     0.108618     -0.43537     0.471113      1.56087     -0.42523     0.432117     -1.19127      1.38495     -1.14472
     -1.1509     0.441403     0.266486      1.28987    -0.521292    -0.805585    -0.150896      0.21335     -1.25989    0.0560186    -0.715072     -1.15269    -0.269916    -0.644157    -0.660959      1.50875    -0.348905     -0.94101      1.20046     0.061615    -0.551187     0.674924     0.398482     -0.54128     0.756507    -0.621874    -0.480325     -0.56414     0.604168     -1.06415    -0.125816    -0.214788     0.299664    -0.681685     0.541954    -0.676832     0.820977     -1.14839   -0.0516255     0.179172     0.461675    -0.149884   -0.0254753    -0.645793     -1.02943    -0.824201    -0.601366      0.28709     0.484711     0.651279
   0.0502453    -0.195938    -0.064936    0.0283414    -0.185324    -0.204766    -0.448203    0.0971128    -0.191292    0.0773204    -0.145136    0.0642811     -0.13644    0.0936153   -0.0259804     0.130525 -0.000230137     0.334341    -0.233216     0.110326   -0.0197663   -0.0935724     0.095779    -0.133894   -0.0248884     0.189876     0.181788    0.0473764      0.21405    -0.102908    0.0567414     0.142579    -0.152839    -0.215114   -0.0046649    -0.213351    -0.187166    -0.171351     0.241886     0.137709   -0.0448597    0.0176256    0.0695568   0.00288999   -0.0903762   -0.0438451     0.111383    -0.207915   -0.0360807    -0.210992
    -1.57128     0.612241     0.305005     0.656778     -1.81061    -0.815883    0.0327432   -0.0408609    -0.367692     -1.09938     0.338247     -1.20302    -0.889207    -0.815578     -0.24076      1.38105    -0.605587    -0.499157     0.191815     0.095554    -0.126868     0.682669    0.0131052    -0.893174     0.399952    -0.524328     -1.01507    -0.224315     0.133757    -0.747377     0.753198     -1.90982     0.694691     -0.84155     -0.55838     -1.55015     0.424545    -0.264169    0.0170353     0.595514    -0.212375     0.466642    0.0379522    -0.903693    -0.692103     0.910758     0.265426    0.0412911     -0.96483     0.635451
   -0.529515       2.7351    -0.036294    -0.398326    -0.394087      -1.2428    -0.949845    -0.335069     -1.23334      -2.0353     0.274214    0.0661197     -1.39455     0.692521      1.07434    -0.829599    -0.586033   -0.0773821   -0.0245002      3.35192   -0.0346692    -0.315486     -1.00552     -1.75839     -0.61609      0.80781    -0.127994     0.993198    -0.562736    -0.725477    -0.659987    -0.382886    -0.929593     -2.04181     0.597964    0.0716193    -0.662738     -1.18677     -1.36246    -0.383747    -0.242542     0.690213     0.417864     0.619316    0.0318181    -0.531408     -1.61583    -0.424674     0.241652      1.14179
   -0.839869      0.78597    0.0201472     0.225003    -0.310041     -0.77628  -0.00880582    -0.431834    -0.618996    -0.458267    -0.659181    -0.551952    0.0684871    -0.641392    -0.553553     0.777277    -0.300491     -1.29529     0.276388    -0.906994    -0.329689     0.352692     0.464275      -1.1084     0.323229     -1.06799    -0.536888    -0.189663     0.159017     -0.52203     0.180718    -0.923414     0.558729    -0.320686     0.373326    -0.904207  -0.00152083    -0.341408     0.680459   -0.0113729   -0.0524046     0.186484     0.189165     0.005426     -0.57053     0.566714      1.24183     0.172791     0.290362     0.572132
  -0.0834096   -0.0322465    -0.100196    -0.440577     0.120126      1.02793      0.40564    -0.442916     0.129308      1.08216     -1.12618    -0.415248      0.53391     0.452689      -1.1975    -0.372068      -1.3639      0.80425    -0.129596    -0.839107     0.149553     -1.04827     0.501611       1.3161    -0.488642    -0.219573    -0.370994    -0.616132     0.801751     0.368344    -0.788279     0.260392     0.470426     0.545762   -0.0624594     0.566562    -0.390572     0.530225     0.425421     0.456269    -0.111398    -0.225054   -0.0729223     0.687064      1.20006    -0.168003   -0.0898499      -1.8123     -0.16604     -1.01702
     1.12589    -0.722181     -0.40356     -1.12774     0.824129      1.14872    -0.735343    -0.996787    -0.473818     0.159375    -0.896242     0.567675      1.59649     -0.56966    -0.771139    -0.535913    -0.420454    -0.694953      0.39936     0.749784    -0.989413    -0.679641    -0.216822    -0.608997     -2.05107    -0.570813      1.16302     0.123669    -0.404589     0.238377    -0.317884      0.88197    -0.717647     0.753625    -0.502858     0.270267     0.369834    -0.395558     0.263787     -1.08549    -0.456602    0.0164855      0.37691       1.2522      2.30438  -0.00899317    0.0243288     -1.97121     0.194613      -1.1229
    0.264681     -0.89251     0.347096    -0.724263    -0.395189      1.05024    -0.936194    -0.159093     0.801657    -0.736209     0.334244     0.652425    -0.255484    -0.409547     0.128708    -0.558045     0.155236      1.13248     -1.00512    -0.185649     0.241106     -1.10072    -0.686228    -0.196474     -1.04766      0.34349    -0.391235     0.768369   -0.0996008      1.09021   -0.0914864    -0.337506    -0.254002    0.0462144    -0.520673     0.614838    -0.683284      1.25844    -0.371387     0.338949     -0.51361    -0.705134     0.135544      0.76717     0.841444   0.00905866    -0.281953     -1.10426     -1.15352    -0.821574
    -1.04446     0.261094     0.258194     -1.15482     0.339123    -0.563351     0.605644     0.335967    -0.623956     0.107265     -1.33173     0.195361    0.0769456    -0.285273    -0.340517    -0.468083   -0.0297034     0.834831    -0.375017     -1.02382    -0.258917     0.725164      1.02093    -0.591352     0.891391    -0.407798    -0.474288    -0.503625     0.423667      1.38182    -0.575411     -0.51652     0.584381    -0.566638    -0.318179    -0.854253    0.0981206     0.346569     0.116619    -0.359547    -0.258519    -0.213807     -0.42466     0.525121     -0.77811    -0.563258     0.975112   -0.0226612   -0.0136605    -0.377419
   -0.823635    -0.659454    -0.282893    -0.182334    -0.355352     0.335568     -1.08499    -0.310495    -0.514345     0.392546    -0.224327    -0.163243    0.0206409    -0.690178    -0.557144    -0.376747     0.440939    -0.267264     0.470541    -0.690704    -0.206164       0.4586      1.17344     0.104406    0.0420197    -0.215012     -0.79857    -0.743636    -0.154349    -0.476252     0.155201    -0.212637   -0.0512064     0.473213    -0.277321    -0.478886     0.453856    -0.458497     0.234823     -0.51648     0.335177    -0.507058    -0.149364      -0.6437   0.00883468    0.0383319    -0.165362    -0.121498    -0.705511   -0.0659896
    -1.88575    -0.957041    -0.764583    -0.223872     -1.26161      1.58349    -0.778538    -0.230927    0.0987789     0.828424     0.201022     -1.09748    -0.672949     0.983578     0.816586     0.200211     0.283757     -0.98375    -0.126544    0.0688721     0.120524     0.704498      2.70821    -0.303858    -0.629986    0.0175046     0.150814     0.287562      0.35212     -1.08552    -0.786698    -0.746859    -0.311073     0.957455     -2.73548     -1.12254    -0.439633     -1.20675    -0.425903    -0.379564      0.57391      1.55164      -2.2123    0.0924802     0.997488      1.19429    -0.039896     -1.01599      -1.8561  -0.00409855
    0.513801     0.184847    -0.838845     0.607512     0.510467    -0.678702     -1.64547    -0.525177    -0.246673     0.601819    -0.817049    -0.132129      1.02408     -2.38584      -2.4904    -0.448238     0.715932    -0.241021      2.35538    -0.252741     -1.07025     0.939579     0.563694    -0.532308     0.738158    -0.281218      -2.6261     -1.43162     -1.05623     -1.34141      1.99132    -0.155083     0.722083     0.996062     -0.21257     0.143964      1.77832     0.638862     0.774205    -0.897577     0.465834     -1.35021     0.257059     -1.18312      -1.2927     0.520124    -0.721812     0.642039    -0.420551     0.435374
   -0.827792      0.48863    0.0968136     0.118921    0.0988964     -0.39906     0.778657    0.0093561    -0.848275    -0.555214    -0.948171    -0.184745    -0.564449   -0.0446073    -0.197278     0.373562    -0.590759     -0.96677    -0.633772    -0.170506    -0.512907     0.143006     0.476492    -0.819565    -0.131608        -1.12    -0.285448     0.119578      0.57698    -0.424076    -0.280537     -0.69328     0.180358    -0.899302     0.555586     -1.07078    -0.501771     -1.00286     0.368267     0.178843    -0.595008     0.527041    -0.253995    -0.176871    -0.804197     0.355221     0.585258    0.0119061     0.414688     0.181815
     -0.2965   -0.0266587    -0.373483    -0.115977   -0.0197858    -0.108876   -0.0834285    -0.109214     0.163928    -0.167954    0.0772397    -0.325425    0.0796399     0.167242    0.0141703   -0.0863537  -0.00915474    -0.409427     -0.45802   -0.0117417     0.109033    -0.185987    -0.057545     -0.29457    -0.247033   -0.0540496    0.0171791    -0.136027    -0.483738    -0.405709     0.221341    -0.324504    -0.154134    -0.141534   -0.0761706    -0.146078    -0.378771    -0.100289   -0.0284899     0.037442    -0.265528    -0.354296    0.0338137    0.0711852     0.140137    0.0174499    -0.252425    -0.225279     0.020435    -0.254858
  -0.0282393   -0.0066296   -0.0995137    -0.267809     -0.52575    -0.121324    -0.319579    -0.275225    -0.314161    -0.282661    -0.194307    -0.324548   -0.0744917    -0.167459    -0.117474    0.0415251    0.0974596     -0.34999    -0.109258    -0.309419   -0.0675962    0.0678328    -0.275263    0.0244505    0.0286385    -0.244662  -0.00825266   -0.0571699     -0.28864     -0.11719    0.0647745    0.0778772   -0.0423609   0.00691154    -0.218668    -0.148038    0.0792279  -0.00116031   -0.0792569    0.0239854    -0.327444     0.125283    -0.247738    -0.197605    -0.181779    -0.237593    -0.188348   -0.0728363   -0.0425344    0.0177714
   -0.944646      0.20784    -0.238812     -1.05225     -1.90376    -0.414911     0.144173    -0.168629     0.101191     -1.69944     0.765829     0.312204    -0.519254    -0.932186     0.542481    -0.363098    -0.820558      0.12599     0.331759     0.479159    -0.210701     0.527221    0.0924725    -0.889336    -0.376452    -0.264738     0.455054   -0.0437564    -0.454402     0.517079    0.0919778     -1.62985    -0.349048     -1.02508   -0.0960667     -1.10344     0.126591     0.794903    -0.681836    -0.166767     -1.35961     0.432872      -0.3719    -0.160902    -0.116384     0.587995    -0.200448    0.0309002    -0.529942    -0.191462
   -0.159449     0.154262   0.00491368    -0.379876     -0.35546    -0.413116     0.196562   0.00793172     0.223923    -0.189212    0.0453697  -0.00560594    -0.189125    -0.457127    -0.203932    -0.147856    -0.364902  -0.00568058     -0.03886   0.00563042   -0.0538742     0.289713   -0.0576481    -0.704738     0.256515    -0.505498    -0.035982    -0.314051    -0.199124    0.0437005     0.273117    -0.642501     -0.11914    -0.233192    -0.224471    -0.349837     0.121162     0.498053     0.110958     0.101091    -0.368284     0.134169      -0.5131    -0.158111      -0.6565     0.658652     0.306372     0.339556    -0.324767    0.0753266
    -1.18805     0.593438    0.0941103       1.6858    -0.220146    -0.557379    -0.349695    -0.220666     -1.36332     0.713501       -1.027     -1.48685    -0.191854  -0.00237294     -1.39862      1.92189     -1.02941     -2.17118     0.149033     -1.11749    -0.187864     0.219789     0.369663     -1.09709     0.505512     -0.72947    -0.311302    -0.626938     0.737651     -2.28945     0.572867     -0.10893     0.149436     0.473842     0.328672    -0.953339    0.0643717     -2.31005     0.526955     0.102276     0.874789      0.13495     0.179591    -0.785739    -0.675018    -0.300564   -0.0665772     0.165068       1.0968      1.23478
     0.19923    0.0291376    0.0456252      0.30761  -0.00807011    -0.743744   -0.0554447     0.269529      0.29781    -0.656816     -1.95081     -1.13529    -0.793089     0.662208     -1.28518     0.320415    -0.500865      1.54265     -1.93249     0.107745    0.0651876    -0.585818    -0.769264     -1.00354    -0.290433      0.80922    -0.234373      1.55475     0.519336    0.0207882    -0.480788     0.190686   -0.0144225      3.78978     -2.87738 -0.000920698     -1.04889    0.0966917    -0.374041   -0.0638036     0.723691     0.661116     0.289056       1.3566     -1.50778    -0.144139    -0.272834      0.75677    -0.754941     0.221961
     0.60407    -0.645017     -2.33163     -1.14725     0.791813      1.04125     -1.23032     -1.85772       1.4482     0.516184      1.42225     0.677768     0.914743    0.0512834     0.473241    -0.603114     -1.36788     -1.42901     -1.55649     -0.58652     0.849207    -0.887029    -0.295966    -0.337683     -1.28507     0.317031    -0.154971     0.790116     -3.35091     -2.72212      0.76423       0.3069     -1.68543     0.668045    -0.901866      0.33508    -0.405021    0.0928888     0.370345    -0.303506     -1.35413     0.281177     -1.03091    -0.694224      1.27608      1.38947    -0.199589      -1.0407    0.0759509    -0.439521
   -0.256654     -1.14632    -0.485928    -0.614536    -0.327722     0.564722    -0.151626    -0.467753     0.420632      1.33771    -0.176024    -0.249553     0.803354    -0.421318    -0.640058     0.356392    -0.189412     0.119861     -1.16174      -1.4514     0.354666    -0.453073     0.490134      2.88203     0.346694    -0.393661    -0.681205     -0.92831    -0.026724       0.3246   -0.0817943    -0.503832      0.58145    -0.661914     0.104023    -0.822195    -0.513812     0.567148     0.639444    -0.436053    -0.488176     -1.17481    -0.832173    -0.394489     -0.12931    0.0369909     0.695514    -0.327471      -1.4819    -0.528935
    0.192574      1.66027     0.499668    -0.286486     0.773263     -1.77761    -0.523375     0.580445     -0.85161     -1.09661    -0.876417    0.0535295    -0.741237     0.675669    -0.139951     -0.57923    -0.797665     0.510194     0.034692     0.666652    -0.426037   -0.0519748    -0.971652     -0.43272     0.500094    -0.171646     0.123705     0.486596    -0.387111    0.0911838   -0.0286087    0.0881651    -0.203422      0.08612     0.239351     -0.14619    -0.470389    -0.216267    -0.385363    0.0182041    -0.758342    -0.267981     0.847706     0.293606     -0.99372  -0.00624453     -1.24137     0.801627     0.405062      1.19396
   -0.127704   -0.0873908     0.106407    -0.204459    -0.203314    -0.106517    -0.277267    -0.313173   -0.0186515   -0.0648103     0.022495    -0.186937   -0.0107962    -0.188677    0.0272667    0.0989848     0.108993    0.0470834     -0.28326    0.0565312    -0.185628    -0.112547    0.0597961      -0.3173    -0.236733    -0.113685     0.233501   -0.0691855   -0.0341837   -0.0520553     0.130953    -0.136156    -0.132581    -0.173599    -0.193969    -0.319491    -0.370819    -0.103997   -0.0937668    -0.335459    0.0230216     -0.19979    -0.104502    -0.017303   -0.0672243    -0.151679     0.019682   -0.0861497    -0.156321    -0.176083
   -0.291555    -0.214922   -0.0368683   -0.0800994    -0.508363     0.270097     0.980709     0.370141     0.284179    -0.666448     0.144359    0.0169581    -0.961969     0.777827     0.647206    -0.090231     0.101708     0.607072     -1.13688     0.302533     0.579127    -0.685165     0.472798    -0.472043    -0.864816     0.480756   -0.0490343     0.187543    0.0529238      0.48711     -1.20397    0.0778735    -0.974276     0.158476    -0.443696   -0.0709033     -1.15552     0.329399    -0.401779    0.0321292    -0.102707     0.339893    -0.331553     0.435225    -0.242262    -0.771869    -0.318573    -0.243298    -0.190974     -0.46532
   -0.368393     0.592829    -0.331773     0.514977     -1.78845    -0.900891     0.260009     0.168928      0.39975     -1.43331     0.830907     -1.08315    -0.783851     0.137874     0.086298     0.586048     -0.39987     0.955072    -0.109289     0.340103    0.0286562    0.0864436    -0.654643    -0.383067     0.937819     0.636124    0.0745855    -0.577235    0.0788521     0.261732    -0.334881    -0.232864     0.470593    0.0244644    -0.603929    -0.607173    -0.526735    0.0864107    -0.672312     0.301152    -0.244512     0.155394    -0.623161    -0.666226     -1.32526    -0.613986    -0.870869     0.624492      -1.2048     0.707976
   -0.163125     0.183969    0.0550676    -0.342234    -0.146465     -0.14072    -0.168299    -0.251496    0.0486221    -0.194305  -0.00279706     0.140741     -0.16398    -0.199497    -0.223923   -0.0390391    -0.156843    0.0144223    -0.315178    0.0848597   -0.0582024    -0.528533    -0.191657    0.0800663    -0.131302     0.261598    0.0451831     0.332663     0.160242    -0.278803    0.0435837   -0.0561801    -0.237643   -0.0144436    -0.296977   -0.0721892    -0.258478     0.219407     -0.22152    0.0634177     -0.24378   0.00350839     0.100715    0.0135632     0.344234    -0.025961    -0.175619    -0.285865    -0.661079   -0.0716108
     -0.1258     0.209425     0.498468      1.32857     -3.48065    -0.882227     -1.16954     0.540115      1.20429     -1.67134      2.41323     -0.88688     -1.23249    -0.682814     0.937832     0.398398   -0.0080094     0.836288      0.28855      1.19999      0.55496     0.576995    -0.540747    -0.374867     0.742598      1.01402    -0.525741     -1.38969    -0.855197     -0.25576     0.844101     -1.24924     0.129329     -1.14637    -0.268424     0.181512    0.0679476     0.225015     -0.97815     0.610894     0.176596     -0.31759    -0.480915     -1.72452       -1.388     -0.64888     -1.09408     0.221795     -2.05902     0.691066
    0.525734      1.23631     0.575489     0.466943    -0.176693    -0.774346    -0.191515    -0.494024    -0.291391     -1.88536    -0.214703     0.698383     0.394703   -0.0664871     0.584528    0.0469064    -0.141541     0.414389    -0.535192     0.576222   -0.0227413     0.557618     -0.51514     -2.85615     0.341926      0.52642     0.300236      1.65294    -0.128894    -0.112716     0.515519     0.249352   -0.0753019    -0.428583     0.560724     0.684482     0.626151     -0.47332     -0.86536    -0.439016      0.48281     0.460533      1.41649      1.23784     0.006912   -0.0705251     -1.10795     0.246771      1.10449     0.635661
  -0.0260943    0.0633235    0.0986745     0.272282    -0.489326    -0.224117    -0.078258  -0.00212061    0.0446374     -0.18983     0.252131     -0.44672    -0.264918    -0.350616     0.203346     0.161813     0.339943     0.296414    0.0382687    0.0950647     0.065532   -0.0503409    -0.231642    -0.347807     0.421564   -0.0623956    -0.221466    -0.586284     0.242411    0.0596982   -0.0975158    -0.292578     0.216184    0.0697846    -0.370211    0.0376478    0.0182281   -0.0825805    -0.119576   -0.0451562     0.338438    0.0829907   -0.0228068    -0.588594    -0.343264 -0.000791116    -0.233158     0.121466    -0.671014     0.155491
 -0.281463
 -0.493281
 -0.708756
  0.798186
 -0.626487
  -1.20373
 -0.464497
  0.409245
  -2.79126
  0.221602
  -1.67524
   1.07625
  -1.32307
  0.596026
  0.194411
  0.122372
   -1.5576
  0.155161
-0.0258121
  -0.39962
  0.817734
 -0.276251
  -2.87889
  -1.18912
  0.397015
 -0.538419
 -0.517322
  0.233869
 -0.103416
 -0.276634
  0.718206
  0.814616
  0.179142
-0.0419725
 -0.594638
-0.0355091
  0.948974
 -0.178934
   1.07888
  -1.47204
    1.5072
 -0.163279
  -1.57796
 -0.719523
 0.0641612
  -1.33335
 -0.516944
-0.0290806
 -0.908662
  -1.02732
1
4
50 10
   -0.156883    -0.439176    -0.104293      -1.4431     0.333653     -1.15265    -0.430367     -1.65378    -0.137905    -0.457194     0.466176     0.729988   -0.0634505     0.784524       0.5565    -0.762966     0.235845      1.12199     0.124395     -1.57383     -3.38445      1.00924    0.0950872     -2.39599     0.824495      1.46059      -1.4236     -3.00037    -0.796298     0.413356    -0.826705     0.162394      1.00269      1.39899    0.0664062   -0.0217959     -0.48422   -0.0424416     0.890432      2.56745        1.137     0.179536     0.829912   -0.0419352     0.867552     -2.75738   -0.0115343     -6.50876    0.0333893    -0.549258
   -0.191011      2.19785     0.330543    0.0985859    0.0710383    -0.138001     0.320278   -0.0510533    0.0812934   -0.0523077      -3.9452     0.477187    0.0575791    -0.651449     0.378901     0.209091      1.20644      1.38686     0.966235      -1.9707       2.7453     -1.12518     0.152791     -1.13138    0.0557016    -0.317862     0.833613     0.720058      2.13385     -1.52405     0.488383     0.500665    -0.822655    -0.584131      -0.3689    -0.230492      0.38489    -0.276268       1.6445       1.4662      -9.1883     0.756629    -0.493003     0.300265      1.97811    -0.836429     0.182871      1.14926     -1.10031    -0.767325
   -0.486735     -1.26389     -2.33323     0.232553    -0.480084     0.213839      1.90673      1.79491    -0.149977     -2.06288     0.973134     -1.03237     -0.30149     0.927925     -6.76278     0.204851      1.24318      1.05239     -4.74356      1.28003    -0.187391      2.10245    -0.207663     -1.45842     0.400937     -1.41632      1.29018     0.300362    -0.679935     -1.30947     0.994098     0.971492      4.66441     -1.18896    -0.584469   -0.0179221    -0.628471     -1.13151     0.221551    0.0903759     0.579864    -0.241322      1.04405    -0.403495     -1.09393      1.44073    -0.566723     0.643909     -1.13627   -0.0292997
  -0.0826073      0.59656     0.751054     0.292592     0.303908     -1.08731      1.12824     0.078781    0.0693385      2.01208     0.294782      1.24822    0.0874877     0.892781      1.10677      1.56729     0.783036      1.00344    -0.242331      1.67585     0.561865     0.137182    -0.125389      1.23454     -5.48097      1.30519     -1.26546     0.780417     0.577161     0.420003    -0.376359      1.21893     0.293667     0.435649    0.0954764     0.151637      0.29086     0.475191     0.994906     0.362314     0.917946     -5.41717     -3.08241     0.038895    -0.237065     0.284072    -0.252364     0.504059      3.33693     0.548764
   -0.406797      2.44684      0.58127       1.7204      0.50027      1.87329     0.519332     0.398163     0.286301     0.425521     0.515577      0.87099     0.855659     0.225864      1.61902     -1.29854     -5.32174     0.141412    -0.641781     0.309618    -0.771995      0.13293     0.113705      2.31104      0.33164     0.650367    -0.838047       1.1357    -0.803336    -0.318795     -0.64725     -7.44286     -1.13968   -0.0410171    0.0377008      0.46242    -0.694042     0.503972      1.35994     0.278322      1.39151      1.57514     0.556479    0.0564749     0.204585      1.33044     0.317564    -0.357876     0.472381     0.802131
  -0.0197835      1.85626     0.815025      1.63539     -0.16858     -1.73279     -5.05577      0.53423     0.436823    -0.477915     0.806683     -1.24184    -0.139422      1.59351     0.657381     -1.31549      1.03267     0.932198      1.28216    -0.133105    -0.306254     0.810092    0.0217546      1.92463      2.75828     0.364585     0.121088    -0.267446     -0.25727    -0.708095    -0.767156     0.732873      0.16435     0.943419     0.164395   -0.0829716     0.599075    0.0962517    -0.078705      -7.5111      1.26124    -0.117684      -0.5471     0.116835     -0.23404     0.118968   -0.0460772      1.61369    -0.176867     0.284327
    0.191624     -6.87757     0.461972       2.1395    -0.840641      1.43994     -1.32734      1.08308     0.210934    -0.123701    -0.409887     0.905024     0.459211     -4.11486     -1.56903     0.503602      1.51425   -0.0228282      2.88031     0.887317    -0.225512     0.138164     0.094454     0.455823    -0.702051    -0.514412    0.0367588     0.796546     0.735168    0.0138311    -0.871045      0.46285     -6.25711     0.544634    0.0970919   -0.0305996      1.47273    -0.117085     0.168162      2.13561      1.29605     0.150675      1.56473     0.385247     -2.03602     0.809525     0.294272     0.347055     -1.34037    -0.362829
     1.02015    -0.688419    0.0117575    -0.881067     0.645736     0.344659     0.564259    -0.664411     0.178161      1.27176      1.67202     -1.06635     0.479919     0.770234      2.24696     0.503117     0.668401      1.98544      0.37129    -0.112519     0.202138     -3.27147     0.165592     -1.44864     0.746113     -1.58913    -0.450442    -0.962928     -2.91755      2.03564      1.49125      1.91246       2.1297     -1.46336     0.152526    0.0302931    -0.435811     0.612742     -6.19937     0.864507     0.610305     0.824193      1.05454     0.074838    -0.470445      1.65505    -0.681229      1.81826    -0.517778     0.364831
   -0.025848      1.82159    -0.533668     -3.45085     0.151332     0.129319      1.95329    -0.937937     -0.16301    -0.319492     -0.20613     -0.97241     -1.23195    -0.783124      1.54527      1.34697    -0.915727     -7.07259    0.0331205     -0.15694      1.20854      0.24585    -0.148006    -0.290104     0.656038 -0.000312192       2.0659      1.17148       2.1512     0.901421     0.447134      1.51367     0.266029    -0.175819     0.097963    -0.202236    -0.716802    -0.646006       1.1651    -0.302322      1.94301      2.05108     -1.32267    -0.319527     0.319545     -1.33383     0.338826      0.83491     0.841298   0.00867014
   -0.114635    0.0224514     0.146591     0.360085     0.491428    0.0212296   -0.0369203    0.0303382    0.0982711    -0.102771   -0.0336016    0.0255607   -0.0597187    -0.118922    -0.020684    0.0272709   -0.0115086    -0.233006    -0.139363     0.119723    0.0733152     0.364481     0.058864   -0.0265304   -0.0039187    0.0357157   -0.0104996  -0.00471369   -0.0133152    -0.102721    0.0684924   -0.0382502   -0.0294852    -0.138482     0.101156   0.00240967   -0.0483261   -0.0241222    -0.315426    -0.119376   -0.0346619    0.0676223  -0.00338316    0.0525668     0.076662      0.30994     0.102215    -0.137824  -0.00809568    0.0125616
    3.0041
   1.28911
  0.286066
  -2.75352
    1.7858
-0.0258667
   1.53721
  -0.68171
   -1.6234
-0.0872439
