3 16 0.5 200
1
1
9 50
  -0.359519    0.227586    -1.23328     0.13264    0.632982    0.687686    0.264937    -0.74568    0.228275
   0.622962   -0.919718    0.658131    -1.64124    0.317932    0.589795   -0.153496     1.29328   -0.568079
   0.397424    -1.69776  -0.0943843   -0.427924    0.290036    0.106012  -0.0207655    0.207499   -0.427211
    1.07445   -0.271987    -1.59638    0.209892    0.261818    0.413522    0.117813     2.21964    0.928513
   -2.65098   0.0904756   -0.883873     0.63779    0.467222    0.105108   -0.444841   -0.105733    0.378845
   -1.14864     1.14201    -0.20904     1.48231    -0.81983   -0.839256    0.379263   -0.615075     1.67797
   -1.27346    -1.19853    0.431994    0.877506    0.617981    -0.45032     2.06212    0.186713     -2.2516
   0.772716    -1.21742   -0.548425    0.328636   0.0590598   0.0192213    0.446814    0.219185    -1.37429
    1.00262    0.757118  -0.0702957    0.332607   -0.281219     0.42537  -0.0452815    -1.23603   -0.836091
   -2.01495   -0.479863    -1.92318     1.62863   -0.598668  -0.0299546   -0.356362     0.66851   -0.531774
    2.90503    0.967752   -0.607906   -0.373181   -0.124866    -1.94236    0.175907   -0.695555  0.00916963
  -0.343857    0.638122   0.0562821  -0.0436709     0.60426   -0.817264    0.317184    -1.26184    0.344512
   -1.26709    0.745803    0.214961    0.603416    0.261524    0.310112    -1.10892     -0.1064    0.648195
  -0.502331   -0.129765    -0.71908   -0.482986   -0.176668    0.584616     2.12527   0.0668656     -1.4093
    1.31861   0.0665131    0.373174    -1.12288   -0.427544    -1.30947     1.65867   -0.835482     1.54854
   0.373608   -0.626629    0.275544    0.385847   -0.307303    0.719335    0.090799     1.59051    -0.60586
   0.199819    -1.02289   -0.545151    0.440435   -0.379493    0.103793   -0.588969   -0.502731     2.44527
   0.773557    -1.51153     -0.1513  -0.0834702     0.52967     1.41271     0.91581    -2.09404   -0.605809
  -0.113766   -0.451812     2.67145      0.5432   0.0460897    -1.02642  -0.0451677    0.130737   -0.508486
   0.319224   -0.919217   -0.254611   -0.849181    -1.01148     3.82283    0.706105   -0.450747   -0.414999
   0.781328    0.384642    -1.41314    0.412727    0.266188    0.143775    0.580524   -0.238259   -0.891977
   0.805679   -0.640323    0.817786   -0.426894   -0.287562   -0.576804   -0.770183     1.02761    0.172799
   -1.02202 -0.00714173    0.728319    0.213496   -0.460855   -0.375781   -0.690539     1.13707    0.262561
  -0.541103    -1.11569   -0.636613     2.79061     -0.6769   -0.363233    0.437212   -0.786676    0.595179
    1.08853    -1.62508   -0.410713    0.676184   -0.392796    0.240652   -0.911285     1.17599    -1.02644
    1.47037   -0.366493    -1.20636   -0.164142    0.566748     1.06644    0.469025   -0.604367    0.242093
   -0.56948    0.463783   -0.499484   -0.113135   -0.155917    0.334465      2.1892   -0.261699    -0.88183
  -0.942943    0.746097    0.949251    -1.43429    0.218641    0.909263     0.16788   -0.156465    0.484904
  -0.707458    -2.31797  -0.0921941    0.222837  -0.0622162    0.453188    0.640596    0.585842    0.493566
   0.257001     -2.4153    0.487721    0.126724    0.480704    0.428945    0.663915      -1.793     1.12691
   0.765604      0.7908   -0.319498   -0.330993    0.356663  0.00477951    -1.99083    0.686176    -0.21638
    -1.5033   -0.501464    -2.05441    0.232499   -0.034443 -0.00408639    0.915807    0.142409   -0.735714
  0.0843543    -1.42817    0.419697    0.621682    0.111702    0.291797    -1.00198    0.453726   0.0326645
  -0.939672    0.527254   -0.543262   -0.478882   -0.339085     3.22813    -1.74488  -0.0783017    -0.31786
  0.0272214   -0.581182   -0.696075  0.00496922    0.508931    -2.26414    0.341753    0.923723    0.811719
 -0.0446865  -0.0860117    -1.81689   -0.206459    0.609944   0.0479218    0.683621   -0.483804    0.685564
  0.0224422    0.306621     1.90385    0.236065    0.169713   -0.344812   -0.880088     1.10353    0.417892
   0.160535    0.294363     1.00907    0.536838    0.351628    0.793125    -1.53268    -2.36922   -0.460851
   -1.38127    0.130638    0.680533    0.629083    0.240653   -0.222909    -1.43459    0.164484     0.11376
   0.454773   -0.197475   -0.565562    0.307552    0.582502   -0.311702     0.32102   -0.159713    -2.13232
 -0.0626907    -1.02359    -1.55832   -0.125544   -0.459026    0.433047   -0.371017     1.12877     1.13361
  -0.264429    0.632661    0.678193    -0.59857    -0.47666    0.406352     1.31029    0.885599    -1.21883
   0.146301   -0.696777   0.0322063   -0.836621    0.156939   0.0381553    -0.94623    0.392909     1.51902
   -1.12812   -0.326846     1.07809    -0.53046    0.110328     1.76965    0.226382   -0.458826    0.741832
   -1.48864     1.52671   -0.574399     0.20726    0.490247    -1.15295     1.18755   -0.806034      1.8553
  -0.447359     1.81356     1.82324   -0.376648   -0.418099   -0.196666    -1.54471   -0.775927   -0.786816
    -1.3009  -0.0649323     1.64465    0.690859   -0.113465   -0.305095   -0.827139    0.237185   -0.104421
   0.706827   -0.747789  -0.0785441   -0.428282   0.0287096    0.900106   -0.773041    0.366199    -1.83638
   -1.80276    0.385615   -0.554547   -0.406554    0.552736   -0.444505    0.606587     1.43038   0.0845215
    0.88798   -0.275195  -0.0748954    -1.11667    0.366472    0.754008   -0.680014     1.15632   -0.496016
    1.36881
  -0.189723
   0.819472
  -0.424827
    1.55467
   0.267757
   0.199636
   0.663695
 -0.0650124
   -0.93912
   0.161293
     1.5052
  -0.119007
  -0.680301
  -0.491314
   -1.78542
   -1.06901
  -0.670746
    1.75668
    1.24167
   -1.11267
-0.00459648
   -1.73621
   -1.38606
  -0.586342
  0.0506851
    1.28776
   -0.38851
   0.401361
  -0.723142
   0.535275
   0.851238
  -0.202261
   -1.18017
   0.557076
    1.28555
    1.52042
  -0.311469
    -1.2099
   0.486908
  -0.649945
   0.271384
   0.206873
  -0.369112
   0.685092
   0.294442
   -1.58921
-0.00624882
   0.162565
  -0.211669
1
1
50 50
   -0.286646    -0.182622    -0.172511    -0.430312    -0.316988    -0.296657    -0.139751     0.134178    -0.080357    0.0311913    -0.209707    -0.239882    -0.130749    -0.176162     0.103751    -0.193501      0.31989   -0.0398161     0.181263     -0.15536   -0.0242904     0.110375     0.172469    -0.089539     0.282877   -0.0385336     -0.42897    -0.187551    -0.144113      0.31011    -0.112344    -0.426966    -0.322462   -0.0720897    -0.263877    -0.363243    0.0680156     0.299748   -0.0958568    -0.115419    -0.350874    -0.306571   -0.0951412 -0.000911331    -0.371653     0.069634     0.097668    0.0634629     -0.23784     0.170091
   0.0781245    -0.350557     0.149848    -0.392237    -0.395056     0.451465      1.17962    -0.357792     0.280782     -0.06892     0.120551    -0.134033    -0.800767      1.34888      1.26315    -0.591858    -0.266859     0.491276     -1.04292     0.718596     0.437336    -0.442346      -0.4652     0.146116    -0.878897     0.366334     0.415046    0.0721134     0.400088     0.279592     -1.66691     0.301342    -0.715125      -1.0079    -0.121266     0.409094     -1.63933    -0.826376    -0.632313    -0.299458     -0.21657      0.36642    -0.733521      0.17376     0.698628      -1.3747    -0.613449       -0.946    -0.109333    -0.865466
    -0.07387    -0.197505    0.0947079     0.214619       0.1354    -0.247777    -0.356418     -0.14582    -0.162209    -0.213473     0.225407    0.0355145    -0.121414    -0.376424      0.30028    -0.255509    0.0209083    -0.379181    -0.353984     0.578693    0.0756035    -0.254399   -0.0323922   -0.0581643    -0.157527     0.348129   -0.0577221   0.00294174   -0.0691855    0.0961857    -0.119222     0.152918    -0.088553    -0.138097     0.135331    0.0375161    0.0956239    -0.477549    -0.294842    -0.224199       0.1395    -0.119275    0.0883201    0.0875831     0.259168    -0.061978   -0.0138674   -0.0418535    0.0370914    -0.120576
   0.0688198     -0.81354    -0.817537     -0.35621     0.168926     0.292349     -1.57237     -1.16237   -0.0770366     0.158411   -0.0292284    -0.413225     0.543719    -0.664313     0.855984    -0.497236      1.00337    -0.996941    -0.742798 -0.000894068    -0.303045    -0.658689   -0.0324512       0.9718    -0.713446   -0.0328007    -0.258531    0.0148137    -0.134404     0.303477    -0.829534    -0.128933    -0.632689    -0.169175     0.128202    0.0686068    -0.514873    -0.410072   -0.0189443     -1.48931  0.000438452    -0.895294    -0.154269     0.391356     0.622747    -0.570331    -0.458961     -0.81617    -0.145941    -0.768554
   -0.273485    -0.220473     0.160847    -0.197424    -0.314843    -0.489707    -0.304813    -0.336364    -0.363596    -0.357629   0.00572444     0.029816     0.054383     -0.17456    -0.315377   -0.0448911   -0.0512844     0.135086     0.183624    -0.425844    -0.336069     0.021391    0.0155061    -0.189318     0.182513    -0.198491    -0.345062   -0.0304135   -0.0704919    -0.138725    0.0254357    -0.672667     0.114676    -0.093905    0.0431483    -0.112833    0.0732299    -0.134119     0.346811   -0.0123048    -0.473295    -0.359375     0.125195    -0.159663    -0.214491     0.134028   -0.0213236      0.21912    -0.271904     0.120798
  -0.0959953    -0.174186    0.0658135     0.295014    -0.707695    -0.542764    -0.713731     0.376888    0.0883282    -0.705484     0.339144    -0.294042    -0.456367    -0.123611     0.112902    -0.195206     0.186391     0.741131    -0.618938     0.191177    -0.102181    -0.146032    -0.652918    -0.507038     0.449312     0.737995   -0.0324131     0.264681    -0.427726     0.689861    0.0697254    -0.220891    0.0823147     0.305313    -0.741966    -0.380305    -0.417915     0.274919    -0.526096    0.0142233     0.135347    -0.286775   -0.0916014     0.251646     -1.30626    -0.108326    -0.937562     0.463634     -1.08705     0.518645
   -0.177769    -0.201628     0.214534    -0.499417    -0.235868     0.698401   -0.0783755    -0.121299    -0.476428     0.253164     0.703356     0.316763    0.0385984    -0.345794    -0.178889    -0.483752    -0.287581    -0.541736      1.18711     -2.55298    0.0710904     0.196038    -0.188528      1.10485      0.18549    -0.639025    -0.614682     -1.04784   -0.0523579     0.494764   -0.0851425    -0.033921     0.218358    -0.602317     0.784261     0.162965     0.272331    -0.292027    0.0249915     0.128435    -0.412617    -0.920136       0.3135    -0.852901      0.83338   -0.0927148     0.122235    -0.398818    -0.390413    -0.308491
  -0.0694009     0.324538    -0.158632     0.587457    -0.969193    -0.724267     -0.55714    -0.151834    -0.353956    -0.535798     0.340289    -0.984186      -0.2229     -0.32336    -0.322543     0.591922    -0.416483    -0.382022     0.519079      1.02841    -0.330122   0.00129744    -0.532909    -0.299334      0.40823      0.17804    0.0614705     -0.52235     -0.27366    -0.913823     0.212401    -0.430593    -0.141219    -0.413835    -0.176735    -0.382538     0.205428    -0.460849    -0.910239    0.0110434   -0.0697484   -0.0153038    -0.206619    -0.657427    -0.320792    -0.804039    -0.964119    0.0456902    -0.298137     0.320652
     0.04503    0.0999704      0.20566    0.0661353    -0.176427    -0.103393    -0.270448   -0.0471835     0.143595    -0.315174     0.388768   -0.0375471    -0.177426     0.165133     0.113378     0.195663   -0.0902144    0.0760966     0.153445     0.193204   -0.0773406     0.164521    0.0848354   -0.0230975     0.112608    -0.159782      0.13799    0.0832477    -0.360215    -0.016361     0.071779    -0.214724    0.0779268    -0.118587    -0.148182    -0.180434    -0.113084    -0.135002    -0.141202     0.231538    -0.354918    -0.209852    0.0839768    -0.121054     0.177795    -0.145812    -0.125984   -0.0162959       0.2791    -0.284694
   -0.387269    0.0980913    -0.280864    -0.406721    -0.584535    -0.651843    -0.540092    -0.227755   -0.0611934      -0.7794    -0.430725    0.0909187    0.0457502    -0.726604   -0.0304605   0.00696526    -0.206816    -0.428361     0.250312    -0.310943    -0.221027      0.34272     0.132953     -1.51487       0.1231    -0.265129     -0.55871    0.0700611    -0.236041   -0.0361968    0.0872602    -0.768892     0.199267     0.440563    -0.477701    -0.738279    0.0680481     0.590201      0.41501    -0.262694    -0.253334    -0.367886     0.306389     0.380646    -0.453844     0.462195     0.318227    0.0347355    -0.425566     0.420959
   0.0519435     0.243299   -0.0219106   -0.0497052    0.0919579    -0.318853    0.0546406     0.167872     -0.38846    -0.173855   -0.0650794     0.177423    -0.179056     0.004582    -0.171306    0.0206165     0.361352     0.076408     0.535595   -0.0960603   -0.0757797    0.0678522    -0.293946   -0.0332058     0.627883   -0.0811445    -0.203939    -0.203276      0.13217   -0.0383017    -0.133164    0.0494517      0.11016    0.0899352    -0.149059   -0.0279457     0.344352   -0.0541438    -0.195336     0.158527     0.163569    -0.328785      0.18326   -0.0862818    -0.403134    -0.221494    0.0740302    0.0463079    -0.139774 -0.000943311
    0.250142    -0.350189   -0.0821534     0.201855     0.250125    0.0604621     -1.76975    -0.938852    -0.265111    -0.790608     0.206547   -0.0117691   -0.0921636    -0.840955      0.68392    -0.370301     0.347658    -0.519843    -0.423209    -0.193305    -0.410927    -0.352491     -0.11412    -0.510165    -0.513404     0.277891     0.451716     0.709898    -0.380161     -0.16008    -0.104702   -0.0647916    -0.659125     0.550471   -0.0351391     0.360869     0.127672    -0.253883    -0.592587     -1.19697    0.0823445    -0.228146     0.485452     0.588507     0.183269     0.174421     -0.64082    -0.182048     0.199224   -0.0946145
  0.00312961     0.120752     0.323605      0.22532    -0.276079    -0.143691    -0.124334     0.069399      0.24962    -0.227412     0.292396   -0.0168353    -0.127938   -0.0734052    -0.143692     0.105606     0.189601   -0.0816585    -0.251348   -0.0108329   -0.0703513    -0.394189    -0.308293    -0.341293     0.342992    0.0759702    -0.265293   -0.0310248    -0.335104    -0.131263      0.21317   -0.0749376   -0.0231892   -0.0584169    -0.232408    -0.109725    -0.107766    0.0108973    -0.149415    -0.175926    -0.166377   -0.0888985   -0.0998534   0.00373201    -0.267474   -0.0419746     -0.15205     0.130206    -0.259957   0.00519883
   0.0496865    -0.767537    -0.286909    -0.258408    -0.193311     0.679633      1.11857   -0.0496444    -0.289972    -0.343436      0.08663   0.00806702      -0.4628     0.816673     0.549155    -0.394218    -0.575524     0.256432   -0.0592814     0.467466     0.213472    -0.253995    -0.265962    -0.238728    -0.305997    -0.211271     0.304811    0.0196744     0.338834     0.175027    -0.939855      0.24034   -0.0662889      -1.2993     0.286522     0.315388    -0.605654     -1.23656       -0.835      0.16749    -0.268911     0.682283    -0.788849    -0.156139     0.555965    -0.714852    -0.439085    -0.671191     0.410175    -0.848038
    -1.10129     0.395209     0.182966      -1.1709    -0.373151    -0.889586    -0.290548    -0.220112    -0.383496     -1.20133     -1.16267     0.330808     0.345071     -1.02383     -0.80794    -0.166218    -0.540476     0.196071     0.311375     -0.71972    -0.939208     0.702971     0.635531    -0.450284      0.35454     -1.05978     -1.09122    0.0262882    -0.188015     0.287856     0.424648     -1.53946     0.581418   -0.0434604    -0.300834     -1.76148     0.450375      1.16426      1.00619    -0.480099    -0.842555    -0.180818     0.435823     0.353995     -1.06235      1.43665      1.24605    0.0598975     -0.53422     0.113615
   0.0867492    -0.193129    -0.107899     0.073248    -0.290951      0.28253     0.165396    -0.183818    -0.311514    -0.130776     -0.17973    -0.287308     0.294487   -0.0839931   0.00337641   -0.0558735     -0.24838    -0.292544    -0.184714     -0.63279  -0.00535013    -0.165237    -0.411883    -0.419423    -0.238867    -0.281178     0.157799     0.382074    0.0668056    -0.173088     0.125298    -0.109406    -0.190005      0.71483    -0.156321   -0.0182328     0.277867    -0.117231     0.191789    -0.147007   -0.0172571     0.125101     0.061584     0.219146     0.285159   -0.0774413     -0.24782    -0.296615      0.27477    0.0728902
   -0.097765     0.262914    -0.259766   -0.0130768   -0.0365412    -0.697486    -0.509488    -0.436522    -0.140807    -0.406533      0.31839    -0.316706    -0.219001    -0.617551    -0.147001     0.185762    -0.287462     -0.77856    0.0267841      1.24871    -0.422593   -0.0292512    -0.278971    -0.509661    -0.194861      -0.1351     0.394931    -0.263143    -0.270875    -0.351548     0.197802   -0.0456471    -0.133691    -0.615594     0.341687    0.0689762     0.195557    -0.502406    -0.612332     -0.35288      0.14475    -0.230134    0.0679749    -0.451416   -0.0738338    -0.795322    -0.688738    -0.144164     0.170823    0.0929971
    0.142348     -0.42419    -0.418064     0.816639     0.585946     0.645825     -1.03457     -1.07216    -0.600539    -0.570575    -0.294115     -0.17295   -0.0430098    -0.459413      1.30616    -0.561815      1.41824    -0.628555     -0.42383     0.256003    -0.741218     0.134021     0.282358     0.909616      -1.0022    -0.230758     -0.87907     0.389396     0.361569     0.770721    -0.765516    -0.607238    -0.265428     -0.59588     0.510687     0.545612    -0.183284      -1.0626   -0.0230111     -1.55045     0.858471    -0.667032     0.647527     0.323877     0.864545     -1.00367    -0.262525     -1.35733    -0.206739    -0.599905
  0.00216918      0.24627    -0.134916     0.248689    0.0944532    -0.447271    -0.894205    -0.365921     0.130619    0.0213557     0.566519   -0.0992905    0.0232657   -0.0649948     0.108635    -0.106805     0.358884    -0.208821     -1.03451     0.407344     0.286753    -0.224783    -0.446536   0.00754011    -0.183226     0.610456     0.522794    -0.214635    -0.230961    0.0468642     0.342848     0.114452    -0.478135     0.236472     0.361866     0.171779    -0.484673     0.139737    -0.258767    -0.161398    0.0446086    -0.667975    0.0977996    -0.156064    0.0340529    -0.326398    -0.516282  -0.00182836     0.128905    0.0999619
    0.303129    -0.387525    -0.770784    -0.635056    -0.243502     0.172388    -0.845834    -0.848436    -0.286825    0.0184522      0.18249     0.120167     0.372636    -0.595557    0.0250855    -0.307765    -0.571902     -1.27773     0.385783     0.056622    -0.296281     -0.29091    -0.121394    -0.517027    -0.693069    -0.247972     0.751533     0.314297    -0.743813    -0.431676    -0.599401      0.18773    -0.713805     0.263031    -0.162262     0.432268     0.294181     -0.33509    -0.416914    -0.645177     -0.33029     0.142368    -0.209171     0.199699     0.872187     0.526879    -0.434016    -0.625095     0.562489    -0.266432
    0.310183    -0.988912    -0.434297    -0.536526      0.26998      1.21185     0.588781    -0.925319    -0.225983     0.238644     -1.11254     0.268655      0.62416     0.263362    -0.067206    -0.851604    -0.481802    -0.386406   -0.0295983    -0.226115    -0.109567    -0.690555     0.224787     0.468147     -1.65841    -0.559164     -0.18087      0.42774     0.356646     0.407733    -0.409571     -0.28016    -0.588751    -0.164804    -0.286903    -0.205722    0.0216333    -0.232984     0.371571    -0.329635     -0.56872   -0.0193966     -0.44607     0.382819      1.96894   -0.0370744     0.418506     -1.16109     0.574998     -0.96719
   -0.666095     0.403955     0.140692     0.727844    -0.188291    -0.758778    -0.175632    0.0509064    -0.759713    0.0314755    -0.633318    -0.851214    -0.123468    -0.604928    -0.664558     0.801997    -0.139038    -0.698222     0.469359    0.0719261    -0.317093     0.280145     0.176935     -0.66195     0.412221    -0.549007    -0.212819    -0.415178     0.135769    -0.929089    -0.169009    0.0174938     0.121199   -0.0996214      0.40126    -0.352631     0.527294    -0.706704    -0.243203   -0.0865044     0.480004    -0.107807   -0.0469846    -0.379941    -0.833079    -0.548775    -0.518405     0.173842     0.387814     0.315597
    0.082845    -0.183982   -0.0325249    0.0330248    -0.170038    -0.163521    -0.444122    0.0969199    -0.173833    0.0644032    -0.128705     0.104181     -0.10099    0.0996195    0.0236432     0.131651    0.0352908      0.37818    -0.174105      0.11546   -0.0325406   -0.0735955     0.102007    -0.126574  -0.00639165     0.216698     0.175902    0.0790267      0.25071   -0.0474485    0.0617089     0.149628    -0.122846    -0.219962    0.0231155    -0.169591    -0.143949     -0.14037     0.254825     0.151285   -0.0256187    0.0260451       0.1127    0.0478099   -0.0420822   -0.0480972     0.114294    -0.237322     -0.02896    -0.217523
    -1.25177     0.560813    0.0830223     0.308805     -1.64881    -0.895322     0.181026    -0.187075   0.00203749     -1.19398     0.296089    -0.619774    -0.792459    -0.403722   -0.0504372     0.958411      -0.5356    -0.325156    0.0989613   -0.0907171   0.00927205     0.461034    0.0359344    -0.969897     0.162643    -0.545245    -0.554318   -0.0952358    -0.300895    -0.660487     0.276947     -1.56315      0.31994    -0.655101    -0.262386     -1.29223     0.208942    -0.168624    -0.164598     0.519472    -0.330235     0.338513    -0.248698    -0.804835    -0.800322     0.643837    0.0401609     0.184465    -0.537511     0.443808
   -0.374859     0.663258   -0.0463466    -0.610524     -0.57035     -1.07918     0.352138    -0.170506    -0.301314    -0.596791     0.355894     0.226878    -0.487712     0.399294     0.392033    -0.420397   -0.0376116  -0.00331341    -0.346033       1.6931     0.272229    -0.456544    -0.363522    -0.714505    -0.245177     0.116431   -0.0304545    -0.347135    -0.118729    0.0973762    -0.787325   -0.0648282    -0.339146       -1.664     0.567562   -0.0958731    -0.882387    -0.381565    -0.709104   -0.0400632    -0.363356    -0.289825    -0.359513     -0.31763    -0.082167    -0.745418    -0.629032    0.0548488     0.311295     0.252923
    -0.65835     0.937203    -0.149062   -0.0518877     -0.21108    -0.991121    -0.058062    -0.501968    -0.492059    -0.460639    -0.636526    -0.500789     0.250752    -0.411735    -0.533581     0.405406    -0.301792     -1.04471     0.170477    -0.723041    -0.229214     0.145688      0.41635     -1.21847     0.192019    -0.781374    -0.326776     0.129424    -0.111748    -0.590234   0.00637058    -0.651301     0.312819    -0.160155    0.0945953    -0.769488    -0.152494    -0.382675     0.542455   -0.0316427   -0.0286786     0.132798    0.0420115     0.165033    -0.799777     0.432761     0.880407     0.274019     0.218269     0.481342
   -0.127794    -0.382949    -0.354521     -0.40892    0.0158111     0.423675     0.435482    -0.136753      0.52278      0.96448    -0.682372    -0.324659     0.357693     0.362005    -0.931042     -0.23187    -0.659522     0.652545    -0.304564    -0.433087     0.563309    -0.397803    0.0763366     0.559421    -0.411631   -0.0451774    0.0265809    -0.429844    0.0258647   -0.0644697    -0.548134     0.139355    0.0729484     0.818231     -0.55835     0.163109    -0.466537     0.463189     0.255847     0.488522    -0.188701     0.125591    -0.663219     0.298537     0.569246     0.181681   0.00525459    -0.649502   -0.0986166    -0.583617
    0.722766    -0.795145    -0.576792    -0.937533     0.643088     0.942146    -0.478268     -0.52432    -0.338188     0.222757    -0.599957    0.0965603      1.08701    -0.790479    -0.820855    -0.554498    -0.165534    -0.227467     0.775517    -0.170513    -0.749907    0.0700577    0.0839868     0.661456    -0.884227    -0.378537     0.420876    0.0286887    -0.240648     0.430211  -0.00804433     0.159178    -0.125173      1.10711    -0.296115      0.26986     0.662572     0.220535     0.154704    -0.619876    -0.335217    -0.286542     0.366553     0.690871      1.43691     0.281951   0.00900499    -0.901726     0.238576    -0.785723
   -0.292321    -0.385959    0.0144321   -0.0440412   -0.0178535   0.00716288   -0.0604071     -0.10976    -0.283527    -0.129905    -0.386755    0.0534948    -0.225006     0.118051      -0.1204   -0.0116844     0.082848     0.275025    -0.549397    -0.227887     0.122402    -0.324282    -0.237095   -0.0292602    -0.334944    0.0234158    -0.310075     0.164048    0.0899244    0.0491948     -0.40259    -0.238673     -0.18536     0.229844    -0.292587   -0.0135964    -0.286037   -0.0933422    -0.134529   -0.0872743     -0.02523    -0.219535    -0.154263     0.341764     0.182213    -0.127206    0.0237119    -0.411931    0.0641653   -0.0700494
   -0.626202    0.0529322    0.0791753    -0.834849     0.137361    -0.662596   -0.0637425     0.119863    -0.206071   -0.0963973    -0.471883     0.111219     0.292079    -0.255643    -0.293579    -0.366005    -0.185944     0.334156    -0.407645    -0.736667    0.0104964     0.353943     0.111409    -0.301664     0.501269    -0.284023    -0.526004    -0.436699   -0.0967167      0.68137    -0.126853    -0.351006     0.312533    -0.315483    -0.324655     -0.43357    -0.072033     0.437452     0.177176    -0.119175    -0.458782    -0.322494    -0.288668     0.251205     -1.08211     -0.11022     0.561753     0.308882      -0.2801    -0.117255
   -0.420309    -0.495222   -0.0104233    -0.397042    -0.356713    0.0943122    -0.688159    -0.386602    -0.340764  -0.00121493    -0.101369    0.0793517      0.14869     -0.68768    -0.540707    -0.326628    0.0935988   -0.0928107     0.201976     -0.81941    -0.153396     0.227172     0.462907   -0.0230679     0.125389    -0.250056    -0.708126    -0.609026    -0.242063   -0.0356005     0.221762    -0.206434   -0.0421461     0.281495     0.170055     -0.24884     0.366286   -0.0290228     0.249687    -0.303552   -0.0413835    -0.653531     0.178938    -0.398734    0.0165964    -0.102858    -0.127231   0.00560247    -0.494705   -0.0768553
  -0.0945856    -0.573434    -0.769053    -0.475665    -0.221202      0.76146    0.0284051    -0.442407     0.279091     0.612479    -0.118723     0.142802   0.00554824     0.458408    -0.567839    -0.211809    -0.726016    -0.161058    -0.612703     -0.50468     0.468255    -0.544002    -0.138012   -0.0169374     -0.95541    0.0560283       0.1619    0.0264243    -0.656953    -0.890495    -0.197906    -0.131333    -0.671072     0.830088     -1.22399  -0.00675214    -0.739141     0.116396    -0.208673     0.212594    -0.447362     0.140751    -0.944116     0.161016     0.660621     0.338062    -0.485613    -0.783142    0.0266176    -0.309551
  -0.0353567     0.599832     0.150749    0.0669673    0.0581136     -1.02447    -0.763447    -0.145802    -0.634153     0.352665    -0.892079    -0.569356     0.646068     -1.27531     -1.29372     0.362136   -0.0466386    -0.166189      1.62297    -0.896257     -1.17677      1.00749     0.111593   -0.0656757      1.43126    -0.842863     -1.36191    -0.932047    0.0108631    -0.525673      1.01943    -0.448461     0.992389     0.337581   -0.0770265    -0.327115       1.2075     0.489479     0.777492    -0.227797  -0.00636813    -0.750679     0.262973    -0.497983     -1.35636     0.039432     0.147434     0.681033    -0.388009     0.369283
   -0.809023      0.70028     0.188872     0.179432     0.139776    -0.496274     0.851585    -0.138232    -0.831252    -0.395581    -0.740158    -0.130214    -0.167797   -0.0221254  0.000102704     0.286605    -0.463542     -1.01155    -0.518544    -0.395069    -0.405406    0.0770132     0.585641    -0.760382    -0.176111     -1.16311    -0.203833     0.295963     0.375989     -0.48415    -0.285368    -0.401434  -0.00394882    -0.754435     0.492086      -1.0328    -0.443242    -0.947203     0.489994    0.0771306    -0.375232     0.522074    -0.283875     0.109477     -0.70093     0.303394     0.572674   -0.0967796     0.491704     0.184933
   -0.290681    0.0150215    -0.328006    -0.115224    -0.037589    -0.158423   -0.0149359   -0.0431528     0.203642    -0.159414     0.110854    -0.309485    0.0614015     0.195328    0.0347489   -0.0650393    0.0282014    -0.373868    -0.341319    0.0110867     0.104376    -0.196387   -0.0499474    -0.238888    -0.239945   -0.0520779    0.0400165    -0.143527    -0.442922    -0.337586     0.213134    -0.313021    -0.130311     -0.10581   -0.0530144     -0.13486    -0.322038   -0.0472944   -0.0208125    0.0707236    -0.272339    -0.329907    0.0358882    0.0822514    0.0773294    0.0398242    -0.215302    -0.135592     0.029416    -0.249754
  -0.0660897    0.0177309    -0.103753    -0.242476    -0.556069   -0.0780279    -0.344068    -0.292574    -0.304853    -0.282537    -0.160444    -0.321055   -0.0633873    -0.140586   -0.0734485    0.0599553     0.102526    -0.335587    -0.106314    -0.306548   -0.0585235    0.0848028    -0.150141    0.0679562    0.0253061    -0.219741  -0.00720451   -0.0206024    -0.281665   -0.0953786    0.0614606    0.0476499   -0.0387242   0.00512208    -0.188624     -0.17139    0.0929534    0.0146336   -0.0782331    0.0180553    -0.317898     0.149319     -0.25559    -0.183311    -0.158661    -0.231302    -0.186042   -0.0792128   0.00115167    0.0368961
   -0.608557    0.0917894    -0.222782    -0.586448     -1.19083   -0.0870815    -0.304662    -0.152842    0.0159727     -1.15248     0.867644     0.450527    -0.209873    -0.785967     0.505497    -0.246765    -0.220567   -0.0784425     0.770144     0.715553    -0.162901      0.87804    -0.250445    -0.256094   -0.0440771    -0.205875   -0.0956639    -0.232493    -0.245343     0.270198     0.289822     -1.43428    -0.153839    -0.803887   -0.0241705    -0.598489     0.279172     0.533066    -0.391369    -0.284007    -0.779232     0.297625     0.210161    -0.155503     0.164782      1.02548    -0.281705    -0.167123     -0.64768  -0.00722441
   -0.201041     0.325251    -0.101818    -0.267404     -0.32845    -0.193809    -0.230011    -0.147219   -0.0570901    -0.315099   -0.0256734   -0.0672023    -0.172278    -0.399774   -0.0759261    -0.139951    -0.121592   -0.0787397    -0.133335    -0.177739    -0.132833    0.0583642    0.0580842    -0.443531     0.203658    -0.430533    -0.170144   -0.0257748   -0.0464947     0.221958     0.181745     -0.74993   -0.0721059    -0.187019   -0.0974474    -0.197372   -0.0197082     0.370217    0.0399663   -0.0703378    -0.220736  -0.00665345     -0.16839  0.000591463    -0.558762     0.417076    0.0527922    0.0308597     -0.26272    0.0418829
     -0.8929      0.58185  -0.00667824       1.1694    -0.349377    -0.585307    -0.293615    -0.305658    -0.638342     0.318715    -0.563258    -0.910827    -0.164312    0.0130022    -0.846488       1.0659    -0.550294     -1.29559     0.155393     -1.01321   -0.0534174    -0.187391     0.226462     -1.13373    0.0795233    -0.355639    -0.168671    -0.183182     0.375791     -1.57032     0.282568    -0.196506    0.0348114     0.706224     0.157225    -0.673665    0.0208571     -1.49072     0.345154    -0.098894     0.544731   0.00305723      0.14542    -0.418163    -0.596156   -0.0500225    -0.272796     0.245972     0.694099     0.962089
  -0.0219332   -0.0784916    -0.159809     0.376149   -0.0525804    -0.240474    -0.168992    0.0211135     0.409883    -0.411909     -1.33202    -0.678981    -0.363061     0.779966    -0.355382     0.186019     0.077955      1.20708     -1.61386    0.0427324    0.0839794    -0.361418    -0.265011    -0.569543    -0.457288     0.417605    -0.270379      1.20603     0.276539    0.0921681     -0.37155   -0.0786127    -0.258518      1.97259     -1.82676   -0.0343407    -0.803357      0.12724    -0.126628     -0.31347     0.521508     0.738911    0.0957092      1.26269    -0.942579    0.0793466     0.176608     0.324555    -0.420348    0.0963823
    0.338782    -0.868192     -1.77561     -1.15756     0.303775      1.17977     -1.12231     -1.47569     0.950267     0.252101      1.58087     0.397579     0.430583   -0.0413783     0.416892    -0.466819    -0.771728     -1.20985     -1.09594    -0.427577     0.474921    -0.749145    -0.285673    -0.562999     -1.02874    -0.021735    0.0339737     0.483866     -2.29791      -1.5299     0.241408     0.155698     -1.09144     0.528738     -0.46246     0.318079     -0.45064   -0.0309266    0.0723828    -0.434105     -1.02269    0.0724208    -0.642013    -0.671209       1.0565     0.968412    -0.492689     -1.06607     0.256621     -0.70453
   -0.578426    -0.485897     -0.30706    -0.760192    -0.185939     0.431564    -0.017637    -0.305363     0.119311     0.371445    -0.561847   -0.0835572     0.348974    -0.352968    -0.620733    -0.189532    -0.372263     0.142726   -0.0620298    -0.998487   0.00191163     0.120752     0.676063       1.1501    0.0914192    -0.527831    -0.454398    -0.365614   -0.0570207     0.314404    -0.118761    -0.682945       0.3827    -0.518595    0.0773089    -0.952897     0.185855     0.494371     0.453828    -0.473513    -0.578379     -0.47127    -0.382177     -0.17005  -0.00084718     0.352052      1.01798    -0.245039    -0.611176    -0.463415
     0.10558     0.643365     0.460083   -0.0227286    -0.245933     -1.14301    0.0885322      0.56194    0.0640358     -0.45477    -0.454642   -0.0974226    -0.343803     0.474879   -0.0561696    0.0136727   -0.0538871     0.840108   -0.0904524     0.789054    -0.140083     0.144022    -0.336061    -0.288992     0.690303    0.0768016     0.213519    -0.102137    0.0522764     0.629042     -0.11122     0.230552     0.164279    -0.200271     0.039065    -0.228752    -0.255577     0.218696    -0.352939     0.172192    -0.275644       0.1961     0.103687     0.291404    -0.815356    -0.205868    -0.569475     0.639805    -0.177041     0.439579
  -0.0526584   -0.0538559     0.160287    -0.165491    -0.193665   -0.0603036     -0.28508    -0.295564   -0.0120573     -0.10776    0.0370792     -0.14862   0.00595631    -0.178638    0.0865623     0.102073     0.148182     0.124094    -0.162217    0.0960705    -0.215098   -0.0741931    0.0161066    -0.305013    -0.178448   -0.0550069     0.178416    -0.020268    0.0399821    0.0265421     0.142612    -0.115295   -0.0644065    -0.162769     -0.16767    -0.214132    -0.291608   -0.0938703    -0.094722    -0.307476    0.0733997    -0.185117   0.00754497    0.0425993   -0.0289812    -0.158843    -0.017262    -0.118493    -0.151873    -0.164141
   -0.024936    -0.443617    -0.181905     0.300911    -0.251656     0.326181     0.585923     0.179427     0.104043    -0.296352    -0.166017    0.0489193    -0.671469     0.585525     0.257354    -0.112123      0.11818     0.620053    -0.898612     0.426208     0.294459    -0.543278    0.0515725    -0.324001    -0.627086     0.343428   -0.0494545   -0.0946735     0.121224    -0.213213    -0.759253    0.0195575     -0.73986    0.0719554    -0.570824     0.082877    -0.991782   -0.0278965    -0.250391   -0.0801342    0.0767828     0.350052    -0.498993     0.134973     0.129095    -0.670312    -0.271915    -0.398688    -0.298316    -0.242223
   -0.288792     0.695276    -0.249234     0.334605     -1.15986    -0.631584    0.0216942     0.219636    0.0503276     -1.19653      0.57559    -0.476596    -0.665886    -0.211668    0.0721082     0.452872    -0.130937     0.607057   -0.0802508     0.647131    -0.222934      0.10241    -0.489559     -0.45839     0.811573     0.619647    -0.189383    -0.341135    -0.207446     0.186757    0.0786176    -0.504079     0.430763    -0.337395    -0.275958    -0.519727    -0.204882      0.38345    -0.664568     0.334171    -0.315121    0.0721217    -0.192259    -0.378076     -1.08646    -0.553656    -0.807695     0.492075    -0.759082     0.772788
   -0.249575     0.130996    0.0214847    -0.174614    -0.185231    -0.288506    0.0443496    -0.291494   -0.0330383   -0.0907882   -0.0686949    0.0278009   -0.0800835    -0.144487    -0.268729    0.0393014   -0.0990562   -0.0381619    -0.273795    0.0403955   -0.0465246    -0.418954   -0.0586008     0.108467   -0.0161181     0.224886  -0.00148309     0.223793     0.217596    -0.281669   -0.0794325   -0.0643694    -0.178822   -0.0451338    -0.171153    -0.157977    -0.201872    0.0554359    -0.223102   0.00263722     -0.14533  -0.00267876   0.00988079   -0.0400067     0.246151    -0.195968    -0.150695    -0.218553    -0.382653      -0.1036
   -0.269235     0.219738     0.257313     0.943962     -2.26973    -0.686656    -0.882798    0.0565731     0.569975     -1.35977      1.50405    -0.702557    -0.974602    -0.315936     0.805969     0.549473   -0.0600503     0.453461      0.09304     0.923326     0.435116     0.400262     -0.70668    -0.375042     0.737002     0.654207    -0.450946    -0.762191    -0.491792  -0.00982941     0.457517     -1.09506     0.132254    -0.783286    -0.183329     0.173285   -0.0864805    0.0389209    -0.987282     0.500708    -0.157658    -0.113876   -0.0487049    -0.948456    -0.862979    -0.389211      -1.0028   -0.0687113     -1.24876     0.537368
   -0.107229      1.05267      0.72815     0.357686    -0.372793    -0.792132    -0.088016     0.198345    -0.197957     -1.21947   -0.0158038     0.182117   0.00777123    -0.215472    0.0933811    0.0249912    -0.576423    0.0213681     0.425751     0.578068    -0.254747     0.472794     -0.17161     -1.48826     0.273682   -0.0204873   -0.0294905     0.464433     0.308415    -0.433421     0.797226    -0.323108     0.233662   -0.0568736     0.209371     0.223367     0.749746    -0.206601    -0.226389     0.281712     0.205709     0.511333     0.646848     0.519269    -0.232934     0.623123    -0.435202     0.572857     0.314978     0.687566
   -0.126728      0.16488   -0.0110201     0.168659     -0.35999    -0.290163    -0.112866    -0.102437   -0.0753773    -0.302039     0.227285    -0.205044    -0.223756    -0.335828    0.0961005     0.231969     0.190481      0.21685  0.000297072    -0.162155   0.00828104    -0.124153   -0.0350735    -0.232589     0.329558   -0.0903468    -0.292173    -0.231974    0.0448638    0.0162979    0.0501525    -0.501044     0.152935    0.0530319  -0.00740935    -0.149248    0.0360197    0.0621096   -0.0761963   -0.0216089    0.0631376   -0.0592721      0.16632    -0.488207    -0.422361    0.0540814    -0.179729     0.197073    -0.202591     0.201343
 -0.289433
 -0.496339
 -0.847441
  0.960098
 -0.715051
  -1.16155
 -0.523634
  0.648329
  -2.76637
 0.0305724
  -1.29698
  0.873059
  -1.42586
  0.695259
   0.21178
   0.33003
  -1.35815
 0.0610559
   0.16485
 -0.201147
  0.935031
 -0.256964
  -2.84523
  -1.28855
  0.707867
  -0.63608
 -0.244896
  0.506511
-0.0956858
 -0.276961
  0.667468
  0.467289
  0.212937
 0.0391234
 -0.566931
-0.0169659
   1.29885
 -0.279949
   1.16822
  -1.18234
   1.36633
 -0.252518
  -1.14078
 -0.672277
  0.018016
  -1.15262
 -0.535554
 0.0723512
  -1.05881
  -1.05282
1
4
50 10
    -0.15763     0.367027     0.313125     -1.03474     0.160232      -1.0447    -0.963374      -1.3155    -0.158458    -0.244799     0.372201     0.366704    -0.208638     0.775924     0.525211    -0.346403    0.0599828     0.935305      0.28039     -1.25735     -1.83629     0.486372     0.119406     -2.05502   -0.0509793      1.26161    -0.345772     -3.17419    0.0660209     0.665378    -0.618991   -0.0395332     0.673488      1.42775    0.0388968   -0.0751348     -1.51786    -0.126817     0.580758      1.25584     0.434351    -0.145682     0.534856   -0.0153025      0.97276     -1.95268     0.109247     -4.24992     0.704033    -0.433239
   -0.180653      1.03287     0.119087    -0.568351   -0.0123463     0.204013     0.544275    -0.253727    0.0215716  -0.00970326     -0.87345     0.573804    -0.131361    -0.318201     0.185322     0.258666    -0.484694     0.688114    -0.233833     -1.18356      2.79732      -1.3934     0.155129     -1.17398     0.170103    -0.627833       0.7187     0.541743     0.500891    -0.543549      0.60928     -1.11426    -0.793212    -0.474684    -0.441543    -0.281123    -0.154766    -0.395612     0.176004     0.693849      -6.1571     0.745677     -1.55816      0.22179     0.970275    -0.635141    0.0591348     0.317624    -0.382438    -0.541001
   -0.387049     -1.26737    -0.830191    -0.389411     -0.35867    0.0895647      1.67203      1.30505    -0.135795      -1.2115      0.34665    -0.823546    -0.136861    -0.378921     -4.24619     0.172815     0.316817    0.0653353     -1.15922     0.626672    -0.246397       1.4691     -0.13428    -0.925209    -0.156468     -1.17408     0.509465     0.752421    -0.517993    -0.980529      0.59554     0.141825      3.42273     -1.34582    -0.452242    0.0331933     -1.43202    -0.778694     0.309878    -0.219347     0.603577    -0.811948     0.350732    -0.317071    -0.953193      1.19989    -0.383658      1.20948     -1.12735     0.177051
  -0.0437715     0.817365     0.277932     0.505427     0.398992    -0.742914     -0.66187    -0.128638     0.130732      1.79449     0.442442      1.00201     0.131299      1.18156     0.483959     0.807253     0.286342     0.228648    -0.596985      1.17789      1.04979     0.406657   -0.0901814      1.12973      -1.7062      1.36665    -0.956368      0.92793     0.334767     0.237827    -0.325149     0.229369     0.151326     0.468868    0.0469827     0.175538      0.54981     0.418152      0.78206    -0.326503     0.687579     -2.08958    -0.982574    0.0156704    -0.365896    -0.253948    -0.121578    -0.530782      2.05411     0.390201
   -0.187861     0.894806    0.0574724     0.730097     0.456602     0.234272     0.971949    0.0850783     0.335153      0.20305     0.161609      0.10532     0.180783    -0.209847      1.25926     0.297816    -0.315103     0.243424     0.345721     0.197416    -0.161698     0.264747    0.0164997      1.70635     0.329904       0.2949    -0.481158     0.421014     0.184046    -0.135417     -0.12049    -0.616477    -0.310231    0.0668073    0.0618569      0.35654    0.0370431    0.0470973     0.709767     0.659991      0.95228     0.409507   -0.0402841   -0.0465165    -0.271788      0.69999    0.0160389      0.26012     0.355093     0.312191
  -0.0670804      1.48565      0.38722       2.1481   -0.0784504     -1.07336     -3.39608     0.729842      0.34205     0.479338    0.0631118    -0.232513    -0.149767     0.555216      1.02924    -0.811272      1.02851      0.97697     0.463466      0.12926     0.314291     0.724378  -0.00460967      1.85379      2.00258     0.521453    -0.491916    -0.432245    -0.302184     -0.61113    -0.793086    -0.551023   -0.0996766      1.10364    0.0978836   -0.0700867      1.40463     0.217676    -0.430179     -4.09946     0.417565    -0.640392     0.382338     0.127884    -0.499244     0.405857   -0.0746689     0.964117     0.846172     0.288377
    0.103879     -4.33109     0.273597      1.79666    -0.692173     0.964498     -1.03833      1.04072     0.178711      -0.6845    -0.350832      1.29688      0.40735     -2.63333     -1.53245     0.433073      1.36827     0.377445      1.29053      1.49263     -1.38729    -0.404961     0.102645    -0.127442     -1.04495     -0.71853    -0.272011      1.26234    -0.131523    -0.208988     -0.39273   -0.0372064     -3.49282    -0.239235    0.0762175  0.000215865     0.632359    -0.188809    -0.328989      1.00257     0.670807     0.154785      1.14348     0.414189      -1.3776     0.607308     0.100735     0.328839     -1.41752    -0.155785
    0.592166    -0.500271    -0.249467    -0.854826     0.534898      1.49357      1.18887      -0.1585     0.188535     0.133071     0.146687    -0.809584     0.376585      0.19946      1.51441   -0.0709732    -0.508834     0.708942    -0.246043    -0.793163    -0.569161     -1.60462     0.182361     -1.00107     0.744078     -1.23727   -0.0409991   0.00106996    -0.267421      0.92496     0.880279   -0.0248254      1.24645     -1.49595     0.138831    0.0122675      0.27567     0.325343     -2.91531     0.597038     0.133279     0.984989     0.669447     0.143202     0.222856      1.56378    -0.242409      1.42246    -0.561788     0.228562
    0.170109      1.15106    -0.368341     -1.98894     0.107546    -0.234648      1.26118    -0.722339   -0.0905379    -0.243584    -0.141258     -1.56064    -0.265843     0.473549     0.560226      0.21696     -1.30492     -3.69587    -0.114179    -0.184073     -0.11832     0.230989    -0.184644    -0.205635    -0.697882     0.255803      1.73005     0.373735     0.276381     0.575282     0.097693       2.0446    -0.496661     0.358044     0.191307   -0.0930762  -0.00666108   -0.0434924      1.28253     0.387381      2.20629      1.15372     -0.89531    -0.336247     0.600124    -0.923918     0.112765     0.322564   -0.0579158    0.0336558
  -0.0769628     0.040346     0.128836     0.336987     0.154157   0.00435013    0.0379892    0.0817884    0.0661262   -0.0577048 -2.03512e-05   -0.0307726    0.0861984    -0.130474    0.0624877    0.0268768     0.106609    -0.221713    -0.079179     0.209084    0.0275997    0.0692557    0.0427846     0.189736    -0.143457     0.130295    -0.135143    0.0124291    0.0179889    -0.123726    0.0558271     0.100592   -0.0877775    -0.169119    0.0388391   0.00348504     -0.17054   -0.0246427    -0.185681    -0.187719     -0.13027     0.205844    0.0504666   -0.0226631     0.230218     0.337967    0.0887765    -0.148088    0.0682831    0.0243407
  3.19128
  1.22343
 0.275497
 -1.49113
-0.252611
-0.702624
  1.60665
 -0.64994
-0.382756
-0.101567
