3 16 0.5 1600
1
1
9 50
 -0.0816498    0.870409    -1.23292      1.2111     2.19734     1.13786   -0.922331    -1.03124  -0.0771986
   0.165235  -0.0373424    0.107452    -3.92244   0.0815973    0.376342   0.0527917    0.142394    0.352742
   0.758355    -3.04454    0.136881   -0.547752    0.655055   -0.545085     0.14252   -0.715635   -0.338585
    1.80659   -0.149744    -2.11281    0.583321    0.423117   0.0672946   -0.340869     2.59301     1.25632
   -4.53477    0.293485   -0.974647    0.358405    0.466968    0.251716   -0.103319    0.164227    0.126073
   0.119031    0.400995   -0.963091     1.30002    -1.10044   -0.630566    0.298158   -0.244781     2.29406
   -1.13977   -0.507484    0.344251    0.657853    0.856612    0.461355     2.70094    -0.16281    -3.13115
    1.62655    -1.79399   -0.278852   -0.215333    -1.35182   -0.340101    0.617234   -0.750249    -1.64333
    1.48193    0.900202     0.10132     1.03992    0.299527    0.783192    0.212291    -2.50386    -1.69366
   -2.20489   -0.901839    -2.80844       2.429    -1.34657 -0.00865701   0.0125136     1.51045     -1.9274
    3.51063     1.43645   -0.150559  -0.0963344    0.101112    -2.19591    0.158092    -1.33564   -0.174759
  -0.936433     1.36893     1.06658   -0.699047     2.12636    -1.38901    0.741009    -1.95206    0.641758
    -2.6505     1.36472   -0.440131     1.61412      1.2915      0.6487    -1.03247    0.280653    0.644256
   -1.81996    -0.29755   0.0143253    -1.33596   -0.846741   -0.411279     3.13402   0.0071371   -0.819161
    1.59275    0.109997     1.52684    -1.23623    -1.00091    -2.04942      2.4252    -1.59523     1.70685
   0.758213   -0.958069    0.740752    0.568094   -0.313392   -0.246623   -0.337935     2.51743   -0.587924
   0.966666    -1.46775   -0.457068    0.505312    -1.31174    0.650162   -0.918946    -1.59144     4.36801
    1.04323    -1.34717    0.804758    0.746638    0.973048     1.63252  -0.0527502    -3.93331   -0.565278
  -0.540303   -0.576401     5.10392    0.603464   -0.852129    -1.26461    0.587985   -0.643068   -0.120513
   0.193156   -0.154865    -0.83039   -0.719271   -0.343226     5.55238   -0.114796  -0.0253255   -0.741492
   0.940783    0.295908     -2.1379    0.461231  0.00653044   -0.340947    0.551318   0.0211233   -0.578292
   0.295998    -1.61411     1.69924   -0.555471   -0.114606   -0.990067   -0.567275     2.28416   -0.211449
  -0.485474    0.440612    0.201296    0.490094    -3.84149    0.352875    0.688869      1.3526    0.667299
  -0.105226     -1.4865    -1.66487     5.03384   -0.683149   -0.865107   -0.737881    -1.31277   -0.483694
   0.533671    -4.41235    0.076097    0.132623    0.711289  -0.0848901    -1.28556    0.633997   -0.741228
    2.05757   -0.244639    -1.52253   -0.589532    0.499312     1.46272   -0.143132   -0.588212    0.512831
   -1.33553    0.749135 -0.00801992   -0.851509   -0.935356   -0.532807     3.69988   -0.194889    -1.00117
   -1.28594    0.867535     1.90004    -2.73151   -0.760437    0.690554    0.375939   -0.570676    0.382114
  -0.283399    -3.97019    0.197184     1.01313   0.0685932    0.747905     1.12405    0.692358      1.3519
   0.394277    -3.63026      0.4685    0.688005     0.98205    0.925665     1.50249     -2.5824     1.88721
    1.70191     1.30775   -0.498443   -0.130356    0.230065   -0.301758    -3.74236    0.739964  -0.0529914
   -1.34112  -0.0930225    -3.30532    0.634626    0.314944    0.698728    0.272019    0.933022    -1.43462
   0.567482    -2.44447  -0.0165096     1.05483    0.879415     1.08622   -0.975029    -0.56775    0.368684
   -1.26943    -1.33147    -1.10298   -0.408581    -0.24045     4.90183    -2.80647    -1.11614   -0.655007
  -0.290286   0.0997967   -0.714322   -0.424167     3.15256    -2.25864     1.52492     1.51633     1.25608
    1.17884     -0.1915    -2.64623    0.774782     1.43164    0.249641    0.616749   -0.902018     1.26713
   0.220907     1.19193     2.67644  -0.0551431      1.4338   0.0451802    -1.20206    0.864614    0.776498
   0.848283    0.900673    0.961131     0.02664    0.852544     1.28625    -1.83539    -3.64683   -0.489416
   -1.11819    0.520691  -0.0180681     1.07248  0.00869002   -0.156957    -1.64397   0.0540208   -0.580951
   0.917741   -0.936121  -0.0868702    0.574637  -0.0585823    -1.27088  -0.0971839   -0.961886    -3.45981
   0.368933    -1.31363    -2.02651    0.662609   -0.896997    0.697008   -0.780362     1.27821     2.11203
   -1.02134    0.108366     1.93387     -1.6322    -2.28796    0.285707     1.94295      1.1476    -1.56583
  -0.383995   -0.613366    -0.10308    -1.79694     2.87415    0.444002    -1.12768    0.233999     2.19117
   -2.23893    -1.43048     1.88098    -1.06024    0.334752      2.1085    0.597208   -0.774499     1.21695
   -1.09746     1.11444   -0.281898   0.0591418   0.0134792    -1.86601     1.27543    0.925256     2.88072
  -0.379764     1.73164     1.20498     -1.1186    -3.34791    0.179337    -1.46374    -1.22584     -1.8474
    -1.1524   -0.489804     2.83249    0.998313   -0.894587   -0.487843    0.264442    -1.03183     -1.3435
   0.632533    0.885308   -0.683748  -0.0558629    0.172972    0.700464    -1.59059    0.503408    -3.83482
   -1.48229    0.315375  -0.0194449   -0.420002     3.46985   -0.458485    0.831157     2.08837  -0.0786845
   0.303656    0.986276   -0.489343    -1.89026    -1.40855   -0.822103    -1.79012       1.295    0.290585
0.0810345
 -1.63632
 0.682224
 -0.46187
  2.04406
-0.107613
 -1.14918
-0.551186
-0.561534
-0.773997
 0.401414
 0.464539
-0.746623
 -1.79652
-0.637955
 -2.03805
 -2.05698
-0.945978
  1.46685
  1.98731
 -1.43524
 0.166502
 -1.82433
 -2.20877
 -1.77867
-0.882139
 0.729678
-0.965148
-0.824181
-0.312301
-0.072141
  0.19136
 -1.08627
 -1.08966
-0.675473
 0.577087
 0.181737
 -1.52205
-0.886683
 0.581435
 -1.66479
-0.622248
-0.219778
 -1.26378
 0.801803
0.0708938
 -1.68357
 -1.69548
 -1.83142
-0.538995
1
1
50 50
  -0.646038   -0.268308   -0.423361    -0.63498   -0.351761   -0.224556   -0.228457   -0.100674   -0.151972    0.182651   -0.501577   -0.334573  -0.0165445   -0.188034   0.0900314   -0.235115    0.536849   -0.189867    0.154875   -0.397482   -0.106018    0.202344    0.728402  -0.0162437    0.159744   -0.121277   -0.520017    -0.22335   -0.255327   0.0920747   -0.259469   -0.631341   -0.435271   -0.109979   -0.550192   -0.781839    0.147509    0.140216   0.0111864   -0.498262   -0.326684   -0.195011   -0.510717   0.0496128   -0.296389     0.13139    0.345052  -0.0416938   -0.282074   0.0955194
   0.209611  -0.0643727  -0.0660064    -0.63419   -0.958254     0.62154     1.50784   -0.672474    0.455427  -0.0151142     0.29649    0.192148   -0.302798     2.38045     2.06661  -0.0888814   -0.397394    0.463598      -1.522    0.924313    0.788545   -0.815948   -0.225317   0.0393926       -1.06    0.408582     1.01562    0.216036    0.141669    0.284963    -2.74386    0.440727    -1.49986    -1.05402   -0.449681    0.636954    -2.08531   -0.509245   -0.885336     -0.2139   -0.350744     1.10757    -1.62441     0.44409    0.689232    -1.86353   -0.864139    -1.12358   -0.142472    -1.01953
    0.85497    -1.22045    0.330714    0.525633    0.895028   0.0987276   -0.491767   0.0420418   -0.176456  -0.0910508    0.382226    0.130582   -0.551225   -0.719619   -0.198179   -0.748499    -0.39854   -0.809665    -1.60938     2.02253    0.693791   -0.434724   -0.945632   -0.952458   -0.909845    0.409738    0.531485    -0.41396   -0.130824    0.102554    0.315657     1.06089   -0.475996    -0.25988   -0.393935    0.795041    -0.48954   -0.951487   -0.927212  -0.0934639    0.342236   -0.366089  0.00712877   -0.306236    0.718226   -0.546339   -0.678311   -0.210371   -0.664953   -0.503343
  0.0726625   -0.673067    -1.66918   -0.470956    0.420579    0.442711    -1.53102    -1.87803    -0.38921    0.605962   -0.685103   -0.417423     1.25486   -0.579038    0.673805   -0.478679     1.52279    -1.91628   -0.489006   -0.396807   -0.598672    -1.06257  -0.0351429     1.35455   -0.895486   -0.370391    0.482163   0.0181948    -0.59298  -0.0318732    -1.28557   -0.431059    -1.24164   -0.648625    0.260787   0.0839928   -0.306971    -0.36512    0.470507    -2.36638   -0.191167    -1.04187   -0.731326    0.537543    0.690172   -0.121987   -0.091905    -1.18313    0.193459   -0.828533
  -0.264422   -0.576084    0.220497   -0.332972   -0.294882   -0.227531    -0.31785   -0.293683   -0.331673   -0.334463   -0.125577 -0.00410274   0.0610432   -0.388835   -0.430773   -0.138614   0.0508824    0.041988    0.214735   -0.506466   -0.392156   0.0526333   -0.186664    -0.04557    0.164627   -0.372495   -0.623802   -0.329145  -0.0960597   -0.128496    0.174079    -0.79975    0.161741   -0.361414  -0.0728529   -0.186874   0.0871089  -0.0940775     0.41981   -0.229057   -0.475469   -0.541805   0.0298559   -0.233481  -0.0421164     0.29938    0.139672   0.0531088   -0.661258   -0.102966
  -0.172994   0.0863741   0.0701189    0.276471    -1.07816   -0.538704    -1.15671    0.532906   0.0941616    -1.31178    0.484857   -0.801523   -0.780105   0.0670166       0.372   -0.099957    0.131755     0.83654   -0.768661   -0.180089   -0.198585   -0.587562    -1.47607   -0.661345   0.0164134    0.660468    0.236667    0.519691   -0.342981    0.372919   -0.172468  -0.0221676  -0.0848315      1.2605     -1.9673    -0.33175   -0.968703   -0.079538   -0.893534    0.168751    0.505496    0.222822   -0.166465    0.165133    -1.22315    0.113902    -1.11972    0.133048    -1.72871    0.427839
  0.0700741   -0.266535    0.582248   -0.519511    0.518263    0.792215   -0.665893   0.0140951    -0.98625   -0.780259     1.29005     1.41356   -0.631047   -0.726423   0.0816469   -0.842688    -1.05544    -1.78126      2.2132    -4.94749   -0.162745    0.464788    -1.25152  -0.0284323   -0.258519    -1.55964     -0.1842    -1.39023   -0.418655   -0.498322     0.25988    0.226037   -0.149653   -0.998741     1.74059    0.756514    0.622077    -1.29539   -0.398235     0.27263    -0.60082   -0.781659    0.735031    -1.93429     1.60318    0.649704    0.175094   -0.862821    -1.00041  -0.0285382
  -0.700199    0.141986  -0.0326899    0.805794    -1.55067   -0.736709    -0.28047  -0.0263286   -0.774607   -0.515944    0.108168    -1.52494   -0.346896   -0.248219   -0.188709     1.17152   -0.469314   -0.322521     1.16683    0.739277   -0.555488    0.122182   -0.265765  -0.0782852    0.604698    0.203587   0.0516703   -0.713333    0.232555   -0.945161  -0.0469565   -0.667405    0.100287   -0.549407   -0.344104   -0.705115    0.176238   -0.913436   -0.897717    0.249746  -0.0704526  -0.0226762   -0.748777   -0.922825   -0.388289    -1.23213    -1.10983   0.0512155   -0.708282    0.419377
  0.0511657    0.060754    0.167326   0.0484386   -0.202983   -0.151539     -0.2311  -0.0197601    0.133499   -0.269461    0.359399     -0.1171   -0.216859    0.147222   0.0354368    0.176682   -0.158151   0.0524902   0.0935315     0.34408  -0.0648977    0.121447   0.0599029  -0.0572383   0.0801903   -0.175642    0.184397   0.0346197   -0.415983   -0.109185   0.0750782   -0.189249   0.0385867   -0.194701   -0.229901   -0.203632   -0.171695   -0.186974    -0.16505    0.229023   -0.389341   -0.193965  -0.0116324   -0.166069    0.123647   -0.127981   -0.120487   0.0245721    0.216248   -0.304743
  -0.390542   -0.305324   0.0496787   -0.306474   -0.256301   -0.135582   -0.130382   -0.137235   -0.365343    -1.00827   -0.171457    0.999701   -0.307711    -1.10178    0.456652   -0.427955   -0.686638    -0.88728     1.08753   -0.927562   -0.459481     1.41898   0.0596144    -3.24503  -0.0562593     -1.0371   -0.410141   -0.377227    0.110612   0.0391387    0.328589   -0.937612  -0.0330601   -0.524021    0.180532    -1.29359     1.12414    0.213473    0.410968   -0.121723   -0.355907   0.0774781   -0.202907    0.200112     0.87929    0.768936     1.07579   -0.534533   -0.248774    0.499179
  -0.170413  -0.0985203     1.04001     0.31978    0.081522   -0.593716    0.456174    0.719751    -1.27484   -0.069175     -1.2802   -0.546054    -1.45757    -0.41111    -0.20603   -0.360343   0.0297593    0.645208     1.36644    0.969188    -0.87695      0.9804    -1.50882   -0.594856     2.49567   0.0842273   -0.296634    -1.24437     1.74242    0.870238    -1.52885  -0.0688151     1.28872   -0.925372   -0.385386    0.219491    0.364602    -1.17825   -0.689102    0.119717    0.679516   -0.712914    0.265508   -0.458193   -0.279821    -1.53713   -0.509637   -0.779714   -0.978039   -0.704923
  -0.164038    -1.56279   0.0369809   0.0566751    0.679816    0.769557    -2.31239   -0.791227   -0.615379   -0.923278   0.0153603   -0.124653  -0.0271555    -1.73604     0.55189   -0.273829     1.22931     -1.2074   -0.326555    -1.02597      -0.686   -0.090267   0.0323266   -0.928041   -0.228248   -0.669893    0.153259     0.29386    0.616937    0.557567     0.24838   -0.638645   -0.237998     0.59919   -0.478649   -0.273392    0.414954   0.0735927    0.064799    -1.65056   0.0612563   -0.510065   0.0424802    0.473864    0.553579    0.637989    0.174566   -0.360925    -0.67752    -0.25414
   0.111353   0.0753438    0.712153   -0.110584   0.0416268    -1.12247     1.16977    0.825039    0.512324    0.192815    0.128315   -0.453275   -0.764093   -0.145237   -0.734317    0.209494   -0.626183   0.0625254   -0.122371    0.207219   0.0774334   -0.150585   -0.913646   -0.344565    0.616837    -0.32571    0.211385   -0.592887   -0.543477   -0.370251   0.0761989    0.375141  -0.0313368     0.09206   -0.534689   -0.321118   -0.160477  -0.0402809  -0.0303831    0.491321    -0.61733   0.0498514   -0.801084   -0.507797   -0.977725     0.49481    0.435112     1.33391   -0.371131   -0.404556
   -0.14318   -0.859822     -0.9711   -0.590505  -0.0784544    0.265639     1.58707    -0.11008   0.0321783   -0.360776  -0.0991747   -0.761369   -0.757364     1.98377     1.12177    -0.48392     -0.4361    0.152779    0.524806      1.2633   0.0324888    0.503334   -0.531372    0.231292   -0.130055   -0.365047    0.970037     0.17853  0.00879013  -0.0422858    -2.58053    0.758485   -0.428148    -2.23515    0.236298    0.036468   -0.946642    -2.17331    -1.78008   -0.420859   -0.532954     1.81621    -1.38865    0.367319   -0.192403   -0.996283    -1.12148   -0.503782    0.268679    -1.46448
   -1.70827    0.547875    0.998975    -2.03624   -0.521146   -0.375572    0.221418  0.00822877    -0.77997    -1.26973    -1.41431    0.508901    0.141291    -1.22024   -0.679704    0.216892   -0.986362    0.407003    0.858666   -0.776853     -1.3616     1.21971     0.25543   -0.569629    0.610067    -1.47105    -1.45133    0.439514    0.298483     0.40369    0.913716    -2.46117    0.934502   -0.959963   -0.566907     -2.6442    0.896316      1.4858      1.1919   -0.322406     -1.4537    0.178354    0.648986    0.774876   -0.466318     2.22663     2.29137   -0.397285    -1.01989    0.154823
   0.354682   -0.768807     0.29596     0.19702   -0.478976    0.369238    0.202656   -0.714158   -0.571457   -0.702031  -0.0213739    0.337183    0.715775   -0.526954   0.0943833   -0.287391    -1.15372   -0.191564   -0.317894    -1.81745    -0.16998   0.0948369    -1.02571    -1.45663   -0.429318   -0.625249   -0.280131    0.699502    0.358593    0.447658       0.448   -0.257943  -0.0382761    0.324504    0.543642    0.226081    0.342636   -0.248946   -0.125418    0.166068   -0.321464   -0.370767    0.670582    0.494424      1.0676    -1.11307   -0.507649    -1.21388    0.897292   -0.252593
    1.23081    0.705718    0.719715  -0.0892734     1.05528    -1.86307     1.17106    -1.03159   -0.161979    -2.12199    0.372802    0.607898    0.290622    -1.83726    -1.46785   -0.209374    -1.73505    0.306039   0.0331101    0.884175   -0.719019   0.0919962    -1.50494   -0.896213     -0.7268  -0.0190553    0.628362    -0.78436   -0.480183     1.22365    0.273279   -0.297946    0.172138   -0.869832     2.62168     0.59109     1.23626    0.184853   -0.662799   -0.207146    -1.30591    -2.31189      1.7766  -0.0654193   -0.666096    -3.14351   -0.965377    0.229167     2.55333    -1.32327
   0.104912   -0.694126    -0.86475     1.08213    0.642695      1.2212    -2.09829    -1.86134   -0.921975   -0.604045   -0.159626    0.026136   0.0814116   -0.797393     1.78575   -0.837652     3.12207    -1.27988    -0.38346    0.192888    -0.92056    0.144774    0.348596    0.669013    -1.42976   -0.337888   -0.972181    0.510995    0.133672    0.801737   -0.888993    -1.03645   -0.423562   -0.365575    0.632611    0.727988  -0.0406608    -1.31337  -0.0722933    -3.11915     1.27077    -1.10142     1.01768    0.472648     1.42011     -1.0395   -0.341306    -1.94453   -0.314524    -0.87457
 0.00303164    0.203724    0.242973     1.14624   -0.113842   -0.347581   -0.709516   0.0564243  -0.0150726     1.00503     1.13763   -0.755802   -0.403808  -0.0434352    0.111767   -0.457872    0.433172   -0.621271    -3.02065    0.845933     1.42538   -0.491622    0.219987    0.338126   -0.522423     0.90683     1.04919    -1.02473   -0.213146   0.0377148    0.853274     0.77846   -0.748005  -0.0986937      0.4594    0.814926     -1.9443   -0.637916   -0.746676   0.0624806    0.681872    -1.24178   -0.202922    -1.05604   0.0379853    -1.17976    -1.11394  -0.0774308    0.187167     0.24911
   0.421526    -1.28659    -1.29484    -1.02211    0.117137    0.312869   -0.587645    -1.32854   0.0194292    0.682043   -0.195701    0.352139     1.15694   -0.481592   0.0271631   -0.314688   -0.212355    -1.53996    0.328947   -0.260024   -0.343039   -0.372812   0.0795619   0.0302823   -0.694541   -0.334553     1.17946    0.353124    -1.42558   -0.518353    -1.08015     0.58516    -1.02418    0.101614       0.008    0.465455    0.166961   -0.480328   -0.283222   -0.515533   -0.397728    0.133321   -0.915448    0.142692    0.838831    0.561485   -0.231753   -0.791134     1.03798   -0.806338
   0.329824   -0.902487    -0.64429   -0.735651     0.61342    0.510551    0.665452    -1.61174    -1.11496    0.666976    -2.15363    0.123131     1.64348    0.470217   -0.651144   -0.584037   -0.999499   -0.809907   -0.759284   -0.369352    -0.15672   -0.673668    0.224943   0.0910413    -2.53359    -1.17035   -0.462566    0.311303     1.18821   0.0847369   -0.361668    0.178214    -0.81525    0.134579    0.393391   -0.731372   -0.217349    -1.08141    0.526005   -0.465265   -0.641493   -0.245016   -0.101129    0.851105     1.44179   -0.845485    0.641826    -1.28888     1.75942    -1.15643
  -0.962016    0.241238    0.491978     1.16202     0.13291   -0.911796   -0.330413   -0.225122    -1.63167   0.0651376   -0.648641   -0.591348    0.118728   -0.677276     -0.8485     1.41344   -0.878007    -1.42877     1.44367  -0.0589111   -0.667019    0.836016   0.0500474   -0.900335    0.810486   -0.953604   -0.523249   -0.713015    0.283058     -1.6081    0.246509   0.0285945    0.103221   -0.661879    0.850167   -0.786929    0.932137    -1.09565    0.376729    0.543448    0.183263   -0.309909     0.41729    -0.88193   -0.702773   -0.824093   -0.778408    0.250973     0.90958     1.07482
  0.0404831   -0.198824  -0.0865667   0.0264611   -0.196188   -0.219481   -0.448525   0.0878921   -0.205675   0.0627531   -0.160669   0.0435279   -0.153294   0.0735891  -0.0549114    0.124239   -0.028529    0.311228    -0.25104    0.115903  -0.0219094   -0.107427   0.0852622   -0.156185  -0.0479904    0.176667    0.169923   0.0363239    0.195572   -0.127004    0.050547    0.137659   -0.168808   -0.225293  -0.0132321   -0.222117   -0.193739   -0.189516    0.233823    0.120743  -0.0597716   0.0119437   0.0521361  -0.0115548   -0.104564   -0.048279    0.105309   -0.200184  -0.0416514   -0.218514
    -1.6521    0.778833   0.0484345    0.614456    -1.87835   -0.761895   -0.312234   -0.271178   -0.500985    -1.24269    0.165841    -1.23233   -0.880544   -0.760047   -0.336425     1.24157    -0.74292   -0.675536   0.0243191   -0.194841   -0.240549    0.527215    0.122973   -0.926411      0.1477   -0.555294    -1.04721  -0.0343247   -0.142109    -1.05477    0.643058    -2.13293    0.423774   -0.874826    -0.62743    -1.70575     0.22915   -0.404758  -0.0508279    0.430509    -0.24789    0.523349   0.0361868   -0.977687   -0.480266     1.02156    0.170518   -0.101553    -1.01757    0.711447
  -0.681627     3.65496     0.16326   -0.578721   0.0668034    -1.51358    -1.52632   -0.360593    -1.62342    -2.18731  -0.0444605   -0.158415    -1.75591    0.329644    0.755986   -0.909928   -0.875487   -0.318743    0.105432     3.38738   -0.464528   0.0788365    -1.27163    -2.03005   -0.467505     0.60344   -0.591156      1.2625   -0.757884    -1.11881   -0.487254   -0.599026   -0.856925    -2.13242    0.316719  -0.0148889   -0.303271    -1.14844     -1.4402   -0.851344   -0.490313    0.627188    0.903559    0.799437    0.088651   -0.349094    -1.90743   -0.942458   0.0802405     1.53923
   -1.01167    0.497818    0.308215  -0.0196402   -0.123725   -0.539557    0.192619  -0.0754028   -0.865821   -0.275024    -1.12658   -0.559624   -0.173115   -0.691178   -0.516435     1.01356   -0.348212    -1.21648    0.375275   -0.935417    -0.55119    0.547721    0.499651   -0.907804    0.921235    -1.30166   -0.596566   -0.456584    0.885826   0.0581474    0.160846    -1.30279    0.993953   -0.509313    0.119321    -1.32335   0.0889437    -0.33803    0.838622    0.215374   -0.197721    0.295819    0.204952    0.208667   -0.410486    0.642396     1.76184   -0.142742   0.0384097    0.269778
 -0.0665194  -0.0416197   -0.567857   -0.403566    -0.23721    0.638683    0.568368   -0.593719    0.346547     0.86151   -0.993169   -0.714036    0.413788    0.182803    -1.39848   -0.510249    -1.93404    0.707649    -0.45706    -1.00826  0.00868435    -1.66291   0.0465372     1.10867   -0.572735   -0.249767   -0.402959   -0.687839    0.815908   0.0142572    -1.22585    0.498454    0.369674    0.572648    -0.10372    0.892349   -0.842123   0.0927972   -0.112579    0.204022   -0.234357   -0.663672   -0.124671    0.654743    0.853355   -0.755881   -0.589377    -2.04242   -0.424855    -1.35576
    0.93717   -0.730156   -0.581651    -1.29905    0.888604    0.952324   -0.934343     -1.2834   -0.921539    0.150259    -1.05204    0.575499     1.85929   -0.840402   -0.962176    -0.49634   -0.393304    -1.56526    0.903506    0.582515    -1.21567   -0.573404     -0.3995   -0.592645    -2.63558    -1.11552     1.44094    0.182656   -0.286612    0.042373    0.107384    0.782001    -1.02077    0.604216    -1.07285   -0.248498    0.446875    -0.89161     0.44385   -0.989962   -0.541519  -0.0959487    0.414927     1.42354     2.20345     0.13267    0.375095    -2.13532    0.053462   -0.813889
   0.606237   -0.927848 -0.00765708    -1.06807   -0.638279     1.28374    -1.01682   -0.386184     1.54882   -0.737703    0.768889     1.04199   0.0807649   -0.648627    0.334983    -1.01656    0.133165     1.45922   -0.736929   0.0767012   0.0123411    -1.55599    -1.09377    0.353176    -1.43247   0.0204381   -0.232029       0.841  0.00801963     1.53254   -0.139209   -0.501242   -0.349317    0.870291    -1.49404    0.775913   -0.584215     2.11465   -0.292024    0.402832   -0.512304   -0.763893   0.0656555       1.161    0.905878   -0.332779   -0.118566    -1.30679    -1.85993     -1.2473
  -0.969809    0.472499     0.58336   -0.618542    0.197196   -0.804813    0.515865    0.583191    -0.67566  -0.0245206    -1.29401  -0.0491917   -0.176707   -0.488429   -0.486735   -0.277315      0.0812     1.20576   -0.712005   -0.456793   -0.106496     1.17897     1.33873   -0.776487     1.43333    0.172061   -0.783754   -0.809001    0.710389     1.66145   -0.142083    -0.34391      1.0168   -0.593154   0.0151529   -0.694114    0.304318     0.35402   0.0113086   -0.233622    0.118256   -0.384248  -0.0830226    0.392305    -1.18406   -0.694407    0.688453    0.188679    0.395455   -0.386092
  -0.957276   -0.733657   -0.428037   -0.214795     -0.5903    0.170229    -1.18827    -0.33866   -0.620144    0.328421   -0.354233   -0.389401  -0.0357547   -0.785037   -0.776544   -0.458617    0.388955   -0.204501    0.358424   -0.754366   -0.233339    0.313172     1.04765 -0.00928944   0.0411819   -0.178323    -1.05286   -0.807557   -0.339734   -0.737254   0.0384544   -0.235383  -0.0555245     0.49153   -0.324537   -0.627726    0.274189    -0.55611    0.155592   -0.497591    0.280574   -0.647836   -0.338041   -0.793221   -0.390901    -0.17016   -0.317011   -0.208035   -0.759512  -0.0913114
   -1.74201    -1.47043   -0.657878   0.0995538   -0.792339     1.79428   -0.811589   -0.148148    0.326937    0.868086     0.56027    -1.02417   -0.912476    0.812899     1.09386   -0.184784    0.231577    -1.04688     0.10606    0.589963    0.157806    0.837697     3.04457   -0.339522    -1.14984  -0.0732424    0.462533    0.154203    0.343306   -0.933889   -0.670616   -0.589982   -0.461831    0.732339    -2.85901   -0.886409   -0.446966    -1.54089    -0.44826   -0.316906    0.819528     1.55993    -2.52352  -0.0720373     1.20999      1.3353  -0.0344591    -1.24356    -2.16026   0.0991029
   0.699832     0.43279    -1.20404    0.266108    0.102411   -0.901453    -1.65924    -1.01287  -0.0983046    0.291311   -0.846282 -0.00214281      1.2096    -2.63708    -2.73417   -0.567265    0.759457   0.0449121     2.04105   -0.551421    -1.14119    0.688488    0.103917   -0.414521    0.863771    0.032804     -3.3276    -1.32503    -1.24522    -1.45716     2.37514    -0.17557    0.905451     1.15067    -0.13452  -0.0183823     1.93252     1.03464     0.93059    -1.35143   0.0785777    -1.76784    0.641283    -1.26805    -1.59847    0.612877   -0.670092    0.888977   -0.390335     0.41984
  -0.840335    0.226569    0.123693    0.018602    0.028242   -0.486015    0.914064    0.374247   -0.643958   -0.475125    -1.14924   -0.361906   -0.911891   -0.180658   -0.379136    0.427586   -0.747388   -0.861493   -0.624907    0.258668   -0.455375    0.203261    0.843324    -0.84634   0.0548274     -1.0282   -0.355028   -0.161634    0.770593    -0.33332   -0.248669   -0.721962    0.320284   -0.787043     0.31962    -1.19696    -0.65188    -1.05707    0.416818    0.376565   -0.706822    0.659787   -0.354724   -0.342354    -1.11063    0.398259    0.738052    0.324068    0.312622 -0.00898892
  -0.285049  -0.0607157   -0.408787   -0.141773  -0.0108012  -0.0836448  -0.0971832   -0.138439    0.178266    -0.18497   0.0506906   -0.329102   0.0906688     0.15369  -0.0152954  -0.0980145  -0.0404735   -0.409983   -0.486597   0.0168554    0.100609   -0.226431  -0.0839399    -0.31783    -0.26924  -0.0481003  0.00572384   -0.134709    -0.48622   -0.393501    0.223597   -0.322838   -0.164348   -0.171702  -0.0914414   -0.151574   -0.390186  -0.0879246  -0.0379966   0.0209213    -0.29378   -0.369463   0.0326347   0.0772273    0.160667     0.01037    -0.26154   -0.246333  0.00146305   -0.292176
 -0.0454989  -0.0398215    -0.10639   -0.308919   -0.539121   -0.139494   -0.312657   -0.290691   -0.344781   -0.278956   -0.258972   -0.342682  -0.0869658   -0.173888   -0.160031   0.0326497   0.0827486   -0.361358    -0.13008   -0.335373   -0.085994   0.0381467    -0.32493  0.00504235   0.0411811   -0.278236  -0.0265578  -0.0871181   -0.282864    -0.11014   0.0334529   0.0714763  -0.0406902  -0.0169137   -0.234722   -0.178019   0.0486604  -0.0141677  -0.0934855  0.00230897      -0.352    0.115505    -0.26242   -0.209345   -0.185703    -0.26044    -0.19703   -0.088441  -0.0629198  -0.0323221
   -0.98725    0.522093   -0.237138   -0.966202    -1.87619   -0.527589    0.129636   -0.245057   -0.301574    -1.68016    0.740753    0.419583   -0.386091    -1.15558    0.286655   -0.186452   -0.901896   -0.142754    0.527423    0.446126    -0.30202    0.802047    0.393655    -1.11842   -0.136702   -0.368275    0.682578    0.097368    -0.32502    0.449667    0.533961     -1.7532    -0.24683    -1.20154    0.115513    -1.40507    0.527453     0.60257    -0.55107   -0.112757    -1.35551    0.598409   -0.152447  -0.0673117   -0.301981    0.517753   0.0843177    0.278113  -0.0789289    0.266846
  -0.158501    0.124778   -0.120636   -0.366174   -0.588306   -0.531622    0.169227   0.0211858    0.174738   -0.215551  -0.0809309    -0.24203   -0.307185   -0.573385   -0.388562   -0.157969   -0.485105  0.00332754   -0.237976   0.0916364  -0.0321674    0.211091   -0.169946   -0.796842    0.272282   -0.467722   -0.199392   -0.433506   -0.239867   0.0566057    0.314964   -0.652273   -0.102553     -0.2683   -0.303113   -0.415164   0.0302627    0.487492   0.0389319   0.0622278    -0.40902   0.0583327   -0.596278   -0.310474   -0.841371    0.642485    0.218735    0.551939   -0.460969   0.0429561
   -1.25952    0.493799    0.199599     1.63676   -0.158155   -0.667782   -0.485772  -0.0449265    -1.56186    0.869424    -0.96075    -1.48446   -0.340766   -0.158802    -1.52305     2.24885    -1.38994    -2.40681    0.315644    -1.02036    -0.28305    0.525361    0.289782    -1.15493    0.630816   -0.886071   -0.207451   -0.737401    0.901493     -2.5023    0.751454  -0.0464088   0.0568314    0.257715    0.301777    -1.20781    0.188261    -2.41043    0.602572    0.416464    0.877827     0.39782    0.248781   -0.982915   -0.598191     -0.3626  -0.0871584   0.0715232     1.22064      1.3898
    0.12112    0.606293   -0.250232    0.348313    0.125665   -0.894654   -0.174378   0.0780027   0.0551338   -0.786461    -2.14145    -1.33743   -0.865018     0.49768    -1.56466    0.209206    -1.08068     1.41659    -2.09219    0.296361  0.00544173   -0.620433   -0.592207    -1.12175   -0.451682     1.26063   0.0251437     1.83721    0.364779   -0.551413   -0.465966    0.445648   -0.152706     4.72345    -2.66584  -0.0845993    -1.07074   -0.121481   -0.551265   -0.207186    0.759014     1.02528    0.305678     1.30171    -1.34197   -0.115577   -0.623633    0.785195   -0.677083    0.592587
   0.828152   -0.949884    -2.72967    -1.42909     1.04584       1.113    -1.16494    -2.17589      1.6303    0.525673      1.0158     1.14265     1.15988    0.277336    0.276606   -0.684129     -1.7703    -1.26045    -1.96774  -0.0816037    0.938859    -1.21773   -0.706332    -0.42211    -1.53987    0.515945    0.153917    0.715083    -3.58706    -2.85771    0.475135    0.715747    -2.01401   0.0799418   -0.452513    0.181065   -0.823449   0.0801647     0.15207   -0.309235    -1.72611  -0.0942914    -1.02242    -1.03579     1.57663     1.26804   -0.430347    -1.11158    0.219785   -0.735499
  -0.354545    -1.41767   -0.411091   -0.489212   -0.150798    0.996652   -0.306964   -0.666211    0.319613     1.66513   -0.345667   -0.215887     1.00023   -0.574462   -0.809826    0.316212   -0.176053   -0.112131    -1.00126    -1.50765    0.239297   -0.436465    0.759066     3.59816    0.242656   -0.607078    -0.92596    -1.20902   0.0588568    0.355057    0.147219   -0.737595    0.803797   -0.791539   -0.320429   -0.977336   -0.417923    0.175692    0.888644   -0.370541   -0.470697    -1.16713   -0.935811   -0.387772      0.2178    0.124305    0.897975   -0.889666    -1.82061    -0.81497
    0.10483     1.67028    0.588223   -0.161837     1.40798    -1.50391   0.0270853    0.740557   -0.678149   -0.950529    -1.14623   0.0853819    -1.13352    0.769657   -0.279441   -0.523261   -0.963845    0.360032   0.0764357    0.851932   -0.327626   0.0617496   -0.947122   -0.397535    0.620757   -0.233709    0.293452    0.453084   -0.342652 -0.00445484   -0.133228    0.493221   -0.135166    0.398496    0.225726   -0.166589   -0.479361   -0.333302   -0.419142   0.0617399   -0.696236    0.119627    0.650959    0.366205    -1.00712    0.441885     -1.2229     1.28061    0.107989     1.22947
  -0.127169    -0.10253   0.0686697   -0.189169   -0.204443   -0.121076   -0.286297   -0.336629  -0.0481782  -0.0839959   0.0052241    -0.21154  -0.0194402   -0.231334  -0.0171349   0.0922817    0.083256 0.000591734   -0.310309    0.050572   -0.180121   -0.145633   0.0535601   -0.351089   -0.290028    -0.14774    0.224335  -0.0997677  -0.0514661  -0.0811465    0.143786    -0.14109     -0.1618   -0.183669   -0.221194   -0.328269   -0.363119   -0.132396  -0.0834211   -0.370578   0.0151576   -0.220952   -0.136809   -0.033344  -0.0796805   -0.177077   0.0379775   -0.069105   -0.158227   -0.181178
  -0.791089   0.0685996   0.0352135   -0.038007    -1.10008  -0.0239986     1.00967    0.573566   -0.132954   -0.868787   0.0961447   -0.435423    -1.34796    0.961933    0.637055  -0.0620381   -0.196411     0.39926    -1.25919   0.0634617    0.598072   -0.304503    0.282778   -0.659801   -0.572134    0.342956   -0.235185    0.102407    0.233651     0.45235    -1.63186  -0.0854677   -0.918875    0.229956   -0.570351   -0.304597    -1.27912  -0.0811286   -0.470599  -0.0417085   -0.204967    0.678549   -0.422807    0.296597   -0.470164    -1.20119   -0.371852   -0.351267   -0.316969   -0.379206
  -0.217421    0.782303    0.104046      0.5049    -1.75725    -1.05515    0.832864    0.505684    0.732666    -1.39266    0.931221    -1.19533   -0.755195    0.135734  -0.0251507    0.773434   -0.613889     1.27114   0.0689112    0.592172    0.107096    0.442751   -0.587601   -0.181098     1.42594    0.788578   0.0787448   -0.385063    0.234797    0.467209  -0.0406223    0.154358    0.856522    0.620755   -0.844817   -0.590204   -0.174369    0.292314    -0.51149     1.03245   -0.412493    0.388116   -0.708969   -0.686072    -1.57032  -0.0314245   -0.772792     1.54891    -1.19295    0.829772
 -0.0989627     0.19576   0.0610939   -0.431877   -0.151752    -0.13154    -0.19477   -0.238996    0.100014   -0.283326   0.0351753    0.197074   -0.158901     -0.3804   -0.405181  -0.0771632   -0.219876   0.0764249   -0.213614   0.0840087   -0.139359   -0.617547   -0.290537    0.118085   -0.179424    0.209356  0.00265888    0.289417     0.17524   -0.277538    0.157575  -0.0815168   -0.258352 -0.00958601   -0.417707  -0.0203302   -0.179854    0.391932   -0.149986    0.114972    -0.33258  -0.0336798    0.098567 0.000700197    0.339678   0.0441565   -0.121918   -0.319539   -0.751123   -0.163664
 -0.0498875    0.315669    0.834723     1.50561    -3.82433    -1.06199     -1.4986    0.794604     1.02715    -1.94938     2.53831    -1.02389    -1.22548   -0.704088    0.762602     0.12618  -0.0255378     1.14479    0.528466     1.33144    0.494041     1.02674   -0.828084     -0.2754    0.826751     1.07538   -0.709272    -1.36179   -0.597548   -0.016394     1.05995    -1.41684    0.314689    -0.96852   -0.508662    0.347771    0.148263    0.517608    -0.78778     1.03307    0.280522    -0.42144   -0.369448    -1.57732    -1.53952   -0.279345    -1.21005   0.0656536    -2.51224    0.924938
   0.242321      1.3212     0.10079    0.333089    -0.62949   -0.718099   -0.154297   -0.429211   -0.364694     -1.6384   -0.771876    0.491281    0.322823    0.665322     0.66638    0.163612   0.0286761    0.684069    -1.01305    0.821476   0.0310485    0.276133    0.168135    -3.40557    0.647638    0.665655    0.228937     2.11892    0.290042    0.148116    0.129464    0.231581   0.0369889 -0.00233547   -0.189532    0.219173    0.272567   -0.188094    -1.16206   -0.778098    0.669068    0.932522     1.28955     1.54951   -0.313279   -0.122799    -1.09817    0.320382    0.957294    0.744254
  0.0340105  -0.0322772    0.204545   0.0854895   -0.479536   -0.291268  -0.0720527  -0.0348877   0.0590775   -0.222833    0.100691   -0.451606   -0.249922   -0.397396   0.0695662    0.132866    0.294283     0.46897   0.0959178   0.0587642  -0.0614583   0.0470729    -0.44614   -0.368742    0.633529   -0.120209   -0.370701   -0.589009    0.350846    0.239175   -0.126676   -0.358279    0.369302     0.13648   -0.430652  -0.0212588    0.056988    0.126269  -0.0881474   0.0114637    0.241122   0.0244056    0.076911   -0.478902    -0.40098  0.00778813   -0.265429   0.0836046   -0.750746  -0.0268891
 -0.331934
 -0.367868
 -0.724316
  0.803586
 -0.772663
  -1.39409
 -0.460142
  0.494555
  -2.81119
  0.335844
  -2.00833
  0.924161
  -1.55891
  0.553835
  0.466681
  0.131705
  -1.72088
 0.0403515
  0.139452
  -0.16738
  0.773349
 -0.211475
   -2.9023
  -1.34145
  0.164925
 -0.504683
 -0.963757
  0.146561
 0.0135242
 -0.160297
   0.47307
   1.03058
 -0.045241
 -0.036316
 -0.612269
-0.0821573
   1.05172
    -0.339
   1.14122
     -1.51
    1.3687
 -0.183235
  -1.34603
 -0.743878
 -0.187687
 -0.981712
 -0.518991
 0.0115464
  -1.09225
  -1.08228
1
4
50 10
  -0.111708    0.322643    0.384679     -1.5799     0.28912    -0.87466   -0.469903    -1.89766   -0.143627   -0.511151    0.259072     0.89012    0.100343    0.334114    0.533195    -1.02529    0.932541     1.07549    0.113445     -1.8718    -4.66421    0.880959   0.0847457    -2.55361      1.3059     1.20188    -1.27711    -2.49504   -0.302009    0.566497   -0.974461    0.227721     1.13908     1.50888   0.0795688  -0.0488938   -0.409233  -0.0421194     0.94697      3.4252     1.61546   -0.226123     2.08368  -0.0540403     1.03804    -3.33169   0.0389314    -7.52713    0.406125   -0.717721
  -0.084226     1.94189  -0.0124823    0.434516  -0.0419024     0.22911    0.124086  -0.0616557   0.0633356   -0.632811    -5.24002     1.03286   -0.491046   -0.926953    -0.14458    0.637697    0.928162     2.06986     1.41725    -2.23407     1.77778    -1.19243    0.137495    -1.13667  -0.0789346    -0.47721    0.328112    0.881779     2.33807    -2.02621    0.604528    0.822337   -0.798803   -0.552189   -0.373267   -0.209976   0.0272705   -0.335816     1.49863     1.38063    -10.4937     1.12727   -0.965368    0.320067     1.92017   -0.690138   0.0107712     1.51388    -1.15905   -0.723895
  -0.589285    -1.42598    -3.18115    0.773231   -0.392369    0.175321     2.51258     2.00574   -0.113925    -1.70014     1.83095    -1.18238    0.441648     1.49611    -8.18226    0.713609     1.20086    0.947314    -5.40108     1.06962     0.35986     2.08517   -0.201496    -1.59341   0.0676773    -1.85815     1.48089    0.350808    -1.47304   -0.714015     1.20682     1.31888       4.636    -1.21251   -0.614354  0.00358263   -0.594417    -1.12228    0.472905    0.130903    0.239355   0.0407381    0.677117   -0.418532   -0.984788     1.31485   -0.649974    0.818725    -1.15141   0.0154354
  -0.217833     1.11684    0.752846    0.325384    0.270798    -1.07517     1.78673    0.035264   0.0363697     2.17237     0.28882     1.19726   -0.283765   0.0540821     1.93627    0.994764   -0.196538     1.76643   -0.443443     1.60921    0.897479    0.555444   -0.131089     1.16914    -6.70593     1.69596   -0.982938    0.167679    0.500194     1.01992   -0.627633    0.930923     0.87294     0.52856   0.0894313    0.162855    0.999383    0.438193     1.51233    0.167338     1.54614    -6.99684    -3.14181   0.0481794   -0.457725  -0.0775307   -0.301668    0.599125     3.53121    0.404482
  -0.452005     2.13892    0.210015     2.34249    0.514973     1.77084    0.593915    0.291317    0.270412   -0.306361    0.940393    0.784182      1.0172  -0.0355396     1.39927    -1.01947     -6.6441    0.597235   -0.986318    0.255256   0.0809892    0.368877    0.123853     2.23003     0.16109     1.01045   -0.488153    0.603363   -0.426469    0.680734   -0.724046     -9.2636   -0.724498    0.109401   0.0226934    0.451668   -0.749435    0.681044     1.81669   -0.174654     1.29012     1.83268    0.257597   0.0499703    0.296996     2.61855    0.489939    0.345248     1.29315     1.04289
 -0.0433574     2.40741     1.47724     1.36019   -0.274702    -1.69324    -6.57464    0.638247    0.501294   -0.236713    0.444377    -1.08523    0.145836     2.08134    0.721822   -0.852202     1.43117     0.94189     1.83364  -0.0832717   -0.660864    0.737206   0.0447481      1.9668     3.53504    0.176928    0.307164    -0.46606    0.121961    -1.12146   -0.672973    0.533411   -0.391458    0.827442    0.210875  -0.0937967    0.998401    0.229214    0.118967    -9.08745     1.47792   0.0111364   -0.598283    0.135092    0.489132    0.213935  -0.0577935     1.31726    0.159627    0.134918
   0.302947    -7.88903     1.16184     2.01446   -0.795703     1.64655    -1.06936     1.15189    0.195963    0.378855   -0.119108    0.735708    0.547359    -3.50331   -0.519715   -0.741881     2.24525   -0.292578     3.23568     1.35855 -0.00327713   0.0398284   0.0881507    0.604899   -0.386629   -0.184326   -0.631983     1.03002    0.618274   -0.491487    -0.88773     1.05403    -6.87708     0.75137    0.112133   -0.016661    0.842648   0.0323111  -0.0544221     3.00472     1.55698   -0.319041     1.11998    0.417357    -2.51534    0.411393    0.327744    0.122175   -0.986093   -0.354974
    1.03619   -0.835285  -0.0346735    -1.30964     0.76836   -0.650687     1.00334   -0.768206    0.189732     1.09309     2.03912    -1.22936     1.16474    0.762756     2.07972     1.09614    0.722941      1.5633   0.0783318   -0.013432    0.823755    -3.56658    0.163555    -1.51561    0.687941    -1.75434   -0.386174   -0.424928    -4.47281     1.75971        1.54      2.1416      1.4532    -1.58133    0.167956   0.0295198   -0.670676    0.499612    -6.99592     1.57969   0.0946404     1.59252     1.10398   0.0328235   -0.586239     1.80463   -0.818078     1.30251    -1.59325    0.347115
 0.00139316     1.87265   -0.777886    -4.01671    0.178055    0.362233      1.6719   -0.812946   -0.187597  -0.0412666   -0.276454    -1.22471    -2.43878   -0.617195     1.95526     1.15457   -0.173934    -8.14062    0.182345    0.115677     1.23074    0.270775   -0.147634   0.0299581     1.00405    0.131495     2.02018      1.0262      3.2388     0.25014    0.467833     2.26717    0.992006   -0.510214   0.0631555   -0.219965   -0.655737   -0.905314    0.850397   -0.475016     2.62172     2.69872   -0.932379   -0.323319    0.098029    -1.55285    0.535732     1.55274  -0.0879158    0.151761
 -0.0489763  0.00240524 -0.00898774  0.00749243    0.389332   0.0113951  -0.0217448   0.0304953    0.116552  -0.0149035   0.0012953   0.0251269  -0.0252805   0.0061091  -0.0238263  -0.0165966   0.0169565    -0.01577   0.0051107   0.0161195 -0.00961156   0.0611777    0.085296  -0.0520389  -0.0115278  1.4894e-05  0.00425822  0.00752456  -0.0209385  0.00893105   0.0811481 0.000952737  -0.0341348  -0.0340438   0.0978899   0.0255197  -0.0304789   0.0909472  -0.0478907 -0.00126004  -0.0158521  -0.0015871  0.00239031   0.0741019  -0.0190869   0.0165712    0.120039   -0.010261 -0.00983685  -0.0613392
   2.50345
   1.30625
  0.810309
  -3.46977
   2.10073
  0.295268
   1.23666
 0.0321423
  -1.99722
-0.0245193
