3 16 0.5 1400
1
1
9 50
  -0.152541    0.611839     -1.1281     1.09507     2.29541    0.869947   -0.973167    -1.09188    -0.10765
   0.116064  -0.0773019    0.218857    -3.75606    0.224652    0.156103   0.0589429     0.39955    0.343335
   0.466379    -2.97328    0.158596   -0.152709    0.609501   -0.705415    0.319846   -0.242665   -0.432934
    1.45646    0.142621    -2.16873    0.762434    0.152173   0.0228338   -0.202394     2.55593     1.50556
   -4.36005   0.0422826   -0.678049    0.504323    0.517144  -0.0833393   -0.409031    0.285738  -0.0364359
   0.142136    0.217985   -0.858405    0.946078    -1.30027   -0.500373    0.151586   -0.508312     2.22645
  -0.969988   -0.548159    0.168409    0.766714    0.999308    0.548065     2.72317   0.0619601    -3.05854
    1.61109    -1.83357   -0.474411   -0.190669   -0.973775   -0.461848    0.859097   -0.608408    -1.66743
    1.06234     1.20765   -0.201271     1.08865    0.566825    0.413948    0.119887     -2.5031    -1.51953
     -2.216   -0.912984    -2.54365     2.22601     -1.2959    0.336644    -0.37007     1.16688    -1.76344
    3.33523     1.61756   -0.614371  -0.0658587    0.395825    -1.83374    0.322818    -1.54423  -0.0851438
  -0.636324     1.12406    0.726201    -1.02062     2.15105    -1.10571    0.805322    -1.77061    0.222982
   -2.52727     1.10307   -0.430626     1.34261     1.34024    0.688773   -0.991338    0.245337    0.637268
   -1.71529  -0.0608607    0.250025    -1.39547   -0.909558   -0.398291     2.93356    0.116355    -0.85524
    2.16935  -0.0974056     1.41145     -1.2755   -0.868464    -1.82128      2.3447     -1.7681     1.60004
    0.69594   -0.917156    0.743517     0.96065   -0.084266   -0.333159   -0.202257     2.32509   -0.413965
   0.966077    -1.26282   -0.556792    0.623584    -1.19723    0.910727   -0.849221    -1.67526     4.04245
   0.876825    -1.44857     0.54834    0.615374    0.832161     1.42528    0.179812    -3.82571   -0.280756
  0.0688363   -0.564931     4.98738     0.54913    -1.09478   -0.969841    0.620564   -0.494078   0.0820824
 -0.0156349   -0.168344   -0.668522   -0.718897  -0.0258757     5.41127   -0.335285  -0.0712686   -0.776853
   0.759778    0.473792    -2.16223    0.232597   0.0477408  -0.0673381    0.363524    0.123199    -0.76308
   0.735904    -1.46998     1.14614    -0.94993   -0.452793   -0.358659   -0.172558     2.26166   -0.288954
  -0.788653    0.326857    0.325287    0.679474    -3.64132    0.138997    0.746802     1.32667    0.595214
  -0.195946    -1.33677    -1.49648     4.80458   -0.603259   -0.516865   -0.880139    -1.51499   -0.493552
    0.47367    -4.24083   -0.133929    0.675811    0.257856   -0.248901   -0.943671    0.822698   -0.466309
    1.84808   -0.306193    -1.40845   -0.728934    0.488923     1.53014   -0.398917   -0.580055     0.44127
   -1.28706    0.638804   0.0300097    -1.06802   -0.748871   -0.318671     3.58099   -0.447758    -1.00925
   -1.18085     1.06712     1.79213    -2.74357   -0.959333     0.54655    0.411084   -0.963285      0.4004
  -0.303817    -3.92671    0.214719    0.851832    0.198089     1.08825     1.52451    0.428172     1.15218
  0.0732839    -3.42738    0.626763    0.971908     1.25434    0.747164     1.42035     -2.7631     1.75835
    1.00398     1.09586   -0.542088   -0.162571    0.109073   -0.329375    -3.46789     0.93158   0.0820657
   -1.26082   -0.302858    -3.15912    0.237193    0.332519     0.87707   0.0121469    0.994992    -1.37841
   0.467227    -2.37066   -0.260768     1.29454    0.905684    0.834495   -0.612249   -0.395783    0.485869
   -1.66871    -1.14796   -0.925466   -0.711323   -0.334772     4.79249    -2.68512    -1.41522   -0.670261
   0.168864    0.306935    -1.18514    -0.52024     2.97724    -1.96899     1.73396      1.5449      1.0153
    1.17697   -0.152825    -2.50557    0.880386     1.39221  -0.0125996    0.466338   -0.913707     1.19224
   0.638204    0.731509     2.73376    0.385525     1.19388  -0.0305081    -1.08177     1.07099    0.613663
   0.482281     0.88952     1.04893   -0.183461     1.04917     1.14484    -1.79968     -3.6157    -0.61247
   -1.36263     0.33839    0.109895     1.09349   0.0578846 -0.00813662    -1.64138   0.0319462   -0.634166
   0.767292   -0.712057   -0.191089    0.551395   -0.220223    -1.15799    0.103986   -0.726159     -3.3337
   0.246026    -1.26229    -2.06717    0.422244   -0.718577     0.97802   -0.706342     1.13367       2.087
  -0.886181    0.190411     1.94664    -1.47273     -2.2134    0.118175     1.83134     1.14189    -1.42377
  -0.260328   -0.709476   -0.362439     -1.7626     2.77924    0.321354   -0.710115    0.338515     1.95336
   -2.01442    -1.47259     2.17463    -1.08688    0.705564      1.9325    0.221233   -0.829956    0.765742
   -1.09002    0.908726    -0.20689   -0.194499   -0.188773    -1.54032     1.02125      0.7574       2.856
  -0.360837     1.88404     1.40596    -1.04002    -2.98622   -0.322329    -1.92814    -1.21575    -1.67682
   -1.28621   -0.542816     2.69135     1.09983   -0.614922   -0.276579    0.233387    -1.25101    -1.44964
   0.571236    0.858031   -0.513015    0.200045    0.182457    0.492346    -1.37421    0.397098    -3.63534
   -1.55267    0.555964    -0.35214   -0.775646     3.32195  0.00991612    0.981859     2.02663   -0.214302
   0.247108     1.09544    -0.71175    -2.11203    -1.31443   -0.648472    -1.32031     1.55436    0.203343
  0.692898
  -1.37215
  0.753339
 -0.260657
   2.09079
 0.0949602
 -0.833124
-0.0698161
 -0.628084
  -1.58435
  0.432565
   0.92497
 -0.828146
  -1.82899
  -0.85247
  -2.23547
  -2.05425
 -0.987837
   1.69728
   1.78625
  -1.36014
  0.519237
  -2.00925
  -2.13953
   -1.5032
 -0.797352
  0.931793
 -0.251594
 -0.659384
 -0.330161
  0.320858
  0.707441
  -1.27425
  -1.15181
 -0.199374
  0.989014
  0.512489
  -1.62791
  -1.05622
  0.492685
  -1.35969
   -0.6809
   0.27552
  -1.14564
  0.895739
  0.371271
  -1.78581
  -1.75229
  -1.52243
 -0.388105
1
1
50 50
    -0.65147    -0.263514    -0.406412    -0.626105    -0.364571     -0.25426    -0.232218   -0.0962217    -0.166861     0.194806    -0.517317    -0.353741   -0.0357812    -0.181575    0.0938521    -0.238891     0.535493    -0.169448     0.134223    -0.384204    -0.105044     0.175547     0.710168    -0.050948     0.195255    -0.124358    -0.511601    -0.227889    -0.213486     0.113859    -0.308259    -0.613797    -0.423574   -0.0577166    -0.542036     -0.76087     0.103604     0.146106   -0.0122107    -0.499845    -0.309996    -0.196878    -0.503544    0.0566344    -0.324712     0.101812     0.318914   -0.0549401     -0.28155    0.0682502
    0.127275    -0.223418   -0.0565584    -0.683251     -1.27892      0.38332      1.34611    -0.758949     0.445902    -0.108546      0.21385   -0.0858284    -0.526573      2.03556      1.86649    -0.106478    -0.421899       0.4161     -1.65587     0.646229     0.702482    -0.970898    -0.409132     0.208774     -1.00706     0.418358     0.571127    -0.102085  -0.00770183     0.302298     -2.66646     0.223482     -1.33254     -1.17695    -0.581381     0.462447     -2.11966    -0.584431    -0.939365    -0.331825    -0.411442      0.84496     -1.66422     0.344715     0.310196     -2.18028    -0.894167     -1.18361    -0.260873     -1.21552
    0.524031     -1.06705     0.276694     0.406544     0.751113      0.08271    -0.497892     0.160589    -0.243374      0.10357     0.357116   -0.0555763    -0.543882    -0.656284   -0.0880337    -0.411932    -0.230522    -0.611893     -1.50067      1.65082     0.600892    -0.147754    -0.647558    -0.683745    -0.386341     0.304602     0.508031    -0.410087     -0.10282   -0.0526027     0.198252      1.02638    -0.400109    -0.276016    -0.293945     0.482046    -0.502769    -0.798188    -0.766872  -0.00110741     0.465182    -0.194319    -0.102821    -0.291209     0.593151    -0.323316    -0.481035   0.00443608    -0.429782    -0.252888
   0.0923349    -0.726343     -1.50576    -0.645809     0.251566     0.260692      -1.6461       -1.815    -0.281672     0.290757    -0.609033    -0.461893       1.0524    -0.762225     0.746829    -0.488904      1.61669     -1.64422    -0.522548    -0.369126    -0.653153     -1.02904    -0.300812      1.40094    -0.832668     -0.34706     0.169632    -0.151337    -0.480748     0.260992     -1.25724    -0.688004     -1.04873    -0.535436    0.0271961    0.0417818    -0.338866    -0.081914      0.38292     -2.29399      -0.2897     -1.26599    -0.716048     0.687189      0.50605    -0.238096    -0.030996     -1.17982    0.0612931     -1.02238
   -0.261622    -0.546899     0.285926    -0.310453     -0.19803    -0.303059    -0.316014    -0.302094    -0.326526    -0.308853   -0.0688716    0.0482624    0.0730429    -0.377453    -0.422245   -0.0980065   -0.0554514     0.060498     0.237644    -0.501339    -0.381651     0.120187    -0.196663    -0.104498      0.23787    -0.375246    -0.593237    -0.316097    -0.110305    -0.139007     0.208615    -0.738708     0.180182    -0.341299  -0.00800515    -0.174738     0.118752   -0.0641683     0.455982    -0.113191    -0.502005     -0.51674    0.0718035     -0.26085   -0.0245648     0.299109     0.150805    0.0881021    -0.601222   -0.0520313
   -0.240971     0.137365    -0.166784     0.320916    -0.693786    -0.258922     -1.44276     0.385612    0.0105773     -1.24916     0.506073    -0.687453    -0.676905     0.132456     0.623611    -0.198658     0.236594     0.673275    -0.617394   -0.0604873    -0.234487    -0.541137     -1.16173    -0.646813    -0.103222     0.643084     0.406497     0.699381    -0.401599     0.273831   -0.0928831    -0.069953    -0.181558       1.2298     -1.90994      -0.3168    -0.839258    -0.187838    -0.827608     -0.11795     0.580578     0.301886    -0.025931     0.331206    -0.849198        0.253     -1.11549    -0.147495     -1.72811     0.708585
   0.0717272     -0.31174     0.705983    -0.115432     0.231669      1.20092    -0.471579      0.37653    -0.735622    -0.791113      1.56452       1.2058    -0.717636    -0.629085     0.349119    -0.795651    -0.896725      -1.6151      2.17553     -4.58229    0.0898795     0.507487    -0.960822   -0.0126201    -0.340354     -1.21272    -0.201695      -1.4168    -0.126596    -0.191737     0.285223     0.364931   -0.0205585     -1.26332      1.76879      1.04459     0.665581     -1.28625    -0.455204     0.389378    -0.386318    -0.708277      0.74955     -2.04597      1.81521     0.509758    0.0278162    -0.956942     -1.15664    0.0269159
   -0.630471    0.0629645   -0.0577509     0.834659     -1.49361    -0.724145    -0.337399    -0.103339    -0.785167    -0.498211    0.0780117     -1.50446    -0.286212    -0.295317    -0.209103      1.20703    -0.398603    -0.384187      1.14854     0.633952     -0.56794     0.114762    -0.284322    0.0321525     0.605449     0.136267    -0.110979     -0.76937     0.225826    -0.930891    0.0231017    -0.754819     0.145829    -0.555509    -0.304902    -0.685055     0.292294    -0.885358    -0.787298     0.221507   -0.0252867     -0.18713     -0.64978    -0.896545    -0.374712     -1.26158     -1.06475    0.0118618    -0.709608     0.392816
   0.0746916    0.0536344     0.177505    0.0459759    -0.177253    -0.157123    -0.233069   -0.0330383     0.146184    -0.276392     0.373946   -0.0887642    -0.194649     0.130435    0.0261626     0.181217    -0.158244    0.0687174     0.101457     0.327664    -0.071493       0.1363    0.0452845   -0.0492503    0.0979529    -0.182772     0.173887    0.0238235    -0.427139    -0.115977    0.0986115    -0.188619     0.046748    -0.176465    -0.205334    -0.193536     -0.14217    -0.157988    -0.141748     0.242653    -0.392249    -0.210988   0.00522981    -0.165731     0.117654     -0.12739    -0.111547    0.0426911     0.239172    -0.301317
   -0.557999    -0.181899    0.0795649    -0.385796    -0.748371    -0.320051   -0.0978608    0.0224717    -0.116621    -0.887103   -0.0843159     0.431175    -0.326783     -1.37331     0.301485    -0.331982    -0.677032    -0.629713     0.849643     -0.79064    -0.400388      1.36366      0.20151     -3.05926     0.184699     -0.84785    -0.514964    -0.575727   -0.0313968    -0.023243     0.293703    -0.902148     0.030563    -0.301707     -0.17324      -1.4086      1.07035     0.480918     0.494664    0.0540968    -0.345078    0.0677488    -0.299291   -0.0711283     0.438791     0.935783      1.11062   -0.0996517    -0.238254     0.497454
   -0.148823   0.00210431     0.981576     0.360652     0.069209    -0.649157     0.328543     0.707652     -1.31257    -0.125648     -1.37875    -0.711499     -1.44894    -0.512012    -0.273995    -0.306032     0.152399     0.626687      1.45137      1.00838    -0.984466     0.922921     -1.49278    -0.561042      2.51186    0.0640525    -0.470895     -1.15912      1.69359     0.817688     -1.34058    -0.183806      1.32347    -0.678626    -0.693579     0.192216     0.432358     -1.15876    -0.558807   0.00134333     0.821659    -0.736003     0.239821    -0.422896    -0.360382     -1.38685    -0.433539     -0.72848     -1.19849    -0.574703
   -0.275071     -1.51349    0.0158247   -0.0366877     0.532463     0.702869     -2.25667    -0.630467    -0.527656    -0.896674   -0.0309696    -0.260808    -0.179291     -1.69544     0.662917     -0.26107      1.03065     -1.22681    -0.303273    -0.927298     -0.66692    0.0127267   -0.0102145     -0.85332    -0.389669     -0.61929     0.417415     0.296317     0.428063     0.428129    0.0500105    -0.602492    -0.499335     0.423575    -0.567831    -0.327489     0.253654   0.00778804   -0.0916505     -1.47969    -0.064025     -0.44697    -0.103192     0.402791     0.546373     0.850371     0.224536    -0.414969    -0.730215    -0.413811
    0.184298    -0.122228     0.715096    0.0519897     0.359048    -0.851497     0.950423     0.731143     0.456581     0.255264     0.276594    -0.220914    -0.591751    -0.280562    -0.581524     0.243353    -0.611583   -0.0301273     0.088288     0.143851    0.0494291   -0.0749563     -0.78934    -0.320505     0.554741    -0.461273     0.260128    -0.642956    -0.551039    -0.454386     0.352152     0.336036   -0.0888267   -0.0220524    -0.355108    -0.239722    0.0587414    0.0189353     0.135973     0.530962    -0.532839   -0.0530238    -0.641006    -0.554733    -0.605547     0.612286     0.499302      1.18818    -0.308944    -0.215411
  -0.0123225      -1.0098    -0.875333    -0.150929    -0.158737      0.51089      1.40638    -0.120772     0.253001    -0.665831     0.367661    -0.544563    -0.781204      1.63842      1.16929    -0.397715     -0.37156     0.285658     0.618686      1.36665     0.212215      0.25527    -0.372572    0.0845032    -0.119563   -0.0554882     0.812978     0.091033    -0.122353    0.0798504     -2.10664     0.724879    -0.319952     -2.36344     0.197218     0.409904    -0.835023     -2.01459     -1.86991    -0.210845    -0.467714      1.53784     -1.30323    -0.013136   -0.0882059     -1.00585     -1.30994    -0.490304      0.17861     -1.36325
    -1.74583     0.383054     0.869747     -2.08355    -0.518941    -0.436249     0.142147    -0.204809    -0.846224     -1.21934     -1.43411     0.485632     0.186525     -1.23809    -0.761233     0.124329     -1.05816     0.310723     0.699187     -1.18415     -1.38369      1.05051     0.278418      -0.4794     0.499965     -1.63325     -1.47284     0.291995     0.146613      0.38477     0.709939     -2.43779     0.802318     -1.23735    -0.405903     -2.61517     0.754001      1.36808      1.18708    -0.457432     -1.53141    0.0497931     0.556651     0.678708     -0.42385      1.93286      2.22624    -0.583373    -0.870552   -0.0561237
    0.309249    -0.790086     0.193048     0.120188    -0.459074     0.420766     0.256975    -0.871555    -0.573104    -0.450926    -0.243128     0.141755     0.926183    -0.470046     -0.10122    -0.282276     -1.01491    -0.318192    -0.367129     -1.48641    -0.187169    -0.222434    -0.746082     -1.48735     -0.58824     -0.75445    -0.196997     0.735139     0.190211     0.385036     0.317369   -0.0392614    -0.188479     0.248661     0.494816     0.132821     0.290924    -0.237123   -0.0247318   -0.0237755    -0.289769    -0.258075     0.617312     0.480169      1.01329     -1.08308     -0.56604     -1.13404     0.990824     -0.24074
     1.18198     0.336678     0.180939    -0.132268     0.670523     -1.73983      1.09918     -1.21556   -0.0391354     -1.76826     0.270464     0.481866     0.582579     -1.64029     -1.59704    -0.110556     -1.64265     0.319223    -0.182984      1.02208    -0.553554    -0.305012     -1.32676     -1.11387    -0.461285   -0.0522519     0.290895    -0.767092    -0.412446      1.05712     0.181378    -0.480051     0.159714     -1.30422      2.67175     0.612833     0.857921     0.141878    -0.907699    -0.182904     -1.19569     -2.35105        1.374    -0.273955    -0.670032     -3.19111     -1.08143      0.25272      2.45491     -1.46071
  -0.0645041    -0.705125     -1.07885     0.932014     0.643215      1.30615     -2.10951     -1.78696    -0.733986    -0.721132   -0.0746259   -0.0802698    0.0121127    -0.750293      1.93045    -0.818917      3.10929     -1.10036    -0.313533      0.27438    -0.900095  -0.00168458     0.557207     0.758694     -1.51817    -0.325612    -0.794662     0.490555    0.0656482     0.731981     -0.89692     -1.05193    -0.560398    -0.434917     0.379174     0.649452    -0.138609     -1.11926   -0.0644869      -2.9988      1.19974    -0.991205     0.884893     0.388278      1.39743    -0.640805    -0.252569     -1.92247    -0.517401    -0.819699
  -0.0539419     0.138075   -0.0946718     0.917463   -0.0922966    -0.605484     -1.04079    -0.302558    -0.306739     0.914488      0.76543    -0.924283    -0.309576    -0.131739    -0.391768    -0.301895     0.133011    -0.743486     -3.26901     0.446379       1.1868    -0.461875     0.131022     0.266706    -0.339336     0.766615     0.652488     -1.03124    -0.499314    -0.396275     0.858907      0.73532     -0.84734   -0.0370089     0.411347     0.377094     -1.85396    -0.543769    -0.646979    -0.116736     0.566969     -1.27284    -0.237748     -1.03045    -0.172075     -1.11597     -1.16918  -0.00583265     0.360257      0.38102
    0.565804     -1.19573     -1.37364    -0.884194    -0.126003    0.0279188    -0.683785     -1.42238    0.0804749     0.363269    -0.131349     0.225085      1.02532    -0.763217    -0.164049    -0.329694     -0.34322     -1.40195    -0.178227    -0.311753    -0.231401    -0.592173    -0.395134    -0.180508    -0.713787    -0.160046     0.864818     0.196017     -1.53048    -0.596137    -0.957402     0.456424     -1.00768     0.205747    0.0344386      0.56177    0.0746343    -0.364964    -0.437938    -0.695423    -0.399253    -0.266273    -0.728181    0.0684024     0.557863     0.279884    -0.458649    -0.712574      1.07565    -0.865891
   0.0863111     -0.66601    -0.536828    -0.993693     0.592455     0.335784     0.734278       -1.448     -1.12908     0.528856     -2.29897   -0.0149402      1.41105     0.627399    -0.551247    -0.502932    -0.976248    -0.859985    -0.629026    -0.109499    -0.248618    -0.495342     0.575724    -0.106214     -2.34968     -1.13726    -0.360392     0.694985      1.35709     0.187088     -0.37166    0.0803072     -0.76676     0.371974     0.164338     -1.02307   -0.0377986    -0.946082     0.483068    -0.461326     -0.72958     0.163955     -0.14074      1.08701        1.215    -0.506202     0.703932     -1.18251       1.8417     -1.07039
    -1.08495     0.371459     0.231192       1.2639    -0.464486    -0.859102   -0.0789993     0.125436     -1.35206     0.114766    -0.845505     -1.14311    -0.158887    -0.622161    -0.969458      1.56951    -0.502301     -1.21286      1.33091    0.0857674    -0.641704     0.686828     0.275229    -0.538368     0.669992    -0.692623     -0.48184    -0.632873     0.481171     -1.36756   0.00447359    -0.188171     0.171858    -0.737524     0.397482    -0.844846     0.809133     -1.25689     0.101173      0.22074     0.380879    -0.116792    0.0931604    -0.717585    -0.977406    -0.806005    -0.677181     0.329542     0.608864     0.887054
   0.0474867    -0.199474   -0.0785202    0.0270738    -0.184716     -0.21497    -0.447256    0.0920964    -0.198628     0.067426    -0.150206    0.0549046    -0.147778    0.0769544   -0.0464404     0.127358   -0.0259153     0.320087    -0.244642     0.116201   -0.0191354    -0.101873    0.0885007    -0.149739   -0.0424237     0.179108     0.175402    0.0368315     0.199006    -0.120752    0.0565183     0.143521    -0.165641    -0.223274  -0.00677195    -0.215791    -0.189482    -0.180133      0.23937     0.132649   -0.0593082    0.0109357    0.0565148   -0.0112524    -0.098672   -0.0411391     0.111275    -0.198135   -0.0372732    -0.215998
    -1.70834     0.715849    0.0943931     0.636876     -1.77635    -0.738455    -0.297971    -0.295679    -0.539536     -1.29457     0.164028     -1.25734    -0.880941    -0.761566    -0.279357      1.32433    -0.706366    -0.706123    0.0583475    -0.232119    -0.244869     0.569283     0.124817    -0.991169       0.2264    -0.638901     -1.06586   -0.0759161   -0.0517873    -0.966873     0.672066     -2.15984     0.433728     -1.02653    -0.542252     -1.70914     0.293448    -0.419874   -0.0140433     0.425151    -0.263998     0.528078    0.0439073    -0.986265    -0.412638     0.969707     0.223274    -0.228103    -0.993588     0.724475
   -0.448619      3.57239     0.350358    -0.306115     0.168551     -1.48206     -1.28914    -0.341798     -1.58083     -2.01941    0.0743877     0.113174     -1.51903     0.350031     0.713375    -0.922746    -0.825362    -0.315894     0.349045      3.49312    -0.397399     0.148549     -1.33311     -1.99534    -0.486634     0.658783    -0.315932      1.18628    -0.702232     -1.03067    -0.375271    -0.361519    -0.812683     -2.02999     0.552481      0.25441     -0.13648     -1.27388     -1.34796    -0.716464    -0.398098     0.663493     0.901219     0.821259    0.0691626    -0.303776     -1.93568    -0.642763     0.207074      1.56286
     -1.0221     0.481557    0.0293825   -0.0272487    -0.456565    -0.635041    0.0812054     -0.31488    -0.850709    -0.402201     -1.05812    -0.637566   -0.0966534    -0.777524    -0.675785     0.883301    -0.445129     -1.30704    0.0674638     -1.22491    -0.551068     0.271747     0.349609    -0.814838     0.641282     -1.25515    -0.733612    -0.646782      0.54617    -0.148037    0.0629883     -1.35464     0.794858    -0.702545     0.198551     -1.24866   -0.0578347    -0.432412     0.728465   0.00858821    -0.287824    0.0277516     0.127054   -0.0247807    -0.487418     0.398476      1.54085    -0.181785     0.124621     0.160777
 -0.00227755   -0.0673253     -0.25664    -0.581006    0.0585696     0.965031      0.59349     -0.48501     0.338165      1.12278    -0.906116    -0.316929     0.624984      0.39782     -1.29627    -0.362566     -1.83923     0.667697    0.0468628     -1.12062   -0.0139632     -1.24655     0.454824       1.4561    -0.327404    -0.371398    -0.329885    -0.578681     0.918404     0.172458     -1.03954     0.483755     0.539213     0.420534    -0.032232     0.745063     -0.48904     0.166381     0.204291     0.551066    -0.312738    -0.298539    -0.248912     0.725768      1.13668    -0.453134    -0.157681      -2.0652    -0.290235     -1.30721
    0.910837     -0.88538    -0.397744      -1.2172     0.824674       0.8919    -0.870823     -1.28115    -0.965504      0.10133     -1.25204     0.356638      1.80769    -0.860856    -0.947015    -0.407016    -0.252117     -1.43467      0.67013     0.795274     -1.25192    -0.523437    -0.423828    -0.736719     -2.32595     -1.06003      1.22691    -0.147214    -0.147815     0.260083    -0.126812     0.804507    -0.799593     0.529202    -0.880629    -0.151882     0.466774    -0.931448      0.34316     -1.30678    -0.375276    -0.157898     0.522075      1.51595      2.04127    -0.346132      0.17356     -2.15371     0.230412    -0.952751
     0.45987    -0.890336    -0.148919     -1.13979    -0.722102      1.27524     -1.03087    -0.294069      1.51067    -0.734985     0.683235     0.832779     -0.14789     -0.52337     0.296144    -0.961905       0.1623      1.22271    -0.914092    -0.190242       0.0746     -1.60322     -1.00464     0.351151     -1.50186    0.0607062    -0.279977     0.945163    -0.194705      1.38925    -0.212892    -0.543162    -0.490364     0.648895     -1.58869     0.569431    -0.815692      1.97987    -0.407783     0.388555    -0.578423    -0.622702    -0.129356      1.05664     0.830549    -0.249589   -0.0899299     -1.24947     -1.93436     -1.27064
    -1.29685     0.574648     0.370875    -0.771517   -0.0692774    -0.816763     0.378221     0.438524    -0.713325     -0.16156     -1.18041    -0.208113    -0.296607    -0.501251    -0.314382    -0.368437     0.067519      1.09271    -0.774544    -0.653837     -0.18952     0.899542      1.38388    -0.840968      1.22153    0.0480295    -0.774846    -0.722337     0.484403      1.45802    -0.331773     -0.56864     0.745128    -0.844062    -0.147518    -0.823685    0.0701283     0.326419    -0.157184    -0.385973   -0.0212798    -0.319297    -0.320308     0.207493     -1.22565    -0.704921     0.596243    0.0490437      0.21234    -0.344661
   -0.905211    -0.728454    -0.418712    -0.155273    -0.605967     0.166781     -1.18364    -0.353123    -0.605868     0.314967    -0.363178    -0.383573   -0.0352819    -0.793124    -0.767541    -0.470832     0.424148    -0.200527     0.328757    -0.695885    -0.220253     0.265749      1.04796   0.00214527    0.0811284    -0.170547      -1.0645    -0.838221    -0.290025    -0.686578    0.0452066    -0.199997   0.00570276     0.556703     -0.31647    -0.574253     0.275366    -0.536282     0.151198    -0.552854      0.34509    -0.696238    -0.303989    -0.805141    -0.411857    -0.204404    -0.386658    -0.186496    -0.764075    -0.115538
    -1.89723     -1.15685    -0.827266   -0.0910171     -1.19089      1.76723     -0.82476    -0.341485     0.156937     0.948291     0.331578     -1.05216    -0.603548      1.01096     0.948746    0.0470851     0.312636      -1.1885   -0.0819009      0.10693     0.150873     0.840159      3.05861    -0.196471    -0.884932   -0.0603241     0.251331     0.339392     0.279603     -1.14953    -0.747581    -0.720757    -0.447973     0.907881      -2.7414     -1.08669    -0.418019     -1.38931    -0.341492    -0.422179     0.766109      1.61567      -2.4751   -0.0940238      1.11522      1.33507     0.017098     -1.09938     -1.94492     0.065128
    0.478578     0.318281     -1.01701     0.423956   -0.0437002    -0.756403     -1.67815    -0.851038    -0.385201     0.439835    -0.835403   -0.0508074      1.09435     -2.61518      -2.6948    -0.491946     0.857949    -0.182087      2.29236    -0.745205     -1.18875     0.794951     0.244681    -0.295394     0.907507    -0.195779     -3.35293     -1.52594     -1.07006     -1.34761      2.27939    -0.236599     0.983615     0.839175    0.0344146   -0.0535394       1.9467     0.653122     0.994641     -1.25158     0.235204     -1.73136     0.576226     -1.31674     -1.50096     0.434747    -0.718174     0.682826    -0.445894     0.409158
   -0.806929     0.335837      0.15567      0.11067     0.252814    -0.312928     0.913871      0.39339      -0.6153    -0.392508     -1.02085    -0.267198    -0.789341     -0.12715    -0.317004     0.473471    -0.735308    -0.908108    -0.487442     0.230098    -0.467944     0.329701       0.8246    -0.731651  0.000626859      -1.0486    -0.194149   -0.0754692     0.666022     -0.45248    -0.109907    -0.643883     0.228445    -0.875275     0.417783     -1.13871    -0.463791     -1.03297     0.524867     0.480198    -0.662354     0.777668    -0.325569    -0.414204    -0.867798     0.529161     0.808208     0.326553     0.364508     0.199228
   -0.297949   -0.0653916    -0.407431    -0.142897   -0.0146653   -0.0894688    -0.105496    -0.152955     0.164318    -0.174402    0.0439323    -0.339123    0.0991558     0.151343   -0.0169375   -0.0923883   -0.0303077    -0.412126    -0.493037   -0.0164812    0.0940736    -0.226121   -0.0828117    -0.307995    -0.255954   -0.0649662  -0.00159298    -0.144751    -0.491005    -0.400884     0.208842    -0.328213    -0.163031    -0.166233    -0.085179     -0.15384    -0.397856   -0.0951679   -0.0305617    0.0108731    -0.283851    -0.381172     0.026766    0.0683134     0.157685  -0.00450026    -0.256436    -0.251583   0.00738528    -0.292948
  -0.0497997   -0.0393794    -0.105459     -0.29078    -0.524127    -0.127213    -0.317403    -0.287714    -0.340723    -0.282308    -0.243541    -0.342458   -0.0916247    -0.177415    -0.142148    0.0361955    0.0853235    -0.364005    -0.128555    -0.341453   -0.0794658    0.0432783     -0.31165     0.011786    0.0269271    -0.277758    -0.015798   -0.0928755    -0.290944    -0.116468    0.0410065      0.07066   -0.0518506    -0.027179    -0.229631    -0.170969    0.0523867   -0.0210233   -0.0914743   0.00437867    -0.345088      0.11416    -0.263016    -0.215418    -0.167948     -0.25169    -0.194767    -0.096559   -0.0625588   -0.0165437
    -0.81251      0.50847    -0.240568     -1.11207     -1.95292    -0.537088     0.166808    -0.298438     -0.15795     -1.80864     0.722641     0.411456    -0.356204     -1.16062     0.293067    -0.290553    -0.808319    0.0782077     0.358744     0.513999     -0.30023     0.651431     0.168278     -1.07535    -0.206578    -0.329296     0.614588     0.110158    -0.389547     0.510889     0.380615     -1.78095    -0.284024     -1.08531     0.108333     -1.25319      0.44656     0.830589    -0.612538    -0.162589     -1.39167     0.406718    -0.169766   -0.0095536    -0.398439     0.432694  -0.00415629      0.18661   -0.0640347    0.0237793
   -0.111952    0.0965556    -0.125845    -0.400365    -0.535272    -0.558366     0.176019   -0.0532149     0.196364    -0.259447   -0.0364207     -0.14587    -0.276374    -0.595808    -0.373406    -0.189674    -0.534128    0.0321993    -0.304312    0.0253786   -0.0204981     0.177053    -0.245124    -0.827943      0.25354    -0.497674    -0.219381    -0.469435    -0.319176    0.0151611     0.274307    -0.632629    -0.132305     -0.32449    -0.208994    -0.385294    0.0379127     0.522176    0.0562321    0.0487738    -0.469957   -0.0262174    -0.552791    -0.318104    -0.808709     0.558059     0.219258      0.51849    -0.366559   0.00123065
    -1.39914     0.548908     0.194691      1.49645    -0.213309    -0.625349    -0.452581    0.0773621     -1.49891     0.746548     -0.96099     -1.55059    -0.487505    -0.107978      -1.3907      2.19842     -1.32062     -2.39244      0.38753     -0.95729    -0.332921     0.557054     0.444034     -1.15204      0.56403    -0.899277   -0.0732812    -0.573421      0.87373     -2.46147     0.690852    -0.157739  -0.00780297     0.141556     0.245938     -1.30133     0.161072     -2.48301      0.49887     0.391342     0.777761     0.553904     0.126426    -0.878324    -0.590927    -0.358661   -0.0364076    0.0282567      1.24821      1.38961
    0.293523     0.570075    -0.332773     0.179901   -0.0754071    -0.798609   -0.0921592     0.118428     0.366576    -0.886316     -1.94437     -1.06815    -0.712532     0.553711     -1.37453     0.172191    -0.916235      1.69935     -2.13969     0.316755    0.0974254    -0.901316    -0.666456     -1.10013    -0.576959       1.2935    0.0782786       1.9825     0.215963    -0.401512    -0.507694     0.328175    -0.181131      4.60791     -2.78455    0.0200792     -1.07511     0.179495    -0.538224    -0.138764     0.604152     0.944513     0.330741      1.40427      -1.3351    0.0588252    -0.420873     0.877307    -0.721151     0.418368
    0.726267    -0.760446     -2.60956     -1.45434     0.982705      1.07311     -1.28733     -2.02852      1.73125     0.398248       1.2063      1.03562      1.03416     0.124939     0.444326    -0.721694     -1.58726     -1.25413     -1.58659   -0.0549856     0.812766      -1.2146    -0.553221    -0.562523     -1.52366     0.423278     0.266132     0.939395     -3.81549     -2.89784     0.559415     0.564624     -2.03614       0.3695    -0.734078     0.374026    -0.648937    0.0981637     0.171836    -0.260393     -1.63731    0.0956318    -0.994314    -0.960614      1.48383      1.59708    -0.419703     -1.02395       0.1049    -0.527493
   -0.163461      -1.3556    -0.347091    -0.487564   -0.0383056     0.922627    -0.124483    -0.610253     0.409715       1.8146    -0.333531     -0.13054      1.07732    -0.438916    -0.884469     0.316481    -0.261415     -0.06369     -1.00485     -1.19591     0.318699    -0.452723     0.830891      3.41774     0.410476     -0.55909    -0.817712     -1.04712    0.0855399     0.345454     0.112111     -0.42754     0.897277    -0.479586    -0.302693     -0.78686    -0.519502     0.314851      0.94282    -0.244877     -0.40132     -1.12301    -0.948463    -0.366859     0.135991     0.215434     0.895647    -0.672759     -1.76734    -0.698737
   -0.345816      1.42655     0.464941    -0.335804     0.813477     -1.66741    -0.213402     0.698287    -0.982439     -1.06493     -1.15199    -0.123592     -1.14195      0.70326    -0.206378    -0.332822    -0.962674     0.161625    0.0493466     0.210976    -0.506038    0.0551992    -0.948728    -0.385711     0.746097    -0.586838    -0.159372     0.271931    -0.330516    -0.212776    -0.196304   -0.0267404    -0.222729    0.0128961    0.0116333     -0.59797    -0.437061    -0.504537    -0.287355    0.0124849     -0.83808   0.00525249     0.312876    0.0554204     -1.16688     0.380059    -0.933692      1.17684  -0.00918089      1.18894
   -0.115976    -0.100916    0.0792264    -0.200203    -0.176969    -0.111304    -0.288233    -0.327129   -0.0351613   -0.0718522   0.00883137    -0.199598  -0.00771256    -0.225718 -0.000192528    0.0950547    0.0977764     0.024921    -0.293672    0.0573867    -0.182377    -0.128973    0.0591815    -0.332348     -0.27488    -0.143719     0.237332   -0.0930283   -0.0416168   -0.0661301      0.14646    -0.133927    -0.157941    -0.168971    -0.216396    -0.317531    -0.361279    -0.106762   -0.0757332    -0.352665    0.0183138    -0.224287    -0.130646   -0.0206286   -0.0716545    -0.152237    0.0504026   -0.0695241     -0.15391    -0.183718
   -0.535417    -0.122368    0.0972401   -0.0659153    -0.822653    0.0384226       1.0938     0.555139    0.0258496    -0.742418      0.11699    -0.230609     -1.25443     0.890505     0.585461   -0.0451808    -0.208104     0.449636     -1.21706     0.161942     0.648307     -0.46797     0.292692    -0.569047    -0.694649     0.357958    -0.186461    0.0600346     0.148836     0.417944     -1.47008    0.0832839    -0.926523      0.15807    -0.517595    -0.239589     -1.27238    0.0329651    -0.425838     0.106024     -0.23883     0.518071    -0.384518     0.292263    -0.426905     -1.12601    -0.348944    -0.304474    -0.237694    -0.437696
   -0.372258      0.60258    -0.244015     0.535666     -1.90034     -1.05526     0.603947      0.27927     0.516697     -1.43427     0.787585     -1.33324    -0.838376     0.178631    0.0379309     0.704565    -0.692949      1.09902    -0.255104     0.321807     0.167996    0.0771651    -0.510332    -0.290272      1.20218     0.698194     0.121495    -0.670261      0.29007     0.459762    -0.456506    0.0276284     0.670083     0.226305    -0.708622    -0.619255    -0.558217   0.00772428    -0.733682     0.537235    -0.355621     0.273575    -0.846644    -0.729184     -1.53818    -0.440167    -0.918272      1.07346     -1.27599     0.606647
    -0.15532     0.176468    0.0210367    -0.474169    -0.151453    -0.149211    -0.198724    -0.263461    0.0420973    -0.268327   -0.0383858     0.180121    -0.189488    -0.354178    -0.390855   -0.0844816     -0.20476   0.00684942    -0.236943    0.0148629    -0.160212    -0.625839    -0.259635     0.125029    -0.196643     0.150999    0.0260974     0.288117     0.170878    -0.287049    0.0819878    -0.111161    -0.280398   -0.0589617    -0.417062   -0.0807129    -0.239567     0.309701     -0.18099    0.0479984    -0.333668    -0.026784    0.0418551    0.0252481     0.335473  -0.00117374   -0.0912597    -0.372156    -0.744039     -0.17962
  -0.0752187      0.29999     0.815187      1.49235     -3.75693     -1.06854     -1.29598     0.800674      1.14237     -1.77598      2.45052     -1.13953     -1.33089    -0.660741     0.712186     0.324622    0.0756734      1.09911     0.372582      1.09075     0.558747      0.88836    -0.674384    -0.312721     0.936264      1.05265    -0.707066     -1.56498     -0.63718   -0.0620591      0.95792     -1.33679      0.33891     -1.04813    -0.370874     0.271618    0.0304378     0.438054    -0.838001      0.98677     0.321905    -0.469007    -0.483826     -1.50384     -1.71531    -0.559142     -1.17156     0.337107      -2.3395     0.799913
    0.195469      1.31556     0.552511     0.483253    -0.270292    -0.501576    -0.324423    -0.179143    -0.206797     -1.72034    -0.212007      0.49623    0.0471212     0.283551      1.02261   0.00665835    -0.191502     0.590475      -0.4498     0.751581    -0.021107     0.709787   -0.0646103     -3.14823     0.362153     0.553203     0.638682      1.93176      0.03403    0.0709812     0.393173     0.359204     -0.13246    -0.531417      0.19165     0.400194     0.568165    -0.493745     -1.12956    -0.227356     0.549527      1.02785      1.22298      1.19087      0.18867   -0.0407544     -1.18855    0.0926632     0.898653     0.818959
  -0.0154312   -0.0605271      0.14136     0.228125    -0.440348    -0.195537   -0.0743254   -0.0832705    0.0466924    -0.159203    0.0964045    -0.525407    -0.224988     -0.33342     0.113285     0.135194     0.349532     0.365248   -0.0383134  -0.00671974    0.0307244   -0.0802991    -0.318052    -0.309675     0.519778    -0.137506    -0.317038    -0.680911     0.322282     0.169314     -0.19681    -0.290631     0.302097    0.0422187    -0.389188   0.00959963   -0.0597197   -0.0347873   -0.0960493     -0.11273     0.351932   0.00440327  -0.00969767    -0.556842    -0.320816   -0.0678154    -0.261925    0.0202931     -0.73262 -0.000190565
 -0.352228
 -0.652965
 -0.739841
  0.666571
 -0.722513
  -1.24548
 -0.290807
  0.487008
  -2.79965
  0.254867
  -2.00374
  0.882693
  -1.38109
  0.714138
  0.266214
 0.0932009
   -1.8872
 0.0457364
 -0.190547
 -0.414356
   0.85327
 -0.302881
  -2.89183
  -1.31363
  0.407632
  -0.76996
 -0.640859
 0.0743727
 -0.137784
 -0.417694
  0.470695
  0.891554
-0.0277938
   0.13331
 -0.624092
-0.0734057
  0.951689
 -0.366062
   1.12826
  -1.45276
   1.45856
-0.0440549
  -1.67843
 -0.726647
-0.0911968
  -1.33427
 -0.574914
-0.0521046
 -0.848139
  -1.10659
1
4
50 10
   -0.124192     0.199566   -0.0127337     -1.48689     0.386941     -1.11654    -0.271863     -1.80731    -0.123913   -0.0430946     0.239508     0.658609   -0.0504498     0.895863      0.82831      -1.0297     0.686567      1.11702     0.209943     -1.81936     -4.40748      1.09473    0.0934919     -2.57753      1.20179      1.50649     -1.34973     -2.05085    -0.194644      0.35164    -0.946007     0.305717     0.995732      1.59126    0.0843073   -0.0215684    -0.608732    0.0117986     0.991561       2.4204      1.51032    0.0453966      1.73283    -0.042427      1.10055     -3.13509    0.0542931     -7.25078    -0.182447    -0.719975
   -0.121619      2.32321     0.242033      0.52978   0.00584881      0.26819     0.113532   -0.0305612     0.104763     -0.17113     -5.10419     0.995704    -0.205569     0.215106     0.229878     0.466587       1.2781      1.45688      1.07241     -2.04114      2.03794     -1.32127     0.161569     -1.14211     0.412653    -0.466584     0.650205     0.818566      2.27668     -1.75356     0.481926     0.709582    -0.604299    -0.551405    -0.355473    -0.185289     0.370578    -0.292774      1.32192      1.74718     -10.4166     0.773551    -0.608814     0.335697      1.87734    -0.748473      0.13763      1.14441    -0.442293    -0.745547
   -0.570468     -1.17095     -2.66385     0.388216    -0.382407     0.393134      2.34309      2.04502    -0.123933     -1.73772      1.82313     -1.16251     0.346066      1.18398      -7.7814     0.380814      1.03723      1.08764     -5.41406     0.919416    -0.222019      1.98253    -0.204255     -1.59323      0.10226     -1.67628     0.721423     0.690507     -1.38504    -0.925601      1.29598      1.18775      4.70966     -1.16883    -0.595978  -0.00187089    -0.378948     -1.12463     0.365797      0.31919     0.520378    -0.207568     0.734778    -0.412749    -0.820753      1.57645    -0.602048      1.18127    -0.925189     0.201258
   -0.132929     0.968879     0.958584     0.519405     0.190818    -0.994472      1.16338    -0.048595    0.0308851      1.87094     0.201203      1.45077    -0.547799     0.370862      1.48914      1.08313   -0.0401523      1.86847    -0.100064      1.47922     0.945112     0.404833    -0.133168     0.964001     -6.72527      1.26235    -0.927977     0.296059     0.694433     0.836387    -0.530897      1.16992     0.295347     0.415761     0.091419     0.151377     0.419284     0.286492      1.52931    0.0326812      1.21731     -6.32903     -3.10419    0.0491382    -0.338944    0.0210801      -0.3426     0.325859         3.34     0.497444
     -0.4413      2.28587     0.805129      2.03704     0.508247      1.43175       1.2799     0.302007     0.274632    -0.099822      0.41463     0.578458      0.81998     0.045499      1.26379    -0.972618     -6.60094     0.349048    -0.499419    0.0514646    -0.242475     0.316121     0.135447      2.31769     0.218915     0.962983    -0.423828     0.853098    -0.258437    0.0971684    -0.738673     -8.84356     -1.42997    0.0860376    0.0276615     0.456098     -1.12952     0.562508      1.90562      0.28885     0.894899      1.79593     0.208087    0.0697316     0.205781      1.55145     0.454705    -0.543591      1.22254      0.83199
 -0.00816184       1.6208      0.73182       1.5136    -0.206123     -1.66963     -6.53672     0.650937     0.487507    -0.172622     0.773666    -0.857929     0.402161      1.46084     0.799834     -1.03405      1.57262      1.02164      1.05163     0.112165    -0.552052     0.719929    0.0353257      2.05357      2.77863     0.237085     0.241251     0.322663     0.206721    -0.858311    -0.656687     0.498405     0.138233     0.821858     0.200559   -0.0735143      1.23274     0.245765 -0.000436326      -8.7932      1.96159     0.107979    -0.362771     0.138376    0.0230072     0.251662   -0.0250432      1.22526   0.00970297     0.145756
    0.276352     -7.68023      0.65414      1.97448     -0.78454      1.46763     -0.91811      1.04921     0.183056    -0.184919     0.254427      0.82516     0.485184     -3.94624    -0.651213     -0.49707      1.92323    -0.105302      3.11673      1.08842   -0.0124799     0.178644    0.0848965     0.590696     -0.11921    -0.172899      -0.3641     0.748356      0.78279   -0.0500846    -0.899714     0.600095     -6.69627     0.746645     0.100646   -0.0387247     0.942963    0.0481291    0.0192895      2.73593      1.71144    -0.272037      1.05069     0.404181     -2.39481     0.336321     0.334605     0.377479     -1.47772    -0.334714
     1.01355    -0.579347   -0.0615946     -1.34154     0.729152    -0.331289     0.990764    -0.735156     0.196481      1.18794       1.6551     -1.29386      1.18586     0.450823      1.92408     0.893564      1.03499      1.67109     0.122149   -0.0147284     0.486349      -3.4149     0.151258       -1.496     0.292147     -1.62341    -0.302363      -1.7759     -4.28213      1.50955      1.57836      2.29896      2.33881     -1.60121      0.15886    0.0133934    -0.386751     0.652663     -6.74008      1.48165      0.17336      1.37821     0.871935    0.0159364    -0.473231      2.28726    -0.815828      1.83582    -0.997573       0.3095
  -0.0491229      1.68224    -0.673104     -3.79007    0.0686944     0.441536      1.41468    -0.843558     -0.21752    -0.433691   -0.0903259     -1.27595     -2.23189     -1.03132      1.67656      1.66728     -0.44529     -7.93817     0.470518     0.430286      1.80935     0.218632    -0.162237    0.0844293      1.42829   -0.0870312       2.1251      0.77132       2.3026     0.716647     0.348061       2.1056     0.554156    -0.470704    0.0461905    -0.241568    -0.673401    -0.915108      0.77356    -0.281321      2.37596      2.46863    -0.918022    -0.350287     0.119352     -1.42951     0.379891       1.7488    -0.134627     0.114299
  -0.0431526     0.214797     0.114039     0.150261      0.55807     0.111814   -0.0223935   0.00799786     0.119579   0.00123142   -0.0739854    0.0507965    -0.158325    -0.113775  -0.00320377   -0.0372739     0.133541    -0.094298     -0.13578    0.0957416    -0.203831     0.466603    0.0846873   -0.0200216    -0.021425     0.141167    0.0252837    0.0696499    -0.108026    0.0923325     0.110693    0.0781507   -0.0827993    -0.106049     0.103186    0.0344073   -0.0661322     0.115222    -0.299169   -0.0172471    0.0255033    0.0514115    0.0748904    0.0830093   0.00141492     0.238403     0.117527    -0.107829     0.061785    -0.107647
  2.74998
  1.80782
 0.662343
 -3.48322
  2.36316
 0.418513
  1.25784
-0.416782
 -2.54185
 -0.06042
