3 16 0.5 700
1
1
9 50
 -0.450496   0.711053    -1.1948    0.83787    1.85484   0.945832  -0.636605  -0.867483 -0.0857081
-0.0537229  -0.320087   0.488466   -3.16944   0.255034   0.125925  0.0966785   0.382493   0.435299
  0.532986   -2.39267  0.0694785  -0.219754   0.765021  -0.476658   0.180506  -0.245778   -0.42704
    1.2923   0.119506   -2.02268     0.9675   0.404508   0.428151  -0.272626    2.56678     1.2758
  -3.76386  0.0241104  -0.699706   0.282788    1.09404  -0.111928  -0.669384   0.122738   0.150104
 -0.384311   0.254811  -0.274139    1.11363   -1.45591  -0.155352    0.35216  -0.111341    2.36951
  -1.53116   -1.16109   0.496945    1.20798   0.817865  -0.535771    2.55865  -0.037902   -2.90978
   1.12556   -1.51546  -0.314972   0.442028  -0.766709  -0.487946   0.479466  -0.340841   -1.51315
  0.766668    1.06976  0.0517481    1.05843  -0.124898   0.384525  -0.454064   -2.17007   -1.30545
  -1.95971  -0.825722   -2.32901    2.47407   -1.23077  -0.140566  -0.597862    1.01911   -1.35685
   3.40861    1.66775  -0.511618  -0.163927  0.0319006   -1.75652   0.293506   -1.19169   -0.12929
 -0.793057    1.00731   0.486367  -0.606563    1.50233   -1.10904   0.565049   -1.63339   0.228523
   -1.8455   0.712712  -0.229043   0.601533    1.10278    1.07255   -1.15479   0.208597   0.585946
  -1.36796  -0.253648 -0.0857693   -1.09557   -1.57897 -0.0790602    2.56832   0.303492  -0.715586
   2.09901    0.22909    1.02581   -1.06001   -1.14123   -1.29169    2.39709   -1.17613    1.35286
  0.575234  -0.986935   0.281714   0.918112  0.0466524   0.257555   0.107758    2.02065  -0.281224
  0.478932  -0.921013  -0.684235   0.439631  -0.773424   0.844425  -0.586749   -1.01683    3.77116
  0.323426   -1.54224   0.573992   0.355678   0.936671   0.900024  0.0726993   -3.59195  -0.788294
  0.358378  -0.412265    4.62272   0.327634  -0.493975  -0.940857   0.266965  -0.171012  -0.471185
  0.146499  -0.580382   -0.38102  -0.926785  -0.069502    5.01698 -0.0976042  -0.539306  -0.544332
  0.760924   0.540882   -2.01406   0.252302 -0.0251565  -0.134226     0.1919  -0.136201  -0.707055
   1.15947   -1.17037    1.03787  -0.760949  -0.359009  -0.707554  -0.217204    1.73974   0.251137
 -0.523194  0.0637919   0.250779   0.417543   -3.28189   0.376076   0.668399    1.13815   0.411732
 -0.322793   -1.01805   -1.26788    4.40749  -0.791024  -0.540372  -0.297702   -1.07273 -0.0453789
  0.857947   -3.46261  -0.599845   0.739274 -0.0440774   0.143128  -0.472141    1.04191  -0.488618
   1.47128  -0.409612   -1.39382  -0.623164   0.702966    1.29469  -0.115701  -0.401572   0.316885
  -1.02456   0.469082  -0.285488  -0.689305  -0.265752  0.0800581    3.16007  -0.392808     -1.263
 -0.961864   0.769999    1.27679   -3.00404  -0.136221   0.922353   0.499735  -0.706307   0.515016
   -0.5195   -3.48298   0.029668   0.844438  0.0903496   0.569605    1.13391   0.589741    1.10441
-0.0143487   -2.96019   0.621533   0.724411    1.07732   0.562763     1.1271   -2.46601    1.19891
  0.955699    1.01311  -0.574811  -0.250424   0.841492  -0.392104   -3.02554   0.576504 -0.0487063
  -1.30414   0.139051    -2.7841   0.391511  0.0794827   0.771924   0.300672   0.840642   -1.23664
    0.2953   -2.05867  -0.187589    1.11864   0.553574   0.696716   -0.60185 -0.0785545    0.42766
   -1.5371  -0.851951   -1.23027  -0.752135  -0.900539    4.25803   -2.18142  -0.601615   -0.30865
  0.291566   0.200636   -1.10495  -0.170584    2.85262   -2.45173    1.02036     1.0988   0.743427
  0.337263  0.0216045     -2.167   0.357487    1.67763     0.1698   0.301742  -0.612908   0.927779
  0.472516   0.377858    2.78501   0.680693   0.981867 -0.0624951   -0.84599   0.797012   0.417075
  0.328928 -0.0165099   0.868482  0.0951987    1.10432   0.559735   -1.97838   -3.19506  -0.609676
  -1.27244   0.148484   0.401972    0.81804  -0.278103  0.0483488    -1.7548   0.240007  -0.206931
  0.517394  -0.605954   -0.16118   0.164644 -0.0805111  -0.656652 0.00981028  -0.900892   -2.86194
  0.153158   -1.06858   -2.00409   0.471061  -0.461905   0.980572  -0.529132    1.10361    1.79313
 -0.583825   0.377645     1.4354  -0.839976   -1.99729    0.52568    1.69219   0.848139   -1.16302
  -0.18919  -0.605127  -0.202725   -1.50757    2.32926  0.0936486   -1.12995  0.0385838    2.16555
  -1.73954   -1.07181    1.72852  -0.962329   0.619867    1.55204   0.498645   -1.21078   0.918021
  -1.04786   0.888294  -0.320047   0.369631  -0.284208    -1.6322    1.41428   0.201299     2.9031
 -0.397312    1.89784    1.91722  -0.877725   -2.26829  -0.234212    -1.7562  -0.914777  -0.911773
  -1.29927  -0.424694    2.23027    1.08394   -1.03118 -0.0552788  0.0618909  -0.506734   -1.05966
  0.640967    0.65662  -0.202461  -0.248918 -0.0542766   0.715525   -1.17594   0.160662   -2.89947
  -1.71567   0.401462  -0.231842   -1.16769    2.56996  -0.323308    0.66802    2.11116   -0.62209
  0.558012   0.760821  -0.284937    -1.7269    -0.6377   -0.26087   -1.41723    1.52462   0.213947
    0.79906
  -0.849538
   0.891872
  -0.131684
    1.65191
-0.00552252
   -0.48633
   0.655864
  -0.360202
   -1.41317
   0.211918
    1.28161
   -0.60601
   -1.53715
  -0.407419
   -2.29533
   -1.61555
  -0.288399
    2.03689
    2.00112
   -1.44386
   0.462356
   -1.44959
   -2.17146
   -1.16046
  -0.698209
   0.809333
 -0.0595894
  -0.192666
  -0.550246
   0.542078
   0.483454
  -0.982048
  -0.961718
  -0.365066
     1.0215
   0.898934
   -1.21982
  -0.903306
   0.879269
    -1.0396
  -0.557021
  0.0453459
  -0.887855
   0.534547
   0.204892
   -1.52657
   -1.15578
   -1.34258
  -0.221327
1
1
50 50
   -0.580188    -0.264972    -0.348943    -0.575281    -0.333942    -0.234308    -0.132359     0.013165   -0.0840554     0.236212    -0.398388    -0.288848   -0.0893273    -0.139742     0.100973    -0.216092     0.386925    -0.200228     0.188758    -0.356148   -0.0780232     0.204071     0.626755   -0.0382429     0.178927    -0.146541    -0.409537    -0.263152    -0.255515    0.0966947    -0.263564    -0.537354    -0.443249   -0.0647214     -0.48184    -0.686374     0.118777     0.162849   -0.0207752    -0.330206     -0.34177    -0.176533    -0.466024   -0.0365295    -0.250936     0.154369     0.285768   -0.0228546    -0.271919     0.112986
    0.287931     -0.30353    0.0423251    -0.806269    -0.769728     0.312201      1.68448    -0.569738     0.659895    0.0311432   -0.0405952     0.024802    -0.655176      1.79974      1.59169    -0.457548    -0.499159     0.750953     -1.38137     0.829533     0.649152    -0.804109    -0.834237     0.279381     -1.11827     0.376389     0.586613    0.0549225   -0.0204148     0.154704     -2.33506     0.354533     -1.19954     -1.12091     -0.36724     0.547956     -1.99118    -0.574962    -0.781086    -0.238805     -0.44562     0.776331      -1.4612     0.418426     0.485515     -1.89639    -0.759238    -0.993908    -0.095775     -1.19028
    0.234047    -0.690945     0.119775      0.38443     0.279826    -0.154066    -0.376235     0.144652    0.0220097    0.0016489     0.481173   -0.0379733    -0.313959    -0.262079     0.165871    -0.341064   -0.0327465    -0.501483      -1.5495     0.945588     0.676855    -0.321956    -0.274116    -0.338298    -0.230623     0.525708     0.313123    -0.199053    -0.425688    -0.308839    0.0602006      0.71683    -0.338939     -0.15199    -0.126793     0.306513    -0.536713    -0.640864     -0.62194   -0.0446272     0.380652    -0.103624    -0.274642    -0.319913     0.272256    -0.223996    -0.399339     0.116359    -0.341971    -0.119941
    0.266026    -0.794837     -1.15541     -0.47848     0.424907     0.458225     -1.42386     -1.58621    -0.169026     0.278936    -0.482362    -0.182119      1.09331    -0.658654     0.855699    -0.481084      1.36858     -1.60759    -0.299082    -0.357358    -0.548426    -0.889271    -0.397373      1.41834    -0.787297    -0.434902    0.0828101   -0.0414776    -0.257362     0.437796     -1.08119    -0.314827    -0.899583    -0.588401     0.450174     0.222367    -0.159443    -0.114181     0.425503     -1.96762    -0.271861     -1.16726    -0.321372     0.669192     0.736796    -0.228548   -0.0986511     -1.04522     0.128222    -0.865466
   -0.263007    -0.321824     0.261971    -0.171135    -0.240704    -0.476136     -0.30229    -0.242156    -0.283668    -0.334398    0.0412389    0.0439241    0.0529165    -0.292469    -0.378823   -0.0483326   -0.0494412    0.0615567     0.269485    -0.420679    -0.320106     0.190889   -0.0941682    -0.249012     0.269939    -0.263223    -0.458588    -0.185747    -0.124929    -0.218276     0.208818    -0.676514     0.149483    -0.120879   0.00984593    -0.140424     0.181354   -0.0629688     0.434995   0.00657494     -0.44221     -0.44082     0.134835     -0.22103    -0.166921      0.28068    0.0676031     0.250448     -0.45041     0.189678
   -0.110763     0.156508     0.031188     0.368457    -0.806924    -0.585253     -1.04313     0.276771    0.0296401     -1.04091      0.43925    -0.713493     -0.53044     0.245328      0.22842    -0.172899   -0.0231205     0.617856     -0.77241   0.00665931    -0.136543    -0.251249     -1.23965    -0.713022      0.28773     0.590722     0.112408     0.645604    -0.504623     0.342917   -0.0877716    -0.109114   -0.0992987     0.981339     -1.56612    -0.438788    -0.619494      -0.2767    -0.619852   -0.0475133      0.37008      0.10405    0.0968628     0.196108     -1.24488   -0.0778743     -1.09622     0.239939     -1.39894     0.710302
   0.0649904     0.175385     0.415348    -0.291872   -0.0686125     0.943052    -0.338555     0.286976    -0.952587    -0.522771      1.29736     0.778489    -0.645157     -0.49521     0.507604    -0.701232    -0.769416       -1.446      1.83099     -3.79961   -0.0751469     0.361817    -0.761696   -0.0476306   -0.0529237    -0.920042    -0.451413     -1.27894     0.269985   -0.0337076    -0.094046    0.0971717    0.0593559     -1.14465      1.63607     0.793025     0.719483     -1.19564    -0.332298     0.247386    -0.341015    -0.883565     0.664999     -1.56768      1.33722    -0.282702   -0.0246303    -0.838574    -0.504571   -0.0984127
   -0.507407     0.395155    -0.140331     0.686424     -1.34627    -0.899467     -0.22002    -0.184716    -0.723458    -0.641112    0.0652937     -1.22855    -0.281681    -0.204016    -0.290759     0.991977    -0.574753    -0.393637     0.891952     0.953654    -0.560611     0.112941    -0.371274    -0.193912     0.477816      0.22179    0.0323804    -0.515964     0.076399    -0.898725   -0.0218223    -0.632666  -0.00118901    -0.565089   -0.0943179     -0.68318     0.306826    -0.779011    -0.908964    0.0294208    -0.174719   -0.0864189    -0.354349    -0.679518    -0.440807      -1.2473     -1.06451    0.0479509    -0.336732     0.342097
   0.0357081    0.0474477     0.188526    0.0581869    -0.203824    -0.143699    -0.250998   -0.0358637     0.129678    -0.286257     0.357269   -0.0889632    -0.198431     0.148638    0.0526797     0.189989    -0.116225    0.0514623     0.106748     0.256663   -0.0775194     0.142071    0.0640653   -0.0334942     0.114023    -0.187859     0.144179    0.0302216    -0.398192    -0.100419    0.0775197     -0.21243    0.0649236    -0.155418    -0.202057    -0.209813    -0.143786    -0.178424    -0.148446     0.223517    -0.372161     -0.19991   0.00900316    -0.171535     0.123706    -0.143047    -0.118223     0.013361     0.235167    -0.295214
   -0.563913    0.0942863    0.0745963    -0.316495    -0.604685    -0.374404     0.140731   0.00594408     0.168668    -0.929998   -0.0559396     0.683095   0.00073409    -0.905374     0.329972    -0.208745    -0.463442    -0.733898     0.841417    -0.691033    -0.158757      1.24799      0.42743     -2.67468   0.00717609    -0.618589    -0.252562     -0.36149    -0.166064    -0.207683     0.126229    -0.732043    0.0957981    0.0659125    -0.192691    -0.959128     0.820759     0.575289     0.602105   0.00113992    -0.272468     0.188587    -0.270891    0.0731292     0.302588     0.903583     0.918009   -0.0654311     -0.37777     0.587015
    0.195909    0.0428859     0.671291     0.206258    0.0690648    -0.540578     0.604468      0.69578    -0.869447    -0.343201    -0.730938    -0.352463    -0.884849    -0.388952    -0.300159    -0.207651     0.407791     0.512827      1.39799     0.407586    -0.684921     0.617053    -0.976025    -0.248766      1.91281     -0.19275    -0.333812     -1.10559      1.17122     0.660676    -0.991702    0.0171943     0.967268    -0.273965    -0.644554     0.292651     0.723324    -0.904986     -0.54256      0.14071     0.644429    -0.486275     0.142533    -0.302764    -0.498654     -1.12951    -0.203922    -0.164561    -0.811242    -0.349541
   -0.126348     -1.07623     0.129624    0.0546897     0.414823     0.287447     -2.27306    -0.773251    -0.240725     -1.23161     0.326566     -0.15518   -0.0628261     -1.62327     0.543022    -0.256187     0.674018     -1.03266    -0.327814    -0.807915    -0.683778    0.0100775    -0.205533     -1.00885     -0.33594    -0.296885     0.301916     0.601949  -0.00286547     0.208068    0.0935126    -0.534489    -0.412877      0.31299    -0.144768    -0.142038     0.355997    0.0743327    -0.131569     -1.31969    -0.130423    -0.558524     0.385039     0.459964     0.225496     0.726609    -0.103744    -0.195685    -0.476627    -0.259664
    0.115206    0.0829273       0.4468     0.216782    -0.223731    -0.349537     0.229378     0.303582     0.425704   -0.0868506     0.349309   -0.0663638    -0.180568    0.0476874    -0.300703     0.154938   -0.0208995   0.00515868    -0.279351    0.0853285    0.0636916    -0.308035    -0.433759    -0.426091     0.464963     0.016536   -0.0321119    -0.145483    -0.331055    -0.280816     0.283938     0.121614   0.00932904     0.128364    -0.387625    -0.109218    -0.123708  -0.00485478    -0.100599    0.0416872    -0.186758    0.0576392    -0.278356    -0.138073    -0.465644     0.147748    0.0131521     0.469246     -0.34013    0.0534267
   0.0243504     -1.34117    -0.697886   -0.0354508    -0.260591     0.463368      1.87432     0.136698   -0.0604455    -0.599841    0.0987157    -0.441551    -0.744596      1.22453     0.766556    -0.218028    -0.631947     0.310431     0.393363      1.08857      0.21978   -0.0356485    -0.336544    -0.256921   -0.0532484    -0.245685     0.538019    -0.308349     0.502015     0.171993     -1.91814     0.834053    -0.174181     -2.04614  -0.00121751     0.128282    -0.592401     -1.97731     -1.58643    0.0636612    -0.277854      1.21212     -1.69509     -0.37797    -0.105798     -1.03524    -0.891968    -0.332584     0.440303     -1.42971
     -1.5139     0.313149     0.711953     -1.91881    -0.322343    -0.580809     0.137909    -0.176231    -0.690317     -1.21105     -1.50113     0.454285     0.177297     -1.23859    -0.889906    -0.100789     -1.02119     0.254903     0.545496    -0.998514     -1.20612      1.13682     0.302232     -0.73582     0.435611     -1.44419     -1.35272     0.147729    -0.075234     0.337286     0.492371     -2.07622     0.738196     -0.77827      -0.3269     -2.33784     0.642371      1.33744      1.12394    -0.466902     -1.28289    -0.124268     0.586899     0.565371    -0.678955      1.85948      1.81134     -0.38575    -0.825834    0.0693794
    0.164701    -0.492681     0.441559   -0.0432508    -0.283711      0.33962      0.35613    -0.348115    -0.595157    -0.361729    -0.331382   -0.0415948     0.613204    -0.584958   -0.0935119    -0.160406    -0.717713    -0.111831    -0.193344      -1.2574    -0.184554    0.0737945    -0.679579      -1.2076    -0.222744    -0.468114   -0.0435273     0.593983     0.405845     0.308144     0.250738    -0.219309   -0.0679484     0.502935     0.283467     0.157572     0.388433    0.0327723     0.190839    0.0991072    -0.151361    -0.247878     0.605698      0.37726     0.713044    -0.645814    -0.315511    -0.950301     0.878438    -0.181143
    0.689479     0.317998     0.259237     -0.12561     0.482763     -1.27676     0.557353    -0.651722   -0.0345175    -0.914793     0.331479     0.374619     0.447407      -1.6161     -1.12444   -0.0386601    -0.990874     0.377908     0.236367      1.17044    -0.526569    -0.413859      -0.9295     -0.64717   -0.0785188    0.0201132     0.291283    -0.460729    -0.270939     0.819552     0.711214    -0.216446     0.325259     -1.00277      1.80542     0.567126      0.72277     0.556712    -0.582092    0.0704097    -0.668262     -1.77657      1.00023    -0.123659    -0.359093     -2.11113    -0.804694    -0.104012      1.68669    -0.648513
   0.0350635    -0.529186    -0.913779      1.07669     0.534525      1.04679     -1.82237      -1.5707      -0.8279    -0.511409    -0.211978    -0.129329    0.0392773    -0.627614      1.70349     -0.71211      2.79179     -1.12367    -0.422368     0.297992    -0.866378     0.216763     0.464118     0.962758      -1.2279    -0.126605    -0.943027     0.439646     0.350077     0.750251    -0.934991    -0.890338    -0.398991    -0.503915      0.52737      0.62789   -0.0570717     -1.22772   -0.0576464     -2.66642      1.23214    -0.869357     0.892066     0.388341         1.17     -0.98293    -0.288563     -1.72959    -0.490936    -0.790049
    0.095167     0.209906     -0.12967     0.665091    0.0550001    -0.589408     -1.12274    -0.472039    -0.162622     0.470892     0.809998     -0.46667   -0.0417257    -0.106567    -0.505944    -0.295412     0.142001    -0.544484     -2.94874     0.233946      1.01636    -0.583381    -0.234641      0.37312    -0.318954     0.761064     0.622064    -0.869416    -0.758932    -0.334028     0.920482     0.661523    -0.756638  -0.00302286     0.685964     0.342492     -1.61499    -0.209656    -0.489629    -0.119365     0.365937     -1.28654    0.0692254    -0.864869    0.0186048    -0.990245     -1.05523    -0.143913     0.433143     0.284566
    0.413722     -1.11645     -1.15271    -0.773369    -0.212715     0.062748    -0.647442      -1.2581    -0.167174     0.301965    -0.109206      0.12053     0.820386    -0.683326    -0.156166    -0.370093    -0.406959      -1.5115    -0.252321    -0.159496    -0.183271    -0.638455    -0.360689    -0.580096    -0.748465    -0.262244      0.86406     0.309505      -1.1362    -0.564116    -0.959057     0.336112     -0.94103     0.156214    0.0500303     0.506829   -0.0909176    -0.493558    -0.547635    -0.812779    -0.313382   -0.0946452    -0.522591    0.0870224     0.689227     0.163805    -0.513875    -0.767192      1.00231    -0.733384
   0.0548724    -0.696503    -0.608894    -0.630848     0.253994     0.680163     0.706612     -1.22859    -0.514821     0.254631     -1.51513     0.139262     0.852642     0.514205    -0.299085    -0.751813    -0.933012     -0.65303    -0.530075     0.119967   -0.0962406    -0.831143     0.579406    -0.121953     -2.47941     -0.68629    -0.193264     0.683062     0.795103     0.140565    -0.407228   -0.0555677    -0.972784    -0.177108     0.156422    -0.591028    -0.200567    -0.594089     0.273003    -0.297433    -0.693365     0.187192    -0.399081     0.478648      1.63374    -0.430133     0.314925     -1.14978      1.49605     -1.07037
    -1.20845     0.357421     0.183544      1.16546    -0.576789    -0.798095    -0.149477    0.0861803     -1.28072   0.00179926    -0.710312      -1.1428    -0.293149    -0.691938    -0.613686       1.3979    -0.347311    -0.939659      1.05719   -0.0643698    -0.562293     0.564879     0.347396    -0.549714      0.61307    -0.666067    -0.501961    -0.614034     0.525974      -1.0584     -0.28155     -0.30507     0.211587    -0.786818     0.521312    -0.702787     0.727937     -1.18507    -0.163205    0.0540356      0.40847    -0.138983    -0.135905    -0.668796     -1.00116    -0.877522    -0.599128     0.203937     0.421695     0.491816
   0.0550329    -0.200627   -0.0638652    0.0350353    -0.183325     -0.20162    -0.450343    0.0959944     -0.18838    0.0783767    -0.144759    0.0656757    -0.131661    0.0938019   -0.0280726     0.130496   0.00353375     0.336483    -0.232007     0.108341   -0.0194901   -0.0943745    0.0968604    -0.133151   -0.0221558     0.190802     0.177292    0.0457059     0.214074    -0.101132    0.0614884     0.145238     -0.14899    -0.216092  -0.00115923    -0.206326     -0.18182    -0.168996     0.244495     0.137764   -0.0401271    0.0172582    0.0711681   0.00319414   -0.0897349   -0.0487194     0.107377    -0.209913    -0.038118    -0.212184
    -1.57827      0.43654     0.183897     0.548011     -1.86882    -0.831011    0.0216761    -0.174249    -0.384166     -1.13095     0.156165     -1.25801    -0.896945    -0.826479    -0.319126      1.34167    -0.583206    -0.528485     0.031825   -0.0196613    -0.168736     0.502401  -0.00372036     -0.84949     0.306984    -0.644878     -1.07065    -0.352011     0.104368    -0.751512     0.559398     -1.97138     0.679504    -0.810167    -0.573234     -1.57471     0.285648    -0.280034   -0.0313592     0.454439    -0.234648     0.362525   -0.0832015    -0.946209    -0.748148     0.709204     0.264462   -0.0662631    -0.961357     0.430685
   -0.347515      2.55775   -0.0393616    -0.509117    -0.369919     -1.31066    -0.780207    -0.373665     -1.10797      -2.0122     0.289148     0.168865      -1.2919     0.542167       0.8987    -0.912966    -0.504567    0.0234818    0.0273866      3.25602   -0.0434915    -0.350742    -0.999947     -1.67666    -0.709139     0.698516    -0.183434     0.960075    -0.666761    -0.574774    -0.549361    -0.397991    -0.916946     -1.98833       0.6142    0.0817046     -0.65937    -0.937671      -1.3541    -0.439281    -0.313027     0.548388     0.536058     0.563355     0.035644    -0.589645     -1.56596    -0.287839       0.4683      1.01571
   -0.745558     0.797707   -0.0156705     0.216999    -0.214462    -0.781671   -0.0122362    -0.470081    -0.536145    -0.475752    -0.674104    -0.461982     0.202469    -0.646284    -0.589086     0.695673    -0.262894     -1.20829     0.288409    -0.925374    -0.316021     0.321899     0.433414     -1.12513     0.292372     -1.03599    -0.551664    -0.176485     0.130162    -0.521996     0.206808    -0.877462      0.55044    -0.265044     0.369629     -0.82791     0.016322    -0.342685     0.726224   -0.0132839   -0.0257585      0.13208     0.218358     0.050132    -0.589373     0.533305      1.21774     0.193706     0.315921     0.537628
    -0.12698   -0.0329093    -0.196254    -0.689987    0.0345268     0.936198      0.40902    -0.592016    0.0890089       1.0411     -1.18507    -0.401383     0.541661     0.396603     -1.17703    -0.459802     -1.33453     0.727464    0.0304903    -0.838455   -0.0134443     -1.11003     0.331154      1.25359    -0.710988    -0.453483    -0.333828    -0.629678     0.634824     0.275777    -0.835195    0.0960683     0.287839     0.494869    -0.168672     0.391452     -0.42769     0.585229      0.43823     0.305549     -0.27209     -0.24531    -0.193058     0.702503      1.16385  -0.00403527    0.0390513     -1.76941    -0.133259     -1.07206
     1.08562    -0.850381    -0.454622     -1.07055      0.78206      1.25017    -0.463182    -0.962486    -0.412595     0.373588     -1.15929     0.343026      1.62974    -0.582719    -0.845318    -0.461984     -0.39103    -0.597711     0.654548     0.669183     -1.06838    -0.664487    0.0187871    -0.359352     -1.92818    -0.601558      1.19191     0.105875    -0.220696     0.235465    -0.491789     0.833839    -0.638798      1.01204    -0.612027     0.252865     0.529765    -0.306081     0.236166     -1.01914    -0.438721    0.0358748     0.201068      1.21299      2.33371   -0.0839187     0.210625      -1.8674     0.328842     -1.19522
    0.250723     -0.71618     0.349715    -0.784703    -0.128654     0.914563    -0.687133   -0.0729303     0.651216    -0.577557      0.16905     0.684903    -0.101816    -0.260971    0.0747916    -0.513631    0.0782596       1.0642      -0.9419    -0.130753     0.279571     -0.98507    -0.692951    -0.143643     -1.03554     0.245853    -0.243887     0.789894    -0.135614     0.783995   -0.0329603    -0.191517    -0.354535     0.182984    -0.519594     0.510347    -0.637639      1.13284    -0.230402     0.397815    -0.550432    -0.627554     0.106658     0.775149     0.850279     0.115588    -0.123659    -0.965219    -0.745004    -0.692154
   -0.905431     0.308456     0.304608     -1.16803     0.388386    -0.615194     0.682918     0.290883    -0.626052   -0.0012884     -1.32446     0.339902     0.129024    -0.209735    -0.333508    -0.540506   -0.0478283     0.908701    -0.414757      -1.0513    -0.230476     0.638708     0.774012    -0.652032       0.8552    -0.369819    -0.382998    -0.483892     0.405184      1.47864    -0.637166    -0.480005     0.583164    -0.536276   -0.0839257     -0.68143    0.0319416     0.458867    0.0293098    -0.354744    -0.296235     -0.28661    -0.239855       0.6193     -0.76417    -0.688763     0.877908   -0.0699967    0.0777156    -0.477886
   -0.740405    -0.557434    -0.258231    -0.198316    -0.256547     0.332801     -1.01598    -0.385792    -0.546895     0.414833    -0.200632   -0.0189153      0.14142    -0.631187    -0.548181    -0.348646     0.389148     -0.30941     0.443538    -0.698568    -0.174441     0.479402      1.14369    0.0762656 -0.000601692    -0.204642    -0.725316     -0.65774    -0.205328    -0.476879     0.275749    -0.124708    -0.118297     0.474033    -0.166294    -0.429869     0.481189    -0.406407     0.287513    -0.534705      0.27975    -0.472977   -0.0410016    -0.586606     0.151767    0.0695989     -0.15517   -0.0759368    -0.631103    0.0331375
     -1.8304    -0.981747    -0.750004    -0.277312     -1.21639      1.57643    -0.747941     -0.17385     0.205828     0.896453     0.222488     -1.09255    -0.654639     0.878512     0.723492     0.206216     0.248536    -0.929694    0.0287112     0.149777     0.067024      0.66676      2.64929    -0.222351    -0.613198   -0.0544069     0.113617      0.22028     0.303008     -1.08979    -0.676635    -0.766552    -0.285828      1.00219     -2.75677     -1.18219    -0.338151     -1.07836    -0.325728    -0.273755     0.498617      1.50945     -2.18198    0.0898158     0.947303      1.31565    0.0625565    -0.942916      -1.8464   -0.0175075
    0.526362     0.444254    -0.804447     0.532435     0.145642    -0.884373     -1.61793    -0.699791     -0.42835     0.532288    -0.734699    -0.143578     0.963029     -2.36046     -2.43357     -0.41631     0.440142    -0.439104      2.24523    -0.604147     -1.09147     0.860703       0.2904    -0.454949     0.762146    -0.335724     -2.60651     -1.46295      -1.0176     -1.25745      1.93837    -0.288628     0.658737     0.823494   -0.0875872    0.0953307      1.69271     0.576251     0.698941    -0.984545     0.287245     -1.45637     0.300203     -1.31748     -1.15564     0.251583    -0.729636     0.631508    -0.329404     0.443496
    -0.79667     0.616248     0.230839     0.207846     0.190326    -0.356343     0.841987    0.0808072    -0.858487    -0.491481    -0.849284    -0.115442    -0.472648  0.000984738   -0.0806087     0.440657    -0.586736    -0.929431    -0.495823    -0.156668    -0.479023      0.32138     0.516986    -0.799523   -0.0222876      -1.0508    -0.202544     0.208645     0.675737    -0.381685    -0.181309    -0.637253     0.209096     -0.86373     0.622777     -1.00189    -0.378239    -0.993452     0.453366     0.294917    -0.548175     0.623747    -0.172769   -0.0995819    -0.748707     0.408444     0.646774    0.0316613     0.442863     0.303866
   -0.295354   -0.0185852     -0.36406    -0.123469   -0.0120826    -0.118972   -0.0680798    -0.103476     0.173155    -0.171359    0.0823086    -0.312777    0.0813688     0.173455    0.0212901   -0.0850486  -0.00453808    -0.397607    -0.449049   -0.0227598     0.112903    -0.191214   -0.0588189    -0.292968    -0.247138   -0.0549088    0.0227169    -0.132703    -0.484366    -0.391403     0.217373    -0.328979    -0.150738    -0.139725   -0.0531531     -0.14536    -0.377727   -0.0852505   -0.0273387    0.0441803    -0.269108    -0.359809    0.0432848    0.0778457     0.133562    0.0171469    -0.248858    -0.214522    0.0368589    -0.259091
   -0.032781  -0.00940903    -0.111547    -0.261059    -0.543121    -0.119297    -0.328532    -0.285022    -0.317463    -0.294539     -0.19776    -0.335008   -0.0746486    -0.168493     -0.12147    0.0457557    0.0970038     -0.35496    -0.123137    -0.316754    -0.066144    0.0623697    -0.261542    0.0202216    0.0296037    -0.240279    -0.017856   -0.0580003    -0.288867    -0.119401    0.0553536     0.068891   -0.0412813   0.00532715    -0.217503    -0.150914      0.07383  -0.00324632    -0.086966    0.0164493    -0.324452     0.119177    -0.253201    -0.202476    -0.189028    -0.249056    -0.196753   -0.0696727   -0.0397609     0.016384
   -0.937395     0.245508    -0.150114    -0.932728     -1.77629    -0.283019     0.123241     -0.12004     0.141206     -1.66649     0.940641     0.437802    -0.438903    -0.790426     0.898187     -0.32557    -0.666004     0.155536     0.426441     0.603293     -0.12677     0.578975     0.219141    -0.779606    -0.362101    -0.188267     0.550395    0.0707966     -0.35527     0.610629       0.1166     -1.61249    -0.332432     -1.04695   -0.0119143    -0.957405      0.17549     0.782096    -0.637765    -0.133084     -1.25463     0.502921    -0.242446    -0.110836    0.0852078     0.736815    -0.153753    -0.125791    -0.571046    -0.135543
   -0.189769     0.178517   -0.0375188    -0.348666    -0.392273    -0.399693     0.124055   -0.0408054     0.209521    -0.230852    0.0159393   -0.0265204    -0.190895    -0.450691    -0.223675    -0.149242    -0.348542   -0.0320061   -0.0758948    -0.156375   -0.0560445     0.212961   0.00769979    -0.679452     0.240895    -0.511649   -0.0757471    -0.320786    -0.210766    0.0247012     0.244806    -0.682064    -0.122356      -0.2516    -0.149541    -0.334724     0.100293     0.484217    0.0940251    0.0764955    -0.354909      0.10436    -0.500469    -0.180661    -0.656666     0.585808     0.264879     0.283249    -0.302658    0.0616876
     -1.1811     0.637948     0.107196      1.69575    -0.288192    -0.534059    -0.405816    -0.329673     -1.40758     0.535265    -0.953219     -1.38718    -0.162871  -0.00217302     -1.18169      1.77784    -0.844412     -2.05513    0.0374402     -1.24925    -0.133812      0.21289     0.308442     -1.19588     0.391344    -0.606913    -0.259808    -0.520292     0.755078     -2.14107     0.479596    -0.147679     0.109402     0.461756      0.38263    -0.803142  -0.00842344     -2.34658     0.418831   -0.0827854     0.927866     0.108028     0.322387    -0.709631    -0.566005    -0.347504    -0.146662    0.0400565      1.07697      1.18482
     0.14854    0.0980526    0.0600955     0.417957    -0.151166    -0.778695    -0.169582     0.253092     0.281762    -0.763657     -1.82697     -1.20021     -0.78488     0.680864     -1.14928     0.328642    -0.488595      1.55805     -2.01456    0.0855617     0.142968    -0.468987    -0.795069      -1.0828    -0.176537     0.865452    -0.362323      1.52107     0.467517    0.0984131    -0.382537    0.0957442    0.0203525      3.56825     -2.67425    0.0394715     -1.09741     0.115419    -0.421678   -0.0473821     0.733948     0.544953     0.382049      1.28643     -1.53264    -0.260788     -0.39769     0.655147    -0.677244     0.253447
    0.543539    -0.622834     -2.28501     -1.41497     0.889311      1.15816     -1.23609      -1.7625       1.4634      0.37225      1.45242     0.846237     0.871976    0.0837047     0.541621    -0.554055     -1.36958     -1.31341     -1.11652    -0.302062     0.611871    -0.846487    -0.202085    -0.476967     -1.30581    0.0693091    0.0665856     0.970624     -3.30117     -2.50328     0.615332     0.230185     -1.62501      0.78778    -0.755686     0.212577    -0.377086     0.290487     0.298447    -0.219501     -1.42985     0.342784    -0.899283    -0.481453      1.37983      1.58077    -0.190191     -1.12565     0.273061    -0.449374
   -0.247769     -1.07709    -0.526521    -0.640473    -0.258037     0.688421    -0.184144    -0.302987     0.580812      1.33155   -0.0757935    -0.265565     0.735555    -0.332654    -0.500256     0.297856   0.00471296     0.224154    -0.980338     -1.17716       0.4037    -0.364205     0.661153      2.79812     0.356419     -0.38205    -0.540334    -0.791357   -0.0621817     0.352937   -0.0325039    -0.419151     0.542113    -0.502351     0.026615    -0.850813    -0.471596     0.701297     0.639195    -0.416373    -0.404033     -1.01343     -0.92078    -0.304248    -0.146677     0.270555     0.818273    -0.171205     -1.54531    -0.432785
    0.283383      1.51534     0.648824     -0.12434     0.724106     -1.60841    -0.315815     0.845448    -0.652718     -1.05188    -0.426325     0.147377    -0.835913      0.71244    0.0560434    -0.515845    -0.704645     0.567608     0.284488     0.925036    -0.327228     0.193743    -0.788111    -0.458607      0.47913    -0.134335     0.343637     0.605942    -0.363887     0.172036     0.185405     0.196587     -0.21428    0.0186868     0.148264    -0.076965    -0.218735    -0.187084    -0.379234     0.268329    -0.658361    0.0517349     0.701972     0.264823    -0.925431     0.222997     -1.06153     0.984393     0.334391      1.28493
    -0.12816   -0.0939918     0.103143    -0.193969    -0.210888     -0.10852    -0.285268    -0.320378    -0.018281   -0.0751149    0.0133104    -0.192271   -0.0080378    -0.192068    0.0212133     0.100679     0.112397    0.0493829    -0.285841    0.0514932    -0.187989    -0.115486    0.0577075    -0.319562    -0.230224    -0.108861     0.214305   -0.0700674   -0.0335094   -0.0518257      0.13369    -0.142325    -0.123062    -0.173161    -0.192363    -0.313494    -0.361596    -0.103018     -0.09143    -0.340406    0.0276817    -0.203815   -0.0973723   -0.0188186   -0.0758212    -0.163686   0.00892996   -0.0944581    -0.161044    -0.180028
   -0.211693    -0.267956   -0.0179725   -0.0029538    -0.421296     0.316561     0.938844     0.357028     0.248195    -0.474164     0.124778    0.0519417    -0.958065     0.763946     0.553221    -0.152388    0.0223222     0.538259     -1.13823     0.283215     0.558569     -0.63831     0.372165    -0.400668    -0.812871     0.394342   -0.0306065    0.0351673    0.0637123     0.326745     -1.05549     0.166346    -0.949893    0.0113685    -0.443122   0.00460664     -1.16487     0.213392    -0.360736    0.0314988   -0.0737712     0.347318    -0.385344     0.310707   -0.0977297    -0.782379    -0.319419    -0.302733    -0.285472    -0.419179
   -0.408503     0.673455    -0.288961     0.522534      -1.7193    -0.876257     0.286534     0.224579     0.328176     -1.38721     0.779298      -1.0676    -0.765334     0.131494    0.0528684     0.685583    -0.361432      0.86567    0.0565007      0.38427   -0.0797963     0.166621    -0.609566    -0.371477      1.01195     0.607566   0.00278547    -0.506737     0.111824     0.242555    -0.217249    -0.300009     0.515175    0.0895161    -0.649928    -0.711956    -0.397544     0.107686    -0.625438     0.367789    -0.238708     0.221814    -0.566806     -0.56382      -1.3437    -0.516315    -0.795324     0.719258     -1.12013     0.816888
   -0.173816     0.166961    0.0812826    -0.317559     -0.13646     -0.14311    -0.101524    -0.239236    0.0600781    -0.185049    0.0219009     0.137613    -0.144858    -0.155045    -0.177534   -0.0320984    -0.120707    0.0276174    -0.289491    0.0948556   -0.0392985    -0.503749    -0.156749     0.092568    -0.115277     0.244541    0.0706334      0.32809      0.17951    -0.254675   0.00643152   -0.0603499    -0.230135   -0.0517571    -0.250148   -0.0616502    -0.253682     0.205949    -0.223081    0.0661311    -0.218687   0.00943777    0.0744608    0.0214674     0.351497   -0.0494235    -0.153934    -0.275093    -0.617761    -0.101545
   0.0406895     0.168025      0.52881      1.27586      -3.3447    -0.893891     -1.21443     0.437306      1.34109     -1.62977      2.41257    -0.767119     -1.04778    -0.726745      0.91267     0.393621     0.130037     0.874171       0.4962      1.43933     0.534577     0.460962    -0.529062    -0.260368     0.729669      1.05129    -0.558564     -1.31691     -0.84827    -0.144802     0.907369     -1.16341     0.211664    -0.926433    -0.159336     0.351116     0.222885     0.518113    -0.930232     0.627007    0.0959744    -0.442137    -0.316219     -1.59501     -1.40626     -0.55457     -1.08506     0.263616     -2.01779     0.679855
    0.441421      1.17651     0.582558     0.272475    -0.104756    -0.823778    -0.300327    -0.414507    -0.353791     -1.99949    -0.418341     0.644403     0.313239    -0.182843     0.500733   -0.0520007    -0.251659      0.38861    -0.498341     0.558104   -0.0596251     0.510315    -0.586562     -2.81159     0.247139     0.477626     0.173138      1.51356   -0.0594801   -0.0999804     0.551921    0.0347284   -0.0555035    -0.145054     0.519801     0.632646     0.563969    -0.477457    -0.781078    -0.339644     0.384239     0.284921      1.45198      1.23942    0.0275357   -0.0188832      -1.0564     0.120315      1.02602     0.543243
  -0.0539062    0.0536286      0.04548     0.223329    -0.513619     -0.26023   -0.0799448   -0.0527939    0.0151589    -0.215118     0.147996     -0.47904    -0.263926    -0.368941     0.121758      0.18278      0.31621     0.260671    0.0174236    0.0576371    0.0229605    -0.102167    -0.208717    -0.345969     0.408661   -0.0977875     -0.24353    -0.586813     0.218648    0.0334987    -0.128434    -0.336693     0.207913     0.116389    -0.393834   -0.0336745     0.002832   -0.0883751      -0.1297   -0.0801974     0.308325    0.0618439   -0.0562242    -0.593168    -0.390167   -0.0173135    -0.213195     0.146941    -0.643965     0.126015
  -0.304499
  -0.535687
  -0.806186
   0.940506
  -0.630358
   -1.24948
   -0.48452
   0.495791
   -2.80282
   0.419608
   -1.68945
   0.881704
   -1.34046
   0.651234
   0.232563
   0.229611
    -1.5937
    0.07903
  -0.132168
  -0.408853
   0.904042
  -0.387913
   -2.87657
   -1.36909
   0.416141
  -0.525314
  -0.613572
   0.279094
-0.00663883
  -0.288519
   0.796986
   0.838262
  0.0462824
   0.110496
  -0.590347
 -0.0439482
    1.13116
  -0.225217
    1.08741
    -1.4657
    1.56459
 -0.0155824
   -1.26033
  -0.723756
  0.0572025
   -1.24999
  -0.492718
  0.0697751
   -1.02397
   -1.08649
1
4
50 10
   -0.160658    -0.299101    0.0688277      -1.3935     0.432868     -1.03611    -0.192664      -1.6522    -0.133275    -0.289531     0.202181     0.763221    -0.202334     0.611855     0.742365    -0.791424     0.110574     0.996922     0.214645     -1.54989      -3.2282     0.599074     0.107001     -2.36752     0.461513      1.38115     -1.22923     -2.99386     -0.62853     0.458257    -0.653436     0.212632       1.0206      1.23588    0.0775253   -0.0142669    -0.527252    0.0281292      0.64933      2.01355       1.0432     0.412915     0.834845   -0.0233277     0.761957     -2.73092    0.0365533     -6.39351    0.0312024    -0.563291
   -0.151684      1.74247     0.181058     0.109177     0.103393   -0.0169567     0.133878    -0.100728    0.0741692     -0.19555     -3.73378     0.477903    0.0727432    -0.773673     0.250819     0.109858     0.649232      1.01811     0.820866     -1.95119      2.82978     -1.13089     0.152844     -1.13908   -0.0993164    -0.364794     0.785645      0.46694      1.51711     -1.54891     0.816608     0.187839    -0.580216    -0.665351    -0.371506    -0.219345     0.212121    -0.259418      1.37813      1.24829       -9.034     0.914757    -0.693492     0.291785      1.63794    -0.805046     0.164681      1.44081     -1.07262    -0.718623
   -0.460328     -1.38726     -2.20947     0.135334    -0.513988     0.312471      1.97829      1.86158    -0.141686     -2.09263      1.03525     -1.08541    -0.358832     0.696747     -6.56156     0.167222     0.737436      0.94505     -4.64666      1.32143    0.0257243      2.20197    -0.206731     -1.34026     0.773652     -1.38468      1.33903     0.416094    -0.777521     -1.39318     0.841711     0.909798      3.81288     -1.22001    -0.582968 -0.000538529    -0.754575      -1.1189     0.257699     0.214704      0.52626    -0.273711      1.08449    -0.393124     -1.26757      1.64753    -0.535976     0.891913      -1.4806     0.027476
   -0.111865     0.689098     0.688191     0.111085      0.19613    -0.944964     0.922073   -0.0400889    0.0414895      1.77938     0.314318     0.969382   -0.0791126      0.99757      1.05509      1.47604     0.774767     0.582447   -0.0895572      1.60314     0.435683     0.101002    -0.130279      1.09588     -5.26579       1.2933     -1.37501     0.599824     0.678827     0.636818     -0.58378      1.21556     0.365035       0.3709     0.083755     0.113666    0.0140658     0.273385     0.809277     0.729771      1.01989     -5.23541     -3.18629   0.00993966   -0.0714717     0.105507    -0.263445     0.205906      3.21589      0.48619
   -0.413886      2.55225      0.91779      1.79585     0.485324       1.7695      0.70031     0.311367     0.276292     0.394399      0.47978     0.874036     0.825036     0.438352      1.64575     -1.34888      -4.4932     0.535526     -0.46072     0.384502     -0.91126    0.0753458     0.103823      2.40261     -0.12213     0.671063     -1.02158      1.16869     -1.16243    -0.406372    -0.703366     -6.80706     -1.19679   -0.0498746    0.0324492     0.447811    -0.744645     0.449661      1.34673     0.555444      1.27188      1.33693  -0.00488087     0.050685     0.337518      1.26233     0.202269    -0.404707      0.50635     0.751515
  0.00224159      1.67227     0.603649      1.71099    -0.115484     -1.80319     -5.13795     0.717883      0.42889    -0.353803     0.776057     -1.17543   -0.0990411      1.26423     0.828851     -1.24439      1.17936      1.20714      1.13354   -0.0764488    -0.159725     0.937692    0.0184006      2.02408      2.89107     0.417845     0.104985    -0.249053    -0.250186    -0.731101    -0.816917     0.582169     0.102688      1.09741     0.148707   -0.0852884     0.654666     0.219795    -0.122827     -7.30291      1.42113    -0.274736    -0.114685     0.108945    -0.427723     0.283598   -0.0515806      1.65229    -0.362855     0.318902
     0.20153     -6.55473     0.366153      2.15928     -0.82117      1.21995     -1.08086      1.08033     0.215942    -0.189628     -0.24335       1.2369      0.32634     -3.72206     -1.54088     0.794098      1.71861   -0.0334341      2.60421      0.87491    -0.386323     0.211944     0.101191     0.405365     -0.55099    -0.531364     0.166276      1.15681      1.12807     0.102095    -0.783465     0.742833     -5.99965     0.554771    0.0950148   -0.0283918      1.57335    -0.211453     0.406353      2.15458     0.929829     0.227327      1.40997     0.396083     -1.66319     0.638936     0.298021    0.0901968     -1.12826    -0.334487
    0.946189    -0.735264    -0.127805    -0.999441     0.635006     0.470256     0.627433    -0.641085     0.161245      1.16036      1.52514     -1.15016     0.442057     0.714072      1.87486     0.534178     0.797284      1.94485     0.328438     -0.14851    0.0954158     -3.07827     0.155582     -1.37558     0.544017     -1.49559     -0.33858     -1.30868     -2.40787      1.88764      1.43816      1.52263      2.82375     -1.41289     0.148384    0.0288506    -0.583333     0.557182      -5.8652     0.966397     0.804471     0.554694      1.16283    0.0663004    -0.509354      1.58781    -0.651051      1.80436    -0.302196     0.337932
  -0.0094297      1.97031    -0.507957     -3.28476     0.114553   -0.0806546      1.62814    -0.955075    -0.111108    0.0028699     -0.18844    -0.991997     -0.72331    -0.581694      1.48369      1.26123      -1.0277      -6.6683     0.125084    -0.252214      1.14115     0.261386    -0.139505    -0.503977     0.958158   -0.0442287      1.93845      1.41706      2.04551     0.918579     0.376831      1.46607   -0.0468941   -0.0414225      0.12683    -0.184164   -0.0561857    -0.463541      1.30703     -0.62847      1.96596      2.09832    -0.888269    -0.299689     0.500182     -1.27861     0.376135     0.757257      1.00549  -0.00560416
  -0.0845426    0.0766084   -0.0240627     0.225606     0.356716     0.070132   -0.0318057   -0.0875314    0.0917717    0.0580324   -0.0711992    0.0496142    0.0808102   -0.0492731   -0.0131559   -0.0670404    0.0255796      -0.1444    -0.189825    0.0693486    0.0134209     0.243796    0.0574372   -0.0311049   -0.0526381     0.127467   -0.0729512   -0.0378767   0.00322834   -0.0316858     0.213677    0.0263226   -0.0154571    -0.238061    0.0826745  -0.00160817   -0.0492073   -0.0603628    -0.137098    -0.103841      -0.1115     0.025605    -0.030961    0.0470127     0.228723     0.182461    0.0822523    -0.179489     0.118225    0.0410277
    3.26684
    1.25297
   0.157805
   -3.11245
    1.36749
  -0.171474
    1.73097
  -0.772532
  -0.901832
-0.00470131
