3 16 0.5 1200
1
1
9 50
   -0.20039    0.812346    -1.08653     1.36992     2.11407    0.763547   -0.928532    -1.12148   -0.168553
   0.149534   -0.128171    0.348357    -3.52719    0.242035    0.229409   0.0238558    0.413253    0.286909
   0.298267    -2.78083    0.356549  -0.0258196    0.742931   -0.775024    0.130655   -0.266437   -0.314394
    1.42092  -0.0439675    -1.98428    0.856896    0.270431 -0.00241103   -0.162199     2.65254     1.52545
    -4.2348    0.134187   -0.743326     0.50445    0.381851  -0.0243915   -0.478296   0.0675984  0.00310056
  -0.257011    0.145517   -0.846854      1.0015    -1.27672   -0.546001    0.151452    -0.50041     2.22518
  -0.814725   -0.627324    0.376802     1.05621    0.792468   0.0736216      2.4514     0.49315    -3.18071
    1.35915    -1.66121   -0.505108   -0.129866   -0.761311   -0.569587    0.652512   -0.598999    -1.77454
    1.02667     1.30627   -0.018792     1.44484   0.0533271    0.187275  -0.0340934     -2.3598    -1.53558
   -2.22252    -1.05158    -2.51891     2.01183    -1.57799    0.103356   -0.535546     1.15087    -1.45642
    3.15595     1.75021  -0.0306999    0.191812    0.648273    -2.31066    0.291638    -1.47028   -0.285126
  -0.815765     1.13434    0.849594   -0.686385     1.87355    -1.19897    0.579413    -1.72503    0.176982
   -2.24456     1.37015   -0.662061     1.12398     1.06544    0.966483   -0.702496   -0.178264    0.852637
   -1.64752   -0.258518    0.174345    -1.63665   -0.989398   -0.311832     2.71865    0.196095   -0.919122
    2.01913  0.00244378     1.28627     -1.5571   -0.887102    -1.49502       2.309     -1.7744     1.41124
   0.582755   -0.916689    0.403438     0.75215   0.0626244   -0.112435    0.117287     2.28682   -0.282845
    1.02939    -1.49787   -0.587634      0.5392    -1.07388    0.869551   -0.971416    -1.61506     3.83915
    1.03269    -1.63956     0.57531    0.519134     1.04235     1.48547    0.294646    -3.58565    -0.70654
   0.181457   -0.682561     4.89894    0.399491   -0.828418   -0.705141    0.504508   -0.255021   -0.124325
   0.283496   -0.238781   -0.572868   -0.814366    0.144281     5.36176   -0.287881   -0.395363   -0.861101
   0.719395    0.436763    -2.05046    0.162352    0.165672   -0.261694    0.257763   0.0447944   -0.780496
   0.743139    -1.36412     1.15356   -0.984402   -0.425403   -0.283781  0.00339801     2.17299   -0.155563
  -0.755967    0.194045    0.158538    0.603739    -3.75777    0.161987    0.835405     1.31883    0.672586
   -0.29873    -1.39755    -1.46345     4.69245   -0.615519   -0.776779   -0.708004    -1.36167   -0.457197
   0.565522     -4.0696   -0.158718    0.687718  -0.0262487   -0.136033   -0.803523     1.04272   -0.313562
    1.60486   -0.210269     -1.6296   -0.904826    0.544745     1.66562   -0.184616   -0.688239    0.442977
   -1.10534    0.608311   -0.142755    -1.09921   -0.585346   -0.380349     3.42719   -0.395279    -1.17735
   -1.13575    0.688717     1.53403    -2.96833   -0.926151     0.51132    0.302718   -0.719225    0.327885
  -0.441867    -3.77564  -0.0524506    0.892701   0.0067956      1.0087     1.52001    0.621996     1.51682
   0.268052    -3.50074    0.655821     1.10512     1.19528    0.797771     1.37253    -2.52689     1.69616
     1.1613    0.784586   -0.293118  -0.0346119     0.14585   -0.468689    -3.38965    0.897924 0.000581641
   -1.32788   -0.090676    -3.04946    0.398608    0.224641    0.517212   -0.033872    0.847319    -1.26245
   0.457698     -2.2786   -0.273304     1.41689    0.644898    0.815309   -0.533585   -0.107082    0.573324
   -1.89284    -1.43041    -1.34491    -0.52521   -0.758636     4.59004    -2.58061   -0.967545   -0.304215
   0.284539    0.654155   -0.724414   -0.213027     3.00507    -2.10323     1.35826     1.48054    0.868661
   0.874784    0.231217    -2.35194    0.915437     1.46518   -0.202143    0.497581   -0.952893     1.23018
   0.492737    0.812552     2.82665    0.939984     1.12448    -0.10619    -1.02383     1.08938    0.615414
   0.594852    0.731141      1.0374   0.0412605    0.713414     1.15299    -1.72504    -3.38369   -0.619417
    -1.2802   0.0790848    0.185894     1.14388   -0.339188  -0.0444817    -1.74228     0.21774   -0.529358
   0.591329   -0.445381   -0.112976    0.544498   -0.404212    -1.02788   0.0609197   -0.765954    -3.13079
  0.0480449    -1.20858    -2.14211    0.316579   -0.663815    0.904394   -0.679699     1.09818     2.19081
  -0.785887   -0.167929     1.67346    -1.79031    -1.82871    0.266985     1.81459     0.98783    -1.49926
  -0.274664   -0.598595   -0.259143    -1.64732     2.51766    0.496784   -0.867424    0.275431     2.06954
   -1.89489    -1.31844     1.86585    -1.20816    0.529876     1.84534    0.534356   -0.971135    0.810396
   -1.49108     1.07422   -0.311019    0.162607    -0.24534    -1.57996     1.04823    0.579973     3.01111
  -0.864468     1.77226     1.39112   -0.976268    -2.64479    -0.57958    -1.96365    -1.54229    -1.54981
   -1.33491   -0.642491     2.45978     1.19731   -0.932706   -0.437769    0.174567   -0.970928    -1.37329
   0.724023     0.80341    -0.46404    0.268876  -0.0745023    0.416316    -1.37643    0.534843    -3.53553
   -1.58316    0.975411   0.0168235   -0.643231     2.93861   -0.287637    0.696647     2.25327   0.0126941
   0.391565    0.788348   -0.592948    -2.14502    -1.18217   -0.586597    -1.32358     1.62819   0.0781046
  0.856589
  -1.42048
  0.693405
 -0.146562
   2.02438
-0.0243057
 -0.814863
-0.0579988
 -0.650834
  -1.37072
 0.0347587
  0.980527
  -0.64906
  -1.83668
 -0.801857
  -2.30223
  -1.68151
 -0.559527
   2.04362
   1.75984
  -1.46903
  0.498506
  -1.84942
  -2.16913
  -1.38809
  -0.49034
  0.917331
-0.0702503
 -0.755608
-0.0125181
  0.633363
  0.637063
   -1.3039
 -0.960232
 -0.144483
  0.809388
  0.645442
  -1.78295
  -1.08188
  0.311053
 -0.978428
 -0.899615
  0.374984
 -0.855083
  0.848375
  0.329646
    -1.527
  -1.66505
  -1.42591
 -0.467036
1
1
50 50
   -0.652435     -0.27941    -0.395342     -0.61685    -0.377127    -0.240953    -0.235145   -0.0726867    -0.123559     0.182698    -0.438842    -0.341574   -0.0720127    -0.185558     0.121121    -0.221438     0.506908    -0.179678     0.149668    -0.404725    -0.100951     0.194397     0.708299   -0.0425353     0.190869    -0.134042    -0.506638    -0.250385    -0.246852    0.0866884     -0.28321    -0.629077    -0.438329   -0.0984991    -0.525792    -0.751753     0.129767     0.158487   -0.0110537    -0.441325    -0.334551    -0.191766    -0.518704   0.00709665    -0.300345     0.113047      0.32199   -0.0427858    -0.281725    0.0883551
     0.20645   -0.0188487   -0.0300984    -0.626043     -1.00861      0.39372      1.41798    -0.768862     0.399069    -0.078711     0.211938   0.00281638    -0.466974      2.05161      1.83816    -0.145036    -0.414986     0.448113     -1.66501     0.838706     0.744315    -0.836961    -0.604044     0.218073     -1.00849     0.559348     0.652962     0.113799   -0.0500038     0.255676     -2.56184     0.385174     -1.31889     -1.03506    -0.406906     0.521819     -2.12249    -0.538381    -0.887869    -0.398433     -0.29495     0.848719     -1.36668      0.43396     0.517307     -2.16009     -1.01596     -1.20467    -0.143877     -1.05426
    0.403655    -0.870676    0.0857684     0.155473     0.494403    -0.154175    -0.604752   -0.0512612    -0.208678    -0.223551     0.556434     0.079552    -0.476991    -0.621715    0.0570682    -0.490576    -0.327218    -0.648178     -1.70907      1.10353     0.556675    -0.299264    -0.776579    -0.778383     -0.55541     0.308735     0.337207    -0.221168    -0.538123    -0.223371     0.141343     0.759457    -0.598349    -0.406085     -0.26239     0.389365    -0.518583    -0.708991    -0.818955    -0.173306     0.214568    -0.264552    -0.138979    -0.294399     0.540022    -0.339058    -0.592457   -0.0543559    -0.334467    -0.172466
    0.111022    -0.784749     -1.46899    -0.658108     0.223608      0.27758     -1.56035     -1.79399    -0.253725     0.271237    -0.684778    -0.423847      1.01753    -0.687947     0.771279    -0.504178      1.62064      -1.5661    -0.583956    -0.225049    -0.609836     -1.03958    -0.361564      1.24356    -0.818877    -0.330107     0.259255    -0.120152    -0.400113     0.349339     -1.39117      -0.5769     -1.01824    -0.486843    0.0742689     0.130959     -0.46468    -0.184719     0.242143     -2.30457    -0.290189     -1.26268    -0.684133     0.761011     0.488893    -0.311683    -0.146973     -1.18513    0.0732433     -1.07269
   -0.278473     -0.51151     0.243521    -0.255479    -0.252049    -0.354144    -0.303007    -0.286597     -0.28575    -0.373248  -0.00282973    0.0463415    0.0356798    -0.364543    -0.412146   -0.0818093   -0.0869756     0.044784     0.226568    -0.518862    -0.351883     0.118858    -0.195404    -0.138585     0.202687    -0.353015    -0.560267     -0.30628    -0.182501    -0.212657     0.202346    -0.757584     0.129924    -0.348598   0.00202258    -0.169421     0.126043   -0.0655565     0.438623   -0.0897366    -0.526793    -0.503037    0.0499726    -0.293291   -0.0680596     0.296904     0.115729     0.158886    -0.608488    0.0122921
    0.012882     0.178702     0.188927     0.454419    -0.660112    -0.371989     -1.16594     0.514581     0.196984     -1.17926     0.704652    -0.526428    -0.532894     0.132181     0.654549    -0.107687     0.143667     0.886648    -0.514971     0.203949    -0.113106    -0.240673     -1.34491    -0.654832     0.283402      0.76784      0.45284     0.714377    -0.198331     0.535295     0.041494    0.0982446    0.0331751      1.20188     -1.59072    -0.158732    -0.549733    -0.147549    -0.712266     0.171108     0.521528     0.240891     0.242129     0.329913    -0.868883     0.189221     -1.04075    0.0383701     -1.57819     0.736776
    0.224742    -0.291031     0.472402    -0.352008     0.269528      1.01894    -0.259478     0.168953    -0.700763    -0.682704      1.30322      1.20673    -0.431463    -0.639587     0.292335    -0.677738    -0.946766     -1.50575       2.0972     -4.61693   -0.0581886      0.27403    -0.848425    0.0856403    -0.157101     -1.37674    -0.395193     -1.36442    -0.067315    -0.278304      0.33735     0.330623     0.142961     -1.12683      1.85468     0.854513      1.03621    -0.988649    -0.175012     0.272498    -0.491008    -0.755418      0.76574      -1.8542      1.72843     0.416594     0.218852     -0.85324    -0.793087    -0.120547
   -0.610966     0.362147    -0.129155     0.698642     -1.46859    -0.895271    -0.203918    -0.158057     -0.82525    -0.647054   -0.0315695     -1.36349    -0.307059    -0.200272    -0.237972      1.06218    -0.523451    -0.375763     0.980081      0.82768    -0.590754    0.0615456    -0.396274    -0.238103      0.52724     0.233093    0.0415197    -0.572273     0.210375    -0.907128    -0.107451     -0.68059    0.0320687    -0.469486    -0.171421     -0.69076     0.226099    -0.903106    -0.952454    0.0318635    -0.129199    -0.140888    -0.414252    -0.683508    -0.436111     -1.43916     -1.16815     0.011374    -0.508822     0.368308
   0.0585094    0.0496611     0.179363    0.0525141    -0.188218    -0.142713    -0.238584   -0.0285764     0.145031    -0.271303     0.374833   -0.0872791    -0.197983     0.143776    0.0467155     0.180296    -0.140028    0.0619766    0.0973771     0.304114   -0.0657085     0.135619    0.0596221   -0.0387622     0.101585    -0.181271     0.164907    0.0276123    -0.423495    -0.106835    0.0844744    -0.189262    0.0490471    -0.167385    -0.211757    -0.190317    -0.156158    -0.170875    -0.146622     0.235994    -0.381423    -0.206636  0.000858606    -0.171958     0.130987    -0.137951    -0.120355    0.0276532     0.232456      -0.2975
   -0.597666    -0.214502     -0.24373     -0.35898    -0.795469    -0.325472       0.0443    -0.127419    0.0458649     -1.01098     0.125689      0.43022    -0.240874     -1.24818      0.45468    -0.379041    -0.673597    -0.841117     0.696442     -0.84406     -0.28772      1.12958     0.240515     -3.02285    -0.306267    -0.854291    -0.262809    -0.424769    -0.366128    -0.310781     0.204978    -0.899081    -0.238627     -0.40485     -0.21163     -1.27258     0.937759      0.42974     0.432753    -0.107873    -0.433494    0.0898418    -0.493446    -0.147324     0.441632     0.907643     0.985831   -0.0728515    -0.225081     0.485866
    0.117367     0.129257     0.984749     0.377001    0.0663374    -0.732802     0.450141     0.829614     -1.10549    -0.257979     -1.23816    -0.493821     -1.27238     -0.34157    -0.219895    -0.335865     0.228701     0.725189       1.1271      1.22311     -0.70706     0.845415     -1.46476     -0.75423      2.33463     0.246546    -0.403116     -1.00767      1.60295     0.836852     -1.15473    0.0745407      1.23929    -0.326751    -0.608134     0.388201     0.414157    -0.983609    -0.607601    0.0539857     0.787972    -0.716246     0.473707     -0.25801    -0.482935     -1.43474    -0.536156    -0.562918    -0.975153    -0.475968
   -0.276154     -1.38231    0.0668368   -0.0226526     0.490676     0.453592      -2.2131    -0.655892    -0.615517    -0.945395   -0.0471988    -0.295655    -0.219146     -1.66414     0.547826    -0.317907      0.85663     -1.21438    -0.369596    -0.890169    -0.682202    0.0726373     -0.10413     -1.07704    -0.323274    -0.576898     0.385084     0.386816     0.347215     0.335125    0.0079342    -0.528363    -0.509729     0.494941    -0.345409    -0.315805     0.216185    -0.051433    -0.126144      -1.4758   -0.0922581    -0.454855     0.118995     0.453349     0.448055     0.795627     0.067641    -0.364959    -0.532949     -0.33337
   0.0978259   -0.0683045     0.607762   -0.0326168      0.11663    -0.773535     0.851483     0.665619     0.493137     0.205938     0.268584    -0.108365    -0.550329    -0.116005    -0.454935    0.0911452    -0.450214   -0.0057735   -0.0473344     0.204987    0.0592626    -0.171922    -0.722937    -0.395501     0.330296    -0.320293     0.278392    -0.498915    -0.682967    -0.492739     0.186922     0.322281    -0.245995   0.00349625    -0.396691    -0.279122   -0.0605977    -0.105887   -0.0083625     0.369065    -0.535791  0.000900854    -0.660766    -0.374157    -0.645797     0.444801     0.355088      1.01603    -0.273502    -0.148387
   0.0596301    -0.848266    -0.788091    0.0924032    -0.392218     0.387875      1.82329     0.197005     0.390019    -0.661862     0.440463    -0.555895    -0.723145       1.5975     0.957605    -0.165492    -0.486386     0.492926     0.585308      1.32053     0.351681     0.320486    -0.509413     0.104609      0.25615     0.157353     0.778423   -0.0630956     0.115533    0.0990785     -1.93094     0.864494    -0.182231     -2.22398     0.186995     0.376675    -0.702405     -1.89216     -1.83355     0.148354    -0.398966      1.49811     -1.36447    -0.144637    -0.401417     -1.12729     -1.28261   -0.0251612     0.282066     -1.37151
    -1.69525     0.439981     0.917313      -2.0352    -0.608907    -0.620061     0.255491   -0.0761176    -0.826835     -1.16698     -1.48144     0.390657     0.170258     -1.26033    -0.841689     0.178681     -1.10632     0.359779     0.635387     -1.01508       -1.318      1.13888     0.254423    -0.522869     0.622717     -1.51395      -1.4726       0.3043     0.208441     0.441247     0.698917     -2.27154     0.922407     -1.05571    -0.433664     -2.63076      0.76003       1.3928      1.21223    -0.357118     -1.48502    0.0448419     0.572727     0.730462    -0.676692      1.82478      2.15479     -0.39041    -0.838165    -0.013836
     0.15234    -0.748986     0.151498     0.268488    -0.648317     0.254022      0.39011    -0.678228    -0.713215    -0.692573    -0.293433   -0.0911857     0.578906    -0.527873 -0.000790994    -0.152274    -0.974458    -0.186774    -0.481853     -1.58562    -0.197304    -0.188347    -0.766376     -1.48347    -0.351015    -0.723296    -0.228889      0.62562     0.476245     0.386728    0.0918395    -0.243406   -0.0566241    0.0375832     0.547328     0.141211      0.26323    -0.185148    -0.141166     -0.15564    -0.198223    -0.228299     0.599929     0.372455     0.849529     -1.38936    -0.583026     -1.17486      1.02713    -0.315562
     1.37658    -0.104359     0.174826      0.16345     0.661509     -1.29366     0.927794     -1.00392     0.247455     -1.65453     0.756223     0.638331     0.613261     -2.01163     -1.51313     0.168683      -1.4584     0.315072      0.56842      1.07012    -0.657511    -0.283833     -1.13019    -0.963761    -0.335778    -0.273592     0.314027    -0.778349    -0.193582      1.03203      0.91781    -0.491855     0.342009     -1.57162      2.64217     0.802608      1.59729      0.41548    -0.615125    0.0507249     -1.10319     -2.32221      1.05904    -0.148723    -0.238647     -2.58988    -0.683926     0.354931       2.2732      -1.2284
   0.0195333    -0.661101    -0.966054     0.994361     0.639214      1.29389     -1.98899     -1.76309    -0.750802    -0.595367    -0.135784    -0.037458    0.0694111    -0.700308      1.76422    -0.823247       3.0395     -1.10787    -0.313136      0.32409    -0.891361     0.178108     0.499719        0.866     -1.47216    -0.209464    -0.931013     0.425076     0.124587     0.799499    -0.848872    -0.991623    -0.513659    -0.485217     0.455495     0.639838   -0.0479408     -1.17645   -0.0166097     -2.87325      1.23104    -0.986855     0.975338     0.446096      1.41704    -0.674003    -0.243478      -1.8129    -0.477634    -0.738174
   0.0490504    0.0881732  3.17027e-05     0.875602   -0.0594482    -0.567407     -1.00777    -0.219598    -0.206156     0.844921     0.912887    -0.831359    -0.297909    -0.119502    -0.368068    -0.229058     0.171994    -0.588942     -3.14533      0.37488      1.17093      -0.4388     0.111791     0.365804    -0.179338     0.727746     0.687829    -0.983681     -0.44962    -0.200256       0.9065     0.770342    -0.701819  -0.00663273     0.466883     0.436357     -1.77532    -0.403587    -0.606179   0.00366726     0.522343     -1.27324    -0.187189    -0.950833    -0.118838     -1.12177     -1.13551    0.0390401     0.382632     0.288619
    0.647997     -1.11216     -1.25313    -0.969847   -0.0465966    0.0244675    -0.711522     -1.29513    0.0925342     0.243082    -0.103216     0.392143     0.971367    -0.685258    0.0553317    -0.364171    -0.271905     -1.18931   -0.0533958    0.0137217    -0.268122     -0.55242    -0.422636     -0.49359    -0.741357    -0.116122     0.902496     0.516352     -1.43402    -0.602999    -0.883996     0.464401    -0.994044     0.381066    0.0839142     0.627548     0.143293    -0.147849    -0.461575    -0.733337    -0.468437   -0.0936841    -0.546828     0.309591     0.638959     0.451747    -0.488982    -0.725593      1.07427     -0.80134
  -0.0059365    -0.600191    -0.482943    -0.854132      0.52739     0.377151     0.801987     -1.30379     -1.09467     0.418159     -2.11483   -0.0422293      1.20779     0.503588    -0.441661    -0.562034     -1.01057      -1.0109    -0.462717    -0.275425    -0.307707    -0.440367     0.615967   -0.0459159     -2.35776     -1.19408    -0.433424     0.638945      1.38012     0.212964    -0.313924   -0.0167652    -0.788323     0.249845     0.293602    -0.972434    0.0666832    -0.824453     0.537947     -0.38637    -0.706411     0.194044    -0.179551     0.856093      1.35666    -0.645295     0.639961     -1.22987      1.82306    -0.986152
     -1.1362     0.486551     0.170763      1.23511    -0.393415    -0.806204   -0.0726982    0.0520273     -1.39502     0.125632     -0.91991     -1.12823     -0.12692    -0.609737    -0.909658      1.45719    -0.508178     -1.18284      1.30703     0.105182    -0.653102      0.61208     0.338852     -0.59648      0.57571    -0.700841    -0.414194    -0.535734     0.471378     -1.35358   -0.0823851    -0.174537     0.098344    -0.691332      0.39651    -0.832619     0.722802     -1.28377    0.0474876     0.106108     0.391902    -0.110285     0.109948    -0.685644    -0.905727    -0.758456    -0.681125     0.266538     0.587057     0.855022
   0.0480608    -0.198702    -0.074464    0.0252309    -0.187657    -0.215792    -0.448972    0.0918688    -0.196964    0.0672817    -0.150089    0.0587878    -0.144897    0.0807119   -0.0431477     0.127568    -0.018598     0.326289    -0.243451     0.111298   -0.0193157    -0.099967    0.0862406    -0.147512   -0.0376808     0.183177     0.176196    0.0401776     0.199198    -0.115534      0.05403     0.141075    -0.162863     -0.22125  -0.00638465    -0.216062    -0.189164    -0.177778     0.238244     0.132966   -0.0561663    0.0117164    0.0595969  -0.00629618    -0.101141   -0.0444724     0.109698    -0.197762   -0.0368758     -0.21438
    -1.70009     0.730884     0.100839     0.618034     -1.91572    -0.816293    -0.129909    -0.217958    -0.504327      -1.1964     0.188905     -1.29467    -0.911657     -0.74935     -0.25565      1.27847    -0.670547    -0.703827  -0.00497787   -0.0813733    -0.172471     0.510851     0.123577    -0.974438     0.202715    -0.566144     -1.00812    -0.118653   -0.0176603    -0.982184     0.584314     -2.02188     0.469791    -0.996682     -0.65604     -1.65447     0.170046    -0.409786    -0.135865     0.407499    -0.212921     0.548304   -0.0118968     -1.03332    -0.633828     0.862717     0.101529   -0.0983581     -1.01359     0.642411
   -0.438919      3.28457      0.33112    -0.578258   0.00208854     -1.68682     -1.16419    -0.432368     -1.45877     -2.18768     0.107512     0.287729     -1.54491     0.334955     0.545613    -0.922512    -0.944482    -0.125494     0.277115      3.40044      -0.3429    0.0478127     -1.63352     -1.98565    -0.594714     0.604955    -0.314331      1.11828    -0.779902    -0.904604    -0.453429    -0.567124    -0.892192     -2.15826     0.587343    0.0314427    -0.329647     -1.21047     -1.39164     -0.55168    -0.611944     0.501071     0.876731     0.762152     -0.22336    -0.613817       -1.772    -0.469595     0.154554      1.27151
   -0.782255     0.566464     0.187026     0.110973    -0.306284    -0.658906     0.067175    -0.308967    -0.855326    -0.393333    -0.960152    -0.498979    0.0460132    -0.787044    -0.731345     0.907654    -0.402672     -1.23726     0.228563       -1.079    -0.488433     0.388686     0.265997    -0.839387     0.696496     -1.18226     -0.76172    -0.578769     0.551972    -0.104635     0.267736     -1.19303     0.857995    -0.595515     0.353273     -1.07879    0.0667806    -0.290189     0.833477    0.0794524    -0.177903   -0.0178883      0.35701    0.0639189    -0.456855      0.56375      1.50885   -0.0811832     0.202493     0.278312
   -0.189826    -0.128333    -0.539456    -0.651246    0.0134078      1.03283     0.465186    -0.668886     0.271533      1.00086    -0.889473    -0.492119     0.589199     0.536666     -1.17635    -0.328606     -1.71138     0.530157    -0.163201     -1.38854    0.0424683     -1.41121     0.559648      1.38222     -0.47481    -0.501014     -0.37907    -0.555175     0.764212   -0.0458999     -1.08376     0.268318     0.358296     0.209228     -0.11348     0.504787    -0.563864     0.274248     0.191817     0.327554    -0.310094    -0.226822    -0.470926     0.395193      1.15728    -0.406326    -0.171488     -2.08088     -0.30902      -1.2263
     1.33431    -0.760439    -0.439977       -1.256      1.01361      1.09406    -0.647561     -1.09394    -0.472199     0.170962    -0.903381     0.594586      1.93765    -0.521991    -0.593348    -0.489357    -0.219886     -1.01409     0.493605     0.904435    -0.964235    -0.797693    -0.390919    -0.671516     -2.34055    -0.847645      1.29626    0.0871685     -0.27806      0.36475    -0.315309      1.01356    -0.798266     0.828084    -0.728938     0.245928     0.359661    -0.429414     0.394868     -1.11768    -0.414157    -0.108158     0.538148      1.44033      2.26641   -0.0942403     0.179932     -2.13545     0.301888     -1.10449
    0.364244    -0.876488   -0.0347878     -1.04667    -0.521798      1.27926     -1.07309    -0.271343      1.27793    -0.634073     0.454926     0.637991    -0.157741    -0.425771     0.260529    -0.915648     0.163347      1.21959     -1.01719     -0.10101    0.0835911      -1.5203    -0.891301     0.254206     -1.39653     0.174366    -0.198304      0.95512   -0.0643679      1.38427    -0.368738    -0.439291    -0.439628     0.622075     -1.47504     0.541593     -1.00388      1.69794    -0.472541     0.293046    -0.443666     -0.53751    -0.233438     0.984556     0.837959    -0.178625    -0.133776     -1.37465     -1.93608     -1.22034
    -1.17211     0.505601     0.465398    -0.783543     0.141689    -0.716166     0.359012     0.488637    -0.737013    -0.172995     -1.25973   -0.0393291    -0.171377    -0.341605    -0.277345     -0.36518     0.137229      1.16869    -0.579067    -0.611521    -0.236675     0.931045      1.29483    -0.893261       1.1953    0.0269116    -0.628675     -0.55921     0.558854       1.5064     -0.43104    -0.490179     0.786172    -0.638752    -0.123613    -0.736588     0.153557       0.4158   -0.0954864    -0.332565    0.0472757    -0.180537    -0.193164      0.45726     -1.09498    -0.700332     0.633552   -0.0636734     0.208316    -0.314971
   -0.914116     -0.72734    -0.390014    -0.151217    -0.596896     0.216497     -1.19582    -0.325806    -0.542616      0.33303    -0.314562    -0.414056   -0.0833705    -0.791847    -0.743119    -0.412445     0.454485    -0.218755     0.346315    -0.694117    -0.224368     0.310339      1.12653    0.0590524     0.111167    -0.184059     -1.07184    -0.872145    -0.256431    -0.670275    0.0982958    -0.244705    0.0362065      0.58427    -0.358937    -0.605905     0.346169    -0.503959     0.195614    -0.502822     0.358218    -0.671818    -0.321432    -0.804315    -0.363074    -0.140166    -0.307721    -0.169596    -0.743983   -0.0957112
    -1.83793     -1.22689    -0.756872      -0.0661     -1.02781      1.84908    -0.823403     -0.30622     0.136675      0.98022     0.338668     -1.01079     -0.58667       1.0168     0.917866     0.147599      0.31362     -1.17267    0.0426658     0.018957    0.0979044     0.876955      3.06113    -0.135914    -0.774954    -0.124463     0.204584     0.336169     0.375546     -1.10627    -0.639172    -0.696465    -0.330791     0.879996     -2.63128     -1.06438    -0.277215     -1.32509    -0.267032    -0.370786      0.75739      1.59584     -2.40116   -0.0526073      1.24582      1.31023      0.12995     -1.09079     -1.87169    0.0734403
    0.407158     0.160923    -0.997994     0.464192   -0.0132055     -0.69185     -1.65976    -0.736678    -0.353116      0.45927    -0.818677    -0.249517     0.906864     -2.60239     -2.61957    -0.481137      0.80433    -0.172301      2.39251    -0.585676     -1.21071     0.927248     0.278209    -0.283824     0.925385    -0.243948     -3.22088     -1.70167    -0.912324     -1.23913      2.15588    -0.284391     0.969556     0.858487    -0.045068   0.00451528      1.91573     0.537156     0.908383     -1.13567     0.286084     -1.72728     0.373993     -1.33649     -1.38194     0.388944    -0.688698     0.515624    -0.524709     0.284077
    -0.81313     0.196049    0.0113041     0.103073     0.123174    -0.368181     0.716576     0.150732    -0.738031     -0.41348     -1.06338    -0.380479    -0.709229    -0.293814    -0.415311     0.442289    -0.713259    -0.964019    -0.618274   -0.0173969    -0.525653      0.16843     0.692616    -0.701738   -0.0720915     -1.12962    -0.463984    -0.213009     0.514696    -0.564931    -0.146424    -0.743303     0.204494    -0.930166     0.332428     -1.17137    -0.513531     -1.02424     0.520654     0.319858    -0.641678     0.503764    -0.396874    -0.452819    -0.943756     0.500925     0.731368     0.234469     0.235458     0.129865
   -0.289965   -0.0559412    -0.395006    -0.127328   -0.0125957   -0.0971184    -0.102483     -0.14156     0.169276    -0.183316    0.0670046    -0.326139    0.0966343     0.153301  -0.00128835   -0.0912151   -0.0235139    -0.410205    -0.486954   -0.0138332     0.103446    -0.216135   -0.0782589    -0.310071    -0.255289   -0.0575218   0.00112457    -0.138306    -0.492202     -0.40204      0.22115    -0.330436    -0.159697    -0.168935   -0.0743002    -0.139505    -0.387874   -0.0926191   -0.0328481    0.0185384    -0.279325    -0.380667    0.0369838    0.0670392     0.156678  -0.00537904     -0.26159    -0.241681    0.0105781    -0.278549
  -0.0463531   -0.0268349     -0.10329    -0.290494    -0.530283     -0.13248    -0.314848    -0.286247    -0.334884     -0.28289    -0.230878    -0.337707   -0.0896759     -0.17329    -0.136346     0.032469    0.0871352    -0.364884    -0.133572    -0.336436   -0.0752868    0.0483842    -0.307325    0.0174252    0.0207671    -0.268664   -0.0208453   -0.0892116     -0.30254    -0.124138    0.0435659     0.071252   -0.0562871    -0.018802    -0.225889    -0.169319    0.0540552   -0.0187769   -0.0845072   0.00798008     -0.34677     0.110079    -0.259534    -0.214467    -0.178364    -0.244751    -0.193623   -0.0855499   -0.0561257  -0.00769991
   -0.775292     0.442862    -0.261814     -1.15015     -1.94507    -0.562446     0.132068    -0.364797    -0.235537      -1.7759      0.60321     0.325434    -0.411652     -1.24663     0.165239    -0.362301    -0.865271    0.0548987     0.161721      0.40377    -0.314279     0.537038    0.0650723     -1.06489    -0.257554    -0.341791     0.447974   -0.0198655    -0.396969     0.560791     0.227287     -1.68251    -0.271389    -0.972924     0.076949     -1.19502     0.274365      0.81292     -0.68762    -0.295463      -1.3843     0.234118   -0.0957875   -0.0330759    -0.339477     0.276597    -0.156833    0.0765406    -0.129334    -0.123176
    -0.13757     0.105894    -0.103422    -0.390364    -0.493274    -0.524413     0.190669   -0.0272029     0.248502    -0.231237   0.00744622    -0.108364    -0.255614    -0.555727    -0.313194    -0.170506    -0.484435   0.00446729    -0.226022    0.0344551  -0.00882067     0.227056    -0.166501     -0.80162     0.207674    -0.489061    -0.180342    -0.401416    -0.366768   -0.0610106     0.315755    -0.631249    -0.176266    -0.315935    -0.225232    -0.394256    0.0854083     0.532089     0.102517    0.0867578    -0.458337    0.0453237     -0.57771    -0.297968    -0.792081     0.615017     0.244969     0.549663    -0.342874    0.0844473
    -1.41426     0.804139     0.256497      1.62735     -0.24212    -0.556704    -0.467317       0.1397      -1.5927      0.66981     -0.98929     -1.47323    -0.436155    0.0395255     -1.13922      2.01497      -1.0143     -2.25224     0.469217    -0.821461    -0.294924     0.580749     0.481984     -1.34974     0.585342     -0.72674    0.0699971    -0.330897      1.00242     -2.23616     0.588722   -0.0680359    0.0536149     0.354828     0.282049     -1.09118  -0.00748869     -2.49377     0.354837     0.240151     0.994949     0.608978     0.276897    -0.707693    -0.569761    -0.206372    -0.146719   -0.0683888      1.20726      1.48697
    0.306464     0.425969    -0.215094     0.368236   -0.0569094    -0.874734   -0.0571624     0.138425     0.240171    -0.760317     -2.08177     -1.10762    -0.710151     0.607584      -1.5271     0.170685    -0.815939      1.58964     -2.24297     0.267601     0.182701    -0.792082    -0.760283     -1.17671    -0.467129      1.21923  -0.00338814      1.76803     0.380135    -0.265111    -0.536294     0.367668    -0.068133      4.39246     -2.62425     0.135477     -1.23259    -0.021605    -0.507233    -0.131714     0.738237     0.866453     0.434322      1.39442     -1.44957    -0.198715    -0.435502     0.906576     -0.55189     0.383698
    0.602295    -0.654008     -2.45401     -1.54827     0.898857     0.885185     -1.27987     -1.96854      1.61846     0.332245      1.13161     0.916847     0.921595     0.158391     0.469462    -0.691006     -1.73593     -1.36191     -1.54123   -0.0982023      0.74003     -1.10789    -0.601786    -0.592078     -1.46819     0.370857     0.113099     0.978155     -3.77837     -2.95668     0.586869     0.406924     -1.97577     0.418388    -0.790463     0.185806    -0.610944     0.014035     0.187451    -0.206619     -1.74558     0.199885     -1.00773    -0.782893      1.37009       1.5702    -0.274296     -1.08484     0.117297    -0.568477
   -0.310482     -1.31303    -0.418364    -0.535061    -0.239544     0.696036   -0.0717628    -0.522903     0.440554       1.5463    -0.150919    -0.197361     0.908504    -0.431119    -0.848211     0.396733    -0.378265   -0.0220711      -1.0627     -1.45069     0.320235    -0.476747     0.707281      3.21146     0.429842    -0.602567    -0.754866     -1.08732   -0.0497047     0.249885  -0.00450955    -0.509321     0.777707    -0.656099    -0.151911    -0.823869    -0.567752     0.404863     0.794059    -0.257537     -0.50374     -1.09855    -0.980252    -0.511755    -0.103602     0.119141     0.783792    -0.513502     -1.71416    -0.657995
   -0.141485      1.50093     0.454547    -0.293951     0.884629     -1.61423    -0.321726      0.63057    -0.865294     -1.08716    -0.928349     0.029359      -1.0343     0.765529    -0.198951    -0.439971     -0.94415     0.256471   0.00566819     0.352547     -0.39708    0.0327492     -0.91517    -0.395448     0.479476    -0.456126     0.105702     0.395783    -0.573037    -0.283397    -0.131347   -0.0107671    -0.355535   -0.0231458     0.112171    -0.411257     -0.39572     -0.46793    -0.325501    0.0425108    -0.863648   0.00390808     0.375594    0.0425739     -1.07014     0.456597    -0.947566      1.16062     0.101023      1.28067
   -0.113843    -0.101131    0.0883673    -0.208975    -0.180366    -0.107074    -0.291093    -0.328613   -0.0303745   -0.0711239   0.00839714    -0.187746  -0.00198843     -0.21628    0.0118805    0.0923218     0.108027    0.0381037    -0.281911    0.0544999    -0.191044     -0.12463    0.0599844    -0.331397    -0.264644    -0.137654     0.234622   -0.0760013   -0.0437008   -0.0506604      0.13582    -0.135077     -0.15057    -0.161249    -0.213705    -0.311282    -0.356629     -0.10416   -0.0791339    -0.354148    0.0182172    -0.218478    -0.121327  -0.00579871   -0.0630408    -0.148296    0.0424722   -0.0795827    -0.151027    -0.182727
   -0.542337   -0.0876967     0.157391    -0.135978    -0.756314  -0.00376261      1.06939     0.523268  -0.00594611    -0.736347    0.0660494     -0.16353     -1.19102     0.817199     0.523582   -0.0355783    -0.226208      0.44898     -1.06144     0.129511     0.513258    -0.452927      0.24945    -0.552834    -0.736361     0.327196    -0.175908    0.0831392     0.104794     0.397704     -1.35301    0.0040211    -0.946892    0.0993449    -0.451365    -0.336024     -1.18315    0.0869216    -0.390632     0.125097    -0.234278     0.459473    -0.343564     0.381166    -0.470093     -1.02289    -0.306087    -0.190971    -0.185584    -0.422883
   -0.435992     0.504747    -0.241563     0.576975       -1.916     -1.02547     0.504672     0.246598     0.490006     -1.44458     0.813207      -1.2687    -0.833275     0.247722     0.131181     0.699027      -0.6223      1.01486    -0.178723      0.23063     0.133253     0.106341    -0.597087    -0.281793      1.08997     0.611362      0.13342    -0.681124     0.231747     0.403874    -0.486288   -0.0901904     0.595958    0.0425876    -0.609713    -0.616282    -0.505515    -0.100994    -0.700599     0.434813    -0.349009     0.263982    -0.878804    -0.780964      -1.4436    -0.578999    -0.850821     0.873456     -1.28536       0.6071
   -0.147337     0.162367    0.0645988    -0.449465    -0.146852    -0.148386    -0.220103    -0.280266    0.0104044    -0.239821   -0.0692817     0.157784    -0.163424    -0.327704    -0.352359   -0.0704344    -0.156648    0.0242973    -0.251071    0.0167971    -0.148445    -0.605398    -0.257108    0.0993711      -0.1374     0.174629    0.0123166     0.299549     0.200032     -0.24077    0.0609433    -0.121803    -0.226039   -0.0271744    -0.400692   -0.0826275    -0.263741     0.280691    -0.199415    0.0314321    -0.291939   -0.0399369     0.069487    0.0299881     0.316921   -0.0237071    -0.124662    -0.380937    -0.751501    -0.169751
  -0.0579601     0.248187     0.720478      1.30157     -3.72729     -1.05006    -0.925708     0.759691      1.30464     -1.79129      2.58555    -0.966557     -1.32873    -0.637455     0.924415     0.460368    0.0455091      1.11242     0.480574      1.01514     0.508673     0.838179    -0.585064   -0.0866623     0.973097      1.00033    -0.578651     -1.43315    -0.696439   -0.0525605      0.83759      -1.3966     0.314805      -1.2905    -0.321834     0.161901     0.181211     0.486238    -0.844631     0.905061     0.120068      -0.3837    -0.549615      -1.6266      -1.6983    -0.584744     -0.98829     0.454029      -2.1531     0.611764
    0.275705      1.28742     0.502766     0.560016    -0.188865    -0.360983    -0.402371    -0.327196    -0.281004     -1.62489    -0.159556      0.53644     0.218218     0.214172     0.936823   -0.0414328   -0.0939106     0.469647    -0.527647     0.739424    0.0270151      0.67166     -0.00611     -2.98907     0.324077      0.61373     0.525187      1.92126    -0.022551    0.0178747     0.500259       0.3739    -0.138306     -0.46596     0.234324     0.527245     0.510097    -0.514597    -0.978857    -0.309544      0.65394     0.894839      1.25126      1.17555     0.301664    0.0936924     -1.15529   0.00667571     0.896331     0.867328
  -0.0422707   -0.0406055     0.101367     0.215805    -0.473147    -0.212506   -0.0963989   -0.0931847    0.0361803     -0.17618     0.118074    -0.524782    -0.242688    -0.332722     0.122839     0.127395     0.341855      0.30962   -0.0722092   -0.0332503    0.0270707    -0.110533    -0.310666     -0.29568     0.456276     -0.13993    -0.338959    -0.674065     0.266495     0.109433    -0.191659    -0.327863     0.252053   0.00476489    -0.402766   -0.0164998   -0.0643064   -0.0514031   -0.0965606    -0.134511     0.329877   -0.0118904   -0.0353246    -0.598561    -0.347767   -0.0549287    -0.262319    0.0213519    -0.730732    0.0204286
  -0.33752
 -0.524852
 -0.932574
  0.645307
 -0.717237
 -0.992707
 -0.322244
  0.426596
  -2.80027
   0.22295
  -1.82062
  0.831391
  -1.43347
  0.809022
  0.280025
-0.0125404
  -1.48392
  0.121217
 -0.103258
 -0.293139
  0.878408
 -0.330439
  -2.89046
  -1.37042
  0.273701
  -0.59082
  -0.76725
  0.282168
 -0.169723
 -0.266831
  0.513713
  0.977527
-0.0319811
-0.0591829
 -0.611629
-0.0705786
  0.822689
 -0.298982
   1.21024
  -1.46315
   1.37996
 -0.153236
  -1.58088
 -0.722425
-0.0730111
  -1.34032
 -0.573933
-0.0258958
 -0.809498
  -1.13639
1
4
50 10
  -0.133766   -0.465219    0.410181    -1.53505    0.448358    -1.01267   -0.235746    -1.74332   -0.118726  -0.0294133    0.201725    0.541333    0.166244    0.311281     1.05203    -1.09819    0.714412     1.16273    0.423354    -1.83783    -4.21085    0.868068    0.102204    -2.50376     1.44684      1.4304    -1.40931    -2.32799   -0.604867    0.484587    -1.00733   -0.185474     0.82687     1.45382   0.0715078  -0.0165018   -0.483134    0.063977    0.544389     2.55028    0.767036   -0.118963     1.57878   -0.033205    0.876321    -3.05399   0.0363026    -7.18103     0.38472   -0.684251
  -0.123473     2.11523    0.275222    0.513933 -0.00608366    0.224688     0.27691  -0.0169253   0.0951893  -0.0690521    -4.78024     0.91308  -0.0626782   -0.356887    0.251915    0.361186    0.639865     1.62771    0.819993    -1.93298     2.42001    -1.25582    0.149293     -1.1459  -0.0401154   -0.420191    0.669104     1.05274     2.40692    -1.63095    0.510667    0.214612   -0.606728    -0.55833   -0.366363   -0.187558    0.485608    -0.26509      1.4627     1.83908    -10.0016    0.813653   -0.643458    0.325009     1.67409   -0.787072    0.174761     1.05696    -1.13435   -0.744628
  -0.550904    -1.10025    -2.64924    0.245992   -0.441382    0.371966      2.0877     1.94384   -0.131607    -1.98002     1.33965    -1.07676    0.284134     1.33576    -7.51672  -0.0468112     0.96784    0.996817    -5.25484     1.16418    0.151834     1.95154   -0.201168    -1.61021    0.173362     -1.6346     1.38067    0.784171    -1.49347    -1.08596     1.27733     1.25901     4.50702     -1.2446    -0.59168 -0.00933772   -0.419267    -1.11137    0.437154   0.0689923    0.468866    0.100205    0.772432   -0.408427   -0.764509     1.54854   -0.578591    0.896319    -1.13781     0.04747
  -0.131031    0.779552    0.793282    0.405165    0.287294   -0.827972     1.20326  -0.0653798   0.0444984     1.98247    0.185895     1.23034   -0.468882    0.297289     1.41455     1.78002    0.774233     1.43027   -0.113525     1.51267    0.905645    0.200082   -0.131909      1.0754     -6.2673     1.27914    -1.05385    0.709726     0.58079    0.601265   -0.487162     1.11741    0.703956    0.292202    0.103135    0.155754     0.16708    0.313163     1.36064    0.270323     1.31525    -5.98938     -3.0936   0.0441486   -0.243543    0.141441   -0.310831    0.496954     3.34717    0.514284
  -0.438058     2.58765     0.71768      2.0482    0.485737     1.67003    0.524148    0.290654    0.276861   0.0708327    0.149872    0.667962    0.947626    0.142716     1.37373    -1.37996    -6.58233    0.280569   -0.351269    0.159896   -0.272915    0.234208    0.124947     2.27718    0.324357    0.845727   -0.276742     0.53953   -0.300353  -0.0392919   -0.735937    -8.51763    -1.09644    0.192464   0.0187118    0.441782    -0.84367    0.591717     1.75238    0.372722    0.658723     2.06055    0.532724   0.0454198    0.528204     1.54583    0.348201   -0.145549    0.626673    0.811865
 -0.0313095      1.9692    0.668782     1.62462   -0.236583    -1.55802    -6.21257     0.69801    0.461542   -0.592673     0.96863   -0.936319    0.179167     2.00642    0.406395    -1.31086     1.11891    0.929789     1.20998 -0.00306646   -0.637435    0.856972   0.0306467     2.01641      2.7975    0.183334   -0.178001   -0.329417    0.267426    -0.93082   -0.672939     1.08576   0.0016676     0.83804    0.197286  -0.0878268    0.884591    0.168936   0.0306392    -8.43551     1.97503   -0.182861   -0.591444    0.126606  -0.0320604    0.276915  -0.0723149     1.31137    -0.14087    0.238613
   0.260874    -7.48936    0.376885     1.95131   -0.795068    0.948158    -1.08342     1.02159    0.184279   -0.265742    0.339825     1.03339      0.1792    -3.83307   -0.976015    0.134084     1.37042  -0.0266684     2.48588     1.04963    0.117216    0.205076   0.0970869    0.545887   -0.345158   -0.191216   -0.383204     1.27654    0.962891 -0.00453526   -0.894519    0.662048    -6.50192    0.681856   0.0806281  -0.0289636    0.869837   -0.120889    0.135821      2.3275     1.50706   -0.257895    0.994522    0.416883    -2.31769    0.526309    0.410621    0.254811   -0.839288   -0.289357
     1.0312   -0.509473   0.0362552    -1.23876     0.63546   -0.381521     1.14012   -0.708165    0.209594     1.48588     1.40683    -1.28513     1.01257    0.804861     1.95972    0.672917     1.45711     1.78802    0.222715   0.0428566   0.0585724    -3.28678    0.152628    -1.44178    0.384513    -1.52464   -0.528254    -1.93798    -3.79874     1.55176     1.62108     2.09481     1.91145    -1.54565    0.178364   0.0288079   -0.326449    0.712588    -6.58907     1.34575    0.675726     1.10986     1.00529   0.0327988   -0.500213     1.94349   -0.790556     1.83776   -0.684401    0.290959
 -0.0414255     1.76273   -0.648618     -3.6714    0.138897    0.455649     1.87825   -0.838319   -0.209673   -0.386417    0.354961    -1.16945    -2.03383    -1.06296     1.81339     1.84555  -0.0141172    -7.66093    0.587541   0.0503921     1.31017    0.405916   -0.161402   -0.011711      1.1162  -0.0252382     2.14957    0.906496     2.12239    0.977787    0.321167     2.30192    0.555518   -0.240391   0.0666007   -0.237822   -0.546388   -0.878191     1.03187   -0.387769     2.58256      2.2259   -0.950728   -0.341636   0.0776978    -1.43033    0.358013     1.51692 -0.00945634    0.115058
 -0.0446231    0.115746   0.0855352    0.224013    0.533393    0.132042  -0.0397887   0.0502729   0.0999681  -0.0683814  -0.0216982    0.186247   -0.130225   -0.106897  -0.0460132  -0.0868526   0.0411973   -0.201008  -0.0333903   0.0779935  -0.0377734    0.382252   0.0742871  0.00611561  -0.0368409   0.0983656   0.0974084  -0.0130877   -0.143995  -0.0162132    0.113808   0.0287664   -0.078424   -0.104906    0.107493   0.0296374   -0.066069   0.0568645   -0.358724  -0.0286018  -0.0236886    0.117196   0.0546513   0.0699574 -0.00749365    0.103161   0.0721329   -0.103361    0.118723  -0.0902368
   2.88087
   1.63698
  0.708208
  -3.10804
   2.05108
  0.131456
   1.58565
 -0.545223
  -2.52318
-0.0899323
