3 16 0.5 1000
1
1
9 50
 -0.299295   0.888964   -1.30258     1.0564    2.06789   0.773218  -0.696911  -0.874562  -0.286078
 -0.139077  -0.273233    0.41826   -3.32504   0.379907   0.110171 -0.0254629   0.454266    0.16132
  0.231394   -2.70989   0.270119 -0.0809395   0.903954   -1.03161   0.160221  -0.291751  -0.314554
   1.42975  0.0403714   -1.90981    1.00363   0.410031 -0.0772208  -0.155688    2.50699    1.52773
  -4.11089   0.125636  -0.796578   0.721078   0.706729  -0.210648  -0.509803 -0.0299621  -0.131136
-0.0751813   0.295341  -0.574122     1.0601   -1.22133  -0.567236 -0.0203972   -0.16666    2.25957
  -1.35649  -0.717333   0.619904     1.3612    1.12012  -0.355464    2.51951   0.115266   -2.89978
   1.23247   -1.55174  -0.537017   0.129038  -0.685317  -0.607221   0.863063  -0.693542    -1.7413
   1.07406    1.35189  -0.149753    1.10813  0.0206533   0.428364  0.0354024   -2.31767   -1.47917
  -1.95899  -0.901369    -2.3691    2.19565   -1.60886   0.143829  -0.454078    1.01247   -1.55111
   3.35483    1.68766  -0.466796  -0.030358   0.569154   -2.08978   0.524063   -1.17875  -0.275415
 -0.825835    1.01864   0.601422  -0.706023    1.82946   -1.12498   0.547099   -1.65646   0.212116
  -2.08554    0.96402  -0.378049   0.868685    1.05846   0.950382   -1.01899    0.12561   0.845136
  -1.43572  -0.103379  0.0551636   -1.20051   -1.16432  -0.350504    2.63553    0.13167  -0.786351
    1.9634   0.320164    0.99483    -1.4898  -0.967663   -1.30449    2.49772   -1.49319    1.44555
  0.737841    -1.0261   0.429935   0.817688  0.0808418  -0.113083 -0.0879364    2.14511  -0.334481
  0.861085   -1.41214  -0.396958   0.517817  -0.822517   0.676937  -0.940278   -1.40758    3.83648
  0.815768   -1.40975   0.656954   0.628881   0.720601    1.36972   0.404514   -3.64976  -0.651262
-0.0236252  -0.338793    4.79143   0.615912  -0.709323   -1.15494   0.278676   -0.38409  0.0387933
  0.332159  -0.635093  -0.412736    -0.9968  0.0614856    5.14711  -0.090178  -0.353569  -0.617534
   0.81912   0.520915   -2.02779   0.328212 0.00643028  -0.188141   0.278412 -0.0684049  -0.810882
   1.00006   -1.49169   0.995233   -1.15536  -0.373762  -0.176494  0.0231279    2.00466  0.0318689
 -0.596383  0.0874219   0.294394   0.593658   -3.62184   0.235702   0.623315    1.22546   0.648926
 -0.539586   -1.32846   -1.14819     4.6383  -0.523622  -0.902323  -0.568071   -1.50341  -0.223788
  0.733296    -3.8128  -0.664826   0.834732 -0.0388652   0.234385  -0.431123    0.88201  -0.349408
   1.48653  -0.102302   -1.51808  -0.682841   0.476689    1.56038  0.0950952   -0.61566   0.461447
 -0.806534   0.313449  -0.233127   -1.06012  -0.560292  -0.176612    3.41701  -0.413321   -1.04125
 -0.901468   0.734373    1.24995   -3.09436  -0.616802   0.704792   0.393413  -0.692102   0.391682
 -0.559295   -3.67022  0.0381123   0.737824   0.234921   0.721388    1.39037   0.487611    1.17971
 0.0659683   -3.38034   0.892277    0.95357    1.11892   0.342424    1.16066   -2.42499    1.37915
   1.08632    0.90898  -0.611281  -0.101317   0.664478  -0.592407   -3.30378   0.749683  -0.180632
   -1.3505   0.170079   -2.88767   0.768777   0.234481    0.46342  0.0924643   0.799566   -1.21931
  0.336549   -2.22344  -0.289978     1.2948   0.833445   0.718152  -0.490611  -0.241825   0.336461
  -1.86551   -1.22998   -1.02681  -0.342681   -1.01268    4.43604    -2.4936  -0.759777  -0.400171
  0.275958   0.130701   -1.14349  -0.287984     2.9487   -2.18331    1.41682    1.22054   0.764648
  0.683259   0.326446   -2.36307    0.70816    1.47115  -0.148158   0.642026  -0.887197    1.14324
  0.505901   0.675604    2.68902    0.70201    1.26878   -0.14532  -0.989456    1.00218   0.566843
  0.381516   0.291899   0.702633  -0.194115    1.22075    1.04418   -1.76339   -3.41114  -0.600408
  -1.20247 -0.0772416   0.367373   0.982998  -0.224915 -0.0962492   -1.93099    0.25585  -0.533983
  0.740109  -0.522655  -0.317588   0.329995 -0.0670876  -0.872206    0.24241  -0.966639    -3.0532
  0.210532   -1.22276   -2.00673    0.51212  -0.547743   0.723309  -0.588674     1.1079    2.12117
 -0.470721  0.0356587    1.60535   -1.23408   -2.05429   0.518542    1.60227   0.963585   -1.19534
 -0.298391  -0.769529  -0.326554   -1.83336    2.61831     0.2099  -0.877672   0.168829    1.92475
  -1.83958   -1.29454    1.88842   -1.30912   0.355746    1.78558   0.532124   -1.10357   0.889474
   -1.2009    1.05271    -0.5655  -0.185863  0.0677438    -1.5707    1.13053   0.745769    2.84823
 -0.637978    1.54396    1.62708   -0.77676   -2.27882  -0.464723    -2.3565   -1.19623   -1.36808
  -1.28301  -0.670871    2.43472    1.17329  -0.946746  -0.419641  0.0332237  -0.966466   -1.23188
  0.778725   0.758584  -0.386913   0.182093  -0.185045   0.411632   -1.16869   0.375392      -3.31
  -1.91782   0.913993 -0.0398096  -0.712026    2.81151  -0.197707   0.655718    1.98576  -0.240218
  0.485276   0.864171  -0.515408   -1.93984   -0.85892  -0.545223   -1.48349    1.69389 -0.0390316
 0.880302
 -1.02844
 0.716412
-0.270369
  1.73368
-0.251907
-0.438971
 0.342353
-0.570056
 -1.49133
-0.163063
  1.01951
-0.763585
 -1.96933
-0.696793
 -2.26518
  -1.6233
 -0.47493
  2.11212
    1.964
 -1.44621
 0.789574
  -2.0289
 -2.13165
 -1.13518
-0.691267
 0.651339
0.0807937
-0.451405
-0.220476
 0.557511
 0.488404
   -1.009
 -1.35197
-0.335052
 0.862055
  0.68976
 -1.48927
-0.970738
 0.460326
 -1.11629
-0.843347
 0.224792
-0.603569
 0.361075
 0.133086
 -1.61089
 -1.83995
 -1.51413
-0.407329
1
1
50 50
   -0.612667    -0.293097    -0.399064    -0.606112    -0.335507    -0.203894    -0.201846   -0.0815494     -0.11805      0.25239    -0.478027    -0.305151  -0.00367839     -0.16649     0.113046    -0.227619     0.518546    -0.192633      0.17631    -0.407567   -0.0935738     0.180589     0.725011   0.00294523     0.178526    -0.138971    -0.453568    -0.261923    -0.215451     0.106993    -0.290824    -0.586097    -0.432789   -0.0784301    -0.512109    -0.725641     0.126914     0.135299  -0.00654245    -0.445988    -0.312295    -0.182547     -0.50609    0.0310033    -0.251311     0.135266     0.331891   -0.0521996    -0.269515    0.0609468
    0.172734   -0.0479252    -0.027341    -0.622706    -0.991544     0.225276      1.55564    -0.707353      0.40474   -0.0931381   -0.0211292    -0.135113    -0.587213      1.97131      1.70747    -0.213416    -0.619773     0.519124     -1.56286      1.02765     0.697262    -0.778168    -0.728875     0.101871     -1.03687     0.559959     0.618262     0.174649   -0.0731592     0.159001     -2.46958     0.361648     -1.32539     -1.07728    -0.482386     0.471673     -2.06567    -0.630782    -0.892808    -0.316177    -0.373762     0.929498     -1.45462     0.480908     0.453754     -2.08095    -0.980349     -1.05852   -0.0859547     -1.00703
    0.328868    -0.672832     0.212776     0.387844     0.444548   -0.0850926    -0.482909     0.204606    -0.176451    0.0769094     0.552077   -0.0410424    -0.458008    -0.482655     0.109013      -0.3526    -0.146132    -0.686206     -1.52254       1.0777     0.591875    -0.148094    -0.400217    -0.495269    -0.313207        0.384      0.40132    -0.226389    -0.429986    -0.307844      0.25062     0.832485    -0.450418    -0.251313    -0.265176     0.335689     -0.43923    -0.735656    -0.665334   -0.0296327     0.399361   -0.0776979    -0.192339    -0.378582     0.475536    -0.107098    -0.398369    0.0643984    -0.352476    0.0129008
    0.331852    -0.747041     -1.36069    -0.619674     0.455585     0.419654     -1.47337     -1.74578    -0.162442     0.322846    -0.582331    -0.203257      1.22025    -0.571687     0.797987    -0.493454      1.48336     -1.66261    -0.365468    -0.324148    -0.574914    -0.999736    -0.361025       1.4057    -0.852419    -0.454367     0.211333   -0.0778903    -0.350635      0.40649      -1.2239    -0.362494    -0.985144    -0.451711     0.289993     0.173916    -0.336327    -0.138371     0.427999     -2.11607    -0.354952      -1.1247    -0.512922      0.76102     0.710078   -0.0685509    -0.045834     -1.10097     0.130767    -0.905998
   -0.193099    -0.470401      0.30241    -0.209385    -0.126797    -0.354392    -0.266303    -0.239116    -0.215741    -0.346338    0.0624476     0.095517    0.0873725    -0.344943    -0.404496   -0.0819433   -0.0702414    0.0969404     0.318976    -0.406196    -0.328844     0.191651    -0.160954    -0.167141     0.229259    -0.315689    -0.491696    -0.251552    -0.182997    -0.212289     0.249541    -0.688423     0.140569    -0.259862    0.0186661     -0.09239     0.219904    0.0108665     0.494271  -0.00426644    -0.499781     -0.47951     0.137608    -0.254163   -0.0422925     0.376556     0.118774     0.194355    -0.543704    0.0940057
  -0.0303062     0.245223     0.279772     0.430221    -0.951708    -0.632922    -0.984639     0.485583      0.17082     -1.21549     0.628143     -0.58874    -0.572631     0.164538     0.524757    0.0414865    0.0142795     0.923888    -0.325884      0.22655    -0.235418    -0.148356     -1.40946    -0.666432     0.501142     0.748307     0.256432     0.616067    -0.178166     0.574334    0.0518437    -0.140541     0.184031      1.21169     -1.63821    -0.381114    -0.349419    -0.109037     -0.60715     0.151022     0.376281     0.306577     0.271853      0.40354     -1.19371    0.0436495    -0.983709     0.318477     -1.55841     0.746503
   0.0382616    -0.112291     0.407879    -0.213717    0.0329521     0.923162    -0.133189     0.264769     -0.74932    -0.465881      1.31921      0.90308    -0.486668    -0.457463       0.4684    -0.648517    -0.778156     -1.34737      1.93808     -4.33498    0.0166423     0.214562    -0.750374       0.2139  -0.00860462     -1.10826       -0.524     -1.51296      0.20355    -0.209761    0.0705692     0.254221     0.234868     -1.11133      1.87237     0.905595     0.889733    -0.886174    -0.158209     0.282631    -0.271154     -0.73285     0.782372     -1.72496      1.54626    -0.205148     0.135601    -0.816585    -0.485809    -0.167296
   -0.549311     0.400922   -0.0677044     0.721667     -1.43853    -0.861905    -0.205651    -0.114269    -0.757062     -0.62827    0.0684926     -1.30327    -0.285803    -0.172592    -0.234626      1.06897    -0.523493    -0.302107      1.00778     0.896999    -0.562566     0.155819    -0.321761    -0.165141     0.579605     0.266425    0.0304165    -0.540695     0.219652    -0.830491   -0.0460604    -0.653098    0.0820125    -0.457827    -0.134545    -0.663903     0.293762    -0.804222    -0.870379     0.096475    -0.119834   -0.0930329     -0.37833    -0.685676     -0.41516     -1.32299     -1.08366    0.0570895    -0.461414     0.394267
   0.0385503    0.0521178     0.186359    0.0534026    -0.200565    -0.148927    -0.252853   -0.0363974     0.124002    -0.268979     0.354816   -0.0981256    -0.199724     0.142562    0.0455402      0.18175    -0.132142    0.0446624    0.0976625     0.275719   -0.0782298     0.140993    0.0622957   -0.0381175     0.105904    -0.191777     0.154049    0.0234356    -0.409359    -0.105887    0.0802425    -0.203663    0.0521936    -0.160479    -0.210341    -0.209379    -0.159374    -0.185156    -0.150175     0.222517    -0.372822    -0.200583   -0.0011211    -0.170344     0.124964    -0.142634    -0.119929    0.0138574     0.227392    -0.294299
   -0.553307   -0.0905711    -0.105011    -0.251994    -0.744998    -0.501626    0.0634564    -0.215323    -0.118361    -0.956164    -0.248157     0.421689   -0.0471975     -1.15851     0.198486    -0.325469    -0.484849    -0.792389     0.655671    -0.532271    -0.296685      1.23898       0.1935     -3.04421    -0.173254    -0.753402    -0.429332    -0.470965    -0.292954    -0.284249      0.15393    -0.772192    -0.119532    -0.104503    -0.274297     -1.21942     0.879546     0.558703     0.450048    -0.311008     -0.23226    0.0968882    -0.185155  -0.00545656     0.231678     0.719038      0.81198   -0.0874591    -0.157679     0.520429
    0.162448  0.000453378     0.946888     0.416144    0.0635038    -0.606687     0.490156     0.775432     -1.05954    -0.384664    -0.938922    -0.303022     -1.08257     -0.46149    -0.194553    -0.259995     0.175846     0.465474      1.41902     0.848827    -0.778802     0.919733     -1.41556     -0.58009      2.15331   -0.0729124    -0.277058     -1.03182      1.51375     0.744715     -1.01135    0.0598769      1.09541    -0.502079    -0.604888     0.346428     0.665757     -1.24614    -0.581229      0.10072      0.68653     -0.60737     0.253234    -0.308842    -0.283438     -1.22512    -0.378409     -0.57561    -0.891301    -0.446243
   -0.144128     -1.23565     0.241743   -0.0116167     0.762827     0.636296     -2.32186    -0.574005    -0.492754    -0.829236    0.0430092    -0.127384    -0.151136     -1.61926     0.510532    -0.254671     0.968659     -1.13641    -0.231457    -0.645087    -0.699125     0.280489   -0.0480387     -0.79698    -0.201509    -0.456871     0.264879     0.499361     0.288537     0.328482      0.26281    -0.476344    -0.357524     0.627944    -0.446313    -0.323412     0.390783     0.136419     0.227176     -1.34271  -0.00985681    -0.392032      0.30146      0.44832     0.542307      1.09533     0.311327    -0.296044    -0.644345    -0.131939
   0.0803417   -0.0715825      0.48217    0.0607756   -0.0497112    -0.526564     0.605326     0.566542     0.539939       0.2697     0.347271    -0.132298    -0.336147   -0.0238841    -0.379592     0.157084    -0.244957   -0.0310264    -0.117768     0.115272     0.101298    -0.269499    -0.521031    -0.349117      0.39076    -0.249836      0.19964     -0.44834    -0.470043    -0.446947     0.265335     0.288078    -0.132923     0.108647    -0.421107    -0.279198    -0.142855   -0.0599516    0.0105029     0.260199    -0.366125    0.0991665    -0.571821    -0.341124    -0.536728     0.398422      0.30261     0.836222    -0.366318   0.00443515
    0.175008     -1.24484     -1.10126     0.164728    -0.327079     0.675279      1.65498   -0.0310213     0.372262    -0.979121     0.220372    -0.685398    -0.590765      1.37014      0.86284    -0.381455    -0.317275     0.542993     0.437711      1.35542     0.319191    0.0651164    -0.232852    -0.159204   -0.0487607   -0.0316955     0.634098    0.0406316     0.214723     0.249452     -1.98291     0.812737    -0.269044     -2.08388    -0.127837     0.486412     -0.57012     -1.81022     -1.75552    -0.105393       -0.234      1.29297     -1.66643    -0.165351    -0.209376    -0.859953     -1.17379    -0.274549     0.320505     -1.49451
    -1.51283      0.30497     0.802055     -2.08964    -0.353953    -0.575762     0.175753    -0.251527    -0.712013      -1.1992     -1.44551     0.522228     0.345784     -1.30397    -0.919793   -0.0540347     -1.13671     0.269025     0.575499     -1.02101     -1.30666     0.983101     0.132831    -0.611815     0.418319     -1.56939      -1.4797     0.243689   -0.0470967     0.349518     0.596444     -2.20508     0.787258    -0.962624    -0.392671     -2.43811     0.721048      1.49955      1.24163     -0.42586     -1.52853    -0.139115     0.707699     0.601941    -0.584921      1.88189      2.00095    -0.500893    -0.770982   -0.0663889
    0.114259    -0.869795     0.258515     0.295748    -0.611173      0.39048     0.229614    -0.622538    -0.579097    -0.424275    -0.294469    -0.222286     0.629644    -0.789022    -0.193414    -0.148669    -0.833501   -0.0957634     -0.46655     -1.46091    -0.218259   -0.0555371    -0.710169     -1.16426    -0.272317    -0.663516    -0.312815     0.374648     0.305437     0.349481     0.189925    -0.267519   -0.0275902     0.218825     0.255123    0.0948655     0.374378   -0.0338407    0.0804931    -0.152656   -0.0624733    -0.381536      0.51683     0.243759     0.747436     -1.11907    -0.503637     -1.13134     0.830669    -0.423086
     1.10513     0.280799     0.110576     -0.14584     0.392428     -1.39259     0.773907    -0.894984   -0.0153469     -1.41472     0.487553     0.553759     0.579338     -1.69975     -1.30366   0.00780036     -1.27307     0.509749     0.160378      1.26025    -0.569592    -0.304011     -1.13119     -1.00875    -0.140026   -0.0207685     0.437972    -0.384943    -0.242861     0.868997     0.591117    -0.313404     0.343265      -1.3644      2.28595     0.647197     0.909357     0.418075    -0.859067  -0.00700959     -1.00912     -2.03978      1.21678    0.0783677    -0.475414     -2.58816    -0.986351     0.192083      2.18855     -1.04293
   0.0331176    -0.498238    -0.934235     0.952984     0.651652      1.13795     -1.84904     -1.66924    -0.861473    -0.606655    -0.202328   -0.0298296    0.0386856    -0.600603      1.77484    -0.818142      2.94657     -1.13131    -0.296301     0.282079    -0.919741     0.245379     0.479133     0.866765     -1.42042    -0.216854    -0.881145     0.482906     0.267713      0.78379    -0.939468    -0.979271    -0.524032     -0.55322     0.597649     0.601633   -0.0414396     -1.23832   -0.0734904     -2.80356      1.18073    -0.897899     0.976169     0.522202      1.36221    -0.825157    -0.221437     -1.80791     -0.42651     -0.74718
  -0.0108668    -0.110367    -0.138945     0.626801   -0.0940067    -0.461575     -1.04939    -0.388083    -0.069371     0.801775     0.879086    -0.690987    -0.171733    -0.159588    -0.373301    -0.197542     0.272672    -0.509128     -3.15471     0.197857      1.11504    -0.680028   -0.0345908     0.446589     -0.23649     0.624096     0.714988     -1.06424    -0.588942    -0.193289     0.787048     0.687273     -0.73104   -0.0548149     0.475163     0.321898     -1.84853    -0.268364    -0.621118   -0.0910383     0.396575     -1.38678    -0.294897    -0.940765   -0.0660692     -1.05677     -1.10606   -0.0873337     0.172108    0.0395256
    0.483413     -1.06102     -1.33672    -0.744367   -0.0988864     0.159143    -0.800738     -1.37795    -0.168225     0.387658    -0.155216     0.173475     0.961332    -0.589066   -0.0437343    -0.366444    -0.230708     -1.46567    -0.233348    -0.039736    -0.222784    -0.584748    -0.240842    -0.555867    -0.768262    -0.198206     0.911165     0.482813     -1.16915    -0.597225     -0.97991     0.430591    -0.990518     0.316439   -0.0484411     0.529241   -0.0578642    -0.495091    -0.548117    -0.989741     -0.20861    0.0530364    -0.546854     0.241516     0.711232     0.291625    -0.554658    -0.742657      1.02017    -0.666394
   -0.149721    -0.615751    -0.495194    -0.756387     0.362781     0.457246     0.739554     -1.19582    -0.921529     0.406983     -1.92598    -0.118564     0.917733     0.558313    -0.307436    -0.528572     -1.06265    -0.796574    -0.814758   0.00800247   -0.0779837    -0.508611     0.705873    -0.120853     -2.29459    -0.858695    -0.329529     0.675708      1.26242     0.288573    -0.508322    -0.141579    -0.822847     0.138951       0.1378    -0.963237    -0.149311    -0.676394     0.361187    -0.335069    -0.591089     0.248046    -0.226517     0.847835       1.3895    -0.611634     0.608132     -1.20365        1.619     -1.03872
    -1.12681     0.515774     0.304723      1.31743    -0.459438     -0.78896    -0.119816     0.192223     -1.33856    0.0807579    -0.729587     -1.10376    -0.189381    -0.621143    -0.792082      1.54384    -0.378192     -1.01441      1.30362     0.127175    -0.583759     0.751397      0.37577     -0.45022     0.783582    -0.610506     -0.55284    -0.550988     0.623244     -1.13466    0.0500907    -0.231602     0.301809    -0.675387     0.503466    -0.707237     0.859478     -1.14701     0.145486     0.213702     0.473163    -0.165654     0.107454    -0.702002    -0.937975    -0.787281    -0.566195     0.288856     0.525901     0.832138
   0.0545128    -0.197375    -0.063386    0.0269394    -0.179009    -0.209732    -0.439277    0.0996189    -0.191705    0.0820888     -0.15133    0.0645094    -0.136071    0.0875132   -0.0361489     0.130894  -0.00995375     0.330405    -0.231815     0.113473   -0.0184791    -0.093785    0.0938934    -0.137511   -0.0272072     0.186858     0.185491    0.0425916     0.211828    -0.108281    0.0571929     0.148375    -0.154282    -0.214312 -0.000482148    -0.212272    -0.185527    -0.174865     0.243871     0.142001   -0.0496732    0.0182152     0.066245   0.00149691   -0.0932907   -0.0417168     0.115362    -0.198527   -0.0339759    -0.212143
    -1.69839     0.800438     0.238253     0.633873     -1.88599    -0.867654   -0.0810471    -0.150901    -0.493957     -1.18456     0.193371     -1.27368    -0.903394    -0.755427    -0.233166      1.32985    -0.608612    -0.602367     0.109092     0.184626    -0.154126     0.617931    0.0963354     -1.07868     0.339719    -0.511846    -0.974844   -0.0408026     0.111485     -0.86507     0.696623      -1.9727     0.575256    -0.818059    -0.635231     -1.64069     0.269471    -0.303124   -0.0817283     0.440234    -0.139132     0.619883    0.0546635    -0.899748    -0.687515     0.901303      0.13483   -0.0269067     -1.03073     0.747631
   -0.184125      3.01341     0.109216    -0.518932     0.123145     -1.34695      -1.1066    -0.484084     -1.20211     -2.06399     0.133052     0.443353      -1.1098     0.505829     0.719906    -0.976787    -0.770347   -0.0955507   0.00933612      3.61601   -0.0768206    -0.234007     -1.50225     -1.87675    -0.849456     0.820945    -0.100461      1.24315    -0.746827    -0.814066     -0.48473    -0.255319       -1.001     -1.94717     0.692888      0.26064     -0.57297     -1.08571     -1.26525    -0.427242    -0.449222     0.519155     0.704851     0.891748     0.108078    -0.347916     -1.65951    -0.515141     0.254051      1.29033
   -0.849901     0.710071     0.264759      0.13999     -0.20542    -0.688044    -0.038517    -0.195674    -0.730718    -0.535123    -0.751598    -0.474388    -0.110984    -0.744032    -0.636291     0.816903    -0.290206     -1.15231     0.319958    -0.907546    -0.424758     0.502771     0.295981    -0.976492     0.634301     -1.10826    -0.714488    -0.381962     0.482071    -0.153885      0.37858     -1.16628     0.817681    -0.493154     0.305951    -0.956424    0.0837263    -0.149493     0.847011      0.14951    -0.147666    0.0612319     0.367769    0.0276802    -0.504657     0.607847       1.4387   -0.0459336     0.110437     0.448134
   -0.169154    -0.114037    -0.265035    -0.644013    0.0680923      1.05565     0.618098     -0.59383      0.32907      1.12796     -1.07493     -0.45822     0.643088     0.649973     -1.11274    -0.305384     -1.62694     0.719639    -0.198752    -0.942842     0.162704     -1.34034     0.673736      1.34009    -0.551488    -0.363091    -0.185611     -0.47753     0.742008     0.189544     -1.12937     0.359577      0.38789     0.557183    -0.186093     0.496669    -0.569979     0.462832     0.310451     0.456591    -0.159666   -0.0359756    -0.345926     0.739112      1.28747    -0.229803   -0.0496669     -1.91145    -0.176242     -1.24043
     1.09076    -0.620325    -0.395607     -1.09867     0.861655      1.10972    -0.858572     -1.16121    -0.612686     0.230301    -0.956753     0.494616      1.73579    -0.428795    -0.623039    -0.389856    -0.352214     -1.06133      0.33253     0.684273     -1.01062    -0.678091    -0.230648    -0.603009     -2.15261    -0.740322      1.00409     0.107201     -0.37333     0.241554    -0.282968     0.775179    -0.780412     0.993219    -0.684227    0.0252644     0.414745    -0.394916     0.482826      -1.2371    -0.317038    0.0404011     0.437202      1.35591      2.25012   -0.0863089     0.211713     -2.05348     0.320555    -0.959662
     0.26506    -0.718528     0.312804    -0.978539     -0.39858      1.17826     -1.15908    -0.151488       1.0209    -0.751819      0.47384     0.735755    -0.366045    -0.486474     0.238003    -0.739388     0.114309      1.12638     -1.00531    -0.293615    0.0640811     -1.19714    -0.917594     0.252025     -1.13751     0.306875    -0.410867     0.881732    -0.198968      1.30519   -0.0476217     -0.54388    -0.243843     0.430679     -1.14619     0.534784    -0.707901      1.70493    -0.253136     0.396648    -0.548281    -0.613286    0.0924427      0.82048      0.82051     0.134612   -0.0516649     -1.24891      -1.7035    -0.954501
    -1.20762     0.254873     0.208809      -1.0459     0.372073    -0.638209     0.522377     0.336729    -0.741168    0.0186546     -1.49971    -0.012978   -0.0368228    -0.264598     -0.40555    -0.460162    0.0318094     0.936869    -0.567875    -0.903676     -0.29662     0.708998      1.17773    -0.874577     0.930725    -0.285848    -0.474103    -0.526474     0.449151      1.33326    -0.800322    -0.419815     0.586632    -0.601771    -0.332899    -0.894175   -0.0447884     0.195948   -0.0994468    -0.468243     -0.07939    -0.192374    -0.392517     0.588935    -0.907175    -0.700758     0.756931    -0.164269     0.105697    -0.522045
   -0.875385    -0.732846    -0.429249   -0.0965004    -0.523185     0.286301     -1.17329    -0.398525    -0.534636     0.406314    -0.332413    -0.395762    0.0280412    -0.765094     -0.69774    -0.382768     0.482366    -0.237859     0.372892    -0.701608    -0.195956     0.345059      1.21005     0.115369     0.105084    -0.201272    -0.988041    -0.841315    -0.207815    -0.601379    0.0993784    -0.218036   0.00676133     0.592134    -0.337374    -0.584394     0.374778    -0.524405     0.219004    -0.562701     0.403605     -0.61023     -0.29711    -0.687132    -0.234327   -0.0748141    -0.256259    -0.128874    -0.725125   -0.0864692
    -1.87079     -1.00945    -0.776748    -0.105562      -1.1526      1.75057    -0.894883    -0.251812     0.154178     0.890058     0.262652     -1.04898     -0.64681     0.967042     0.887785     0.193411     0.345396     -1.00532   -0.0850389    0.0332326     0.156226     0.842863      2.90222    -0.207871     -0.62228    0.0434667     0.174412     0.341972     0.324639     -1.10192    -0.667697    -0.728241    -0.288782      1.02754     -2.71948     -1.08474    -0.326621     -1.22288    -0.370405    -0.406532     0.716219      1.63281     -2.23572    0.0745826      1.11417      1.29603   0.00243315     -1.07381     -1.94219    0.0809736
    0.598782     0.259496    -0.975256     0.532959     0.143847    -0.681434     -1.50261    -0.719485    -0.246079     0.314062    -0.758893   -0.0864687      1.13534     -2.52248     -2.57336    -0.497997     0.751119    0.0234492      2.43724    -0.250435     -1.10277     0.968167     0.266375    -0.492332     0.717321    -0.171209     -2.91013     -1.42126     -1.08257     -1.31391      2.22733     -0.19905      0.76727     0.862746  -0.00108637     0.143331      2.07429     0.752893     0.919122    -0.946253     0.277332     -1.57088     0.464237     -1.18697     -1.37157     0.670467    -0.739118     0.730188    -0.136898     0.485812
   -0.777788     0.366563     0.162935     0.118453     0.194671    -0.340195     0.712461      0.17086    -0.758198    -0.437014    -0.967034    -0.195981    -0.644859    -0.256163    -0.362363     0.422216    -0.633032    -0.947743    -0.551368   -0.0314933    -0.513964     0.251716      0.56138    -0.679337   -0.0149412     -1.07194    -0.448315   -0.0706946     0.587274    -0.468191   -0.0122902    -0.705911     0.285247     -0.91265     0.424587     -1.08726    -0.391876    -0.950802     0.568026     0.356719    -0.635627     0.502971    -0.272869    -0.358202    -0.832925     0.517434       0.7076     0.149983     0.301107     0.228343
   -0.283383   -0.0438349    -0.378829    -0.117039   -0.0108722    -0.101312   -0.0956839    -0.127079     0.167943    -0.175547     0.065397    -0.323097    0.0980489     0.152541   -0.0026802   -0.0869087   -0.0056694    -0.405087    -0.472487   -0.0100525     0.103225    -0.198726   -0.0742926    -0.299322     -0.24242   -0.0556565   0.00561087    -0.142201    -0.486623    -0.396516     0.226428    -0.325934    -0.148895    -0.144734   -0.0763394    -0.136239    -0.380613   -0.0930285   -0.0277639    0.0227862    -0.266848    -0.374649    0.0447415    0.0733911     0.143842   0.00611467    -0.258173    -0.235331    0.0161258     -0.27471
  -0.0391915   -0.0224307    -0.112759    -0.272519    -0.527114    -0.126381    -0.316142    -0.284521    -0.323051    -0.282474    -0.209232    -0.338119   -0.0834886    -0.170762     -0.13404    0.0369878    0.0913568    -0.363161    -0.122174    -0.323024   -0.0690484    0.0528644    -0.293234    0.0160042    0.0194261    -0.261881    -0.018009   -0.0791879    -0.299409    -0.127934    0.0564991    0.0765056    -0.054173   -0.0080005    -0.220173    -0.157786    0.0666816   -0.0109968    -0.078099    0.0106124    -0.335805     0.113496    -0.258297     -0.21713    -0.178166    -0.246136    -0.191907   -0.0761626   -0.0464791    0.0102833
   -0.947099     0.531683    -0.158626     -1.07692     -2.02752    -0.533291    0.0936162    -0.172881    -0.181869     -1.71515     0.600668     0.255655    -0.531025     -1.05223     0.393877    -0.318097    -0.819718    0.0993692     0.220912     0.527487     -0.26793     0.701491     0.121225    -0.996307    -0.166404    -0.146881      0.48433    0.0682173    -0.297796      0.57808     0.177448     -1.62464     -0.22718    -0.760628   -0.0580504     -1.17398     0.201196     0.786216    -0.715078    -0.221278     -1.30895     0.474097    -0.137737   -0.0235124    -0.321704     0.351557     -0.21877     0.101457    -0.403783   -0.0234015
  -0.0840641    0.0800181   -0.0393829    -0.348427    -0.364962    -0.461079     0.205028   -0.0335419     0.260475    -0.125827   -0.0285692     -0.05911    -0.150917    -0.539077     -0.32262    -0.147643    -0.416088  -0.00874029    -0.103738    0.0773407   -0.0231414     0.258566   -0.0985896    -0.782324     0.221849    -0.516199    -0.103231    -0.378286    -0.307119   -0.0396895     0.340834     -0.56509    -0.133251    -0.209791    -0.208911    -0.345836     0.132195     0.543446     0.145328    0.0812981     -0.39408     0.084324    -0.518886    -0.225103     -0.73601     0.673325     0.263365     0.485182    -0.292206    0.0909194
    -1.36107     0.631459      0.14034      1.57695    -0.231294      -0.5447    -0.434802   -0.0805254     -1.53684     0.594454    -0.950197     -1.45983    -0.452842   -0.0226705     -1.31427      1.95199     -1.14018     -2.37689     0.200231    -0.996603    -0.286729     0.356241     0.351056     -1.30321     0.416524    -0.836364    -0.250938    -0.559054     0.758658     -2.33127      0.55062    -0.173077    0.0336713     0.181647     0.241095     -1.07185    0.0406387     -2.43071     0.457519     0.161086     0.799352     0.255744     0.212411    -0.882944    -0.576597    -0.315222   -0.0861982  -0.00574499      1.13987      1.31999
     0.28435     0.124311    -0.197863     0.262576    0.0397718    -0.680216   -0.0091694     0.182991     0.368844    -0.672831     -2.04623     -1.08091    -0.739121     0.721127     -1.30497     0.208408    -0.567052      1.60315     -2.14932     0.219871     0.160402    -0.760346    -0.653785     -1.09829    -0.436875      1.02129    0.0166716      1.67566     0.415196    -0.143354    -0.631955     0.387728   -0.0675267      4.19447     -2.80998     0.142548     -1.22585    0.0135372    -0.516589     -0.12333     0.769125     0.818564     0.307508      1.40498     -1.35213    -0.148885    -0.410211     0.798594     -0.75844     0.216225
    0.526169      -0.6754     -2.51969     -1.33807     0.699962     0.880817     -1.28952     -2.01576      1.63406     0.289124       1.4284     0.719153     0.915211     0.104726       0.4291    -0.636202     -1.45691     -1.27202     -1.69507    -0.606284     0.846928     -1.04368    -0.390612    -0.423886      -1.3716     0.416078    -0.191575     0.793064     -3.59904     -2.81464      0.68117     0.281683     -1.84245     0.458181    -0.913592     0.281653     -0.54158     0.052898     0.236766    -0.373518     -1.57639     0.188014     -1.12392      -0.9078      1.13525      1.35881    -0.244509    -0.946511    0.0609252    -0.548691
   -0.196489     -1.23021    -0.520139    -0.484815    -0.130112     0.803237    -0.110241    -0.443577     0.662493      1.49585   -0.0520353    -0.135643     0.981846    -0.460744    -0.603646     0.373464    -0.195727     0.110616     -0.86574     -1.30615      0.34461     -0.53791     0.828262      3.14314     0.386425    -0.509911    -0.558708    -0.902608    -0.105952     0.224474    0.0357903    -0.457625      0.67635    -0.462506    -0.160311    -0.728496    -0.449001     0.596248     0.832436    -0.259067    -0.448724     -1.01697      -1.0101     -0.42093  -0.00552595     0.328103     0.843222    -0.295976     -1.73755    -0.529324
   -0.025064      1.53793     0.391895    -0.226849     0.717424     -1.74524    -0.203425     0.618389    -0.923447    -0.945319     -1.09427   -0.0884862    -0.891238     0.857338    -0.314958    -0.350489    -0.969196     0.239998   0.00397573     0.558995    -0.399579   -0.0199522    -0.827381    -0.428532     0.556516    -0.332487      0.17975     0.331045    -0.397597    -0.261637    -0.184175     0.159529      -0.2418    0.0719151      0.11726    -0.350285    -0.503053     -0.48468    -0.337705    0.0042306      -0.8078    0.0588345     0.474198     0.108047     -1.02105      0.19086     -1.08734      1.14532     0.314911      1.27423
   -0.116572   -0.0870528     0.107864     -0.21161    -0.179918     -0.10908    -0.281966     -0.31829   -0.0322307   -0.0462615    0.0022704    -0.181065   0.00180131    -0.202371    0.0145573     0.099938     0.109386    0.0318651    -0.276069    0.0515639    -0.192077    -0.113018    0.0628559    -0.317087    -0.241109    -0.131924     0.241058   -0.0775039   -0.0329779   -0.0535906     0.137733    -0.129727    -0.136316    -0.157505    -0.198559    -0.320152     -0.36216    -0.106666   -0.0765128    -0.341891    0.0198646     -0.20218     -0.10506  -0.00647539   -0.0618388    -0.147205    0.0398112   -0.0807601    -0.157005    -0.175954
   -0.417616    -0.158468   -0.0259754   -0.0918979    -0.540882     0.161977       1.0053     0.427382     0.173056    -0.694485     0.189539   -0.0547239     -1.08891     0.789929     0.619973   -0.0965355    -0.110713     0.402554     -1.22206     0.226095     0.625542    -0.671604     0.383045    -0.584197    -0.974961      0.37544    -0.108935      0.17444   -0.0799615     0.300074     -1.25583    0.0741274     -1.10437    -0.073333    -0.378712     -0.15902     -1.18006     0.223391    -0.406173     0.121134    -0.208361     0.354092    -0.400867     0.239913    -0.282175    -0.891671    -0.356617    -0.220932    -0.114703    -0.367413
   -0.337574     0.362137    -0.206605     0.612231     -1.83446     -0.84003     0.487222     0.317621     0.581417     -1.34512     0.911881     -1.21021    -0.817844     0.220625     0.147466     0.728015    -0.477407       1.0591    0.0324916     0.314901       0.1058     0.167828    -0.496209    -0.208277      1.05126      0.59934     0.166809     -0.79569     0.159892      0.33159    -0.374998   -0.0913237     0.569173  -0.00567859    -0.631699     -0.61516    -0.444498   -0.0243523     -0.62641     0.460192    -0.258413     0.237628    -0.896547    -0.779831     -1.36897    -0.485735    -0.760717     0.829811     -1.22427     0.593725
   -0.117665     0.195961     0.098042    -0.411821     -0.11508    -0.119822    -0.179219    -0.240238    0.0584353    -0.212018   0.00744756     0.215503    -0.149039    -0.268344    -0.269159   -0.0480384    -0.143058    0.0326006    -0.250097    0.0718952   -0.0996241    -0.563367    -0.241947     0.103592    -0.115672     0.235149    0.0625045     0.349254     0.185996    -0.221954    0.0932065   -0.0848053     -0.20546     0.014306    -0.340582   -0.0340684    -0.240925     0.300594    -0.186945    0.0892996    -0.280361   0.00647783     0.129082    0.0389606      0.36583   0.00709094    -0.129294    -0.321326     -0.72434     -0.11013
   -0.156227     0.362311     0.610018      1.37652     -3.74024     -1.02333     -1.18032     0.554727      1.15099     -1.74038      2.46544     -1.04544      -1.2861    -0.622908       1.0211     0.464539  -0.00917002     0.900099     0.219657     0.975859     0.548988     0.645752    -0.551512    -0.303409     0.921163      1.11015    -0.589716     -1.40119    -0.782284    -0.174984     0.754727     -1.35468     0.217761     -1.08839    -0.156173    0.0965494   -0.0289147     0.324278     -1.01249     0.614431     0.271242    -0.405923    -0.472736     -1.65503     -1.58195     -0.70562     -1.18171     0.287359     -2.01879     0.720178
    0.401802      1.26509     0.509501     0.632563    -0.183737    -0.444262    -0.441983    -0.360299    -0.228024     -1.87088    0.0543365     0.635635     0.193093    0.0376769     0.861086   -0.0539845     -0.04252     0.519181    -0.556251     0.615983     0.026073     0.610957     -0.34549     -2.86535     0.301034     0.549133     0.322182      1.76897    -0.192539   -0.0593389     0.600557     0.289619    -0.124311    -0.516194     0.449651     0.728658     0.624259    -0.413416    -0.915653    -0.387717     0.620309     0.585176      1.35456      1.05941     0.190862   -0.0149489     -1.20529    0.0603544     0.931128     0.792468
  -0.0322559   -0.0121412    0.0550276     0.283364    -0.461823    -0.198621    -0.119335   -0.0740506     0.049045    -0.159059     0.164221    -0.524635    -0.235737    -0.360878     0.134246     0.144728     0.342979     0.279565   -0.0252732     0.049219      0.05104    -0.101286    -0.244451    -0.339312     0.411294    -0.114764    -0.297239    -0.641635     0.209774    0.0521505    -0.118218    -0.289108     0.214014    0.0633602    -0.391082   0.00375067   -0.0230416   -0.0684108     -0.09354    -0.129814      0.37207    0.0205436   -0.0500039    -0.607227    -0.331695  -0.00929441    -0.258137    0.0672118    -0.689797     0.110154
  -0.311286
  -0.565803
  -0.767803
   0.865899
  -0.607408
   -1.03423
  -0.403315
   0.521358
   -2.81034
    0.20441
   -1.71045
    1.06805
   -1.35288
   0.759324
   0.236151
  0.0164341
    -1.6233
   0.117499
  -0.209129
  -0.340302
   0.855963
  -0.220888
    -2.8785
   -1.26467
   0.478737
  -0.492859
  -0.606821
   0.207376
 -0.0987958
  -0.381502
   0.576926
   0.929825
   0.173807
  0.0518337
  -0.600846
 -0.0560832
   0.923966
  -0.212503
    1.04311
   -1.43852
      1.377
-0.00048746
   -1.57933
  -0.715899
  -0.032316
   -1.23707
  -0.500241
  -0.107662
  -0.848857
   -1.08953
1
4
50 10
 -0.0872905   -0.410156    0.325187    -1.44115     0.63218    -1.21385    0.210017    -1.68873  -0.0932575   -0.425277     0.57475    0.653789    0.393157    0.646147     1.10789    -0.90745    0.507137      1.3337    0.213293    -1.61504    -3.68541    0.677657    0.114001    -2.46026     1.24697     1.50567    -1.72806    -2.16045   -0.415509     0.29128   -0.953651   -0.136534     1.30334     1.42299   0.0968917   0.0189641   -0.633649    0.155762    0.525755     2.24928    0.964057    0.321878     1.08078 -0.00860119    0.843436    -2.89914     0.10739     -6.8242    0.812095   -0.572448
  -0.195163     2.31505    0.452144    0.235919   0.0618616  0.00239823    0.222685  -0.0329703   0.0951373  -0.0124879    -4.27658    0.619962   0.0159181   -0.469738    0.543466    0.309731    0.889398      1.2358    0.785385    -2.06121     2.59961    -1.26548    0.160279    -1.15221    0.148854   -0.374132    0.924676     1.20588     2.21026    -1.57602    0.484788    0.449923   -0.816042   -0.616777   -0.367283   -0.211001     0.18103    -0.26497     1.42819     1.33057    -9.66712    0.900801   -0.328526    0.308632     1.99298   -0.729909    0.224805     1.00745    -1.01208   -0.770246
  -0.516523    -1.09441    -2.45508    0.156397   -0.477913    0.367644     2.13576     1.80797   -0.140955    -1.98346     1.01523    -1.16107   -0.190268      1.3743    -7.04788    0.187331     1.18574    0.944985    -4.90051     1.20748  0.00400196     1.98732   -0.213542    -1.60986     0.48419    -1.46581      1.2413  -0.0172479    -1.20748     -1.1536     1.20369     1.21286     4.65315    -1.25235   -0.588724  -0.0250066   -0.409496    -1.15066    0.259346   0.0348507    0.887649   -0.386441      0.7445   -0.418121   -0.823942     1.58343   -0.598986     1.08522     -1.3622   0.0605442
  -0.105148    0.721678    0.763305    0.366504    0.294873   -0.898134    0.873422   -0.108186   0.0578264     1.85479    0.590246     1.48446   -0.353024    0.650522     1.30191     1.55287    0.651397     1.38857   -0.163029     1.57863    0.156182    0.208357   -0.127749    0.996471    -5.77621     1.22183    -1.61557     0.47942    0.432017    0.399927   -0.388554    0.928875    0.728887    0.317684   0.0886343    0.155161    0.303334    0.347479     1.05359   0.0668443    0.862677    -5.70141    -3.05633   0.0400209   -0.192701   0.0705664   -0.311471    0.314725     3.32715    0.545162
  -0.454392     2.35236    0.474537     1.84698    0.438019     1.34909    0.470943    0.362065    0.269283    0.187823    0.100802    0.640983    0.878064   -0.151773     1.08879    -1.26179    -6.03215    0.178655   -0.581993     0.17275   -0.592474    0.292922    0.105999     2.30121    -0.20159    0.720801   -0.469973    0.555679   -0.775415   -0.212668   -0.761917    -8.08102    -1.26638    0.091102   0.0187397    0.437487   -0.609608    0.566603       1.734    0.275034      1.1569     1.74636    0.292598   0.0319995    0.136946     1.38569    0.220575   -0.392598    0.391163    0.747989
-0.00263128     1.60891    0.557375     1.61188   -0.249892    -1.55854    -5.59852    0.580629     0.43947   -0.437033     1.14314   -0.929751   0.0137342     1.32327    0.552581    -1.36202     1.32239    0.788421      1.3033   -0.209769    -0.43672    0.732483   0.0272717     2.12751     3.13815      0.3579  -0.0112855   -0.147588  -0.0124492   -0.734761   -0.649649     0.94454  0.00274176    0.919799    0.157927  -0.0810192    0.712526    0.103775    0.116146    -7.96803     1.33843   -0.183749   -0.415823    0.124691   -0.362476     0.13862  -0.0919701     1.54565   -0.299742    0.220532
   0.238357     -7.1242     0.23747     2.24839   -0.835717     1.51656    -1.38004     1.25338    0.181675   -0.172987   0.0403233     1.09443    0.397841    -4.29652     -1.3164    0.347979     1.18104    0.138941     2.63362     1.24161    0.322522    0.402729   0.0935682    0.547711   -0.485513   -0.282351   0.0448656    0.782486    0.557832   0.0837692   -0.916105    0.495116    -6.46593    0.669636   0.0891329  -0.0233626     1.20899   -0.135375    0.364346     2.77393      1.5193   -0.100517     1.53832    0.403401    -2.19351    0.936189    0.383967    0.564943    -1.28587   -0.329898
    1.04967   -0.671442  0.00269505   -0.988167    0.534718   -0.219107    0.967844   -0.706925    0.183679     1.46109     1.40776    -1.30302    0.644028     1.32988     2.10522    0.619286     1.25279     1.87064    0.475724  -0.0233154    0.267691    -3.23413    0.164964    -1.46976    0.233101    -1.62855   -0.188524    -1.15809    -3.39273     2.03407     1.62716     2.39199     1.92565     -1.4904    0.165757   0.0222705    -0.60502    0.627464    -6.35799     1.34473    0.561332     1.20848    0.954711   0.0555751   -0.473181     1.60804   -0.789307     1.67378   -0.521665    0.358983
 -0.0847702     1.95226   -0.377203    -3.69274    0.118501    0.544244     1.67654   -0.885247     -0.1809   -0.256585   -0.428518    -1.18133     -1.5959   -0.760677     1.44341       1.472    -0.51139    -7.35141    0.264041  -0.0853977     1.20684    0.377401   -0.162465   -0.079297    0.802241   -0.112649     2.17255     1.13373     2.74646     0.79184    0.286589     1.82672    0.235972   -0.192276   0.0971163    -0.23516     -0.3599   -0.775234     1.04314    -0.15585      2.3254     1.95567    -1.20571       -0.33    0.370744    -1.38235    0.430602     1.06954     0.36354   0.0393935
 -0.0581667    0.102151    0.164123    0.227936    0.558533    0.104578  -0.0133913   0.0970571   0.0979178  -0.0381002  -0.0929257   0.0779313  -0.0273397  -0.0643364  -0.0695018  -0.0293804   0.0814425   -0.226075   -0.120146   0.0655732  0.00643871    0.378307   0.0641145 -0.00741308 -0.00671312     0.18439   0.0456063   0.0245579  -0.0541983   -0.158537    0.126127  -0.0166995  -0.0618188  -0.0445851    0.107094   0.0199656  -0.0722607  -0.0350713   -0.290927  -0.0464885  -0.0693538   0.0072341   0.0761645   0.0605016   0.0873374    0.214072   0.0745411    -0.18514   0.0702712  -0.0219402
   3.73198
   1.64948
  0.047241
  -2.94382
   1.72296
-0.0487015
   1.34881
 -0.466965
  -2.22318
 -0.122601
