3 16 0.5 2000
1
1
9 50
   0.283262      0.8087    -1.19194     1.13631     2.27636    0.955555    -1.06262   -0.773293   -0.469588
    0.12154    0.133333   -0.116189     -4.3146    0.332696    0.110523    0.317787   -0.153701    0.245394
  0.0500998    -3.37229    0.307735    -0.29411     1.03879   -0.979819    0.326808   -0.938785   -0.116545
    1.91558   -0.241054    -2.18758    0.556702    0.428402   0.0871383    0.127846     2.90671     1.58688
   -4.70304   0.0354194   -0.713869    0.276494   0.0860498   -0.053299    -0.19253   0.0549773   0.0957154
    0.41051   -0.120632   -0.806164     1.35564    -1.11763   -0.338762    0.306078   -0.236904     2.64914
    -1.1974    0.166958   0.0445956     1.21669     1.13788     0.12028     2.42968  0.00785047    -2.94957
    1.46069    -1.77032   -0.992092   0.0626058    -1.43974   -0.515564    0.939503   -0.801885    -1.35075
    1.35784     1.53066    0.370486     1.30926   0.0327522    0.493308   0.0497001    -2.89933    -1.64078
   -2.65429   -0.994132    -2.77035     3.04556    -1.47472   0.0157498   -0.251206     1.53487    -1.40306
    3.79213     1.64335   -0.343527   -0.154723    0.230122    -2.35608    0.750958     -1.7203   -0.269177
   -1.05491      1.7399     1.18202  -0.0328961     1.61932    -1.66914    0.245959    -2.22025    0.507217
   -3.13324     1.50153   -0.276576     1.55567     1.21328     1.00611    -1.19708    0.503449    0.272821
   -1.45631  -0.0611579   -0.312607    -1.10036   -0.492521   -0.276469      3.5229      0.2095    -0.56274
    2.13361    0.396694     1.39701    -1.49838    -1.19584    -1.72576     2.74661      -2.093     1.74806
    0.63251   -0.789051    0.535363    0.176486   -0.433519    0.521872   -0.169991     2.85689   -0.454131
    1.09865    -1.21155    -0.49056    0.267619    -1.35601    0.494195    -0.94184    -1.78141     4.67556
    1.56463    -1.37731    0.847039    0.470801     1.07071     1.20619   -0.322451     -3.6427   -0.267289
  -0.233619    -1.02401     5.22571    0.438658    -1.14879   -0.821029    0.540964  -0.0119221   -0.496015
   0.595736  0.00782794   -0.969108   -0.591631    -0.04075     5.84417    0.506336   -0.305628   -0.928332
   0.646904    0.689476     -2.6739    0.412035 -0.00717427  -0.0346238     0.60359    0.239667   -0.432559
   0.298552    -1.65168     1.92586   -0.429006   -0.313103   -0.994918   -0.569942     2.58202    0.235759
  -0.419224    0.641631    0.220915     0.70281    -4.02105    0.146183    0.614867     1.86423    0.414603
  -0.239875    -1.27025    -1.73639     5.27685   -0.762958   -0.766159   -0.478633    -1.84962   -0.443316
   0.787166    -4.59767  -0.0149158   -0.376329    0.743624   -0.120255   -0.861611    0.182006   -0.574066
    2.26793   -0.214809    -1.19426   -0.689517    0.589916     1.35217   -0.035072   -0.460618    0.588657
   -1.14369    0.734248    0.148337    -1.37472   -0.814385    0.375044     3.81696   -0.154119    -0.97138
   -1.19443    0.799529     2.13796    -2.68969   -0.827533    0.853987    0.151633   -0.676601    0.287255
  -0.518791    -4.12362   -0.336226    0.719751    0.374435     1.44508     1.44214    0.894144     1.17257
   0.106467    -3.32839    0.152958     1.01884    0.777373    0.426184     1.84096    -2.82967     1.84434
    1.83103     1.45303   -0.780603    -0.57892    0.461505   -0.569356    -3.71522    0.546084   -0.088825
   -1.27851   -0.230331    -3.59463    0.690703    0.346925      0.8951    0.106509     1.41477    -1.41616
   0.554476    -2.55436   -0.441205     1.53397      0.8374    0.869871    -1.07109    -0.58329    0.500575
   -1.88515    -1.11528    -1.23269   -0.109199   -0.496905     5.35845    -2.45649     -1.2779   0.0510833
  -0.223449    0.190835    -1.13423   -0.511151      2.9244    -2.54353     2.01111     1.25553    0.772378
    1.53604    -0.33811    -2.89303     1.27616     1.28382   -0.293951    0.434789   -0.697404     1.27857
   0.408407    0.908459     2.86954    0.147943    0.770464   -0.313832    -1.26056    0.840342     1.18699
   0.799626     1.23522    0.924225   -0.153362    0.887767    0.387094    -1.94614    -3.89602   -0.454439
   -1.36314   0.0920186    0.336534     1.25462    -0.36063    0.156881    -2.05053    0.394023    -0.70793
   0.351838   -0.858849   -0.341652    0.708208     0.52295    -1.27779   0.0820983    -0.26903    -3.82203
   0.251993     -1.3533    -2.33374    0.813389   -0.981143    0.897425   -0.722257     1.29329     2.25534
   -1.03051    0.244762     2.35953    -1.53921    -1.71531    0.563632     1.65848     1.40676    -1.83222
  -0.745449    -1.15609   -0.207208    -1.72693      3.3554   -0.193576    -1.32936    0.417219     2.08702
   -2.24565    -1.54881     1.92619    -1.11792    0.782318      1.6666   0.0160154   -0.927468      1.4077
  -0.840102     0.97635  -0.0255022    0.764634   -0.449309    -1.85515     1.58124    0.504729     2.91271
   -0.76423     1.32011      1.7228   -0.787595    -3.24633   -0.776437    -1.81994    -1.00925    -1.87282
   -1.27174   -0.629312     3.48025    0.655765    -1.03526   -0.239431   -0.107471   -0.689327    -1.67169
   0.604201    0.829886    -1.18648   -0.328079     0.17448    0.276374    -1.45922    0.905928    -3.93881
   -2.03032    0.394923  -0.0727276    0.231503     3.24622   -0.753461    0.804636     2.12449   -0.366577
   0.256635     1.19011   -0.724066    -2.32913     -1.5888   -0.915766    -1.29008     1.52238    0.655664
    0.15911
   -1.89387
    0.31535
   -1.12676
    2.23986
  -0.470497
   -1.80389
    -0.6639
   -0.29613
   -1.45608
   0.281389
   0.204468
   -0.39689
   -2.15389
-0.00434995
   -2.38792
   -1.89983
  -0.894367
    1.42077
    1.69417
   -1.31448
  0.0891553
   -1.92754
   -2.49881
   -1.56046
   -0.82127
   0.455436
  -0.775249
   -1.03006
  -0.864053
   -1.01783
 -0.0882036
  -0.932401
  -0.828504
   -1.34519
   0.205607
  0.0290849
   -1.46465
  -0.846308
   0.164635
   -1.71674
  -0.114543
  -0.165609
   -1.51828
   0.668219
   0.147659
   -2.15172
   -1.61557
   -1.85814
  -0.978203
1
1
50 50
  -0.630608   -0.288026   -0.493475   -0.663812   -0.262823   -0.231799   -0.226253   -0.112844   -0.132122     0.22245   -0.526664   -0.309013   0.0395943   -0.199015   0.0557721   -0.277265    0.512741   -0.221826    0.160751    -0.32928   -0.110742    0.215674     0.74771  -0.0406414    0.116811   -0.137702   -0.473451   -0.156103   -0.325195   0.0160475    -0.26921   -0.615844   -0.477313    -0.11876   -0.578546    -0.81479    0.148392    0.154755   0.0575339   -0.523707   -0.347921   -0.156199   -0.547667   0.0428236   -0.307794    0.181439    0.377414  -0.0206341   -0.286511    0.105968
   0.102139   -0.238869   0.0541223   -0.685469    -1.00204    0.444847     1.44267   -0.477587     0.48541   -0.280947    0.343222  -0.0258693   -0.732386     2.58885     2.19503   0.0138881   -0.569444    0.494883    -1.21258    0.959009    0.870702   -0.656845   -0.598926    -0.25634    -1.27755    0.421796     1.11006   0.0738833    0.111764    0.324146    -2.85924    0.377985    -1.69758    -1.20823   -0.863029    0.738059    -2.15108     -0.7828    -1.24398    0.244288   -0.611833     1.18891    -2.28096     0.30896     0.39699     -1.7891   -0.881217    -0.99621   -0.184231    -1.28829
   0.503702    -1.47718    0.145494    0.773058    0.623734    0.135655   -0.600095   0.0642816   -0.494279    0.290264    0.260677   -0.112864   -0.729401   -0.751339   -0.443355   -0.618699   -0.521606    -1.15426    -1.81229     1.77626    0.847324   -0.307682   -0.930381   -0.911478    -0.82599    0.190105    0.423566    -0.82891  -0.0673124   -0.385999    0.460388     1.17709   -0.559143   -0.602595    -0.42094     0.76378   -0.659368    -1.45188   -0.971971     0.12467    0.550522   -0.399746   -0.454407   -0.481289    0.429796   -0.490474   -0.723835  -0.0375696   -0.886068   -0.433114
  0.0907503   -0.571478    -1.72878    -0.37795     0.39916    0.819884    -1.78939    -1.91402   -0.311312    0.501682   -0.472532   -0.213122     1.21296   -0.536141     1.10405   -0.401577     1.81791    -1.75081   -0.401796   -0.914026   -0.568582    -1.03319   -0.196403     1.63924   -0.877183   -0.399643    0.306647  -0.0242294   -0.700393  -0.0814139    -1.23563   -0.914779    -1.32737   -0.778234    0.248358     0.38358   -0.402091  -0.0869628    0.463861    -2.46299   -0.143168    -1.23584   -0.812501    0.678176    0.736178    0.174697  -0.0376991    -1.29767   -0.277902    -0.94612
  -0.188037   -0.606585    0.256008   -0.332956   -0.230528   -0.244002   -0.367517   -0.322381   -0.309495   -0.400165   -0.101148   0.0723509   0.0341534   -0.403707   -0.441931   -0.219872  -0.0101904   0.0601404    0.244122   -0.529644   -0.361708     0.11386   -0.302903    -0.14281    0.171862   -0.389074   -0.659806   -0.349172   -0.178594   -0.212038    0.293141   -0.813007    0.140757   -0.387843  -0.0334597   -0.126197    0.140167  -0.0317683    0.438115   -0.119595   -0.506318   -0.637398    0.075611   -0.276601  -0.0599103    0.295465   0.0710417   0.0537082   -0.654981  -0.0396259
  -0.128022    0.531134  -0.0336096    0.233537    -1.23243   -0.757711    -1.09575    0.345289   -0.181933    -1.54091    0.276182   -0.811966    -0.79797   0.0407838    0.346747  -0.0388946  -0.0560965    0.649064    -1.00445   -0.239611   -0.315324   -0.550792    -1.70987   -0.823365   -0.133571    0.717426    0.305256    0.829288   -0.246801    0.155525  -0.0321349   0.0314539   -0.348865      1.4178    -1.98161   -0.472723   -0.922695 -0.00651801    -1.02481  -0.0580343    0.419363    0.222346    0.163153    0.331463    -1.28289   0.0417801    -1.31727    0.267958    -1.79188     0.52944
  -0.215016   -0.569038     0.50358   -0.389297    0.191016    0.967867   -0.758354    0.208184    -1.09448   -0.670266     1.41751    0.934081   -0.719437   -0.499258    0.254323   -0.807648   -0.918264     -1.7858     1.99156    -5.60685   0.0262234   0.0545035    -1.10317    0.086175   -0.218935    -1.71123   -0.182573    -1.67334   -0.238638   -0.246479   0.0300633    0.308155   -0.141612    -1.21602     1.85438    0.839893    0.172196    -1.47924    -0.56872    0.252216   -0.274841    -1.04161    0.441409    -2.14683     1.66018    0.318602  -0.0217817   -0.874912    -1.12065 -0.00038287
  -0.831364  0.00892413    0.129748     0.62503    -1.91231   -0.625796   -0.213354    0.121491   -0.695867   -0.766042  -0.0498299    -1.48282   -0.381084   -0.228993  -0.0527889     1.21934   -0.400148   -0.206206     1.36527    0.870555   -0.721376    0.293613  -0.0844089  -0.0321084    0.654902    0.359486    0.112466   -0.739286    0.415133   -0.695881   -0.531146   -0.823063   0.0864521    -0.57184   -0.489997   -0.763675  -0.0834834   -0.886461    -1.17782    0.351373   -0.149167   0.0923225   -0.867499    -0.77922     -0.2601    -1.05849     -1.1993  -0.0760176   -0.855757    0.133006
   0.038852   0.0378079    0.136534   0.0519468   -0.243474   -0.159066    -0.25558  -0.0303748    0.123157   -0.271404    0.343184   -0.141929   -0.226217     0.12474  0.00920562    0.168486   -0.164129    0.038121   0.0701314    0.321985  -0.0683916    0.108916   0.0500677  -0.0692259   0.0677565   -0.194952    0.153405 -0.00214874   -0.435487   -0.139721    0.076356   -0.215807   0.0233698   -0.218732   -0.256788   -0.213737   -0.178311    -0.19868   -0.173965    0.224144    -0.38961   -0.212778  -0.0484481   -0.173192   0.0931957   -0.136046   -0.122586   0.0218307    0.199399   -0.323314
  -0.415098   -0.547457   -0.100411   -0.425561   -0.497849   -0.123305   -0.333251  -0.0943328   -0.346525    -1.26917  -0.0386805     0.98066   -0.697558    -1.43697    0.480522   -0.738263   -0.817346   -0.804867    0.963469   -0.991314   -0.424353     1.34274   0.0752183    -3.55401    -0.25301   -0.983673   -0.737471   -0.554925   -0.185524   -0.182477    0.356706    -1.26592   -0.240241   -0.518838   0.0154444    -1.13767     1.15918      0.1329    0.273892   -0.059111   -0.321855   -0.165037   -0.574416  -0.0840548    0.731681    0.731558    0.951628   -0.496504   -0.488246    0.421116
  -0.274962  -0.0208501     1.36854    0.323802   -0.097468   -0.815879   0.0012931    0.678966    -1.31607   -0.405321    -0.98332   -0.553329    -1.62108   -0.598953   0.0243974    -0.31871   -0.132725    0.838607     1.74177    0.914883    -1.04634     1.58226    -1.57995   -0.575514     3.06992    0.234788   -0.564873    -1.30172     1.81441     1.00382     -1.4427   -0.354752     1.49335    -0.86309   -0.654012    0.212745    0.727266    -1.03854   -0.630876    0.248375    0.608604    -0.92166    0.198293    -0.45107   -0.549464    -1.33341   -0.622145    -0.82233    -1.17849   -0.724152
  -0.391721    -1.30688  -0.0488284   -0.238258    0.646008     0.49591    -2.33276    -0.96851   -0.836906   -0.933876   -0.344127   -0.117242   0.0726863    -1.77916     0.14797   -0.229273     0.89183    -1.40421   -0.323252    -1.36668   -0.884594    0.165912   -0.100773   -0.754431   -0.186461   -0.754837   -0.171883    0.440555    0.531687   0.0030865    0.534055   -0.972051   -0.202134    0.842264   -0.736107   -0.828332    0.753186   0.0616226    0.322698    -1.64747   -0.129931   -0.256726     0.18158    0.683759    0.522542    0.925245    0.518237   -0.513907   -0.822079   -0.144895
    0.21427   0.0265203    0.641011   0.0277744   0.0246596    -1.25406     1.29708    0.806299    0.653518    0.277564    0.400558   -0.123767   -0.537441  -0.0793584   -0.764276    0.276964   -0.894355  -0.0654765    0.119685    0.296994     0.12645   -0.115012   -0.916527   -0.385553    0.626296   -0.537941    0.264115   -0.663973   -0.641863   -0.783221    0.184534    0.322886   0.0456122   -0.129618   -0.667014   -0.311848    0.129924   0.0106959    0.248732    0.836638   -0.797889    0.326178   -0.935422   -0.633663   -0.968661    0.893887    0.666732     1.64651   -0.372082   -0.273643
   0.346975    -1.18013    -1.04676   -0.187538   -0.132274    0.319028     1.52081   0.0751137    0.110343   -0.296944  -0.0867289    -1.22418   -0.834156     1.83242    0.896441   -0.490172   -0.245078    0.480685    0.582725     1.48211    0.211331    0.681955   -0.506426    0.209988   0.0569282  -0.0871537    0.840645   -0.368781  0.00406523   -0.120257     -2.4116    0.868729   -0.320028     -2.3271    0.303111    0.424585    -1.01695    -2.16019        -1.9    -0.39719   -0.274849     1.56519    -1.62171    0.094262    -0.43928     -1.2242    -1.46773   -0.307915    0.608279    -1.64339
   -1.75531    0.223554     1.06955    -2.27709   -0.479238   -0.522603    0.239647    0.030793   -0.856625    -1.45733    -1.60788    0.448539  -0.0971498    -1.22563   -0.815426  -0.0387095    -1.20821    0.545854    0.823426   -0.984488    -1.44106     1.41822     0.15629   -0.744761    0.527134    -1.58383    -1.37372    0.270118    0.383112    0.561688     0.53914    -2.57717    0.926201    -1.03544   -0.679565    -2.73409     0.82823     1.31655     1.11764   -0.189562    -1.61009   0.0514741    0.401096    0.820265   -0.638173     1.93376     2.52484   -0.777872    -1.08733   -0.209751
   0.195594   -0.881705    0.273959   0.0486422   -0.715794   0.0642005    0.449859   -0.662361    -0.78384   -0.728966   -0.488114   0.0210513     0.56403    -0.54002   -0.291522   -0.342554    -1.36053   -0.195308   -0.426976    -1.79355   -0.281078   0.0775867    -1.11177    -1.61326   -0.453727   -0.699637   -0.329155     0.57427    0.471264    0.592507   0.0975945   -0.197637  -0.0380269    0.569858    0.334279  -0.0143854   0.0671497   -0.487154   -0.233259    0.134389    -0.48986   -0.401102     0.40371    0.509499    0.966214    -1.43798   -0.552106     -1.2617     1.07137   -0.692703
    1.08788    0.963957    0.887962   -0.124891    0.913418    -1.97452     1.29091     -1.0266   0.0080653    -2.04422     0.42817    0.752845    0.203524    -1.81465    -1.17215   -0.388438    -1.60153    0.530554    0.516545    0.929901    -1.04997    0.291835    -1.64255   -0.815365   -0.422354  -0.0313631    0.653007   -0.502058   -0.480035     1.47725    0.286499   -0.670366    0.225441    -1.03712     2.91957     0.56397     1.17972    0.330448   -0.684779   -0.210971    -1.46757    -2.04687     2.01265    0.202521    -0.71405    -3.13814    -1.12039    0.356025     2.63744    -1.16563
  0.0718755   -0.804617   -0.899479    0.803666    0.419688     1.24226      -2.313     -1.9114   -0.755617    -1.26863   0.0806114    0.116762   -0.167456   -0.885131     2.10546   -0.946279     3.31221   -0.909653  -0.0952919    0.357962    -1.08488  -0.0308801    0.412448    0.361254    -1.44564    -0.34984    -1.05639    0.453078  -0.0430418     1.03435   -0.919267    -1.51653   -0.504096   -0.585467      0.1978     0.86968   -0.123808   -0.991292   -0.346424    -3.31822    0.997654    -1.25336     0.89647    0.244224     1.27594   -0.958893   -0.611051    -2.05166   -0.497526   -0.955035
   0.103324    0.272024     0.13301     1.10929   -0.454088   -0.338208   -0.975819   -0.349643   -0.131512     1.13352     1.01815   -0.642933    -0.11728   -0.327319   -0.227547   -0.562557    0.522319   -0.705759    -3.30643    0.814148     1.38644   -0.432041   -0.184783    0.559091   -0.537531    0.767786    0.965792    -1.14892   -0.568417   -0.231416     1.01432    0.782759   -0.722533 -0.00235514    0.360775    0.935429    -1.96158   -0.640629   -0.707787  -0.0341953    0.637976    -1.63935   -0.109412   -0.957291   -0.101865    -1.33057    -1.23353   -0.252719  -0.0659477    0.121018
   0.457701    -1.24589    -1.62191    -1.14243   -0.105776   0.0582458     -0.8218    -1.49142   0.0654233    0.475145   -0.159846     0.13671     1.04739   -0.709942    -0.28309   -0.363318   -0.345237    -1.52499    0.136398   -0.222335   -0.411027   -0.692913  0.00265658   -0.217434   -0.735085   -0.390135     1.10346    0.371089    -1.74652   -0.562847     -1.3346    0.456851    -1.12389    0.275624   -0.397996    0.394747    0.112715   -0.388244   -0.407558   -0.740811   -0.472002   0.0768177   -0.961875    0.102537    0.504028    0.514924   -0.534838   -0.751232    0.840878    -1.03711
   0.392287   -0.408467   -0.485211   -0.580527    0.760325    0.450887     1.01664    -1.50292    -1.36438    0.743525    -2.57433  -0.0742229     1.76965    0.964499   -0.827422   -0.418166    -1.07328   -0.972951    -1.07623   -0.289771   0.0675519   -0.620293    0.265083   0.0412323    -2.46558   -0.857584   -0.375694    0.511643     1.50536  -0.0189474   -0.397022     0.38913   -0.813908    0.608063    0.305314   -0.844154   -0.224803    -1.31818    0.547847   -0.408284   -0.549004    0.103757    0.227349     1.05303     1.42629   -0.848703     0.76707    -1.22398     1.94567   -0.957964
   -1.25546    0.188164    0.442276     1.32937    0.142967   -0.995068   -0.282786   -0.255447    -1.84636    0.231804    -1.07189    -1.21651   -0.168737   -0.561473    -1.05157     1.57392   -0.997754    -1.77089     1.27228  -0.0621517   -0.660941    0.698027     0.26544   -0.886736     0.77365    -1.02178   -0.423759   -0.712094    0.398205    -1.72559   -0.116091    0.326943  -0.0970535   -0.230799    0.622986    -1.04749    0.467046    -1.31362    0.227228    0.297778    0.442152   -0.196886    0.076686    -0.97517   -0.786978   -0.855204    -1.16201    0.298721     0.71439     1.02117
  0.0308028   -0.202553   -0.096404   0.0271625   -0.202855   -0.222386   -0.453711    0.081585   -0.215055   0.0631955   -0.165789   0.0394011    -0.15904   0.0708035  -0.0594539    0.119706  -0.0311236      0.3049   -0.262286    0.106635  -0.0236922   -0.108614    0.078103     -0.1589  -0.0525041    0.168776    0.157786   0.0273708    0.190341   -0.137099   0.0498845    0.127489   -0.170978   -0.243027  -0.0144023    -0.22507   -0.196719   -0.197091    0.230834    0.115969  -0.0619336  0.00131033   0.0482112  -0.0155369   -0.112697  -0.0610865    0.104279   -0.210277  -0.0439599   -0.218916
   -1.66882    0.895038    0.125667    0.520003    -2.00624   -0.791226   -0.419375   -0.191434   -0.374811    -1.33542    0.250723     -1.2132   -0.926281   -0.843204   -0.207211     1.20044   -0.663858   -0.438618   0.0588493  -0.0481668   -0.308514    0.576191    0.247408   -0.983009    0.209287   -0.396084    -1.07179    0.251131   -0.138076   -0.961772     0.70632    -2.34027    0.481705   -0.572866   -0.640317    -1.77649     0.40911   -0.277709  -0.0544714    0.392874   -0.273077    0.562217   0.0669397    -0.80934   -0.517167     1.22784    0.296453   -0.134606    -1.02879    0.726258
   -0.72877     4.16888    0.487756   -0.654282    0.225264    -1.65673    -1.62656   -0.230548    -1.53567    -2.40627   0.0780481    0.179443    -2.05504    0.426793     1.10705    -1.42647    -1.04192   -0.203487    0.118149     3.27508   -0.396463    0.129707    -2.03974    -2.06241   -0.856585    0.771714   -0.122445     1.29695   -0.904257    -1.08041   -0.529047    -0.43849    -1.16034    -2.16049    0.647972    0.211858   -0.564886    -1.32824     -1.7048   -0.521877   -0.725933    0.591719     1.09622    0.662013  -0.0342001    -0.21767     -1.9034    -1.05272   -0.107365     1.52592
   -1.13423    0.306268  -0.0740271  -0.0858885  -0.0405716   -0.705235    0.147435   -0.239512   -0.960617    -0.12903    -1.38634   -0.796412   -0.437595    -0.86804   -0.895672    0.937278   -0.432808    -1.37936    0.125741   -0.896586    -0.58313    0.207513    0.356955    -1.04428    0.548158    -1.52981   -0.658015   -0.662176    0.723196   -0.120585  -0.0800043    -1.30259    0.748222   -0.348125   0.0843591    -1.45705  -0.0265748   -0.512133    0.703281  -0.0769958   -0.290695    0.198534   0.0772874    0.149015   -0.506863    0.486196     1.56716   -0.246109   -0.040825    0.161101
   0.404854    0.372993   -0.564962   -0.359126    0.141635    0.816833    0.659246   -0.498282    0.703041    0.925924   -0.613986   -0.439851    0.634809    0.268432    -1.24233   -0.536958    -1.86196    0.668843   -0.517325    -1.06538    0.320662    -1.82028  -0.0512446     1.51813   -0.744491   0.0875231  -0.0267361   -0.646917    0.761243  -0.0689369     -1.0061    0.882658     0.23344    0.659544    0.169251     1.33978   -0.678586    0.277644   0.0875201    0.195455   -0.267885   -0.818434   0.0691529    0.615295     1.17709   -0.553645   -0.562598    -1.87665   -0.274718    -1.25188
    1.04188    -1.07791   -0.162713     -1.3712    0.964347    0.950021    -0.87151    -1.30776     -1.1896    0.312349     -1.5049    0.355129     2.11819    -1.15416    -1.45802   -0.381403   -0.347469    -1.43144     1.27495    0.706756     -1.5732   -0.293632   -0.492662   -0.544583    -2.24405    -1.43229     1.06532  -0.0474837    0.310463    0.390794   0.0925749    0.658672   -0.463849     0.57963     -1.2863   -0.408184    0.768894    -1.04593    0.784647   -0.896278   -0.511394  -0.0532537    0.958233       1.622     2.09487    0.079487    0.488992    -2.11438    0.109849    -1.18951
   0.398165     -1.1948    0.172678    -1.43348   -0.691882     1.20555    -1.00885   -0.141682     1.64993    -1.02272    0.846158    0.712853    -0.62602   -0.478832    0.452446    -1.03282   -0.269268     1.24504   -0.853811    0.257578  -0.0958671    -1.88537    -1.00675    0.125148     -1.6554   -0.169766 0.000251271    0.557576   -0.078251     1.61686   -0.517925   -0.306204    -0.43429    0.412469    -1.63542    0.687997      -1.264      1.9099   -0.781864    0.386803   -0.717401   -0.842036    0.150929      0.7657    0.947214   -0.382506   -0.570056     -1.7013    -1.96927    -1.37994
   -1.10143    0.368971    0.349685   -0.755474    0.104507   -0.902661    0.301894    0.237326   -0.993473   -0.108663    -1.50513   -0.105287   -0.170734   -0.536468   -0.659087   -0.503368   0.0449489     1.09734   -0.985877   -0.678554   -0.193339    0.977523     1.15156     -0.8359     1.26374   0.0265508    -0.98755    -0.95525    0.586652     1.55253   -0.312029   -0.595061    0.903231   -0.886983   -0.200637   -0.744323    0.230033     0.16847  0.00593332   -0.540818   0.0696955   -0.715386   -0.265722    0.407016    -1.37525   -0.901351    0.599789   -0.143962    0.426224   -0.567778
  -0.955582    -0.73886   -0.510609   -0.332007   -0.591597   0.0939533    -1.18894   -0.386165   -0.611302    0.280057   -0.387422   -0.339378   0.0159876   -0.759879   -0.774641   -0.608087    0.261189   -0.212881    0.304142    -0.73042   -0.231563    0.216751    0.949551   -0.107017   -0.103889   -0.191175   -0.983835    -0.75859   -0.396214   -0.752156  -0.0869209   -0.218772    -0.15659    0.473459   -0.338941   -0.622523    0.139727   -0.556734   0.0718719   -0.523544    0.171876   -0.660052   -0.385245   -0.788159   -0.426735   -0.192772   -0.369195   -0.224795   -0.756487   -0.168285
   -2.23913    -1.43714   -0.942534   -0.227287   -0.484828     1.62649   -0.914846   -0.132626  -0.0202676    0.737134   0.0386784    -1.25509    -1.67374    0.282749     1.20216   -0.344221    0.688049   -0.854622    0.472124    0.248264   -0.447719     1.12583     3.17683   -0.453345     -1.1026   -0.193309    0.242616    0.370926    0.132983   -0.683136    -0.91998    -1.12247   -0.713508    0.570153    -2.69891    -1.34816   -0.355218    -1.54772   -0.600357   -0.623559    0.657324     1.48835    -2.55893  -0.0954095    0.818958     1.31294   -0.216219    -1.36179     -2.0971    0.173707
   0.690791    0.256713    -0.98092    0.640741    0.205704   -0.689473    -1.70231   -0.587927   0.0168801    0.476888   -0.499686   -0.325686    0.979678    -2.82725    -2.50909   -0.328702    0.761485  -0.0131474     2.43021   -0.619842    -1.05063    0.876861     0.12009   -0.135741    0.945011    0.220768     -3.4317    -1.74749   -0.956179    -1.23457      2.5018   -0.151962     1.27427    0.876835  -0.0242151     0.16768     2.00518    0.854365     0.86925    -1.04326    0.161027    -1.77817    0.261922    -1.60148    -1.46236    0.600974   -0.779694     1.14278   -0.371784    0.496777
  -0.527823    0.101121    0.282571    0.150349    0.245389   -0.637055     1.13901    0.367622   -0.644327  -0.0993742    -1.41733   -0.361346   -0.920519   -0.596619    -1.07176    0.693942   -0.756282   -0.591434   -0.658415    0.329424   -0.505936    0.305714    0.581271   -0.713552    0.407429   -0.898508    -0.55551   -0.519161    0.988656    -0.20287  -0.0149234   -0.458865    0.632022   -0.451315    0.243818    -1.15925   -0.592291   -0.999557    0.568356    0.682526   -0.603316    0.381458   -0.188217   -0.473731       -1.48    0.318754    0.723784    0.760961    0.304503  -0.0939448
  -0.300494  -0.0868939   -0.426993    -0.12901  -0.0566228   -0.099105    -0.12666   -0.136672    0.169606   -0.193688   0.0350246   -0.367944   0.0605788    0.123418  -0.0483787   -0.106219  -0.0420597   -0.419528   -0.524906 -0.00530216    0.105196   -0.228447    -0.10232   -0.338126   -0.267466  -0.0525745  -0.0341328   -0.176157    -0.49698    -0.41014       0.235   -0.326162   -0.166616   -0.162211   -0.114244   -0.148128   -0.392149   -0.101099   -0.044334   0.0210697   -0.281825   -0.393213  0.00586198   0.0582186    0.117187  -0.0209633   -0.285533   -0.240662  -0.0274459    -0.30258
 -0.0614606  -0.0466289    -0.12566   -0.322343   -0.581939   -0.153072   -0.340561   -0.307388   -0.362109    -0.31564   -0.269419     -0.3529   -0.107008   -0.178609   -0.155494  0.00780617   0.0739046   -0.368258   -0.171182   -0.370858  -0.0884425  0.00443982   -0.342217  -0.0176011   0.0234176   -0.282012  -0.0518675   -0.105243   -0.283917   -0.117449   0.0100968   0.0415995  -0.0527417  -0.0241219   -0.250179   -0.179632    0.021379  -0.0185977   -0.124616  -0.0316174   -0.351322   0.0815497   -0.271982   -0.219594   -0.197111   -0.302517   -0.222234   -0.120472  -0.0798381  -0.0610026
  -0.962593    0.269739   -0.899208    -1.15323    -2.28982    -0.73983    0.338579   -0.490935   -0.146566    -1.68108    0.458341    0.260115   -0.326912    -1.18298   -0.109847   -0.117616    -1.16369   -0.176308    0.215772    0.394319   -0.365476    0.151422    0.416338    -1.18108   -0.298074   -0.530226    0.569671  -0.0989586    -0.44885    0.224373    0.300404    -1.90398   -0.412741    -1.49979  -0.0184554    -1.55974    0.180104    0.679621   -0.799853   -0.352081    -1.53698    0.404512    -0.57384   -0.179209   -0.658223    0.144829  -0.0371616    0.433993   0.0247526   -0.172937
 -0.0447163    0.120387   -0.241293   -0.239227   -0.712351   -0.499718    0.038821 -0.00707352    0.305336    -0.25255    0.124684   -0.205814   -0.313584    -0.56905    -0.45413   -0.288211   -0.444083   0.0573523   -0.409426    0.155108    0.116275    0.137387   -0.316194   -0.877182    0.219874   -0.396534   -0.282899   -0.585384   -0.522992   -0.191348     0.57506   -0.736749   -0.149431   -0.297352   -0.396842   -0.272052    0.129632    0.700527   0.0704975    0.141193   -0.379394  -0.0561632   -0.626183   -0.444424    -0.94353    0.765642    0.121498    0.637981    -0.55012    0.123268
   -1.19464    0.552943    0.404529     1.83467   0.0583145   -0.738498   -0.356982   -0.200396    -1.98711    0.909305    -1.49352    -1.61785   -0.469322   -0.155727     -1.8047     2.42922    -1.40838    -2.51281    0.577313   -0.539165   -0.476853    0.567861   -0.550209    -1.27218    0.485569   -0.835472    0.173201   -0.492292      1.1658    -2.32754    0.368512    0.114754  -0.0475292    0.547702    0.302493    -1.18171   0.0412628    -2.85413    0.140984    0.269967     1.12525    0.645023    0.740976   -0.711872    -0.42764   -0.778426   -0.567364   -0.107605    0.913078     1.14745
 -0.0496697    0.376906    -0.51416    0.122978    0.245824   -0.742323   -0.159445   -0.042967   0.0372811   -0.594521    -2.38216     -1.3838   -0.779824    0.608773    -1.35631  -0.0712967    -1.11877     1.28307    -2.04994    0.333165   -0.132613   -0.764631   -0.109609    -1.04306   -0.614605     1.17608   0.0915603     1.93373    0.404244   -0.448143     -0.9712    0.255994   -0.104183     5.09855    -2.83099   -0.254327     -1.1392   -0.222757   -0.423574   -0.375789    0.793525      1.0454   0.0700696     1.30548    -1.17985   -0.134326   -0.625105    0.359531   -0.930098    0.358907
   0.781812   -0.868942    -2.76703    -1.73456    0.957593    0.595914    -1.15152    -2.20594     1.94531   -0.534633     1.24141     1.34226    0.797795    0.197251    0.406331   -0.784751    -1.88097   -0.975555    -1.67927    0.402409    0.704462    -1.35872   -0.847642     -1.4461    -1.67865    0.614948    0.472624    0.711829    -3.88843    -2.79789    0.404205    0.636345    -2.27511    0.205001    -0.70882      0.3616   -0.383253    0.381612  -0.0299018   -0.235665    -2.08865    0.227073   -0.907133    -1.03834     1.49072     1.47822   -0.953111    -1.06867   0.0909874   -0.790346
   -0.37949    -1.47136   -0.448744   -0.220972   -0.442768     0.91457   -0.600927   -0.761138    0.194299     1.73123   -0.379795   -0.566478     1.04334   -0.628415    -1.08533    0.337746   -0.438421   -0.364557    -1.20875    -1.48328     0.18123   -0.340097    0.739427     3.60945    0.208759   -0.671197    -1.17287    -1.31623   -0.228068  -0.0697916    0.338762   -0.614953    0.731296    -1.07528   -0.366656    -1.04182   -0.384656  -0.0218749    0.971558   -0.267552   -0.371836    -1.29538   -0.803354   -0.564874    0.115573  -0.0281612    0.884793   -0.969532    -1.68969   -0.714686
  -0.268368     2.29116    0.119775    0.185395      1.1857    -1.34517   -0.322775    0.603904      -0.785    -1.29833   -0.930518  -0.0449455    -1.42476    0.897475    0.311308   -0.683247   -0.816517    0.115412   -0.295455    0.713345   -0.151125   -0.250275   -0.750041    -0.58897    0.406511 -0.00681692     0.47064    0.661978   -0.471629   -0.277872   -0.266685    0.480266   -0.284199    0.168277    0.367359  -0.0249076   -0.620977   -0.340005   -0.769015   -0.158679   -0.562654    0.126624    0.830478   0.0511937   -0.867381    0.169233    -1.75547    0.940955  -0.0543751     1.69345
  -0.147962   -0.116934   0.0467422   -0.204535   -0.237502   -0.145089   -0.273959   -0.359651  -0.0590221  -0.0860802   -0.014644   -0.210375  -0.0238418   -0.232406  -0.0460137   0.0922763   0.0577276  -0.0138251   -0.332427   0.0333187   -0.195844   -0.152149   0.0289569   -0.365611   -0.299464   -0.170616    0.199537    -0.11412  -0.0666535    -0.10923    0.140128    -0.16556   -0.173198   -0.224526   -0.228525   -0.355113   -0.374171   -0.146914  -0.0890665   -0.371776 -0.00882097   -0.232711   -0.145097  -0.0360846   -0.106832   -0.197588   0.0457539  -0.0723786   -0.168141   -0.202023
  -0.512975    0.178667   0.0801693    0.023336   -0.655693  -0.0504306    0.885159    0.223308   -0.261487    -0.85023   -0.190292   -0.229338    -1.10776     1.12843     0.59594   -0.285525   -0.276709    0.486676     -1.4248    0.105426     0.65643   -0.335628   -0.107606   -0.659537   -0.767113    0.519158   -0.130508    0.278614    0.270805    0.594432    -1.83303  0.00256683   -0.901574    0.327569   -0.409156   -0.143345    -1.30002   -0.156885   -0.595932   -0.412526   -0.352004    0.428968  -0.0660768     0.60727   -0.262168     -1.6324   -0.557914    -1.00533  -0.0167546   -0.539603
  0.0703874     1.09672    0.565097    0.584633    -1.25357   -0.951752    0.591288    0.327484    0.781452    -1.85757      1.2949   -0.368206   -0.752114   0.0197446    0.162514    0.199006    -1.16008     1.14152    0.487925     1.21446   0.0421933     0.57948     -1.0389   -0.799953    0.887085    0.925711    0.769357   -0.167034    0.127704    0.548452  -0.0662165    0.348269    0.527931    0.266776   -0.601224   -0.344369    0.126935    0.132837   -0.721424     1.09579   -0.672061    0.598308   -0.265063   -0.549027    -1.02692    0.193422    -1.16679     1.36825    -1.09098    0.898042
  -0.184981    0.209605   0.0643633   -0.595414  -0.0214305   -0.229451    -0.13669   -0.331368 -0.00846494   -0.348765   -0.123292      0.2121   -0.261707   -0.370579   -0.510445   -0.114707   -0.337088  -0.0598321   -0.350725   0.0641886   -0.210545   -0.633968   -0.377989    0.058564   -0.302185    0.157348   0.0703143    0.324255    0.164431   -0.346046   0.0753017 -0.00367725   -0.372596  -0.0959147   -0.421366    -0.17788   -0.253356    0.275269   -0.218098  -0.0211416   -0.399271   -0.046112    0.229173   0.0195154    0.357197  -0.0357304   -0.154582   -0.452034   -0.804009   -0.242119
  -0.302491    0.567032     0.67216     1.78056    -4.47101   -0.952663    -1.44634    0.799652    0.709476    -2.23624     2.50289    -1.32662    -1.33888   -0.562327    0.788241    0.193734  -0.0629604    0.764126    0.536138     1.04603    0.487403     1.06733   -0.686614   -0.426711    0.480595     1.14568   -0.577011    -1.26544   -0.601168    -0.16193    0.845269    -1.46591   -0.102681    -1.18807   -0.591821     0.43256    -0.01326   -0.123445    -1.02875    0.850084     0.29858   -0.240179   -0.681059    -1.74733    -1.52791   -0.247811    -1.41778    0.283507    -2.72607    0.846052
   0.415675     1.42886    0.425059    0.731906   -0.520275   -0.570782   -0.134161  -0.0608342     -0.2036    -1.62199   -0.290252     0.46971  -0.0180132    0.735257    0.826662    0.513793    0.100562    0.864104   -0.826886    0.720277    0.321439    0.421978    0.258645    -3.61611    0.833788    0.939606    0.455473     1.88692    0.320029   0.0232085     0.60206    0.542384    0.143505    0.283365   -0.136573    0.390112    0.482904  -0.0144161    -1.17521   -0.343189    0.973322     1.03572     1.50844     1.26592    -0.33302    0.168912    -1.29226    0.834788    0.940883      1.2014
  0.0457814  0.00215686   0.0318667    0.122642    -0.57696   -0.289038   -0.215083    -0.14244   0.0496334   -0.300959     0.15996    -0.49942   -0.233434   -0.332296   0.0769496 -0.00560528    0.323148    0.370277  -0.0963829   0.0222193   0.0180884   -0.126105   -0.486025   -0.469085    0.389367   -0.106127   -0.402417   -0.584276    0.165512   0.0470342  -0.0839116    -0.37927    0.164614    0.181304    -0.55684   0.0246539   0.0313284    0.175374   -0.144067   -0.177535     0.29298  -0.0733857 -0.00510547   -0.589754   -0.408872   0.0537084    -0.41596  0.00132187   -0.813856 -0.00609873
-0.312368
-0.525637
 -0.90871
 0.808056
-0.749104
 -1.48846
-0.673379
 0.440187
 -2.84424
 0.127677
 -1.91968
 0.788856
 -1.35518
 0.569758
  0.29753
 -0.12732
 -1.70401
-0.108709
-0.105558
-0.392377
 0.882336
-0.479481
  -2.9147
  -1.2565
 0.199336
-0.781386
 -0.63948
 0.215787
-0.365767
-0.476254
 0.404559
 0.655336
 0.189039
0.0205354
-0.645243
-0.123819
 0.549319
-0.327029
  1.05678
 -1.57552
  1.44594
-0.354949
 -1.49109
-0.779104
-0.184263
-0.563269
-0.635262
-0.140153
-0.758117
 -1.17097
1
4
50 10
   0.0170288     0.162267     0.311729     -1.73874      0.32951     -1.18009    -0.633961     -1.94403    -0.142597    -0.922457     0.582029     0.460253     0.448037     0.306563      1.06891     -1.38998      1.20738     0.485406     0.244426     -2.01394     -5.28136      1.41631    0.0841843     -2.58273      1.25072      1.41366     -1.02735     -3.25304     -1.52556      1.05031     -0.88084     0.796076      0.94974      1.82166    0.0677294   -0.0438818    -0.485874    -0.254621      1.28327      3.35862       1.8428    -0.294747      1.91934   -0.0818399     0.762378     -1.95773    -0.172228     -8.16891    0.0969064    -0.669388
  0.00623382      2.99643     0.356061   -0.0523037     0.196047     0.132478     0.407986   -0.0264984    0.0943759     0.213069     -5.80034     0.703564    -0.244688    -0.253391     0.744534     0.522631     0.928722      1.49718     0.772091     -2.10871      2.46903     -1.21623      0.14922     -1.04094   -0.0674313    -0.470095     0.333317      1.23248      2.19253     -2.21851     0.681449     0.672932    -0.390108    -0.549804    -0.349048     -0.20082    0.0189536    -0.294896      1.68114      1.67242     -10.7139      1.45086    -0.435782     0.326458      1.20057    -0.379276     0.409058      1.17497    -0.817973    -0.871904
   -0.640224      -1.3367     -3.33273      1.39463    -0.501488     0.106862       2.4795      1.62663   -0.0943643     -1.62663      2.34472    -0.904433      1.08419      1.47535     -8.41206     0.386105     0.805664      1.52341      -5.8724      1.44607     0.236776      2.43167    -0.207655     -1.50105    -0.513792     -1.62042      1.16841      1.10335    -0.204665    -0.623206      1.18299      1.48236      3.58456    -0.714062    -0.617608  -0.00216521    -0.518314     -1.12188     0.449646     0.320052      0.55794       0.2847     0.885762    -0.403404    -0.886492      1.03715    -0.558364      1.79744     -1.08698    0.0844205
   -0.305803      1.41561     0.559554    -0.588199     0.153558     -1.15924      1.20716     0.112134    0.0682868      1.52199     0.227425      1.06703     0.122362    0.0198613      1.17556       1.2844     0.147922      1.67103    -0.509279      1.45137     0.992766    0.0876937    -0.120376      1.39683     -6.52053       1.4957    -0.650491     0.343192     0.772632     0.755355    -0.623007     0.985008      1.03303     0.245021    0.0999285     0.168375     0.888935       0.4414      1.18471    -0.165484      1.53936      -7.6674     -3.03144    0.0573239    -0.586262    -0.336161     -0.25101     0.817666       4.0265     0.380093
   -0.532234      2.71061     0.537538      2.61298     0.437239       2.1753      1.13275     0.579562     0.210729    -0.313794     0.466654      1.14858    -0.105822    -0.661855      1.69894    -0.864542     -6.89273     0.877116    -0.402675 -0.000584462     0.312206     0.153077     0.102233      2.10556     0.866366     0.129865    -0.436827      0.49331    -0.379418     0.213123    -0.754355     -9.60865    -0.919203    -0.424546    0.0140643     0.394604    -0.686999     0.502478      1.53804     0.577997      1.13899      1.69795     0.126589     0.017058     0.580518      1.25239     0.160481     0.275756    0.0140439     0.878693
  -0.0214442      1.41565      1.12938      1.81988    -0.324695     -1.97543     -6.87058     0.555283     0.489324    -0.561114      1.09051     -1.35066     0.799372      1.19483     0.689649    -0.401686      1.59724      1.34031      1.41451     0.273111    -0.575505      1.35326    0.0484606      1.95371      3.35471     0.666575    -0.214196      -0.1489     0.203074     -1.10755    -0.679717     0.879287    -0.459607       1.0523     0.179364   -0.0988669     0.769915     0.479167     0.800202     -9.57314      1.69648     0.243518    -0.956854      0.11982    -0.737403     0.323104    -0.196717       1.1756  -0.00222765     0.137695
     0.30203     -8.25471     0.693975      2.22302    -0.800943      1.42649     -1.47185      1.10649      0.18634     0.112595   -0.0379151     0.460963     0.842882     -2.83699    -0.546488     -1.21976      2.13494      0.29794      2.68077      1.48057     0.510777    -0.203107    0.0736303      0.68432   -0.0457226    -0.344812    -0.826129      0.88896      1.40517    -0.437405    -0.900152     0.992943     -6.89999     0.945093     0.102947     -0.03026      1.71823     0.123003    -0.467136      2.67851      1.51791    -0.161546      1.10933     0.408374     -2.24156     0.694524     0.462004     0.365306    -0.987125     -0.37774
     1.04982    -0.585606     0.406432     -1.34592     0.965561    0.0858662      1.14915    -0.495214     0.195917      1.33446      1.96864    -0.613671     0.499224     0.503514      1.87596      1.22305   -0.0349896      1.36567     0.854485     -0.24568     0.198648     -3.63246     0.162473     -1.68543     0.124551     -0.89425    -0.360136     0.103936     -5.00989      2.05127      1.52514      1.75457      2.38472     -1.60919     0.180529     0.066241    -0.686407     0.675103     -7.00655      1.23721   -0.0831798      1.60668     0.815076     0.048621     0.620687      1.12165    -0.983905      1.65284      -1.2905     0.513474
  -0.0332957      1.12649    -0.681511     -3.98133    0.0618433     0.278053      2.17848    -0.932375    -0.196053     0.457767    -0.674573     -1.05316     -3.24201    -0.102478      1.48398      1.41771     0.552219     -8.52974      0.84792   -0.0764606     0.978903    -0.210973    -0.129841    -0.128729      1.14134    -0.433535      2.38339   -0.0894738      2.68909     0.240456     0.380842      2.07794      1.01825    -0.897071    0.0802853    -0.194893     -1.23024      -1.0749     0.703215    -0.154817      2.45218      2.60104    -0.827495    -0.284813     0.585842      -1.0445     0.706286     0.953862      0.45976     0.224666
   -0.013184    0.0248248    0.0173189     0.018229     0.105291    0.0601331   -0.0312955    0.0356016     0.117856    0.0222663   0.00386328   -0.0015267    0.0152363   -0.0439135   -0.0325857    0.0331383    0.0136146    -0.023997   0.00743006   -0.0171992   -0.0254494    0.0435633    0.0836926   -0.0452541   -0.0205348     0.067584   0.00553782    0.0168504   -0.0311849    0.0150356    0.0386705   0.00788345   -0.0216944    0.0160549    0.0873069    0.0252228   0.00512396   -0.0369127   -0.0845197    -0.005819    0.0021604    0.0494374    0.0212964    0.0628972    0.0318087   -0.0379261    0.0349223   -0.0332785    0.0343944   -0.0206119
   2.33611
    2.0547
  0.877058
  -3.07602
  0.691686
  0.129863
  0.721811
  0.013664
 -0.931065
-0.0138797
