3 16 0.5 1300
1
1
9 50
  -0.154944    0.717604    -0.99879     1.22274     2.20317    0.853432   -0.986532    -1.14068   -0.197914
   0.071142   0.0154057    0.352495    -3.66678    0.315955    0.142949    0.142175    0.380795    0.251882
   0.357043    -2.78739    0.339237   0.0394673    0.804841   -0.882952    0.221264   -0.275089   -0.414039
    1.61176   0.0476432    -1.99745    0.883175   0.0181658  0.00597504   -0.173869     2.66741     1.47824
   -4.32185    0.146186   -0.696927    0.478037     0.29335   0.0498227   -0.457585   0.0337178  0.00734252
  -0.197898    0.134187    -1.08498    0.683115    -1.36406   -0.339243    0.174752   -0.505382     2.26825
   -1.11461    -0.73819    0.245538     1.09629    0.746606    0.282577     2.51231    0.471904     -2.9862
    1.51865    -1.69351   -0.456153   -0.106221   -0.838561   -0.710693    0.906713   -0.535519    -1.67233
    1.27938     1.06206   -0.142818     1.07428    0.313734    0.459333    0.240907    -2.40199    -1.66779
   -2.14394   -0.978802    -2.57866     2.27999    -1.66206  -0.0118146   -0.532734     1.18181    -1.62828
      3.336     1.54665   -0.196212   0.0243817    0.721259    -2.06849    0.380184    -1.47921   -0.177612
  -0.722446     1.01789    0.867537   -0.955685     1.96886    -1.09718    0.674892    -1.81734    0.190298
   -2.43099     1.28292   -0.685603     1.21835     1.30358    0.878671    -0.96877  -0.0367271    0.703514
   -1.95534   -0.318828    0.044273    -1.52236    -1.03468    -0.48589     2.93206    0.185634   -0.635884
    1.89035   -0.212753     1.23578    -1.31691   -0.780392    -1.73719     2.43743    -1.66725     1.77042
    0.66306   -0.871325    0.425929    0.969956  -0.0223713   -0.178609   0.0292218     2.27655   -0.391395
    1.01141    -1.36952   -0.673607    0.423925     -1.2294    0.865009   -0.817469      -1.579     3.98436
    1.04463      -1.681    0.750121    0.350435    0.861265     1.41154    0.356573    -3.61704   -0.385244
  0.0629191   -0.573597     4.94479    0.525251    -1.00082    -1.00269    0.719573   -0.367945  0.00514113
   0.336969   -0.312919    -0.57152   -0.681496   -0.141419     5.39602   -0.380578   -0.297898   -0.628224
    0.65416    0.449884    -2.21062    0.210843   0.0866095   -0.190101    0.413336    0.125066   -0.651647
   0.895856    -1.41577     1.16331    -1.08522   -0.313622   -0.175147   -0.151433     2.20324   -0.265849
  -0.734895    0.200312   0.0126861    0.680123    -3.73465    0.195711     0.82549     1.25146    0.723099
  -0.262049    -1.40653    -1.34251     4.74733   -0.709317   -0.840119   -0.766434    -1.33311   -0.423508
   0.720199    -4.13513  -0.0362186    0.616971    0.142732    -0.16759   -0.789702    0.932149    -0.52757
    1.72466   -0.213649    -1.62616   -0.818567    0.469773     1.60335   -0.162822   -0.616386    0.515206
   -1.28689    0.529038 -0.00820097   -0.955852   -0.725211   -0.322173     3.54137    -0.45027   -0.890212
   -1.09111    0.576547     1.54714    -2.86154    -1.04769    0.688159    0.342577   -0.718038    0.314963
  -0.517057    -3.85535    0.107421     0.98256    0.126422    0.783992     1.38996    0.624398     1.36512
   0.112592    -3.53266    0.699799     1.00697     1.32413    0.729681     1.22782    -2.59297     1.79614
    1.28927     1.03092   -0.360015  0.00567595    0.154998   -0.392835    -3.45319    0.874734   -0.095278
   -1.35133  -0.0940847    -3.04682    0.317523    0.303152    0.533351   -0.110981    0.951421    -1.26796
   0.540737    -2.29643   -0.108132      1.3304    0.754505    0.706294   -0.653548   -0.155537    0.452894
   -1.84376    -1.22825    -1.26404   -0.362668   -0.638898     4.61687    -2.61606    -1.10502   -0.524324
   0.161954    0.488815   -0.635363   -0.410589     2.91445    -2.22955     1.48662     1.47647    0.909796
   0.936878    0.146951     -2.4427    0.713914     1.37848   -0.158205    0.620902   -0.856336     1.19224
   0.744287    0.803946     2.77642    0.451395     1.34661    0.104791    -1.10617     1.07107    0.299678
   0.622469     0.59187     1.19684   -0.100131    0.916266     1.13449    -1.82888    -3.35485   -0.676628
   -1.10785    0.238133   0.0855848     1.12128   -0.238315  -0.0253951    -1.76607    0.164546   -0.748577
   0.647516   -0.617996   -0.135465      0.7153   -0.369814    -1.27524    0.239305   -0.655695    -3.21473
   0.196458    -1.13226    -2.06206    0.484276   -0.791265    0.698198   -0.805544     1.20552     2.17463
   -1.16047  -0.0211497     1.54096    -1.53784    -2.12029    0.207156     2.03631     1.07408    -1.25944
  -0.206049   -0.462244   -0.190687     -1.8149     2.70685    0.452668   -0.850397    0.264551      1.7976
   -2.11793    -1.35808     1.89165    -1.08869    0.530969     1.85508    0.312632   -0.955953    0.922349
   -1.40987     1.12835   -0.399173   -0.187374   -0.192328    -1.44032    0.951982    0.544022     2.85327
  -0.834118     1.94172     1.29457   -0.701491    -2.71355   -0.629327    -1.97711    -1.37645    -1.47252
   -1.24629   -0.581438     2.43106     1.24605   -0.881346   -0.363602    0.234972    -1.15151     -1.4159
    0.76306    0.756004   -0.313605    0.384342     0.17735    0.330722    -1.52426    0.566712    -3.51205
    -1.7569    0.852789  -0.0706686   -0.548045     3.06733   -0.192749    0.564737     2.11269  -0.0267406
   0.413941    0.958829     -0.5497    -1.90514    -1.29203   -0.739284    -1.37877      1.7412    0.147764
  0.849339
  -1.42966
  0.761425
 -0.180301
   2.06253
 0.0997809
 -0.780214
 -0.202848
 -0.620378
  -1.17596
-0.0856756
  0.922984
 -0.407423
  -1.69438
  -1.11949
  -2.28156
  -1.78878
 -0.734564
   1.79269
   1.77783
  -1.42466
  0.544497
  -1.87623
  -2.21943
  -1.48114
  -0.60324
   1.08847
 -0.304428
  -0.39597
  0.219283
  0.338674
  0.731896
  -1.32314
  -1.16886
-0.0315473
   1.03183
  0.639474
  -1.64644
  -1.02379
  0.349392
  -1.01631
  -0.85893
  0.422451
  -0.78126
   1.04045
  0.177274
   -1.6224
  -1.90048
  -1.59542
 -0.773468
1
1
50 50
   -0.647521     -0.25646    -0.395671    -0.614385    -0.367064    -0.250923     -0.23327   -0.0776251    -0.148658     0.175139    -0.468573    -0.340735   -0.0568171    -0.182769      0.12014    -0.227052     0.518487    -0.164918     0.152371    -0.381172    -0.103066     0.192714     0.704338   -0.0555261     0.197771    -0.120624    -0.503233    -0.228983    -0.225072     0.105142    -0.289412    -0.623258    -0.426602    -0.070634    -0.524039    -0.755206      0.12781     0.164107   -0.0183032    -0.468758    -0.321079    -0.184484    -0.495574    0.0381921    -0.308774      0.10992     0.315452   -0.0498922    -0.279516    0.0888895
    0.235198   -0.0717581    0.0267224    -0.570632     -1.17519     0.409702       1.4484    -0.711944     0.570223   -0.0921199     0.380911   -0.0236526    -0.497577      2.08508      1.94903    -0.120806    -0.385979     0.569768     -1.74414     0.823678     0.854816     -0.84804    -0.537553     0.211654    -0.978351     0.595511     0.692816    0.0430417   -0.0376134     0.326515     -2.61314     0.391041     -1.29289     -1.02728    -0.494292     0.584867     -2.14581    -0.534332    -0.925054    -0.287945    -0.318475     0.815882     -1.46733     0.311744     0.413298     -2.15574    -0.983382     -1.15679    -0.243111     -1.09881
     0.51712     -1.02417     0.183512     0.343857     0.589249     0.022894    -0.663057   -0.0625416    -0.196179   -0.0996517     0.492878   -0.0129281    -0.415112    -0.728538   -0.0228671    -0.463991     -0.18803    -0.640721     -1.55965      1.38895     0.521413    -0.265388    -0.792178    -0.680066    -0.501999     0.300068     0.252255    -0.364617    -0.324874   -0.0525846     0.271564     0.841905    -0.443474     -0.22242    -0.347103     0.477138    -0.361904    -0.669056    -0.694555    -0.141232     0.402569    -0.367621   -0.0954596    -0.318295     0.572137    -0.235725    -0.515582   -0.0490216    -0.479398     -0.25721
    0.125064    -0.752349     -1.54596    -0.678511     0.271479     0.305001     -1.61157     -1.82577    -0.240028     0.258623    -0.645268    -0.420174      1.09391    -0.741023     0.712659    -0.506184      1.62498     -1.57679    -0.512427    -0.262363    -0.652959     -1.05014    -0.330871      1.30062    -0.853898    -0.347365     0.242423   -0.0914889    -0.466256      0.29986      -1.3139    -0.602379     -1.05511      -0.4473     0.060784     0.110324    -0.347509     -0.06882     0.345361     -2.33657     -0.30136     -1.27335    -0.643381     0.763011     0.524681    -0.232295   -0.0765829     -1.17839      0.10438     -1.04062
   -0.255228    -0.506931     0.288934     -0.28047    -0.206191    -0.324015     -0.31212    -0.294454    -0.309379    -0.364061    -0.023246    0.0795313    0.0523413    -0.370227    -0.408027   -0.0808947    -0.061447    0.0507057     0.257901    -0.506891    -0.372925     0.138177    -0.213729    -0.121482      0.22107     -0.36936    -0.577187    -0.299206    -0.141197    -0.154483     0.229471    -0.769046     0.166368    -0.342478    0.0272561    -0.168144     0.149603   -0.0480656     0.459977    -0.102989    -0.518143    -0.510241     0.098096    -0.260154   -0.0292825     0.315823      0.15193      0.12824    -0.597313  -0.00383409
   -0.165528     0.133472    -0.102119     0.347577    -0.865245    -0.355426     -1.30163     0.389445     0.170985     -1.28173     0.621367    -0.750404    -0.597626    0.0662977     0.601378     -0.11718     0.148532     0.809496    -0.598744   -0.0066624      -0.2025    -0.456222     -1.23482    -0.688831     0.135639     0.724039      0.36931     0.653807      -0.3347      0.38477   -0.0456314   -0.0356413   -0.0694371      1.22444     -1.83563    -0.328336    -0.704544    -0.113547    -0.814071   -0.0427554     0.493785     0.255838    0.0532244     0.328991     -0.94024     0.191398     -1.09777  -0.00885915     -1.68147     0.664985
   0.0646669    -0.257381     0.350102    -0.614628  -0.00734626     0.738122    -0.225316    0.0765908    -0.755541    -0.944421       1.2061      1.19101    -0.609657    -0.577141     0.221958    -0.733844      -1.1555     -1.57149      1.92597     -4.87542   -0.0756131     0.168203     -1.07114    -0.176537    -0.268874     -1.49691    -0.408645      -1.3538    -0.318291    -0.474746    0.0831033     0.180609   -0.0350781     -1.29685        1.841     0.703313     0.797868     -1.07916    -0.405805     0.154735    -0.753799    -0.755589     0.696626     -1.90991      1.51548      0.25012    0.0730334    -0.848571    -0.801996    -0.213187
   -0.575835     0.205714    -0.070339     0.837811     -1.46798    -0.784483    -0.303645    -0.121558    -0.771989    -0.555081    0.0701651     -1.44688    -0.291125    -0.251684    -0.237337      1.15978    -0.408944    -0.382113      1.07725     0.762398    -0.570301     0.125271    -0.343368   -0.0824451     0.577644     0.201829   -0.0752477    -0.681897     0.214908    -0.922577    0.0275014    -0.725856     0.112733    -0.512592    -0.225568     -0.65988     0.331842    -0.883497    -0.813437     0.120534   -0.0137152    -0.189417     -0.50847    -0.807093    -0.385271     -1.32051     -1.09331    0.0215344     -0.59657     0.439449
   0.0693982    0.0558762     0.180555    0.0537183    -0.176435    -0.141693    -0.231117   -0.0266258     0.154713    -0.271802     0.386741   -0.0842952    -0.195962     0.144462    0.0456929     0.180457    -0.144962    0.0697441     0.104222     0.321253   -0.0630039     0.139455    0.0596322   -0.0425947    0.0938252    -0.176885     0.180517     0.035306    -0.429204     -0.10792    0.0902169    -0.182564    0.0458802    -0.166602    -0.202664    -0.184315    -0.150988    -0.159039    -0.144447     0.243747    -0.382095    -0.204299   0.00375209    -0.166804      0.13168    -0.123638    -0.112335    0.0338783     0.240326    -0.294187
   -0.420858    -0.132262   0.00755678    -0.278357     -0.79104    -0.407595   -0.0566776   -0.0339494   -0.0110653     -1.02944     0.109513     0.491501    -0.260425     -1.45754     0.296688    -0.354083    -0.699023    -0.690355     0.776848    -0.644213    -0.316934      1.31786    0.0479571     -3.05345   -0.0662186    -0.710672     -0.46707    -0.517726    -0.267542    -0.133933     0.460584    -0.837118   -0.0522077    -0.260558    -0.122374     -1.23267       1.1558      0.57882     0.487073     0.010823    -0.383254   -0.0735314    -0.201997      -0.1542     0.379704     0.975296     0.967036    0.0172372    -0.254741      0.55172
    0.050651   -0.0155335       1.0697     0.413412     0.184101    -0.612005     0.422792     0.872128     -1.08209    -0.214311     -1.11408    -0.468517     -1.41619     -0.50109    -0.252311    -0.333506    0.0733193     0.630625      1.63473      1.24003     -0.92185      1.07575     -1.50786    -0.760847      2.40368     0.122797    -0.329847    -0.982461      1.59339     0.880889     -1.07725    -0.110952      1.26879    -0.607192    -0.628542     0.331443     0.636347     -1.00061    -0.550006     0.217532     0.704593    -0.644131     0.380501    -0.323306    -0.285195     -1.19212     -0.37863    -0.695979     -1.16888    -0.451395
   -0.212825     -1.49062   -0.0179273 -0.000312993      0.52058     0.535735     -2.22594    -0.708711    -0.574231    -0.862599    -0.155059    -0.343608   -0.0872951     -1.68974     0.474616    -0.305322     0.929002     -1.22333    -0.447659    -0.823935    -0.664514   -0.0721622    -0.081664    -0.954975    -0.374895    -0.606671     0.388857     0.260513     0.443714     0.412289   -0.0336382    -0.409691    -0.470157     0.607083    -0.426075    -0.232998     0.222281   -0.0332367   -0.0901133     -1.53785   -0.0170645    -0.532993    0.0566301     0.467253     0.450686     0.716321    0.0519536    -0.388531    -0.576177     -0.47061
   0.0311549    -0.123128     0.583323   -0.0790577    0.0440096    -0.891147     0.836291     0.634537     0.479424     0.127836     0.316715     -0.22493     -0.67108    -0.257218    -0.476838     0.154959    -0.525594   -0.0575589   -0.0754098  -0.00249632     0.024211    -0.227195    -0.762928    -0.337583     0.379697     -0.46761       0.1705    -0.631781    -0.726626    -0.480984     0.237805     0.166403     -0.20052    -0.129594    -0.396042    -0.378877   -0.0496725   -0.0117396   0.00754848     0.352469    -0.585749     -0.11902     -0.67261     -0.44577     -0.72543     0.492549     0.471359      1.06622    -0.251909    -0.230388
   0.0465425    -0.810493     -0.77421   -0.0794752   -0.0516762     0.435368      1.50793    -0.108977     0.151425    -0.610438     0.219105    -0.413878    -0.712853      1.76102      1.11803    -0.354994    -0.391697     0.344262     0.481571      1.34738     0.247282     0.297498    -0.513615    0.0560815     -0.00642    0.0391376     0.856477     0.117113    0.0220417     0.188226     -2.18144     0.764378    -0.284399     -2.23932     0.254929     0.471287    -0.846519     -2.04841     -1.87005    -0.226394    -0.398712      1.49733     -1.13775     0.102692   -0.0749215     -1.12171     -1.29255    -0.498606     0.305987     -1.35644
    -1.66434      0.41946     0.865614     -2.11963    -0.581899    -0.601677     0.212821    -0.175091    -0.846732     -1.20969     -1.51125     0.435293     0.213021     -1.29594    -0.829896     0.100952     -1.10786     0.348428     0.618695     -1.01795     -1.35936      1.04211     0.198312    -0.513302     0.520413     -1.55525     -1.51512     0.281625     0.176373     0.444367     0.699766     -2.33982     0.884175     -1.07117    -0.404578      -2.6145     0.737466      1.42502      1.19186    -0.428537     -1.52566 -0.000692919     0.597937     0.703519    -0.600887      1.81736      2.17714    -0.489109    -0.838645   -0.0958268
    0.471903    -0.759709     0.361053     0.312553    -0.204805     0.504193     0.355626    -0.700512    -0.627246    -0.385014    -0.354105     0.219652     0.987805    -0.571713   -0.0917497   -0.0741239    -0.899979    -0.237427   -0.0715896     -1.18551      -0.2315   -0.0204129    -0.713492     -1.39398    -0.265987    -0.767799    -0.133789     0.791744     0.531834     0.428025     0.525265    0.0681123    0.0402736     0.231169     0.575966     0.211243     0.639389    -0.193999     0.160046    0.0824303    -0.124718    -0.165844     0.815075     0.516302       1.1613    -0.893134    -0.450171     -1.08162      1.04261    -0.114753
     1.31322     0.180077     0.398358   -0.0529485     0.448883     -1.69312     0.992138    -0.918159     0.230698     -1.92283     0.567122     0.568987     0.483039     -1.99185     -1.50686    -0.013009     -1.51684     0.599662     0.455688      1.47381    -0.656216    -0.104644     -1.28193     -1.19983    -0.317041   0.00873185     0.348064    -0.645281    -0.135628        1.178     0.698152    -0.476258     0.316547     -1.45055      2.42833     0.655407      1.34844      0.41707     -0.82974     0.185578     -1.18306     -2.27017      1.25824    -0.108057    -0.707241     -2.77015    -0.873747     0.524823      2.24346     -1.35396
   -0.153258    -0.597083     -1.11382     0.924617     0.568265      1.26346     -2.19665     -1.76866    -0.779419    -0.740407   -0.0951843     -0.14487    -0.062451    -0.734006      1.92262     -0.81398      3.08101     -1.14237    -0.367508     0.230618     -0.91235    0.0284142     0.583891     0.768037     -1.52831    -0.275754    -0.896117     0.497338    0.0291867     0.666707    -0.888388     -1.04944     -0.57892    -0.407179     0.292165     0.586304    -0.109199     -1.15458    -0.075527     -3.05068       1.2118    -0.959864     0.856757      0.43565      1.35649    -0.559264     -0.26825     -1.88209    -0.587524    -0.714115
   0.0861775    0.0852499   -0.0370233     0.922252    0.0207981    -0.508317     -1.01444    -0.221718    -0.159458     0.885232     0.918696    -0.792225    -0.236429    -0.130474    -0.350266    -0.278505     0.219044    -0.606799      -3.1909     0.501566      1.20716    -0.466333    0.0898914      0.37459    -0.352698     0.789955     0.759854    -0.972501    -0.493833    -0.227984     0.887876     0.830203    -0.804575    0.0498127     0.507441     0.472703     -1.78061    -0.409879    -0.586221 -0.000657506     0.551428     -1.25838     -0.20417    -0.983231    -0.101415     -1.09055     -1.12683    0.0397214     0.375954     0.312807
    0.628011     -1.18978     -1.31483    -0.931649   -0.0521229     0.070292    -0.668758     -1.34223    0.0939878      0.39408    -0.141571      0.28891      1.00349    -0.764846     -0.10204    -0.336633     -0.31836     -1.32849    0.0225693   -0.0803803    -0.321768    -0.540237    -0.340949    -0.275316    -0.712986    -0.199725     0.934086     0.383628     -1.46049    -0.575203    -0.899011     0.520177    -0.983163     0.328047   -0.0406369     0.570294     0.206284    -0.256155    -0.370826    -0.678447    -0.408436    -0.130021     -0.70899     0.200927     0.642545     0.500306    -0.400248    -0.748374      1.00507    -0.844599
    0.150008    -0.543202    -0.502936    -0.960851     0.615525     0.364754     0.695789       -1.473     -1.16866     0.501145     -2.20762    0.0776431      1.40436     0.571024    -0.450383    -0.599133    -0.963394    -0.900245    -0.544816      -0.1767    -0.284934    -0.482631     0.539051   -0.0576366     -2.45466     -1.12982    -0.406388     0.734295      1.29415     0.115328    -0.274843    0.0243401    -0.815725     0.359741     0.223846     -0.97789    0.0567888    -0.841152     0.548067    -0.508242    -0.697635     0.135671    -0.112855       1.0097      1.30817      -0.5037     0.668133     -1.18563      1.83254    -0.970278
    -1.05972     0.385383     0.163859      1.23795    -0.436569    -0.858927   -0.0816812    0.0884569     -1.33686     0.106179    -0.855848     -1.13984    -0.152024    -0.610168    -0.994228      1.49542    -0.546334     -1.17852      1.29735    0.0864942    -0.642587     0.614275     0.252562    -0.583028     0.578838    -0.709632    -0.462751    -0.610497     0.418182     -1.40391   -0.0597171    -0.157305     0.106426    -0.720931     0.402251    -0.821175     0.743362     -1.24555     0.089379     0.192483     0.354249    -0.146349    0.0839152    -0.734602    -0.986253    -0.782471    -0.693639     0.301924       0.6023     0.856811
    0.045761    -0.197282   -0.0776254    0.0250268    -0.188958    -0.215933    -0.448768    0.0919896    -0.197372    0.0651312    -0.150095    0.0557952    -0.148143    0.0787452   -0.0433027     0.127919   -0.0211123     0.325137    -0.247173     0.110917   -0.0182935    -0.102549    0.0876566    -0.147423   -0.0389927     0.181433     0.173751    0.0381817     0.198979    -0.117774    0.0541537     0.140021    -0.163738    -0.220199  -0.00753762    -0.217278    -0.190949     -0.17696      0.23751     0.131075   -0.0570799    0.0100688    0.0571685  -0.00761351    -0.102166   -0.0437181     0.111352    -0.196439   -0.0377925    -0.215736
    -1.68744     0.655212    0.0604629     0.617479     -1.83217    -0.825641    -0.168506     -0.29165     -0.52244     -1.19042     0.135334     -1.29472    -0.897337    -0.759686    -0.335278      1.30808    -0.751402    -0.725729  -0.00430022    -0.194393    -0.205902     0.507759     0.126759    -0.983415     0.186548    -0.627682     -1.04006    -0.161498   -0.0655458     -1.01133      0.58885     -2.06891     0.448835     -1.00871    -0.619784      -1.6852      0.17716    -0.435722   -0.0634096     0.419638    -0.271468      0.50957   -0.0488389     -1.05754    -0.553306       0.8864     0.174547    -0.128008    -0.987674     0.627885
   -0.487991      3.46411     0.205517    -0.606358     0.084871      -1.6184     -1.21709    -0.549421     -1.49495      -2.1569    0.0345214     0.324184     -1.50431     0.516226     0.648885    -0.891447    -0.904385     -0.27897    0.0524087         3.16    -0.298807   -0.0765097     -1.49881     -2.02144    -0.612731     0.567415     -0.36482      1.21696     -0.82223     -1.02998    -0.563719    -0.620356    -0.939731     -2.07705     0.609159  -0.00141631    -0.411274     -1.16147     -1.37807    -0.687448    -0.598832     0.619755     0.847564     0.877675   -0.0484169    -0.568164     -1.74587    -0.587012     0.371304      1.37449
    -0.98283      0.47743    0.0275709    0.0245722    -0.470792    -0.680094    0.0753584     -0.29823    -0.853837     -0.38946     -1.07148    -0.675519   -0.0832727    -0.787772    -0.751444     0.896146     -0.47816     -1.28854     0.073039     -1.13116    -0.513914      0.27216     0.325504    -0.812235     0.649671     -1.23375    -0.750947    -0.648614      0.55081    -0.191548     0.100425     -1.27013     0.808551    -0.631459      0.17356     -1.20178    -0.099707    -0.399667     0.731635    0.0561289    -0.264512   0.00591442       0.1293    -0.018566     -0.55627     0.424351      1.49554    -0.143846    0.0705631     0.176822
  -0.0278272   -0.0842572    -0.463975    -0.630713     0.168021      1.13017     0.640517    -0.628508     0.272477      1.28528    -0.967472    -0.257217     0.765556     0.651827     -1.21097    -0.323416     -1.83954     0.449851   -0.0382782     -1.25565    0.0963597     -1.32859     0.630701      1.42715     -0.47762    -0.465115    -0.145348    -0.439279     0.803633    -0.107484     -1.08359     0.444029     0.315082     0.281755   -0.0547117     0.566379    -0.549621    0.0723623     0.255023     0.471655    -0.366158   -0.0737128     -0.50613     0.470908      1.33583    -0.264298   -0.0925883     -2.07105    -0.286219     -1.17562
     1.32411    -0.844513    -0.421536     -1.25745     0.990904      1.04788    -0.709234     -1.21461    -0.605941    0.0987923    -0.942575     0.572899      1.97886    -0.657566     -0.74738     -0.48752    -0.236649     -1.12577     0.601659       0.8585     -1.06329    -0.707802    -0.453351    -0.735293     -2.36277     -0.88121      1.24177  0.000305559    -0.283052     0.363813    -0.193398     0.963902    -0.811906     0.729608    -0.741809     0.147519     0.491941    -0.522673     0.417466     -1.16609    -0.410324    -0.252867     0.611314      1.42824      2.21731    -0.226976     0.150253     -2.14998     0.312053     -1.05721
    0.432482    -0.814129     0.051785     -1.02728    -0.663262      1.32209    -0.974787    -0.199056      1.33542    -0.567137     0.476283      0.69169    -0.112227     -0.53221     0.240483    -0.913675     0.231088      1.29354    -0.869651   -0.0991972    0.0586817     -1.47152    -0.974397     0.383497     -1.29238      0.20775    -0.186252     0.883999     0.123224      1.51969    -0.233032    -0.331415    -0.347283     0.748364     -1.50809     0.660728    -0.829575      1.76679    -0.431763     0.441039    -0.419475    -0.569092    -0.105012      1.08156     0.843171    -0.348255     -0.16042     -1.24207     -1.94627     -1.28973
    -1.22219     0.535021     0.361315     -0.89162     0.172489    -0.786237     0.340147     0.370153    -0.810581    -0.245463     -1.30262    0.0280812    -0.202102     -0.45562    -0.285546    -0.441905    0.0375833      1.07092    -0.698881    -0.677182    -0.270894     0.828621      1.28817    -0.951274      1.11541   -0.0497002    -0.694089    -0.626253     0.447325      1.45667    -0.437383    -0.567922     0.691121    -0.834474    -0.028815    -0.805501     0.124273     0.333758    -0.157337     -0.45957   -0.0742154     -0.33364    -0.159347     0.409651      -1.0832     -0.73051     0.587491    -0.137951     0.283927    -0.389408
    -0.90863    -0.724733    -0.396837    -0.122086    -0.595055     0.219679     -1.20168    -0.339699    -0.581471     0.322865    -0.321687    -0.391056   -0.0521741    -0.796503    -0.743827    -0.417038     0.469281    -0.208725     0.347787    -0.708609    -0.219242     0.307303      1.10949    0.0379552     0.111985    -0.168184     -1.08049    -0.851452     -0.26863    -0.686186     0.112343    -0.241096    0.0264437     0.565122    -0.327636     -0.58663     0.339887    -0.515029     0.189853    -0.546721     0.373957    -0.688729    -0.292969    -0.812722     -0.35884    -0.144227     -0.34296    -0.182574    -0.743327   -0.0662285
    -1.87239     -1.23629    -0.757013   -0.0879799     -1.11811      1.81427    -0.853268    -0.311526     0.125165     0.983972     0.286741     -1.07375    -0.606562     0.974702     0.925504     0.096141     0.365422     -1.12936   -0.0398443     0.094629     0.100803     0.836125      3.03372    -0.116144    -0.759053    -0.111406     0.198507     0.274955      0.42161     -1.04061    -0.741228     -0.72208    -0.320698     0.892223     -2.72222     -1.06991    -0.396863     -1.37301    -0.325813    -0.441066      0.79215      1.54804     -2.41338   -0.0444689      1.15559      1.21766     0.054648     -1.15163     -1.96926   -0.0143736
    0.463625     0.302437     -1.00394       0.4216   -0.0927692    -0.812795     -1.71407    -0.691606    -0.281673     0.413478    -0.692362    -0.134485     0.929173     -2.61458     -2.60727    -0.484654     0.788153    -0.105187      2.27572    -0.559932     -1.13441     0.915232     0.168526    -0.361312      0.99058    -0.114385     -3.36678     -1.57867     -1.15121     -1.42564      2.36326     -0.30572     0.961604     0.802601  -0.00882255   -0.0547591      1.95774     0.683295     0.967422      -1.0784     0.191919      -1.7325     0.547602     -1.35838     -1.54573     0.501987    -0.728296     0.663662     -0.49853     0.483533
   -0.802461     0.291952     0.146365     0.204002     0.135959    -0.297711     0.856929     0.365871    -0.625914    -0.361549     -1.04135    -0.390281    -0.761468    -0.187096    -0.341093     0.490631    -0.686373    -0.844748    -0.521985     0.206192    -0.441609     0.300826     0.846769      -0.6542    0.0682656    -0.972128      -0.2808    -0.138334     0.712436    -0.406929    -0.125698    -0.610581     0.297111    -0.766727     0.323082     -1.07101    -0.557808     -1.05302     0.511025     0.500362    -0.588116     0.665148    -0.404059     -0.42922    -0.921637     0.526317     0.756038     0.307784      0.22957     0.152193
   -0.287442   -0.0664481    -0.389477     -0.12453  -0.00608104   -0.0853757    -0.102793    -0.139656     0.172902    -0.174266    0.0626603     -0.33353      0.09613     0.140626   -0.0132983   -0.0903916   -0.0259065     -0.40826    -0.477683 -0.000459348      0.09834    -0.211544   -0.0816251    -0.304008    -0.250606    -0.056848 -0.000153827    -0.147978    -0.480311    -0.392213      0.22648    -0.327219    -0.152048    -0.164856   -0.0787522    -0.140047    -0.383847   -0.0892305   -0.0273739    0.0279656    -0.275998    -0.384399    0.0332898    0.0673657     0.160703  0.000916574    -0.255343    -0.246699 -0.000329016    -0.285569
  -0.0522615   -0.0328315    -0.106517    -0.286923    -0.532693    -0.132588     -0.31586    -0.285781    -0.339319    -0.286477    -0.234888    -0.346484   -0.0952269    -0.177446    -0.141651    0.0393308    0.0849757    -0.369124    -0.130687    -0.343133    -0.078855    0.0480916    -0.309707    0.0115306    0.0242683    -0.274476   -0.0199727   -0.0929043    -0.300445    -0.123518     0.046141     0.068976   -0.0531576   -0.0219576    -0.225684    -0.172062    0.0557887   -0.0207455   -0.0883656   0.00467565    -0.346516     0.112225    -0.260495    -0.217237    -0.177104    -0.247056    -0.195883   -0.0870511   -0.0585163  -0.00835788
    -0.80371     0.466357    -0.273971     -1.13428     -2.02783    -0.576566     0.201844    -0.300201    -0.136131     -1.77202     0.682647     0.321198    -0.399119     -1.18549     0.256003     -0.36683    -0.822467     0.116407     0.185911     0.491747    -0.260315     0.529899     0.124047      -1.0634    -0.266642    -0.282603     0.555954    0.0279092     -0.38997     0.573543     0.181157     -1.67594    -0.276626     -1.00331    0.0463486     -1.16718     0.228292     0.803766    -0.711362    -0.225855      -1.3684     0.295403     -0.19449   -0.0676896    -0.448319     0.284973    -0.140034     0.125669    -0.120192    -0.128569
   -0.115925     0.103386   -0.0860127    -0.359433    -0.512225    -0.568052      0.19068   -0.0270184      0.19615    -0.242309   -0.0218977    -0.139713    -0.280915    -0.604526    -0.378275    -0.133484    -0.531409 -0.000122582    -0.238078    0.0571725    -0.023126     0.246903    -0.215399     -0.83159     0.263526    -0.501742    -0.218008    -0.446448    -0.341155   -0.0318287     0.345604    -0.622176    -0.128286    -0.309581    -0.189893    -0.412335     0.107618     0.530523    0.0918201    0.0774808    -0.459648   0.00801323    -0.533644    -0.309116    -0.808368     0.610063     0.249015     0.567392    -0.344522    0.0718154
    -1.40869     0.613028     0.141802      1.55562    -0.361837    -0.627466    -0.455571    0.0704751     -1.50237     0.708031    -0.960779     -1.56858    -0.456306   -0.0519065     -1.33116      2.07025     -1.21476     -2.33503     0.307987    -0.943369    -0.291829     0.463378       0.3969     -1.25119     0.514309    -0.824226   -0.0694033    -0.571778      0.83929     -2.42596     0.548913   -0.0802515   -0.0138571     0.220664     0.240407     -1.16405  -0.00623816     -2.50597     0.408168      0.32228     0.844976     0.506268     0.101613    -0.917946     -0.71059    -0.359237    -0.150765    0.0196579      1.19813      1.36214
    0.274168     0.519493    -0.326858     0.221663     -0.18457    -0.902962   -0.0418397    0.0788777     0.312683      -0.8424     -2.03131     -1.13642     -0.59129     0.514088      -1.5333      0.19528    -0.928414        1.603     -2.19912     0.258291     0.103731     -0.88376    -0.728138     -1.13329    -0.486495      1.19431    0.0160024      1.85783      0.30322    -0.385595    -0.450319     0.346624    -0.129861      4.43808      -2.7055    0.0123968      -1.0944    0.0980097     -0.52618     -0.15684     0.604027     0.890243     0.381956      1.41602     -1.43811   -0.0732905    -0.431345     0.987243    -0.592755     0.409128
    0.561947    -0.789634     -2.56557     -1.50171     0.894589      1.00829     -1.33407     -1.97963      1.71191     0.372736        1.117     0.819056     0.899859     0.120528     0.439258    -0.704229     -1.63117     -1.30607     -1.58658   -0.0544079     0.724116      -1.1965    -0.457586    -0.637668     -1.51859     0.417526      0.20397     0.920885     -3.74456     -2.89847     0.464417     0.404145     -1.99779     0.408884    -0.862721     0.225781    -0.715664    0.0715784     0.114221    -0.251662     -1.66265     0.176531     -1.13934    -0.845091      1.33328      1.54644    -0.387759     -1.11708   -0.0170823    -0.612214
   -0.184223     -1.31833    -0.316927    -0.425025   -0.0509183     0.911834   -0.0990098    -0.535037      0.41928      1.75786    -0.192674    -0.119965      1.05228    -0.455962    -0.819035     0.399504    -0.230982   -0.0628939    -0.932825     -1.33169     0.319483    -0.396028     0.806506      3.37947        0.488    -0.582294    -0.778932     -1.05831     0.137604      0.36403     0.163146    -0.465025     0.912373    -0.558021    -0.181248    -0.760713    -0.442109     0.348744     0.943792    -0.229827    -0.374254     -1.11924    -0.930939    -0.405933     0.109763     0.205552     0.882626    -0.583486     -1.75723    -0.627756
   -0.281422      1.38997     0.434375    -0.383151     0.791556     -1.66575    -0.257289     0.656885     -0.91119     -1.08386     -1.04992   -0.0318545     -1.09591     0.695708    -0.245834     -0.31817    -0.973953     0.176507    0.0432351     0.152399    -0.485848  -0.00308021    -0.927382    -0.387574     0.686229    -0.601705    -0.116976     0.266419    -0.453786    -0.260438    -0.140903    -0.141513    -0.264072   -0.0222585  -0.00338449    -0.623816    -0.382432    -0.437708    -0.249719    0.0469044    -0.915523  -0.00517339     0.316819    0.0545509     -1.16326     0.455613    -0.857052      1.23371  -0.00159471      1.19279
   -0.112044   -0.0939652    0.0840507    -0.200281    -0.181987    -0.106388    -0.291221    -0.323662   -0.0245775   -0.0807678    0.0167189    -0.195907  -0.00301001    -0.224634    0.0102378    0.0955574     0.109155    0.0439363    -0.285725    0.0612099    -0.183866    -0.125286    0.0594397    -0.328157     -0.26699    -0.132894     0.235115   -0.0817773   -0.0402262   -0.0518876     0.147288    -0.128761    -0.149867    -0.153611    -0.216158    -0.308675      -0.3525   -0.0937218   -0.0767517    -0.352305    0.0248052     -0.22404    -0.121255    -0.010315   -0.0696563    -0.146503    0.0446694   -0.0686451    -0.154013    -0.181176
   -0.542046   -0.0943093     0.155098    -0.110459    -0.806196  -0.00550048      1.15068     0.568764   -0.0409541    -0.741621  0.000863658    -0.228284     -1.22372     0.900384      0.52272   -0.0442505    -0.233025     0.503802     -1.27463    0.0885004     0.632646     -0.47006      0.23591     -0.54018    -0.621314      0.33652    -0.193755    0.0266907     0.226685     0.470745     -1.48205     0.090367    -0.883627     0.190992    -0.508494    -0.281232     -1.30751  -0.00665151    -0.417231     0.146538    -0.238498     0.494079    -0.362283     0.351371    -0.471959     -1.18289     -0.33604    -0.188402    -0.160404    -0.469682
   -0.377772     0.498671    -0.241964     0.552742     -1.94213     -1.07809     0.476378     0.198128      0.46241     -1.43318     0.756966     -1.32852    -0.843404    0.0568183   -0.0416403      0.72639    -0.688492      0.98061    -0.241464      0.18603     0.109496    0.0904017    -0.608726    -0.270647      1.18753     0.562077   -0.0100672    -0.795331     0.208188     0.374185    -0.348809    -0.089895     0.662955     0.047394    -0.600562     -0.70027    -0.431509   -0.0611961    -0.680153     0.414624    -0.383645     0.126517    -0.814483    -0.805036     -1.50157    -0.552615    -0.860194     0.983123     -1.26677     0.604607
   -0.140931      0.15652    0.0328249    -0.457264    -0.147012    -0.126145     -0.19218    -0.271893    0.0512214     -0.24335   -0.0499457     0.158598    -0.159784    -0.344917    -0.379055   -0.0757289    -0.174497    0.0337971    -0.238114    0.0156013    -0.144762    -0.622442    -0.250686     0.119281    -0.157527     0.175306    0.0358754     0.280702     0.204964    -0.255718    0.0705051    -0.105041    -0.242755    -0.012175    -0.418345   -0.0649592    -0.258541     0.311851    -0.191041    0.0579196    -0.312076   -0.0283884    0.0408982    0.0188226     0.321704   -0.0165611    -0.116081    -0.358813    -0.751473    -0.192087
  -0.0393556     0.313513     0.703333      1.37072     -3.77206     -1.06022      -1.0037      0.71088      1.25201     -1.84692      2.56888     -1.04834     -1.35971    -0.585152     0.882097     0.406743    0.0631377       1.1418     0.384478      1.03046     0.542179     0.846233    -0.655791    -0.251907     0.957166      1.04269    -0.601434     -1.43031    -0.661698   -0.0850965      0.77412     -1.40797      0.29293     -1.32659    -0.288895     0.201202     0.114187     0.476435     -0.91435     0.868809      0.18809    -0.421833    -0.507916     -1.58872     -1.63295    -0.640801     -1.11553     0.359005     -2.17206     0.670529
    0.222522      1.29257     0.484606     0.619265    -0.257826    -0.428804    -0.445399    -0.273336    -0.334754     -1.63608    -0.324476     0.372367    0.0994263     0.186536      0.88613   -0.0559181     -0.11832     0.499975    -0.582774      0.87856    0.0074992     0.679089   -0.0526558     -3.09431     0.347244     0.659549     0.565105      1.85718    0.0610533    0.0329231      0.44385     0.438049   -0.0945859     -0.36679     0.158168     0.524803     0.439518    -0.624769     -1.10751    -0.335207     0.698695     0.891071      1.25869      1.15934     0.198046   -0.0328912     -1.33796   -0.0404446     0.852857      0.82324
  -0.0275988   -0.0578387     0.107829     0.222267    -0.459956    -0.212048   -0.0806017    -0.106635    0.0370589    -0.164202     0.096341    -0.540267    -0.233555    -0.337811    0.0959112     0.127824     0.330551     0.317813   -0.0780711   -0.0325898    0.0289932    -0.111709    -0.329083     -0.30646     0.472168    -0.144395      -0.3349    -0.696636     0.275342     0.125919    -0.197298    -0.314343      0.27044     0.022905    -0.398771   -0.0138271   -0.0738671   -0.0486362   -0.0951633    -0.135218     0.330364   -0.0158746   -0.0265006    -0.595408    -0.337804   -0.0677485    -0.266144    0.0239989    -0.728638   0.00392354
 -0.335171
  -0.51364
  -0.83504
  0.681787
 -0.697323
   -1.1956
 -0.585382
  0.499614
  -2.79093
  0.308828
  -1.75051
  0.813058
  -1.54085
  0.747129
  0.239959
   0.35671
  -1.59612
0.00207183
-0.0632189
 -0.317574
   0.89226
 -0.340169
  -2.89266
  -1.37641
  0.250436
  -0.76216
 -0.618109
  0.241902
-0.0963541
 -0.394184
  0.516022
  0.898663
-0.0126768
  0.101595
 -0.609165
-0.0735625
  0.846604
 -0.315153
   1.06758
  -1.48264
   1.34864
0.00727355
  -1.66237
 -0.718852
 -0.117151
   -1.3986
 -0.566725
-0.0642098
  -0.89877
  -1.13799
1
4
50 10
  -0.131569   -0.251804    0.106971    -1.47354    0.444463   -0.919153   -0.151247     -1.7552   -0.127914  -0.0133893    0.587418    0.476549    0.201325    0.412198     1.12181    -1.16151    0.571222     1.08906     0.37232    -1.82337    -4.23031    0.974403    0.106596    -2.55882     1.19014     1.48388    -1.32363    -2.30626   -0.564174    0.631481   -0.980882    0.169184     1.07769     1.51947   0.0726589  -0.0152395   -0.552871   0.0411176     0.65685     2.67461    0.998535    0.119642     1.72123  -0.0373971     1.02961    -3.06593   0.0710133    -7.21331    0.110641   -0.682262
  -0.106594     2.58304     0.16685    0.631163  -0.0412723    0.261314     0.10967  -0.0148742   0.0798737   -0.170752    -4.97602      1.0642  -0.0170216    0.125973    0.279689    0.107438    0.831921     1.82067     0.93306    -2.00895     2.27149    -1.22309    0.141655    -1.13198    0.285156   -0.396142    0.483328    0.548657     2.30784    -1.67835    0.554894    0.467978    -0.43249   -0.558431   -0.376718   -0.202395    0.418387    -0.29286      1.4632     1.88513    -10.1079     0.73933   -0.540311    0.302612     2.03997   -0.561539   0.0824499     1.17287    -1.30587   -0.754743
  -0.553983     -1.0261    -2.66563    0.273009   -0.406677    0.404249     2.30342     1.96817   -0.133249    -1.87161     1.38617    -1.21064    0.224917     1.30322    -7.59285    0.190533     1.11266    0.861362    -5.34163     1.17548   0.0478719     2.06284   -0.211755    -1.56765    0.379782    -1.60441     1.03344      0.4381    -1.49387   -0.940476      1.3297     1.20893     4.68437    -1.11225   -0.592195  -0.0130589   -0.423702    -1.14665    0.584104    0.179192    0.723718   -0.368793    0.798522   -0.425883   -0.763054     1.51614   -0.624094     1.10583     -1.0337    0.123221
  -0.153121    0.612454    0.874894    0.394335    0.196163   -0.964158     1.06658  -0.0901757   0.0345435     1.83281     0.30771     1.24664   -0.590326 -0.00448841     1.01039     1.55439    0.464252     1.40322   -0.415117     1.39698    0.774635    0.353706   -0.130999     1.06436    -6.47805      1.2827      -1.247    0.699282    0.471768    0.568776   -0.509087    0.961587    0.607203     0.33578   0.0831934    0.155367   0.0494243    0.193652     1.47055   0.0178635    0.970855    -6.18562    -3.13636   0.0485919   -0.379339   0.0745365   -0.318073    0.369916     3.51003    0.527225
  -0.446582     2.63123    0.670145     2.08803    0.459651     1.47344    0.762009    0.353914    0.253414  -0.0196431    0.224897    0.602491    0.818806  -0.0557582      1.2915    -1.07219    -6.65204    0.345265   -0.406874   0.0907901   -0.303176    0.364443    0.112984     2.33138   0.0764366    0.894435   -0.391686    0.581878   -0.229493   -0.104432    -0.74779    -8.69318     -1.4641    0.174352   0.0272472    0.439392    -1.06363    0.619673     1.93234    0.563867     1.03745     1.75564    0.451885   0.0369865    0.278145     1.53864    0.353415   -0.334458    0.610138    0.819448
 -0.0123962     1.89107    0.914536     1.44839   -0.231326    -1.48061    -6.28459    0.609511    0.490539   -0.581232    0.912569   -0.897959    0.133363     2.14924    0.438991    -1.03057     1.21282    0.817206     1.30627  -0.0862613   -0.803338    0.687694   0.0501215     1.93642     2.75752    0.194101   0.0206972    0.090043    0.300974     -1.0263   -0.663408     1.23181 -0.00825608     0.77289    0.205947  -0.0760179    0.826278   0.0532315  -0.0638269    -8.51256     1.69834   0.0750964   -0.479824    0.155022     0.20095    0.204675   -0.035581     1.19951    0.275238    0.237026
   0.276391    -7.59276    0.434971     2.04709   -0.778313     1.49666    -1.02312      1.1564    0.218037   -0.166924    0.322883     1.01535    0.542753    -3.78717   -0.905039    -0.35844     2.09855   0.0829936     2.51501     1.18097   -0.013985    0.271461   0.0974894    0.602343   -0.206561   -0.184555   -0.282049     1.09585     1.41547   0.0106882   -0.896207    0.642954    -6.61853     0.75582    0.101202  -0.0149068     1.12234    0.115635    0.171811     2.67416     1.94132   -0.319229    0.865888    0.431903    -2.35482    0.649312    0.465755    0.771351   -0.732715   -0.283344
    1.02159   -0.732662   0.0431904    -1.28326    0.754272   -0.704472      1.1988   -0.727016    0.210397     1.70052     1.30856    -1.09952     1.05868    0.486219     2.45808    0.854245     1.31945     1.98182    0.288697   0.0509601    0.368565    -3.31433    0.150933    -1.44751    0.581601    -1.56308   -0.440843    -1.58315    -3.94823     1.60039     1.59369     2.07701     2.14331    -1.56588    0.175426     0.02551  -0.0283382    0.784763    -6.61987     1.04647    0.394717     1.33992    0.913196   0.0338221   -0.727282     1.83012   -0.780873     1.53736   -0.955669    0.230466
 -0.0516295     1.53559   -0.565497     -3.7812     0.11967    0.323046     1.59713    -0.91873   -0.213684   -0.493902   0.0929637    -1.27866    -2.16895   -0.984017     1.67641     1.87404   -0.512481    -7.87328    0.778102    0.229137      1.7305  0.00212927   -0.154697   -0.027033     1.00418   -0.164225     2.51772     1.10941     1.88269    0.862047    0.251433      1.9662    0.312209   -0.452343   0.0614314   -0.240318   -0.559682   -0.893714    0.571379   -0.577365     2.29165     2.60508   -0.989699   -0.338059  -0.0258885    -1.47481    0.361593     1.43546  -0.0657031   0.0829746
 -0.0751978    0.202876     0.16848    0.124608    0.582774    0.149476  -0.0931732   0.0644152    0.106265 -0.00256518  -0.0930758    0.104634  -0.0862062   -0.154317 -0.00837859   -0.017301  -0.0150321   -0.055152   -0.150904   0.0843746  -0.0561575    0.461871   0.0774819  -0.0421608  -0.0250546    0.187248   0.0842887   0.0462531   -0.142654   -0.082669    0.103834   -0.125927  -0.0753541   -0.127468    0.112332   0.0283098   0.0343897    0.119894   -0.380051  -0.0146513   -0.012204    0.040426    0.065225   0.0706252  0.00594038    0.153373   0.0893884  -0.0683098   0.0652128  -0.0938366
  2.99803
  1.15502
 0.293999
 -3.22204
  1.74889
 0.816184
  1.77015
 -0.40754
 -2.33489
-0.112903
