3 16 0.5 500
1
1
9 50
  -0.408489    0.492309    -1.36974     0.57946     1.49254    0.907748   -0.299594   -0.839199   0.0245288
    0.12215   -0.391508    0.672925    -2.94699   0.0255604     0.54517    0.230982    0.904201    0.471867
    0.37845    -2.10861    0.245719   -0.340154     0.75334    -0.33743   0.0988066   0.0618389   -0.536469
    1.26735  -0.0685354    -1.82585    0.989331    0.654591    0.294109    -0.29119     2.50024     1.21884
   -3.47976  -0.0703011   -0.826845     0.40828    0.828997    0.243488   -0.649682   0.0505289    0.239176
  -0.872703     0.37145   -0.408836     1.27909   -0.790322   -0.767069    0.341008   -0.582447     2.18326
   -1.59653    -1.30434    0.329476      1.0059    0.136704   -0.532575     2.33409   -0.116039    -2.48647
    0.96017    -1.59125   -0.237263     0.24891     -0.4009    -0.17787    0.500304   0.0452735    -1.59756
   0.715347    0.991789   -0.172924       0.758   0.0289319    0.187188   -0.234725    -2.09423     -1.2414
   -2.18207   -0.951685    -2.12322     2.36909   -0.668076  0.00436073   -0.669544    0.923498    -1.22432
    3.46981     1.48157   -0.459683    -0.14788   0.0621481    -1.89635     0.43119   -0.758942  -0.0873159
  -0.832985     0.92664     0.30928   -0.473346     1.28818    -1.20222     0.35361    -1.36007    0.241836
   -1.71177    0.745872    -0.31469     0.82523    0.923933    0.834792    -1.07421   -0.155496    0.599429
      -1.14   -0.290072   -0.397685    -1.11113    -1.24967 -0.00169164      2.3766    0.565456   -0.862407
    1.82521    0.140354    0.952625    -1.31074    -0.55538    -1.63899     2.35898    -1.09607     1.30849
   0.492602   -0.856523    0.374828    0.824412   0.0357345     0.44955  -0.0273003     1.81419   -0.286929
   0.397237   -0.872743   -0.458497    0.564044   -0.453772    0.659066    -0.71129   -0.926127      3.3453
   0.564606    -1.59196    0.480954   -0.062492    0.738313     1.10988    0.255483    -3.25177   -0.815519
   0.408731   -0.633301     4.52323    0.241603   -0.473166   -0.839149    0.256772   -0.176984   -0.416662
   0.293151   -0.684274    -0.19207   -0.828648   -0.457987      4.7556   -0.277757   -0.398456   -0.335174
    0.75049    0.497409     -1.9324    0.117413    0.156287   -0.270438    0.196723  -0.0872806   -0.662714
    1.04713   -0.942076     1.08263   -0.708357   -0.268347   -0.564608    -0.41665     1.46605    0.272294
  -0.761778  -0.0389601    0.473798    0.219215    -2.38959    0.268325    0.478132     1.16578    0.177691
  -0.131464    -1.12352   -0.720837     4.13806   -0.449646     -0.3716   -0.439848   -0.832913   0.0351828
   0.831434    -3.03962   -0.160758    0.706175    0.263227    0.254173   -0.737895     1.38855   -0.828532
    1.47616   -0.449961    -1.32771    -0.58354     0.42291     1.20244    0.060259   -0.357888    0.507965
  -0.933712     0.45787   -0.312745   -0.532788   -0.286656  -0.0860393     2.86186   -0.176906    -1.20972
   -1.23335    0.917408      1.1374    -2.79316   0.0546204    0.739257    0.282076   -0.649839    0.691598
  -0.820151    -3.23245    0.215156    0.825723   0.0374642    0.312295    0.796201    0.417897     1.07255
  0.0227223    -2.77864    0.789029    0.605031    0.777672    0.174081     0.91112     -2.3764     1.20276
   0.791363      1.0622   -0.446021   -0.138372    0.995751   -0.214093    -2.73177    0.400438   0.0760144
   -1.39535   0.0105456    -2.69918    0.329019   0.0121548    0.649293    0.564027    0.633275    -1.04293
   0.389623    -1.86402  -0.0383541    0.849435    0.370231    0.808331   -0.518352  -0.0343743    0.157862
   -1.59311   -0.386006    -1.08252   -0.516285   -0.507802     3.90267    -2.29133   -0.715433   -0.446441
   0.256127    0.193526    -1.02316   -0.187249     2.31837    -2.49746    0.904126     1.06277    0.811448
   0.151543  -0.0980418    -2.14903    0.146651     1.39679    0.155931    0.495856   -0.503199    0.778709
   0.344847    0.160451     2.73406    0.443302     0.68836   0.0951264   -0.718791    0.678759    0.273592
   0.127943    0.123489    0.868601   0.0655427    0.870434    0.819822    -1.51909    -3.19982   -0.714635
   -1.32507    0.050468    0.669278     0.84809     0.23738  -0.0882247    -1.77282   0.0910401   -0.400362
   0.654731    -0.63086   -0.303163  -0.0611493     0.23797   -0.623682    0.076253   -0.502351    -2.72832
  0.0663721    -1.13666    -1.70657    0.313241   -0.181292     0.79215   -0.613114     1.12655     1.57726
  -0.607908    0.357644     1.09955    -1.21296     -1.4804    0.512088     1.58122    0.796715   -0.922692
   0.194265    -0.55567   -0.228281    -1.47193      1.7043    0.176468   -0.965059   0.0807162     2.19223
   -1.86483   -0.734415     1.66355   -0.768823    0.233136     1.44038   0.0397537      -1.152    0.728784
   -1.25593    0.968705   -0.125197    0.405582   -0.285359    -1.72728     1.03846   -0.207113      2.7486
  -0.381251     1.74401     2.09373   -0.797936     -1.2744   -0.251132    -1.71305    -1.04119    -1.10997
   -1.14761   -0.475258      2.1305     1.20709   -0.343851   -0.339164   -0.512629    -0.47761    -1.13351
   0.797895    0.145479   -0.169692   -0.175704   -0.113097     1.00022    -1.05811    0.166364       -2.71
   -1.88097    0.532747   -0.454598    -1.11653     1.60861   -0.502688    0.459283     2.08672   -0.356272
   0.533911    0.537139  -0.0642142    -1.39526   -0.188342    0.198557    -1.16229     1.51972     0.15467
   1.18705
 0.0047468
  0.973513
 -0.238089
   1.73637
  0.396118
 -0.218887
  0.960532
  -0.13968
  -1.02641
  0.467438
   1.43282
 -0.661958
  -1.28495
 -0.156992
  -2.24767
  -1.45097
  -0.42448
   2.14598
   2.15547
  -1.43636
  0.284945
  -1.81225
  -2.08032
  -1.03564
 -0.452531
  0.775545
 -0.229924
 -0.297874
 -0.737572
  0.278174
  0.593258
 -0.803302
  -1.12853
  0.292286
   1.46054
    1.2267
 -0.804481
 -0.945938
  0.887176
 -0.915726
 -0.635453
  0.171512
 -0.574068
  0.702122
  0.265186
  -1.28849
  -0.49737
 -0.805597
-0.0792244
1
1
50 50
   -0.544014    -0.229386      -0.3428    -0.541337    -0.337464    -0.239648    -0.138053    0.0380512   -0.0805159     0.228012    -0.388599    -0.292606    -0.106588    -0.136482    0.0722342    -0.201625     0.351339    -0.179888      0.18313    -0.309978    -0.078394     0.182154     0.538653   -0.0805529     0.181957    -0.142119    -0.394495    -0.253271    -0.254824     0.104185     -0.25268      -0.5049    -0.442332    -0.059502    -0.445087     -0.65815     0.114435     0.170194   -0.0387664    -0.292973    -0.332758     -0.17986    -0.407588   -0.0300254    -0.278202      0.16412     0.249632   -0.0131687    -0.247791     0.136169
    0.193021     -0.18661     0.204161    -0.727687    -0.592635     0.309962       1.6327    -0.486743      0.53549   -0.0430869   -0.0875615    0.0292774    -0.732792      1.79309      1.49355    -0.548071    -0.557198     0.603947     -1.11193     0.874845     0.549751    -0.678546    -0.605304    0.0390954      -1.1533      0.32912     0.598748      0.35026    -0.012927    -0.029978     -2.13698     0.331045     -1.18381    -0.958756     -0.34738     0.453001     -1.86927    -0.759326    -0.741806    -0.200472     -0.46893     0.841182     -1.30795     0.413455     0.504012     -1.66289    -0.702537     -0.89678    0.0913797    -0.969632
    0.155906    -0.454253    0.0959755      0.39866     0.242261    -0.192166    -0.357255   -0.0401497   -0.0568545      0.11031      0.37061    0.0108792    -0.119708    -0.427478    0.0198292    -0.273225    0.0204112    -0.380586     -1.33389      0.61849     0.508807     -0.41101     -0.21467    0.0390352   -0.0752273     0.490952    0.0185128    -0.262599    -0.284005    -0.120486     0.163923     0.478337    -0.150106    -0.215823      0.23399     0.211831    -0.393252    -0.496207    -0.403631   -0.0841683     0.302783    -0.345759   -0.0487203    -0.244418     0.221609    -0.378895    -0.289765    0.0143712    0.0946719    -0.157278
    0.326547    -0.901207     -1.10918    -0.582683     0.433421     0.509505     -1.21611     -1.36113     0.227113     0.265046     -0.31327    -0.153111      1.00663    -0.561203     0.954025    -0.542009      1.21968     -1.11427    -0.525688    -0.075683     -0.32074    -0.948489    -0.206049      1.47215     -0.85649    -0.293495     0.145677     0.056248    -0.327341     0.553416     -1.17147    -0.248166    -0.897852    -0.353823     0.276178      0.20483    -0.432364     0.120946     0.276913     -1.63538    -0.335919    -0.945904    -0.323587     0.743828     0.799038    -0.314318     -0.12852    -0.916784   -0.0696443    -0.964216
   -0.298715    -0.215157     0.198691    -0.203205     -0.33996    -0.488358    -0.313089     -0.27935    -0.286232    -0.318053     0.053309    0.0125903    0.0478986    -0.242407    -0.353257   -0.0390323   -0.0388943     0.120707     0.231336    -0.422157    -0.324691     0.101415    0.0117195    -0.233901     0.233041     -0.22309      -0.4142    -0.120299    -0.100285    -0.179749     0.142335    -0.678194     0.130619   -0.0834043   -0.0122324    -0.157869      0.12421   -0.0689856     0.398579    0.0209591    -0.459603    -0.373626    0.0881242    -0.189846    -0.211216     0.228531    0.0613473     0.281033    -0.380893     0.170337
   -0.320051     0.100886     0.195732     0.565623     -1.05258    -0.643835    -0.851979     0.544989     0.036616    -0.975823     0.451988     -0.91803    -0.598716     0.186925    0.0834543   -0.0355754    0.0497146     0.645439    -0.713383     0.220466   -0.0465513    -0.061143    -0.774335    -0.697494     0.588615     0.644526   -0.0710777     0.513078    -0.350207     0.321679    0.0231051    -0.213309    0.0733665     0.822138     -1.36189     -0.64378    -0.454229    -0.327096    -0.500086    0.0756385     0.378195     0.174292   -0.0919925     0.139628     -1.51824   -0.0152617     -0.92979     0.567104     -1.29204      0.83893
   0.0372509     0.141298     0.478688    -0.458279    0.0705515     0.791469     0.142499     0.260268    -0.772481    -0.433978      1.09928     0.632791    -0.427186    -0.181945     0.287763    -0.681088    -0.780198     -1.21192      1.97245     -3.15397    -0.100803     0.385323    -0.418758    -0.112499   -0.0870625    -0.935446    0.0866611     -1.29283     0.209816     0.135156    -0.305623     0.509958   -0.0388684     -1.05399      1.44961     0.712411      0.67616     -1.13598    -0.478157     0.368341    -0.542601    -0.694809     0.329159     -1.24288      1.21355     -0.19062    -0.155777    -0.566411    -0.240016    -0.238039
   -0.415768     0.221536    -0.227871      0.66833     -1.25915    -0.877158    -0.265065    -0.270097    -0.651629    -0.617416    0.0233099     -1.19473    -0.252462    -0.264934    -0.321142     0.879676    -0.551434    -0.416492     0.793358     0.906593    -0.528604    0.0379057    -0.457334    -0.143698     0.363765     0.179518    0.0329149    -0.518811    -0.050587    -0.909162   -0.0202375    -0.602454   -0.0748165    -0.543534    -0.119317     -0.61845     0.265443    -0.722872    -0.934949   -0.0780848    -0.132543    -0.168328    -0.316595    -0.629222     -0.39245      -1.3067     -1.09811   -0.0522907    -0.329482      0.25549
   0.0299092     0.068667     0.194492    0.0645842    -0.196496    -0.134384    -0.261935   -0.0420982     0.114046    -0.292356     0.356233   -0.0716347     -0.19513      0.13693    0.0638438     0.188821    -0.110545    0.0540256     0.123007     0.224465    -0.086311     0.152379    0.0720747   -0.0224557     0.117496    -0.180897     0.122199     0.047045    -0.389867   -0.0866586    0.0864609    -0.236133      0.07087    -0.153013    -0.169505    -0.205099    -0.132747     -0.17349    -0.144088     0.220803     -0.37008    -0.217549    0.0461115    -0.158704     0.142289    -0.160449    -0.126027   -0.0101336     0.263846    -0.287543
   -0.657339     0.142276    -0.120039    -0.580953    -0.774086    -0.478908   -0.0495736    -0.232735     0.266565    -0.967784    -0.207112     0.569674     0.102134    -0.927131      0.14693    -0.160516    -0.454516    -0.390943     0.562418    -0.889069    -0.245772     0.802024     0.460074     -2.34318  -0.00783208    -0.499352    -0.488025    -0.296503    -0.294322    0.0277367    0.0547961    -0.942168     0.136996     0.226682    -0.145085     -1.07129     0.515957     0.888561     0.663293   -0.0379817     -0.41967   -0.0427294    -0.133417     0.253941   -0.0420345     0.723366     0.934824   -0.0367655    -0.233469     0.426162
      0.1159     0.290579     0.517289     0.186564     0.154131    -0.595868     0.336151     0.593661    -0.831943    -0.408205     -0.52082   -0.0784404    -0.710577    -0.380396    -0.143054    -0.136719      0.47259     0.264703      1.43995     0.176394    -0.570382     0.649288    -0.555999    -0.360925      1.50534    -0.119442     -0.27056    -0.800889     0.826318     0.426975    -0.716511   -0.0198761     0.592628    -0.386811    -0.352487     0.218569      0.77946    -0.742479    -0.517571     0.118013     0.525392    -0.415999     0.295898    -0.296376    -0.719954    -0.720263   -0.0999243     0.137474    -0.466266   -0.0242297
  -0.0797206    -0.930139     0.115636    0.0381781     0.264912     0.143539     -2.15913       -0.835     -0.17239     -1.38246     0.530054   -0.0637893   -0.0233019     -1.52667     0.751255    -0.358593     0.485587    -0.755988    -0.465298    -0.879762    -0.647049   -0.0957132    -0.271313      -1.0355    -0.312594    -0.136465     0.200953     0.617665    -0.235496     0.241099     0.149054    -0.566537    -0.388598      0.34686     0.124756   -0.0289372     0.362207      0.24071    -0.254275     -1.12145    -0.192071    -0.629151     0.543478     0.433057    0.0601072     0.500042    -0.333391    -0.125611    -0.183064    -0.262072
  -0.0265633     0.122159     0.336824     0.234654    -0.287698    -0.205662   -0.0314202      0.13614     0.242075    -0.187374     0.249143     -0.11137    -0.164794   -0.0414116    -0.251448     0.127346    0.0950309    -0.120294    -0.297297   -0.0266286   -0.0619733    -0.366432    -0.331829    -0.392386     0.394644   -0.0244642    -0.235046    -0.116853     -0.32043    -0.273291      0.24129   -0.0500164  -0.00540357     0.024659    -0.321569    -0.180465      -0.1263    -0.105851    -0.120665    -0.131434    -0.154709   -0.0328044    -0.202747   -0.0890326    -0.341433   0.00459373   -0.0781499     0.194074    -0.282004    0.0636184
 -0.00889068     -1.27057    -0.519383   -0.0192578    -0.459773     0.660013      1.70768    0.0660956   -0.0167343    -0.161826     0.163501    -0.329618    -0.669915       1.1771     0.824844    -0.184263    -0.448949     0.427633     0.187242     0.852274     0.322839    -0.104718    -0.163763    -0.162642     0.172119    -0.124334     0.524387    -0.197931     0.685488     0.531565     -1.65384     0.707021  -0.00706608     -1.81607   -0.0406129     0.272841    -0.749768      -1.7239     -1.36626     0.111617   -0.0965043      1.05946      -1.5282    -0.356624    0.0991302     -1.03721    -0.665121    -0.409635     0.268393     -1.23253
    -1.40375     0.479324     0.479834     -1.77699    -0.340743    -0.641457    0.0489086    -0.132135     -0.40696     -1.11228     -1.34309     0.474501     0.291132     -1.11872    -0.835751    -0.217158    -0.752801     0.511601      0.60657    -0.614071     -1.08538      1.04502     0.613109    -0.666075     0.383815     -1.18972     -1.27268     0.301768   -0.0830991      0.38068     0.538051     -1.82167     0.729118    -0.309677    -0.430019     -2.18459     0.609453      1.49263      1.12377    -0.401458     -1.14056   -0.0982966     0.545333     0.693227    -0.881324      1.83627      1.57981   -0.0902404    -0.853967     0.152125
    0.122793    -0.572112      0.16356    -0.185127    -0.291071     0.319135     0.390781    -0.343174    -0.494032    -0.227645    -0.357656    -0.107748     0.561332    -0.252609    0.0299503    -0.124632    -0.509806    -0.255739    -0.336372     -1.30932     -0.10599    -0.139056    -0.620375     -1.01192    -0.298502    -0.464764     0.142555     0.648057     0.181526    0.0502629     0.067786   -0.0935263    -0.204047     0.534833     0.252729    0.0559575     0.243139    -0.101622     0.220425   -0.0180874    -0.164486   -0.0815599     0.259383     0.372251     0.460709    -0.385329    -0.276189    -0.667928     0.812139    -0.225728
    0.173714     0.352812    -0.034536     0.031836     0.174168    -0.810757  -0.00650477    -0.253418   -0.0375576    -0.472773     0.432646   -0.0377565    -0.199685    -0.701668     -0.23432     0.224202    -0.529581    -0.374211     0.184162      1.52314    -0.322718    0.0116046      -0.3253    -0.504207   -0.0206313   -0.0307848     0.631734    -0.268624     -0.23784    -0.114879     0.416132    0.0984484    0.0457745    -0.744039     0.686591     0.251265     0.359793    -0.224095     -0.61365   -0.0969294   -0.0579151    -0.390877     0.164859    -0.432231   -0.0751044    -0.884491    -0.661811    0.0257623     0.428352     0.108281
   0.0386401      -0.4505     -0.88736      0.90202     0.538594     0.902349     -1.66541     -1.50123    -0.740932    -0.515266    -0.353099    -0.104346     0.032104    -0.583831       1.6398     -0.71147      2.49624     -1.03473    -0.465869     0.413062    -0.844598       0.1649     0.490819     0.986879     -1.25739    -0.176791    -0.810411     0.477023     0.286015     0.760204    -0.963007    -0.822004     -0.44895    -0.435402     0.391845     0.570581    -0.149361      -1.1346   -0.0857685     -2.44309       1.0955    -0.707955     0.804697     0.472769      1.09034     -1.00417    -0.242773     -1.64909    -0.469651    -0.776805
    0.236573     0.194599    -0.164232     0.597069    0.0776277    -0.494031      -1.0109    -0.405578   -0.0545527     0.458491     0.850458    -0.260448   -0.0376263    -0.127081    -0.376747    -0.224267     0.174549    -0.399559     -2.68795     0.260478       0.9619    -0.546795    -0.567794     0.392139    -0.289093     0.739198     0.598615    -0.838464    -0.608781    -0.223188     0.933252     0.636391    -0.687243    0.0573832     0.768471      0.39449     -1.40699   -0.0140165    -0.321681   -0.0766758     0.341021     -1.19754     0.131526     -0.82057     0.126955    -0.914538    -0.968902     -0.13596     0.411047     0.175071
    0.360834      -1.0083     -1.13782    -0.724747     -0.16688     0.181508    -0.697683      -1.2353    -0.210878      0.28491    -0.161969     0.142692     0.782587    -0.563653     0.031077    -0.363473    -0.369155     -1.53431    -0.207638   -0.0423618    -0.202647    -0.595653    -0.145946    -0.574351    -0.745146    -0.258327     0.964941     0.415999     -1.01714    -0.534839     -1.01538     0.346557    -0.923503     0.220337    -0.075505     0.465653    -0.133269    -0.589667    -0.529041    -0.892587    -0.249683    0.0200392    -0.520886     0.169889     0.790891     0.211044    -0.471304    -0.776145     0.878504    -0.664241
   0.0418771      -1.0133    -0.636689    -0.368349     0.297267       1.3535     0.484253     -1.13788    -0.484444     0.732773     -1.29979     0.243705     0.805092     0.355944    -0.156669    -0.786846    -0.490663    -0.894502    -0.531148    -0.497239    -0.025365    -0.730602     0.483226     0.485346     -2.19899    -0.723672     -0.30761      0.32207     0.914959     0.121173    -0.264272    -0.108968    -0.769427    -0.178671     0.219387    -0.453868    -0.256221    -0.705206     0.535344    -0.429839    -0.313197    0.0270977    -0.466532       0.2205      2.10799     -0.33154     0.498136     -1.35774      1.06423    -0.956758
    -1.12436      0.30852    0.0967425     0.951532    -0.569844    -0.959292   -0.0900494   -0.0225936     -1.12306   -0.0673411    -0.802309      -1.1123    -0.309925    -0.731079    -0.587064      1.18093     -0.31492    -0.820221     0.915096    -0.115025    -0.523792     0.414417     0.250731    -0.630999     0.468478    -0.644184    -0.418089     -0.49727     0.408241    -0.976069    -0.395504    -0.293207     0.150022    -0.543319     0.430873    -0.625367     0.645227    -0.987921    -0.314026   -0.0935479     0.362482    -0.172303   -0.0970281    -0.480394     -1.01061    -0.944012    -0.655013     0.163272      0.32237     0.289692
   0.0607081    -0.188022   -0.0621945    0.0337437    -0.182635    -0.192264    -0.453764    0.0914548    -0.189392    0.0754367    -0.147732    0.0723413    -0.122762    0.0927173   -0.0249853     0.132225    0.0109459     0.343445    -0.221709     0.110908   -0.0253924    -0.092829    0.0981308    -0.130424   -0.0185068     0.194066     0.173819    0.0563943     0.219728   -0.0950471    0.0678871     0.145261    -0.144273    -0.215618   0.00327234    -0.201258    -0.171975    -0.163527     0.249075     0.138314    -0.037141    0.0200187    0.0819785    0.0147366   -0.0790677   -0.0488142     0.108716    -0.220056   -0.0317733    -0.207692
    -1.39752     0.469078     0.119568     0.541564     -1.88875    -0.975384    0.0752625    -0.218567    -0.321873     -1.14189     0.297611    -0.985881    -0.873385    -0.771488    -0.306457      1.21629    -0.687906     -0.51294    0.0273242    -0.047709   -0.0905408     0.486263   0.00168204    -0.863415     0.157874    -0.485334    -0.995557   -0.0806832    -0.286344     -0.95103     0.618118     -1.80144     0.463335    -0.702832     -0.35763     -1.45352     0.231539    -0.133122   -0.0990994     0.537972    -0.365671     0.313146     -0.02087    -0.931644    -0.819084     0.627792    0.0229057     0.155471    -0.688821      0.47903
   -0.303258      2.28695     0.153158   -0.0599677     -0.37778     -1.19892    -0.709178    -0.124859      -1.2231     -1.72629      0.33011    0.0594422      -1.2622     0.299705     0.552477    -0.795379    -0.373632    -0.261355     0.230836      3.26349   -0.0187701   -0.0598345    -0.660823     -1.53442    -0.596575     0.721713    -0.222675       0.6125    -0.471072    -0.659107    -0.335157    -0.282243    -0.753628     -1.78372     0.391097     0.169274     -0.45324     -1.07527     -1.26781    -0.458055   -0.0378512     0.442173     0.543586     0.150147    0.0055094    -0.631263     -1.50057   -0.0728695     0.327508      1.08023
   -0.788787     0.946603   -0.0661014     0.123675    -0.381282    -0.929783   -0.0486721    -0.464691    -0.527395    -0.553715    -0.579718    -0.498449     0.128456    -0.580835    -0.549272     0.577352    -0.348508     -1.11776     0.195843    -0.955205    -0.274867     0.236453     0.419021     -1.31775      0.26178    -0.882208    -0.531428    -0.199666     0.090913    -0.593055     0.103286    -0.810438     0.489535    -0.196836      0.27853    -0.788664    -0.109291    -0.355226      0.54672    0.0586887   -0.0120386     0.123019     0.143952   -0.0077604    -0.753688     0.407494      1.02749     0.235467     0.202778     0.482554
   -0.141764     -0.14838   -0.0802524    -0.609352 -0.000556024     0.825189     0.336504    -0.284875    0.0715602      1.01108    -0.925352    -0.445177     0.350995     0.244809     -1.06551    -0.438657     -1.00781     0.631927     0.112923    -0.613278     0.154462     -0.66465     0.242766      1.01287    -0.676759    -0.300486    -0.232783    -0.608573     0.637699      0.16071    -0.715559     0.152492     0.298434     0.625627    -0.400441     0.252315    -0.278903     0.434082     0.470854     0.387179    -0.125711    -0.108722    -0.271988      0.51508     0.922043     0.236323    0.0860927     -1.38897    -0.338094     -0.83218
     0.73059    -0.941191    -0.485855     -1.01653     0.741666      1.26053    -0.600381    -0.928025    -0.577193     0.283806     -1.04935     0.172674      1.56495    -0.782487    -0.736749    -0.605984    -0.286526    -0.590184     0.999548      0.15745     -1.10984    -0.178308     0.287603     0.079508      -1.6653    -0.596471     0.777572     0.140604    -0.206596    0.0984198    -0.389056     0.367809    -0.518768      1.06742    -0.304144    0.0880877      0.77077    -0.196782     0.317733     -1.03607     -0.46997    -0.167412     0.344189      1.14314      2.37331   -0.0840073    0.0933804     -1.83274     0.455183    -0.991243
    0.210694    -0.707841     0.296552     -0.59432    -0.054879     0.309237      -0.1023     -0.18353     0.294635    -0.419817    -0.143148     0.503084    0.0163619    -0.142173   -0.0473117    -0.317681   -0.0793348     0.904628    -0.982493    -0.338288     0.266131    -0.918086    -0.801775    -0.282285    -0.865889      0.06192    -0.421295      0.52255   -0.0895481     0.535729    -0.168618     -0.19527    -0.330727     0.210938    -0.264198      0.30043    -0.485504     0.917559   -0.0373059     0.309876    -0.430297    -0.647509    0.0844969     0.695573     0.433962   -0.0746252   -0.0561318    -0.688596    -0.155741    -0.554311
    -1.03798     0.368061     0.205166     -1.26733     0.395216    -0.654236     0.447229     0.134458     -0.66531    0.0843375     -1.37251     0.259534     0.236941    -0.205517    -0.441518    -0.490531    0.0477582     0.681008    -0.471442     -1.15596    -0.216006     0.576092     0.632663    -0.651266     0.722427    -0.460488    -0.495249    -0.528792     0.316729      1.23966    -0.581871    -0.516351     0.470259     -0.46952    -0.185179    -0.827249    0.0436814     0.311247     0.193538    -0.455122    -0.324872    -0.190674    -0.289339      0.59308     -0.94725    -0.428244     0.935222    0.0425705   -0.0226419    -0.315449
   -0.751141    -0.561823    -0.379654    -0.387509    -0.455714     0.103804    -0.955503    -0.527412    -0.522848     0.277771    -0.266946   -0.0888909    0.0681028    -0.659482    -0.607958    -0.368301     0.206019     -0.32939     0.212122     -0.80848    -0.183432     0.256774     0.915363   -0.0598783    -0.101514    -0.264101    -0.702946    -0.690655    -0.414103    -0.470253     0.114652    -0.199117    -0.235303     0.334321    -0.153024    -0.513988      0.31991    -0.389026     0.159848    -0.606627    0.0643639    -0.516457    -0.100767    -0.583399   0.00385254     -0.10822    -0.173133   -0.0677846    -0.550677    -0.129416
    -1.33839    -0.594685    -0.589374    -0.386587    -0.660504      1.29436    -0.224917    -0.112686     0.152581     0.939857   -0.0134205     -0.59219    -0.401486      1.04377     0.422622     0.266938    -0.302568    -0.905751  -0.00434394     0.122977     0.149107     0.519567      1.81376     -0.45171    -0.635652  -0.00835664     0.391396     0.454012     0.300732     -1.06146     -0.52967    -0.501138    -0.301074      1.03307     -2.11269    -0.932451    -0.253001    -0.853352    -0.249603    0.0639565     0.220124      1.51936     -1.64464     0.363628     0.967408       1.1909    0.0934856     -0.80449     -0.99476   -0.0155835
    0.536882      0.56048    -0.544147     0.200514    0.0968555     -1.10974     -1.41137    -0.525411    -0.283946     0.647526      -0.6953    -0.214554     0.880431     -2.11276      -2.3484    -0.290816     0.238206    -0.164553      2.16432    -0.741334     -1.04341     0.804896     0.233468    -0.297641       1.1013    -0.370073     -1.99102     -1.47295    -0.852544    -0.761721      1.62024   -0.0977135     0.795184     0.911081    -0.368899     0.215979      1.46171     0.803178     0.615813    -0.801927    0.0854676     -1.31069     0.197221      -1.1272       -1.356     0.188066    -0.530439      0.73327    -0.512419     0.237694
   -0.876211     0.563533    0.0507276     0.235531    0.0342995    -0.423394     0.833224     -0.22946     -0.96473    -0.444137    -0.943941    -0.262168    -0.391223   -0.0212249    -0.202152     0.436736    -0.548872      -1.0611    -0.703198    -0.480449    -0.464449    0.0596686     0.533468    -0.826469    -0.175304     -1.13638    -0.283314    0.0838635     0.572109    -0.505689    -0.315327    -0.610386     0.124166    -0.842373     0.602534     -1.07338    -0.534009     -1.06949     0.358002     0.032598    -0.409629      0.52097    -0.251209     -0.10639    -0.758469     0.231391      0.53569    -0.136357     0.542909     0.111395
   -0.298165    -0.016203    -0.364002    -0.121666   -0.0134321    -0.129675   -0.0537801    -0.101681     0.176534    -0.159639    0.0907642    -0.309761    0.0809615     0.167916    0.0105181   -0.0841909   0.00569831    -0.392353    -0.434601   -0.0453995      0.10961    -0.204725    -0.061014    -0.271279    -0.259759   -0.0577988    0.0124166    -0.139942    -0.477099    -0.374241     0.221297    -0.337441    -0.148732    -0.145686   -0.0292858    -0.147414    -0.366727   -0.0689643   -0.0193994    0.0444911    -0.269896    -0.374023    0.0502524    0.0795395     0.114894    0.0116183    -0.242716    -0.203109    0.0585963     -0.27019
  -0.0494015  -0.00158327    -0.100787    -0.256773    -0.559261     -0.10992    -0.343586    -0.290459    -0.323493    -0.310002    -0.179801    -0.328672    -0.073515    -0.183215    -0.103399    0.0479597    0.0965223    -0.336372    -0.107851    -0.328569     -0.07733    0.0714839     -0.21666    0.0348506     0.036712    -0.233445   -0.0383672   -0.0476666    -0.285427   -0.0965077    0.0647496    0.0375806   -0.0340395   -0.0131836      -0.1925    -0.157859    0.0872191    0.0105171   -0.0898342    0.0212701    -0.337308     0.105186    -0.242866    -0.195577    -0.181155    -0.260915    -0.200485   -0.0818894   -0.0172699    0.0200265
   -0.869795     0.285686   -0.0238312    -0.794152     -1.45549    -0.168448     0.252549    0.0499138     0.197376     -1.49428      1.11567      0.67408    -0.412274    -0.644698      1.15373    -0.353327     -0.53254    0.0551972      0.69716     0.591085   -0.0610904     0.807466     0.313238    -0.508757    -0.335132    -0.128045     0.587041     0.147153    -0.359917       0.5498     0.228208     -1.58085     -0.34348      -1.1413      0.21816    -0.831409     0.345614     0.706709    -0.524935   -0.0335748      -1.1393     0.611796   -0.0424791    -0.082069     0.268136     0.947823    -0.105048    -0.163258    -0.497963    0.0522992
   -0.294041     0.278188    -0.108161    -0.327272    -0.453029    -0.253024   -0.0782818    -0.123832    0.0915723    -0.265145  -0.00763425   -0.0583773     -0.21794    -0.470683    -0.148573    -0.145801     -0.23748   -0.0494736    -0.132039    -0.309068    -0.131607     0.128083    0.0859787    -0.561859     0.225629    -0.501042    -0.183709    -0.239584    -0.153753     0.108377     0.205099    -0.813221    -0.102821    -0.241316    -0.125593    -0.339495    0.0360468     0.435857     0.066842   -0.0126693    -0.276822    0.0289905    -0.405299    -0.138698    -0.566209     0.503861     0.190323    0.0699167    -0.298529     0.051698
    -1.18477     0.658586     0.151036      1.61413    -0.349871    -0.526591    -0.386723    -0.310337      -1.2546     0.434201    -0.858026      -1.3608    -0.139686   -0.0368699     -1.06346      1.61929     -0.60998     -1.80964    0.0968472     -1.24528    -0.128857     0.218316     0.437236     -1.17947     0.403026    -0.531931    -0.340645    -0.424464     0.724473     -1.97333     0.499521    -0.231042     0.186243     0.632541     0.328697    -0.803254    0.0997523     -2.12542     0.459518    -0.101831     0.904343     0.111317     0.369104    -0.595482    -0.593675    -0.276447    -0.140227      0.15827     0.977673       1.1508
    0.102496   -0.0160253   -0.0735635     0.271333    -0.278307    -0.563073    -0.176325     0.180356     0.444838    -0.720657     -1.66889     -1.20655    -0.620988     0.869021    -0.887805     0.379907    -0.141974      1.55536     -2.04801     0.123371      0.20379    -0.513717    -0.656859    -0.993702    -0.158884     0.647113     -0.30362      1.41315     0.477454     0.170891    -0.344383     0.122052   -0.0215867      3.07566     -2.58355  -0.00401863     -1.10142     0.167617    -0.349526   -0.0970344      0.67906      0.74892     0.253622      1.31164     -1.44293    0.0566673    -0.164258     0.638442    -0.690614     0.240433
    0.451503    -0.712957     -2.22426     -1.22505     0.543302      1.08499     -1.29052     -1.82835      1.25066     0.300578      1.57113     0.626677     0.754483     0.167128     0.479477    -0.558054     -1.06359     -1.31027     -1.36669    -0.399141     0.684946    -0.907005    -0.095001    -0.674167     -1.31583     0.143815    0.0687385     0.821416     -3.09882     -2.34757     0.404311     0.167077     -1.52417     0.753995     -0.52262     0.337082    -0.565114     0.113965     0.149704      -0.4432      -1.1798     0.260635    -0.788033    -0.601372      1.14892      1.28879    -0.509199     -1.07433     0.374598    -0.564448
   -0.231726    -0.955998    -0.487344    -0.727805    -0.072499     0.539075    0.0498864    -0.294869     0.508456      1.22077    -0.177611    -0.151272     0.667493    -0.471524    -0.735707    0.0880404   -0.0882492     0.249695    -0.654047     -1.41472     0.214452    -0.374058     0.486062       2.5865     0.195628    -0.517946    -0.475637     -0.89377    -0.051807     0.438147  -0.00955638    -0.376849     0.400334    -0.781495     0.392774    -0.776966    -0.190573     0.817738     0.730639    -0.398561    -0.620153     -1.10481    -0.788927    -0.347646   -0.0947536       0.1826     0.870153    -0.230874     -1.14349    -0.530405
   0.0449494      1.12625     0.222997    -0.267691     0.205651     -1.80797    -0.207215     0.529806    -0.690587     -1.12819    -0.694507    -0.305993    -0.975295     0.684115    -0.209596    -0.386188    -0.783258     0.369427   -0.0109203     0.825298    -0.369347   -0.0396501    -0.792054    -0.583875     0.354088    -0.205542     0.195732     0.270478    -0.509637   -0.0459856    -0.195616     0.128475    -0.338195    -0.278863    -0.205534    -0.333547    -0.405891    -0.448521    -0.619144   -0.0535053    -0.681347    0.0929422     0.218815     0.110257     -1.16618    -0.121094     -1.06641     0.828639     0.153352     0.918694
   -0.132932   -0.0770258     0.103531     -0.19079    -0.221025   -0.0970737    -0.291195    -0.324264   -0.0268259   -0.0839573   0.00696649    -0.191067   -0.0111536    -0.192689    0.0323038     0.102544     0.115499    0.0542623    -0.271195    0.0399393    -0.200821    -0.105886    0.0484697    -0.306493    -0.221467    -0.105915     0.191134   -0.0627789   -0.0274026   -0.0502212     0.140141    -0.153212    -0.114027    -0.178002    -0.180867    -0.314108    -0.350441     -0.10793   -0.0886756    -0.338605    0.0356303    -0.200041   -0.0761055   -0.0112891    -0.062645    -0.167805   0.00134956    -0.118524    -0.153878    -0.169443
   -0.106631    -0.317939   -0.0731042      0.11269    -0.569367     0.189078      0.68893     0.194392     0.229084     -0.53156     0.146685   -0.0193458    -0.911037     0.567152     0.406314    -0.128247  -0.00950033     0.621424      -1.2629     0.214886     0.520025    -0.716205    0.0857949    -0.473687    -0.618279     0.399599    -0.150397  -0.00486659   -0.0390662      0.24246    -0.883889    0.0476565    -0.865104   -0.0277934     -0.56543    0.0195308     -1.23492     0.234139     -0.36432   0.00097847   -0.0493172     0.184518    -0.419237     0.196809    -0.150653    -0.845216    -0.324715    -0.323629    -0.408912    -0.368084
   -0.369434     0.650141    -0.257456     0.515532      -1.5236    -0.686569     0.122615     0.212186     0.200901     -1.36697      0.58351    -0.997837    -0.701167   -0.0310969   -0.0275399     0.646853    -0.223932     0.836869      0.13707     0.505329    -0.231256     0.190303    -0.596137     -0.34707      1.02916     0.593019    -0.123414    -0.475226     0.174803     0.340345    -0.164865    -0.436231     0.568119    0.0556165    -0.687339    -0.679223     -0.22063     0.147753    -0.580829     0.278425    -0.156224     0.162602    -0.386932    -0.384171      -1.1894    -0.628517    -0.755051     0.491193     -1.11588      0.84235
   -0.177034     0.160872    0.0662026    -0.259835    -0.152401    -0.234569   -0.0149532    -0.291018    0.0201499    -0.160874  -0.00621464    0.0879773   -0.0808958    -0.170127    -0.230885   -0.0103537     -0.11348    0.0245704    -0.352965    0.0567106    -0.015956    -0.498477    -0.139376    0.0908687   -0.0948616     0.252261   0.00923982     0.293454     0.170829    -0.269164  -0.00698384   -0.0580631    -0.204883   -0.0394988    -0.165423   -0.0895891    -0.249411      0.18159    -0.216716    0.0461961    -0.191258   -0.0448107    0.0956236     0.010932     0.285511    -0.151765    -0.173924    -0.248435    -0.461387    -0.123313
   -0.156553   -0.0192973     0.505687      1.29462     -3.07472    -0.758225    -0.984924      0.31988      1.02239     -1.36167      2.39682    -0.686256     -1.06323    -0.696976      1.24173     0.378438    0.0116818     0.690239     0.404655      1.01262     0.523437     0.554979    -0.672893    0.0407366     0.704415     0.991182    -0.556135     -1.25114    -0.804875    -0.016286     0.628039     -1.23929    0.0720792     -1.16562    0.0602565     0.323004     0.070411     0.153463     -1.03325     0.578779   -0.0142002    -0.442232     -0.24469     -1.41484    -0.929142    -0.882707     -1.09712    -0.126392     -1.84726     0.575899
    0.309999     0.997471     0.608432     0.341662    -0.138154    -0.597528    -0.355942    -0.347147    -0.393381     -1.64441    -0.324096     0.632821      0.42993   -0.0655517     0.500464    -0.131243    -0.234193     0.376916    -0.388533     0.513291   -0.0682994     0.421119    -0.444178     -2.45542     0.289145     0.350758      0.17798      1.32092      0.15927    0.0492893      0.58959    0.0151924     0.051792   -0.0696079     0.589276     0.710814     0.352495    -0.442504    -0.593737   -0.0794621     0.479596     0.238505      1.30895      1.07499    0.0408899    0.0319937    -0.959748     0.110504      1.08755     0.530844
  -0.0790631    0.0838632    0.0128809     0.161993    -0.525859     -0.31547    -0.129589    -0.112909   -0.0312958     -0.30759     0.192771    -0.340256    -0.260906    -0.465057     0.162494     0.140365     0.274506     0.308696    0.0729525   -0.0732106   -0.0546268    -0.133746    -0.166682    -0.310185     0.370557   -0.0808189    -0.325371    -0.482671     0.125781    0.0870683   -0.0959288    -0.487895     0.163726  -0.00430778    -0.226326   -0.0794839    0.0298864  -0.00162801    -0.151507   -0.0707942     0.149462   -0.0495556    0.0152907    -0.551677    -0.410696   -0.0823938    -0.251691    0.0970199    -0.464918     0.108277
  -0.30682
  -0.48724
 -0.863911
    1.0605
 -0.659998
  -1.13387
  -0.40518
  0.452887
  -2.79877
  0.210726
  -1.50758
  0.847643
  -1.43845
  0.740495
  0.353042
  0.231454
  -1.24654
 0.0776508
-0.0501169
 -0.334512
   1.00944
 -0.461559
  -2.87136
  -1.36783
  0.520571
 -0.624955
 -0.447708
  0.364986
-0.0951324
 -0.318526
  0.586897
  0.969681
 0.0867196
-0.0991617
 -0.592738
-0.0432866
   1.38777
 -0.287905
   1.14732
  -1.34771
   1.44126
 -0.119362
  -1.64728
 -0.721011
-0.0756939
  -1.21518
  -0.52251
 0.0900354
 -0.977279
  -1.13354
1
4
50 10
  -0.202112   -0.212663    0.159842    -1.26319    0.344012    -1.14066    -0.55346    -1.58704   -0.144467   -0.302319    0.396048    0.631729   -0.164956    0.320836    0.776953   -0.875915  -0.0691906     1.00418  -0.0160354     -1.4679    -2.75429    0.522653    0.114198    -2.14952    0.158223      1.3111   -0.873479    -2.67919   -0.187742      0.6486   -0.620807   0.0496955     1.26901      1.5554   0.0637534  -0.0421222   -0.946208  0.00160963    0.521724     2.05786       1.181    0.203207    0.785307  -0.0161504    0.866143    -2.52865     0.12328    -5.89751    0.472824   -0.435648
  -0.159609     1.43496    0.311816   -0.129339   0.0209884    0.461313  -0.0916338  -0.0799951   0.0573457   0.0554514    -2.99701    0.624708    0.106898   -0.515519   0.0481484    0.400297   -0.302263    0.713241    0.893918    -1.80054     3.32806    -1.23168    0.156313    -1.17636   0.0890057   -0.539713    0.561818    0.547051     1.22005    -1.51962    0.690499   -0.625034   -0.841753   -0.617148   -0.378896   -0.216768    0.399851   -0.240674     1.08489     1.24008    -8.34512     1.02182   -0.875879    0.278411     1.41197   -0.412386    0.205988     1.58583   -0.846016   -0.627118
  -0.399229    -1.20202     -1.7248   0.0570344   -0.426724    0.282693     2.05874     1.67582   -0.110024    -1.74249     1.04171   -0.871208    -0.22076     1.04372     -5.8897    -0.34813    0.432117     1.09192    -4.13902     1.45243   -0.350259     1.97008   -0.182233    -1.34423    0.512016    -1.31909     0.62562    0.462923    -1.09396    -1.39744    0.787881    0.622367     3.54469    -1.37099   -0.543449   0.0532758   -0.762077   -0.954771    0.060009    0.310214    0.682356    -0.96898    0.924312   -0.345422    -1.18227     1.67485   -0.426411     1.19236   -0.891833   0.0975471
 -0.0215209    0.977348    0.487187    0.292618    0.358721   -0.865967    0.835917  -0.0711389   0.0618485     2.17629    0.458995     1.29023    0.038332     1.50245    0.745659     1.22701    0.211123    0.286823  -0.0241551     1.54402    0.601511    0.184316   -0.121127     1.23535    -4.75005      1.5367    -1.21076  -0.0130738    0.760762    0.658678    -0.49403     1.20724    0.248176    0.560638    0.085749    0.137962    0.137647    0.459972    0.785713    0.269334    0.928473    -4.55686    -2.83806   0.0137396  -0.0267485    0.281132   -0.233929    0.524253     2.60235    0.573594
  -0.368017     1.85243    0.287948     1.46069    0.507056     1.53118    0.724821    0.276762    0.306439    0.316961    0.283935    0.140159    0.419861   -0.329388     1.53809   -0.244889    -0.45531    0.161917   -0.322807    0.220928   -0.303504  -0.0909069    0.061869     2.30507    0.446553    0.547565   -0.353595    0.618498   -0.206892   -0.487307   -0.524727    -3.82708    -1.05266   -0.527653   0.0162555    0.368344   0.0988017    0.292136    0.599879    0.234309    0.898809     1.47775    0.188423  -0.0100102 -0.00647302     1.07128   0.0896317   0.0109678    0.253851     0.62455
  -0.051689     1.59867    0.516868     1.83423  -0.0820563    -1.98806    -4.42522    0.683345    0.398036  -0.0151226     0.67611   -0.971688   -0.159992    0.633138    0.742238    -1.28237    0.941084     1.17576     0.98259   -0.180494    0.237294     1.00165   0.0113645     1.71858     2.92938    0.383905    0.468986    -0.34944   -0.319733   -0.663968   -0.805169   0.0102787    0.818066    0.967079    0.107317   -0.107575    0.633633   0.0628542    0.011907    -6.68807     0.84565  -0.0233303    0.289345   0.0892762   -0.395334  0.00707032   -0.102826     1.21998   -0.580058    0.240355
   0.184624    -5.81294    0.147314     1.93048   -0.760948    0.724193   -0.814625      1.2041    0.213743   -0.374552   -0.270788     1.32134    0.296658    -3.35675    -1.51069    0.667808     1.44655  0.00852178     1.89887     1.02942    -1.20757    0.328303   0.0942624    0.382028   -0.600937    -0.59517   -0.120876     1.40294     0.43227 -0.00215885   -0.719716    0.527501    -5.48526    0.527699    0.104973 -0.00302865     1.53289   -0.210511    0.825432     1.86202    0.816179    0.430864     1.64941    0.398087    -1.68095    0.360127    0.184665   -0.224175    -1.14596   -0.304102
   0.909039   -0.776277  -0.0424073   -0.660695    0.530729    0.947751    0.206239   -0.596621    0.143038    0.751074     1.05362    -1.27308     0.36937    0.533075     1.87399    0.477773   -0.355701     1.95236    0.378665   -0.127024   -0.200782    -2.65526    0.171671    -1.23245    0.658405    -1.34535   -0.265216   -0.976833    -1.85522     1.84888     1.38256    0.977524     2.26226    -1.26441    0.171917   0.0615618   -0.966185    0.462225     -4.9647    0.617733     1.35084    0.724902     1.09899    0.112297   -0.446096     1.34106    -0.47266     1.26428   -0.254175    0.242518
 -0.0493764     1.79054   -0.163332    -3.17782   0.0248544  -0.0621488     1.63788   -0.923247   -0.113999   -0.649424   -0.475466   -0.973751   -0.481864   -0.186156     1.45431    0.936351    -1.40205    -5.86641     0.37782     -0.4651     0.49177    0.150103   -0.143992   -0.536968     0.14759  -0.0372483     1.53749     1.66094     1.39345    0.838173    0.235857     1.08997   -0.461124   0.0387919    0.130571   -0.193317   -0.340142   -0.397996     1.24167   0.0478913     1.59044     1.45171    -1.61732    -0.31263    0.758056    -1.08333    0.207868    0.368515    0.801413   -0.111684
 -0.0265277    0.158446  -0.0252222    0.200583    0.308804    0.092101   0.0479926  0.00644215   0.0765765  -0.0804124   0.0522363   -0.154436    0.143424   -0.146848   0.0294664    0.074403   0.0820864   -0.136117  -0.0770387    0.173352    0.138915    0.217097   0.0526598   -0.111908 -0.00532533    0.212212   -0.182153    0.100195   0.0272677  -0.0265954    0.168961 8.22666e-05  -0.0325742   -0.226775   0.0829868  0.00731953   0.0412442   0.0136124   -0.109469  -0.0391515  -0.0401726    0.127483    0.103001   0.0258208    0.195476    0.255462   0.0580272  -0.0580039    0.115932   0.0701702
    3.4892
   1.03799
  0.535207
  -2.81585
  0.639071
  -0.18795
   1.65784
 -0.608409
 -0.929316
-0.0740261
