3 16 0.5 1900
1
1
9 50
  0.0483327     0.94349   -0.983876     1.12515     2.30357     0.87209    -1.17474   -0.873053   -0.177291
    0.35029    0.145549   0.0196148    -4.05794 -0.00692251    0.224654    0.240845  -0.0861236    0.331294
   0.266051    -3.49277    0.269845    -0.14821    0.983903   -0.762437    0.268059   -0.944515   -0.252097
    1.88293   -0.202906    -2.27883    0.509089    0.460847    0.412242   -0.085258     2.99315     1.37808
   -4.68027  -0.0311109   -0.617507    0.453929    0.284825   -0.121202   -0.425593    0.181059   0.0698299
   0.348216  -0.0941838    -1.04752     1.30268    -1.17849    -0.37067    0.143349    0.181216     2.60067
   -1.35998   -0.122766    0.116887      1.1271     1.43514     0.34645     2.50462   -0.141698     -3.0538
    1.42006    -1.50681   -0.638103    0.200684    -1.52092   -0.201162    0.939086   -0.932114    -1.35566
    1.30459     1.52174    0.263408     1.13258   0.0453654    0.362823    0.253988    -2.88237     -1.5356
   -2.65796    -1.01069    -2.46445     3.07247     -1.3619 -0.00324472   -0.376215     1.36178    -1.47618
    3.72432     1.66054   -0.295044    0.140833  0.00232493    -2.27112    0.514002    -1.59466   -0.161968
  -0.960476     1.33883     1.33205   -0.472229     1.86037    -1.73177    0.307536    -2.12944    0.583795
   -3.07649     1.54382    -0.33716     1.25296     1.54937     1.09136   -0.976718     0.11485    0.424309
   -1.50068   -0.137122   -0.305155    -1.09206   -0.756465 -0.00862657     3.46077    0.545573   -0.934434
    2.24071   -0.376037     1.64371    -1.51194    -1.16759     -1.7293     2.73871    -1.55802     1.50128
   0.570793    -0.83694    0.550186    0.387521   -0.429439    0.379112   -0.229806     2.82576   -0.453987
    1.05163    -1.48327   -0.498209    0.595471    -1.38561    0.502562   -0.852547    -1.61086     4.53012
    1.42427    -1.66493     1.13617    0.897706     1.04013     1.20485   -0.355818    -3.50328   -0.477678
  -0.437971    -1.17644     5.22907    0.785489    -1.06584    -0.82791     0.34668  -0.0183673   -0.566905
   0.897065  -0.0294165    -1.06328   -0.877618   -0.313252     5.71659    0.727653   -0.241707   -0.967578
   0.846506    0.696506    -2.40377    0.442759    -0.04733   -0.044084    0.554545    0.216739   -0.552578
   0.531907    -1.92003     1.78967   -0.345604    -0.10572   -0.620314   -0.651492     2.54676  -0.0630825
   -0.62328    0.742648   0.0132318    0.613911    -3.95451    0.236733    0.884856     1.56653    0.564906
-0.00670381     -1.2194    -1.76436      5.2412   -0.503606   -0.813289   -0.521111    -1.98107   -0.505324
    0.61689    -4.52969   0.0475184   -0.354897    0.795509    0.376769    -1.02925    0.384375   -0.643951
    2.23401  -0.0679541    -1.23923   -0.631359    0.296867      1.4467    0.261162     -0.5915    0.663314
   -1.03276    0.493507    0.114098    -1.29572   -0.854708  -0.0486634     3.78817  -0.0408696    -1.27069
   -1.19834    0.781376     2.08831    -2.70726   -0.829497    0.503509   0.0926944   -0.656452    0.261425
  -0.624241    -4.02573   -0.420117     1.00732    0.438391     1.20517      1.5118    0.638149     1.20406
   0.143552    -3.62843    0.358052      1.2089    0.797053    0.655961      1.5581    -2.68396     1.49021
     1.6342     1.88851   -0.551202   -0.752461    0.358902   -0.513194    -3.61801    0.296696      0.2071
   -1.23531   -0.130667    -3.40035    0.509293    0.328825    0.971278    0.296111     1.26512     -1.4764
   0.572392    -2.54562   -0.222514      1.3143    0.938431      1.3677    -1.05714   -0.447405    0.269768
   -1.82647    -1.08003    -1.30488   -0.528392   -0.890269     5.26991    -2.27436     -1.2464   -0.180667
  -0.301333    0.265367   -0.875431   -0.164868     3.19774    -2.35289     1.59447     1.36487    0.708078
    1.31989   0.0399806    -2.67123     1.50031      1.4404   -0.344133    0.102238   -0.850412      1.3912
   0.508101    0.812032     2.71714   -0.152472    0.861785   -0.096974     -1.3519    0.990962    0.987919
   0.761222     1.20949     1.21488    -0.45621    0.827161    0.643408    -1.81645    -3.86092   -0.323436
   -1.31375 -0.00315094    0.326659     1.19483   -0.214618  -0.0479128    -1.97891    0.197447   -0.704848
   0.499468    -0.85383   -0.265629      1.0623    0.274185    -1.13796   -0.117612   -0.589782    -3.60415
   0.342634    -1.33096    -2.21884    0.750452   -0.924522    0.938801   -0.753573     1.30887     2.09933
  -0.966363    0.384674     1.92727    -1.42079    -1.94714    0.527546     2.10964     1.25833    -1.87296
  -0.736441   -0.830044   -0.125197    -1.97098      3.1565    0.481455    -1.45117    0.328784     1.97509
   -2.32461    -1.67655      1.9736   -0.957048    0.678873     1.49797    0.247889   -0.886985     1.45131
  -0.990053    0.960946   -0.449422    0.381043   -0.427071    -1.77637     1.65109    0.700227     2.82496
  -0.795687     1.53509     1.43732    -1.31883    -3.24127    -0.33814    -1.39293    -1.23593    -1.61319
   -1.34427   -0.652397     3.27653    0.936218    -1.24764   -0.207365    0.253586    -1.00178    -1.52339
   0.870327    0.991108   -0.715205   -0.391874   0.0871767    0.410462    -1.45714    0.681158    -3.97235
   -1.86898    0.533783   -0.108851   -0.153489     3.49587   -0.739352     0.93362     1.85771    -0.15768
    0.50141     1.05259    -0.63221    -2.13229    -1.50539   -0.753413    -1.63745     1.65665    0.526273
-0.236383
 -1.88569
 0.647367
-0.874199
  2.06066
-0.477113
 -1.51417
-0.503323
0.0389449
 -1.14791
 0.701113
 0.204391
 -1.15763
 -1.95753
-0.127559
 -2.49336
 -1.96756
-0.833805
  1.35118
  1.73646
 -1.33825
 -0.21082
 -1.83597
 -2.55815
   -1.401
-0.890878
 0.826613
-0.647314
-0.740492
-0.512773
 -1.03621
 -0.31634
-0.756778
 -1.05302
 -1.30877
 0.069975
-0.263127
 -1.61355
-0.819503
 0.327813
 -1.76418
-0.155578
-0.228454
 -1.57006
 0.573807
 0.490711
  -2.1233
 -1.78542
 -1.90171
-0.904226
1
1
50 50
   -0.641894    -0.271447    -0.452434    -0.640506    -0.319743    -0.227553    -0.231529   -0.0939948    -0.142195     0.207441    -0.491733    -0.338385   0.00461726    -0.190367    0.0651096    -0.269939     0.518444    -0.199247     0.158765     -0.33631   -0.0974202     0.208903     0.734744   -0.0263318     0.121576    -0.113177    -0.489969    -0.207616    -0.305419    0.0476654    -0.267198    -0.603524    -0.448813    -0.122177    -0.577802    -0.773646     0.129452     0.127053    0.0217011    -0.475912    -0.324398    -0.179717     -0.53839    0.0449039    -0.309375     0.167229     0.335379   -0.0266205    -0.291997     0.103216
    0.143691    -0.319935     0.338531    -0.496485     -1.15355     0.452465      1.41108    -0.465046     0.419358    -0.304599     0.477374    0.0255786    -0.861162      2.25111      2.22071   -0.0476316    -0.512651     0.644197     -1.26527     0.897594     0.817714    -0.709112    -0.511455    -0.180651      -1.1604     0.363188     0.869357    -0.167915     0.145808     0.466225     -2.79081     0.211953     -1.45426     -1.40374    -0.537072     0.868338     -2.04133    -0.748739     -1.07318     0.146971    -0.496004     0.930978     -1.92936     0.200505      0.43054     -1.99316    -0.896761     -1.03623    -0.147059     -1.20659
    0.630375     -1.43605     0.390537     0.740156     0.836346     0.161298    -0.586791     0.124437    -0.318052    0.0851492     0.473278    0.0877647    -0.736504    -0.801985    -0.266755    -0.652563    -0.532889    -0.997022      -1.5378      1.89851     0.790266    -0.155286     -1.08445     -1.02694    -0.741168      0.32115     0.606881    -0.742043    0.0253367    -0.211192     0.481838      1.16599    -0.501579    -0.555504    -0.285433     0.877021    -0.516335     -1.30123     -1.01451     0.215784     0.440195    -0.390161    -0.274817     -0.39753     0.578166    -0.439221    -0.689744   -0.0520028    -0.884696    -0.474458
   0.0141265    -0.695843     -1.73152     -0.39572      0.48326     0.712867     -1.63971     -1.84456    -0.292553     0.732373    -0.517222    -0.345428      1.43036    -0.415388     0.995958    -0.401484      1.59575     -1.90313    -0.338539       -0.798    -0.535191    -0.971499    0.0517945      1.67156    -0.851437     -0.43157     0.467026   -0.0982081    -0.571196    -0.137055     -1.21261    -0.576565      -1.3102     -0.76484     0.258744     0.198466    -0.447149    -0.377978     0.512749     -2.20224   -0.0428663    -0.946653    -0.949364     0.560591     0.789508     0.248577    0.0375036     -1.24774    -0.178817    -0.906183
   -0.177298    -0.609597     0.278486    -0.297148    -0.225794    -0.192086    -0.357625    -0.302007    -0.269835    -0.330601   -0.0285342     0.079452     0.073161    -0.410138    -0.417352    -0.158898    0.0479774    0.0581603     0.276807    -0.523592    -0.352288     0.119824    -0.229903   -0.0412675     0.188146    -0.386705    -0.659864    -0.381323    -0.172482    -0.215038     0.320499    -0.792993     0.185327    -0.410984   -0.0698106   -0.0924314     0.176431   -0.0218983     0.487707   -0.0981472    -0.506011     -0.61021    0.0302774    -0.267291   -0.0283999     0.372139      0.12767     0.117437    -0.666131   -0.0201466
   -0.171597     0.430039     0.187841     0.164236     -1.04196    -0.624985      -1.1374     0.457762   0.00759129     -1.47242     0.459022    -0.614888    -0.746999  0.000592387     0.485404     0.045884    0.0939656     0.870676    -0.660396   -0.0675471    -0.403302    -0.358738      -1.5326    -0.755455    0.0572801     0.727413     0.365982     0.927713    -0.193045     0.333754    -0.086279   -0.0701188   -0.0867432      1.43278      -2.0274    -0.467482    -0.773303     0.102319    -0.931384    0.0309487     0.484526     0.363573      0.14952     0.448351     -1.20579     0.320575      -1.1615      0.14008     -1.76334     0.605392
   0.0472539    -0.653163     0.405406     -0.42792      0.43631     0.952202    -0.627952   -0.0590975     -1.09984    -0.311956        1.127      1.07603    -0.323584    -0.717285    -0.128763    -0.666061    -0.920054     -1.87297      2.11536     -5.58942   -0.0652138     0.250908     -1.02741     0.322697    -0.227664     -1.85383    -0.368757     -1.71828    -0.285148    -0.509464     0.173854     0.356057   -0.0960446     -1.02299      1.87037      0.76975     0.420067     -1.42101    -0.201245     0.268276    -0.342937     -1.01232     0.572289     -2.06204      1.66202     0.377023     0.210053    -0.732774    -0.838213   -0.0533862
   -0.792055     0.285741     0.119416     0.795461      -1.8567    -0.699923   -0.0121407     0.276185    -0.709628    -0.603382    0.0195816     -1.59995    -0.431896  -0.00921661  0.000605855      1.25825    -0.532047    -0.220798      1.30641     0.838986    -0.564832     0.244232   -0.0884067   -0.0125384      0.74125     0.428368     0.330158    -0.652041     0.458039    -0.688169    -0.439024    -0.616452    0.0401501    -0.499952     -0.41581    -0.770258    -0.127556    -0.915368      -1.1383     0.512083    -0.187656     0.274243     -0.90872    -0.851957    -0.328633     -1.06687     -1.20084     0.115481    -0.796951     0.253962
   0.0383889     0.056971     0.146037    0.0488059     -0.23319    -0.164241    -0.248608   -0.0306914      0.12378    -0.280436     0.347318    -0.131151     -0.22494     0.136557    0.0233446     0.173626    -0.170471    0.0443757    0.0814332      0.33074   -0.0715475     0.116063    0.0485191   -0.0703713    0.0706771      -0.1868     0.167686    0.0180955    -0.428202    -0.131507    0.0767091    -0.209398    0.0243316    -0.216029    -0.247709     -0.22153     -0.17395     -0.19232    -0.177482     0.221985    -0.394664      -0.2058   -0.0350737    -0.162471     0.103753    -0.133891    -0.121614    0.0225696     0.204217     -0.31455
   -0.380574    -0.402831   0.00605524    -0.254518       -0.367     0.112578    -0.414589    0.0204707    -0.319444     -1.12571     0.145273      1.03737     -0.55215     -1.38934     0.690886    -0.603105    -0.412394    -0.690021      1.12929     -1.02093    -0.406401      1.56409     0.207601     -3.30297   -0.0713344    -0.906816    -0.670604    -0.560046   -0.0779283    -0.070849     0.485013     -1.24245   -0.0763877    -0.577756      0.12248    -0.964125      1.26455     0.338381     0.350595   -0.0293729    -0.197479    -0.204287    -0.420601    0.0534098     0.782258      0.89767     0.978119    -0.437897    -0.387298     0.556482
  -0.0489005  -0.00554491      1.23503     0.519693    -0.194919     -0.72768     0.186184     0.663162     -1.38707     -0.17853     -1.17869    -0.635411     -1.40678    -0.533815    -0.250509    -0.272594    0.0282167     0.683593      1.55358     0.896372    -0.920223       1.3963     -1.66371    -0.563212      2.96677     0.178732    -0.595064     -1.42116      1.84292     0.959448     -1.40438   -0.0567375      1.50938    -0.787769    -0.475521     0.410713     0.544406     -1.20112    -0.491822      0.28534     0.758609     -1.07537     0.275614    -0.460553    -0.515175     -1.58906    -0.686905    -0.674802    -0.995391    -0.656867
   -0.511295     -1.20945    -0.168809    -0.238763      0.48751      0.36283     -2.30135     -1.02287    -0.884065     -1.10399    -0.338617    -0.196323    -0.096544     -1.72807     0.350673    -0.308921     0.847332     -1.49618    -0.514836     -1.31456    -0.846821   -0.0798946    -0.198101      -1.0802    -0.303108    -0.720288    0.0484088      0.49919     0.480176    0.0793862     0.251093    -0.930064    -0.498268     0.756977    -0.478459    -0.762544     0.505505   -0.0446576   -0.0451097     -1.81651    -0.184537    -0.245988     0.108215     0.705501     0.412472     0.628528     0.227514    -0.513838    -0.713032    -0.213717
  -0.0247441    0.0979901     0.491488    -0.185569      -0.1273      -1.3269      1.35602     0.735161        0.627    0.0193589     0.296999    -0.196546    -0.716893    0.0966461    -0.545519     0.156909    -0.847348   -0.0851504    -0.055168     0.186234     0.100418    -0.322267    -0.935952    -0.552087     0.472138    -0.503979     0.346912    -0.506436    -0.704731    -0.679922   -0.0281575     0.207213    -0.213558    -0.286969    -0.542155    -0.508946    -0.161168   -0.0377463   -0.0624754     0.590503    -0.856739     0.274758    -0.963826    -0.581264     -1.01322     0.610903     0.602268      1.43384     -0.35652    -0.349752
    0.515807     -1.00834     -1.08246   -0.0390509   -0.0274169     0.243123      1.73318    -0.080075     0.257516    -0.346279    -0.148049     -1.07156    -0.656522      1.98603     0.917389    -0.375122    -0.419349     0.523162     0.471544      1.65937     0.341112     0.569166    -0.424289    0.0538486   -0.0251575   -0.0519402      0.96434    -0.229644     0.159494    0.0347888     -2.41075       1.1612    -0.271938     -2.29145     0.506076     0.415144    -0.962685     -2.08998     -1.82632    -0.419584    -0.265514      1.62642     -1.32257     0.269573    -0.222685     -1.21556      -1.4875     -0.25673     0.751261     -1.55588
    -1.65788     0.415111      1.29642     -2.12219    -0.364832    -0.517913     0.203614    0.0934461    -0.921122     -1.35864     -1.62322     0.435667    -0.129343     -1.23909    -0.834971     0.043559     -1.24151      0.55423     0.835588    -0.747332     -1.40101      1.41873    0.0352651    -0.779208     0.688409     -1.48805      -1.3319     0.266477     0.499908     0.673619     0.578645      -2.4266      1.10174    -0.859239    -0.559195     -2.55662     0.844637      1.31842      1.07616    -0.142571     -1.51362     0.067715     0.744049     0.934282    -0.586707      1.88059       2.3452    -0.723819     -0.98477    -0.120191
     0.29587    -0.723218     0.548691      0.24416    -0.450963     0.178116     0.479481     -0.53177    -0.739416    -0.651609    -0.393821     0.134836     0.630014    -0.525802    -0.143352    -0.223847     -1.25756   -0.0449774    -0.245195     -1.65317    -0.220423     0.269721     -1.06143     -1.59831    -0.224121    -0.552301    -0.183163     0.708491     0.724411     0.783867     0.184209   -0.0824122     0.197927     0.642883     0.559183     0.110794     0.229227    -0.418546    -0.186326     0.300083     -0.39209    -0.294173     0.705841     0.687375       1.0464     -1.39659    -0.491239     -1.16637      1.23024     -0.54708
      1.2898     0.743534      0.84832    -0.254878      1.03722     -2.00924      1.21115     -0.92055   -0.0244686     -1.96244     0.470374     0.766397     0.224909     -1.95004     -1.34924    -0.561373     -1.62961     0.634125      0.45167     0.905284     -0.95899     0.410807     -1.66889    -0.747748    -0.474612   -0.0929064      0.33611      -0.6835    -0.644187      1.28579     0.572027    -0.582056     0.323489    -0.844741      2.59144     0.612429      1.24031     0.403828    -0.538348     0.123109     -1.39495     -2.33504      1.94107   -0.0793581    -0.833104     -2.94324     -1.09156     0.362027      2.63824     -1.24649
   0.0955466    -0.646027    -0.885005      0.97067     0.472224      1.21642     -2.26446     -1.86792    -0.755013     -1.00767   -0.0505226   -0.0466848   -0.0961351    -0.784822       2.0154    -0.904453      3.29149     -1.03015     -0.43756    0.0424627    -0.950399   0.00975636     0.328767     0.586806     -1.45068    -0.278458     -1.10449     0.462748    0.0179106     0.997562    -0.862332     -1.27633    -0.437314      -0.4222     0.430418     0.849582    -0.112322     -1.09715    -0.280445     -3.27274       1.2399     -1.17911      1.03179     0.362403      1.25597    -0.984002    -0.478025     -1.98604    -0.442293    -0.961375
    0.102062     0.257004    0.0928694      1.03039    -0.385467    -0.440752    -0.945629    -0.292052    0.0146137       1.0438      1.19561    -0.526777    -0.271148     -0.33583    -0.126165    -0.566269     0.388787    -0.785785     -3.22096     0.683321      1.36724    -0.440214   -0.0142719     0.381054    -0.606896     0.748415     0.985688      -1.0877    -0.719926    -0.412302      1.11964     0.699618    -0.979471    -0.227675     0.453291     0.856136     -1.79618    -0.531321    -0.703677   -0.0195596     0.406194     -1.57687    -0.238978      -1.0202   -0.0728661     -1.14431     -1.19962   -0.0583855     0.100995     0.223921
    0.731766     -1.14987     -1.46233     -1.18192    0.0915553     0.210567    -0.691774     -1.48227     0.222665     0.390641   -0.0462556      0.48241      1.27807    -0.702852   -0.0831874     -0.38043    -0.197384     -1.37352     0.232358    -0.286493    -0.386845    -0.669842    -0.231775    -0.181309    -0.728052      -0.3066      1.17998      0.47146     -1.61684    -0.406152     -1.17854      0.53571     -1.00804     0.423494   -0.0336198     0.613243     0.215084    -0.141706    -0.408961     -0.61557    -0.461306    -0.119434     -0.63333     0.322105     0.728987     0.473394    -0.554161    -0.772799      1.07712     -0.98925
     0.17443    -0.550425    -0.669029    -0.794369     0.589594     0.357147     0.684497     -1.64596     -1.41198     0.631103     -2.56916    -0.025373       1.6715     0.628855    -0.746306    -0.468331     -1.08331    -0.973166    -0.907531    -0.394862    -0.244814    -0.543221     0.213305   -0.0301407      -2.3814     -1.09643      -0.5411     0.615401      1.25135   -0.0308427     -0.41517     0.166867    -0.859344     0.408398     0.169221     -1.11135    -0.219427      -1.1288     0.495634    -0.676286    -0.581119    0.0104853     0.059056      1.12314      1.40542     -0.79604     0.700669     -1.42078      1.72249     -1.01692
    -1.18186     0.216495     0.501265      1.35113     0.127054    -0.942982    -0.302425    -0.233845     -1.82134     0.162329    -0.988214     -1.11864    -0.123537    -0.532612    -0.990212      1.61168    -0.966502     -1.70446      1.39158   -0.0416143    -0.665294     0.787911     0.282179    -0.875612     0.795996    -0.989196    -0.446202    -0.657366     0.386206     -1.72916    0.0218349     0.298854   -0.0482845    -0.174443     0.666003     -0.98688      0.60925     -1.27267     0.311199     0.384871     0.433135     -0.19713      0.16154    -0.943843    -0.729757    -0.791212     -1.10609     0.313754     0.711319      1.11258
   0.0326714    -0.198344   -0.0908056    0.0250089    -0.197809    -0.224146    -0.450536     0.083677    -0.209425    0.0616729    -0.161529    0.0438619    -0.157272    0.0732275   -0.0565787     0.121242   -0.0332175     0.307277     -0.25797     0.115554   -0.0224733      -0.1085    0.0806131    -0.158922   -0.0527789     0.173118     0.166577    0.0340722      0.19019    -0.135662     0.050883     0.131571    -0.171669    -0.238079   -0.0155633    -0.225464    -0.195096     -0.19505     0.231177     0.118632   -0.0637364    0.0114795    0.0486931   -0.0111999    -0.109458   -0.0525572     0.108527    -0.203549   -0.0452198    -0.218078
    -1.61346     0.872192    0.0892305        0.641     -2.00671    -0.864748    -0.341644    -0.198489    -0.458511     -1.26183     0.146605     -1.28203    -0.914815    -0.795734    -0.481405      1.28043    -0.831329    -0.621265    -0.044057    -0.095369    -0.252827     0.517352     0.118487    -0.967597     0.210731    -0.436244     -1.07533    0.0220206    -0.109447     -1.06916      0.63384      -2.1505     0.517706    -0.634749     -0.60768     -1.78484     0.239852    -0.383432   -0.0510367     0.445649    -0.229614     0.505506    0.0721506     -0.92307    -0.569834      1.05294     0.150605    0.0196542    -0.997096     0.645522
   -0.669059      3.84006     0.635931    -0.425345      0.22076     -1.54953     -1.62078    -0.175108     -1.57725     -2.39239     0.349753     0.136371     -2.17696     0.207306      1.01209      -1.3367     -0.92266   -0.0778991     0.367891      3.58013    -0.471053     0.232328     -1.87645     -2.00926    -0.701892     0.770628    -0.367171      1.10165    -0.688745    -0.791396    -0.313029    -0.499074    -0.845219     -2.25624     0.324075     0.366368    -0.269165     -1.42956     -1.55382     -0.57215    -0.573176     0.437382      1.09601     0.519333    0.0503201    -0.207503     -1.98032     -1.08365    -0.326688      1.62029
    -1.02807     0.322373      0.01959   -0.0488689  0.000764253    -0.661981     0.192767    -0.271251    -0.888312    -0.220446      -1.2992    -0.693352    -0.333346    -0.894335    -0.901185     0.976593    -0.423782     -1.35505     0.224463    -0.793544    -0.575008     0.320073     0.419186     -1.08828     0.545255     -1.47718    -0.658928    -0.554998     0.684382    -0.155925    0.0630255     -1.28691     0.811581    -0.274845     0.152297     -1.42791    0.0882846    -0.423038      0.79611   -0.0978635    -0.203982     0.220181     0.157018      0.23642    -0.501383     0.568467      1.64479    -0.126807    0.0300244     0.172781
    0.478085    0.0888266    -0.602047    -0.278945     0.112988     0.872274     0.591868    -0.559625     0.732057      1.00404    -0.596407     -0.39835     0.695693     0.029042     -1.42168      -0.5308     -1.83501      0.63573    -0.390126     -1.02717     0.260342     -1.74359     0.113782      1.38896    -0.687016    -0.106192    -0.205365    -0.605028     0.643138    -0.138954    -0.881169     0.810757     0.351899     0.763469    0.0617835      1.30082    -0.520172     0.313109     0.211108     0.261925    -0.205716    -0.847314     0.100916     0.525614      1.18717     -0.50314    -0.570329     -1.93605    -0.256962     -1.16785
    0.825442    -0.830273    -0.475673     -1.57287      0.80966     0.969526    -0.916205     -1.19176     -1.00189     0.399662     -1.20843     0.586168      1.94201     -1.03563     -0.90395    -0.599988    -0.332601     -1.56547      1.16911     0.578383     -1.45921    -0.524759    -0.393547     -0.50697     -2.64297     -1.40988      1.44984     0.162132   -0.0915179     0.266209    -0.215127     0.612681    -0.969617     0.314137      -1.0269    -0.458229     0.307909     -1.01775     0.374979      -1.0427    -0.541839    -0.021898     0.513606      1.51998      2.28266  -0.00534374     0.272537     -2.30131     0.120226     -1.12838
    0.377888     -1.07454     0.167625     -1.23524    -0.412232      1.48019     -1.15345   -0.0850662      1.58675    -0.475566      1.03262     0.969851    -0.323104     -0.58775     0.586936     -1.06647    -0.113177      1.18902     -0.60009     0.204372    0.0648676     -1.62594      -0.6221     0.326392     -1.63688    -0.145659    0.0209273     0.802204   -0.0749123      1.47649    -0.375165    -0.241351    -0.547096     0.683948     -1.57758     0.733219    -0.925339      1.97485     -0.41644     0.434945    -0.564543    -0.695772   -0.0609263     0.825603      1.26502   -0.0546805    -0.288796     -1.61712     -1.92331     -1.11194
    -1.20409      0.37615     0.206857    -0.802718   -0.0690093    -0.950242     0.323558     0.283394    -0.980813     -0.12784     -1.57651    -0.315034    -0.233514    -0.541813    -0.663791    -0.451908   -0.0350238     0.961044     -1.11409      -0.6365    -0.171892     0.824657      1.18555    -0.947213      1.11837    0.0148067    -0.939891     -0.95045     0.473966      1.35441    -0.400992    -0.536641     0.764823    -0.801781    -0.368737    -0.891352     0.066997     0.123816    -0.148852    -0.588887     0.031452    -0.611838    -0.421702     0.294478     -1.44392    -0.858146      0.56639   -0.0358202     0.258497    -0.564081
   -0.949397    -0.739179    -0.497634    -0.336498    -0.615207    0.0792991     -1.18915    -0.385515    -0.615714     0.263334    -0.396524    -0.347249  -0.00492513    -0.759323    -0.780381    -0.619793     0.260259    -0.205793      0.28149    -0.735449    -0.232021     0.207429     0.915175     -0.10903    -0.105679    -0.190263    -0.984919    -0.776918    -0.394911    -0.746898    -0.109272    -0.224956    -0.141462     0.470384    -0.341375    -0.617243       0.1225    -0.562478    0.0509401    -0.520852     0.171866    -0.677495    -0.375048    -0.785986    -0.445709    -0.217485    -0.385448      -0.2321     -0.75664    -0.197832
    -2.08793     -1.53353    -0.854066    -0.072173    -0.720018      1.77098    -0.834774    0.0898803      0.20181     0.752982     0.181356     -1.45005     -1.48939     0.564165        1.201    -0.464333     0.704249     -0.78764     0.398763     0.384371     -0.12411     0.991476      3.11565    -0.507174      -1.0347   -0.0811226     0.274916  -0.00547429      0.23149    -0.646823     -0.83849     -0.66248    -0.675138     0.462339     -2.78456     -1.03296    -0.669391      -1.6198    -0.713435    -0.260231     0.754715      1.26452     -2.71284    -0.397759     0.801862      1.13507    -0.487135      -1.0423     -2.12082    0.0235381
    0.595632     0.310998     -1.31654     0.549019    -0.063476    -0.778448     -1.92111    -0.944631    -0.116647    0.0497839    -0.512859    -0.250649      1.02082     -2.80566     -2.58651    -0.414156     0.768666    -0.268183      2.02017    -0.675411     -1.05419     0.747866     0.128493    -0.501942      0.78532     0.144674     -3.51075     -1.58403     -1.32901     -1.55303      2.61791    -0.214942     0.971338     0.801238   0.00297527  -0.00590432      1.94178     0.891138     0.705843     -1.36052     0.020077     -1.89398     0.411991     -1.58948     -1.48412     0.494142     -0.92083     0.908844    -0.370369     0.631986
   -0.560122    -0.148026     0.468536     0.167591     0.465028    -0.557042      1.21415     0.344058    -0.612147    0.0143234     -1.13995    -0.117663    -0.817492    -0.494109    -0.868443      0.62536    -0.743718    -0.698884    -0.451358     0.272951    -0.454445     0.418464     0.585709    -0.698263      0.35289     -1.10254    -0.586187    -0.564713     0.846816    -0.257713    0.0730352    -0.540683     0.562084    -0.792468     0.551844    -0.935727    -0.435863     -1.01615     0.750146     0.719546    -0.589415     0.430518    -0.211448    -0.571753     -1.22505     0.349279     0.856966     0.724318     0.448102   -0.0479999
   -0.292281   -0.0748018    -0.411319    -0.122736   -0.0451864   -0.0921059    -0.121218    -0.132459     0.169391    -0.197437    0.0465912    -0.359981    0.0633947     0.126291    -0.043116    -0.100684   -0.0364159    -0.410834    -0.503071    0.0103242     0.102972    -0.218551    -0.104258    -0.338541    -0.262198   -0.0444571   -0.0206653    -0.168593     -0.48769    -0.404403     0.239647    -0.325346    -0.158704    -0.162978    -0.113128    -0.142548    -0.383543   -0.0964061   -0.0438485     0.026557    -0.283559    -0.392163    0.0174912    0.0639954     0.122608   -0.0105314    -0.282973    -0.230968   -0.0230278    -0.293723
  -0.0622967   -0.0422819    -0.125707    -0.323869    -0.576775    -0.156341    -0.332902    -0.309844    -0.364055    -0.312746    -0.274096    -0.350887    -0.101718    -0.178152    -0.157021    0.0193669    0.0720608    -0.370034    -0.163763    -0.369443   -0.0918289    0.0104086    -0.341894   -0.0136396    0.0256168    -0.284062   -0.0433463    -0.098918    -0.281764    -0.120283   0.00907537    0.0432079   -0.0507367   -0.0214811    -0.242136    -0.188395    0.0263862   -0.0201293    -0.119986   -0.0320927    -0.355161    0.0971461    -0.270205    -0.209543    -0.201481    -0.295287     -0.21076    -0.112558   -0.0753747   -0.0547335
   -0.887608      0.55278     -0.72856     -1.10947     -2.06448    -0.678764     0.333073    -0.422555   -0.0160582     -1.70847     0.660137     0.516399     -0.24399     -1.06519     0.170021    -0.182008      -1.1327    -0.126967     0.401057     0.632755     -0.33573     0.311175     0.401536     -1.19249    -0.271546    -0.425571     0.778886     0.190254    -0.502482     0.214002     0.449125      -1.8829    -0.439864     -1.45993     0.054091     -1.50427     0.346958     0.837945    -0.780444    -0.301095     -1.52543     0.596825    -0.354104   -0.0748671    -0.470754     0.408155   -0.0148411     0.426435    0.0476439    0.0152553
   -0.182289     0.106812    -0.238439    -0.244782    -0.746258     -0.48666    0.0657919    0.0214871     0.280756     -0.23741     0.114787    -0.200094    -0.371886     -0.53959    -0.393151    -0.201382    -0.497601   -0.0262392    -0.328982    0.0434801    0.0807592      0.19049    -0.217113    -0.804378     0.180793    -0.428478    -0.241224    -0.575349    -0.475134    -0.177548       0.4672    -0.728305    -0.180059    -0.403781    -0.348802    -0.352115    0.0913692     0.589828    0.0263399     0.128799    -0.427715    0.0289269    -0.725969    -0.409149    -0.854095     0.714146     0.178741     0.583803    -0.532727     0.120319
    -1.25976     0.335995     0.334961      1.83279     0.165122     -0.56269    -0.649427     -0.38052     -1.97514     0.907749     -1.30589     -1.48484    -0.363332    -0.331116     -1.67138       2.3579     -1.32103      -2.6067     0.594286    -0.847604    -0.550872     0.613718     -0.41542     -1.19011     0.428441      -1.0218    -0.115908    -0.532588     0.955616     -2.50397     0.665417   -0.0847144    -0.139652     0.486748     0.392085     -1.12375      0.27096     -2.71945     0.429807     0.112984      1.16541     0.378428     0.682717    -0.880341    -0.312222    -0.590424    -0.556784    -0.260895     0.863485      1.40211
  -0.0847084     0.382018    -0.531801     0.187387     0.179176    -0.796156   -0.0658376    -0.139112   -0.0553385    -0.607231     -2.42437     -1.36444    -0.804596     0.759516     -1.53393    0.0716588     -1.11417      1.12685     -2.27209     0.176605   -0.0085566     -0.85567    -0.311652     -1.04893    -0.670856      1.07618    0.0354053      1.78536     0.312307    -0.524011    -0.924637     0.334934    -0.267769      4.80328     -2.66676   -0.0997474     -1.21044    -0.290847    -0.516066    -0.329253     0.772974       1.0054     0.117665      1.26665     -1.17882     -0.28388    -0.567443     0.508431    -0.762255     0.381933
    0.730093    -0.762004      -2.8769     -1.58345      1.03123     0.775427     -1.33909     -2.14098      1.63286    -0.259513      1.33394      1.20775     0.750428     0.162919     0.490099     -0.76136     -1.75929     -1.33052     -1.60891     0.290622     0.729752     -1.17503    -0.817464     -1.37059     -1.63844      0.50356     0.483596     0.871668     -3.97474     -3.04903     0.570105      0.59315     -2.26441     0.242217    -0.609233     0.277391    -0.444589     0.274757  -0.00190026    -0.441992     -1.91056     0.121668    -0.758977     -1.10872      1.48568       1.7386    -0.988561    -0.983805    0.0813973    -0.399156
   -0.366422      -1.4628    -0.441143    -0.210305    -0.333951     0.935467    -0.513139    -0.615681     0.221421      1.84978    -0.254004    -0.504936     0.937912    -0.648353     -1.02349     0.407064    -0.365944     -0.31555     -1.16335     -1.34291     0.249767     -0.36363     0.768887      3.68571     0.283674    -0.615208      -1.1211     -1.32498    -0.148467  -0.00832086     0.279442    -0.614585     0.809246    -0.891775    -0.572976    -0.960201    -0.467231    0.0728385     0.968147     -0.26178    -0.318813     -1.24837      -1.0112    -0.675716    0.0673344     0.133185     0.847283    -0.830693     -1.92764     -0.66613
     -0.3607      2.08249     0.187444    -0.113091      1.09234     -1.51553     -0.14933      0.75211    -0.674552     -1.19691    -0.859136   -0.0639478     -1.46677     0.899775     0.205927    -0.589573    -0.872087     0.146609    -0.203571     0.681114    -0.214642    -0.219034    -0.777526    -0.491116     0.422662     -0.17754     0.435216     0.669697    -0.697116    -0.425166   -0.0995228     0.325355    -0.346842  0.000402611      0.14221    -0.308295     -0.60118    -0.360256    -0.655039   -0.0107273    -0.730181     0.364478     0.592533   -0.0246542     -1.11024     0.472052     -1.38683       1.3312    -0.131974      1.62927
    -0.15059    -0.100791    0.0612388     -0.20396    -0.218794    -0.139448    -0.275705    -0.350787   -0.0542681   -0.0820983  -0.00122996    -0.198242   -0.0224982    -0.226571   -0.0238314    0.0885995    0.0611821  -0.00709498    -0.318606        0.042    -0.192385    -0.144177      0.03347     -0.36152    -0.296042    -0.161546     0.220723    -0.100098      -0.0614   -0.0996334     0.140383    -0.159095    -0.176837    -0.220088    -0.220542     -0.34734    -0.370826    -0.141453   -0.0944379    -0.366243  -0.00101556    -0.217143    -0.138726   -0.0265706   -0.0906135    -0.185772    0.0469731    -0.074138    -0.165127    -0.196256
   -0.546902     0.231224     0.154508    -0.018359    -0.516614   -0.0370475     0.915961     0.346375    -0.140803    -0.797441   -0.0450923   -0.0926414     -1.22748      1.15657     0.701211    -0.228971    -0.310996     0.454735     -1.39678     0.270149     0.696392    -0.438117    0.0531772    -0.615179    -0.849596     0.527583   -0.0144321     0.386843     0.210697     0.625718      -1.7796    0.0231569    -0.946597      0.37189    -0.398088    -0.131196     -1.21265   -0.0527971    -0.516396    -0.338289    -0.417984      0.75906   -0.0500128     0.692132    -0.162405     -1.29752    -0.489817    -0.765349    -0.196173    -0.399866
  -0.0931369      1.10762     0.368822     0.704379     -1.29851    -0.793613     0.596766     0.522375     0.831454     -1.44655      1.21173    -0.747416    -0.757985    0.0328344     0.103178     0.456287    -0.931636      1.04009     0.441308      1.10717     0.091946     0.604432    -0.796477    -0.520229     0.976193      0.95796     0.836325    -0.141703     0.157209     0.414542   -0.0258435     0.456111     0.566186     0.394643    -0.843583    -0.489578    0.0195468     0.152932    -0.679339      1.03917    -0.379484     0.753351    -0.459254    -0.625053     -1.03996     0.388226     -1.02135      1.41777     -1.23925      1.08314
   -0.107303      0.14864     0.155471    -0.518342 -0.000272864    -0.155636     -0.19439     -0.27525    0.0457159    -0.244436    0.0219285     0.305495    -0.209249    -0.444282    -0.515589    -0.103238    -0.339032  -0.00375741    -0.263279    0.0959804    -0.164607    -0.566899    -0.380244    0.0996921    -0.239943     0.133396     0.038654     0.277855     0.133075     -0.32825      0.15696  -0.00932452    -0.310373   -0.0416464    -0.410481   -0.0606203    -0.172288     0.358161    -0.111988     0.108438    -0.353085   -0.0506293     0.194856   -0.0573296     0.415646    0.0543043    -0.121655    -0.398613    -0.804378    -0.193018
   -0.204035     0.566505     0.603897      1.74108     -4.22456    -0.763534     -1.53639     0.750126     0.969719     -2.21256      2.71842     -1.15357     -1.21058    -0.536444     0.981598    0.0113138    0.0785554     0.826324      0.56991      1.01697     0.542846     0.895562    -0.630132    -0.394384      0.33178      1.16914    -0.511296     -1.16956     -0.75157    -0.184086     0.840862     -1.40704    -0.134821     -1.04876    -0.688924     0.492247   -0.0241761    0.0645029     -1.04116     0.754121     0.345639    -0.348555    -0.655063     -1.73325     -1.32027   -0.0534827     -1.55944     0.103026     -2.78953     0.918974
    0.239376       1.3866     0.272349     0.652085    -0.490975    -0.550486    -0.112051    -0.129291    -0.294058     -1.50026    -0.447588     0.475792    0.0611181     0.752868     0.829551     0.498183    0.0445721     0.688388    -0.724237      0.62369     0.248081     0.500911     0.408311      -3.6333     0.779404     0.781492     0.519294      1.94487     0.307684    -0.129556     0.486534      0.43408    0.0474923     0.268478   -0.0729978     0.212972     0.424913     -0.12825     -1.14468    -0.432607     0.917562      1.16432      1.30803      1.33928    -0.299016     0.287389     -1.19229     0.784669     0.987688       1.2037
   0.0468825    0.0250184     0.037333    0.0927259    -0.594906    -0.317759    -0.143986    -0.144433    0.0328459    -0.336095     0.123354    -0.493044    -0.241773    -0.339749    0.0283365    0.0500305     0.270213       0.3678   -0.0891038   0.00296127 -0.000449095    -0.139719     -0.48321    -0.472534     0.408836    -0.125905    -0.370555    -0.594718     0.202463    0.0845976    -0.165997    -0.373664     0.198202     0.165546    -0.534028   -0.0392447   0.00873306     0.146771    -0.152639    -0.158314     0.236891   -0.0405087   -0.0164227    -0.561295    -0.425428    0.0101281    -0.357506    0.0480431    -0.800409   -0.0404534
 -0.316866
 -0.498015
 -0.688874
  0.854397
 -0.701993
  -1.28782
 -0.610023
  0.521358
  -2.83438
  0.359147
  -1.97681
   0.64619
  -1.58414
  0.709568
  0.446279
  0.161963
  -1.68906
-0.0903615
-0.0254353
 -0.197928
  0.714238
 -0.377452
  -2.90753
  -1.34288
  0.328943
 -0.674458
 -0.608179
 0.0433285
0.00813473
 -0.601719
  0.383372
  0.727699
-0.0665293
  0.157857
 -0.628949
 -0.119739
  0.814723
 -0.347608
    1.0441
  -1.66804
    1.4704
 -0.255237
  -1.51986
 -0.760939
-0.0118273
 -0.568197
 -0.533454
-0.0596685
 -0.835277
  -1.19517
1
4
50 10
  0.0529619      0.6375    0.912484    -1.63961     0.41736    -1.13537   -0.661459     -2.1453   -0.123187   -0.728536   -0.161028     0.99066    0.597656    0.946773     1.25124    -1.45796    0.935315    0.605562    0.683142    -1.98835    -4.97789     1.14791   0.0953211    -2.51702     1.12531     1.59159    -1.15651    -3.15117    -1.51398    0.811471   -0.873524    0.340252      1.4741      1.8157    0.107889   -0.020458   -0.574637   0.0554899     1.12709     2.80221     1.80942   -0.486833     1.76736  -0.0542096     1.16425    -1.84168  -0.0472764    -8.01169    0.812886   -0.637312
  0.0764826     2.59449     0.39963  -0.0599456    0.135402    0.145716    0.277841   -0.230517   0.0921933     0.63376    -5.74975    0.502901   -0.591845   -0.715061    0.698467    0.290227    0.956719      1.2249     1.05205    -2.09546      2.0183    -1.28701    0.153906    -1.10301  -0.0232158   -0.494092    0.039263    0.338501     2.20429    -2.18493     0.66412     1.64689    -1.00192   -0.522421   -0.338581   -0.201794    0.007397   -0.330834     1.43588     1.61011    -10.6811     1.29087   -0.383272    0.336209     1.48132   -0.160395     0.50755     1.12196   -0.590314   -0.868276
  -0.616955    -1.12469    -3.47648    0.979863   -0.529216    0.215371      2.4224     2.08429   -0.127645    -1.91856     2.52652    -1.01662    0.548139     1.37397    -8.27109    0.582487     1.17354      1.2977    -5.65736     1.47909    0.496235     2.33623   -0.215501    -1.56953   -0.687658    -1.57678      1.5758    0.481395   -0.794002   -0.532277     1.17295     1.28361     4.01455   -0.805954   -0.636811  -0.0233042   -0.547436    -1.27848    0.441523    0.475238    0.674603    0.091591    0.536761   -0.437213   -0.837874    0.729601     -0.6935     1.63514    -1.51063    0.190452
  -0.333451     1.47839    0.437645   0.0229412   0.0871135    -1.14406     1.69448   0.0602056   0.0430491     1.46732    0.346263       1.138   -0.338943    0.197263     1.08481     1.31064    0.291078     1.86174   -0.653454      1.7289     1.06015    0.176469   -0.127916     1.09635    -6.56105     1.28389   -0.627242    0.437566    0.991681    0.859478   -0.620457    0.679255    0.679611   0.0482116    0.101732    0.152523    0.872195    0.286885     1.26531  -0.0471189     1.83204    -7.52507    -3.10772   0.0461914   -0.529766   -0.180013   -0.275608     0.43988     3.87405    0.327699
  -0.494776     2.44394    0.444382     2.62822    0.400684     1.90186     1.17121    0.471328    0.208524   -0.189834    0.386237    0.981225     0.32164    -1.07866     1.70419   -0.929925    -6.90669     1.00907   -0.712699     0.14019    0.114098    0.653835    0.102168     2.28802    0.724369    0.457622   -0.133867    0.908177    0.123204    0.297231   -0.755779    -9.52439    -1.18867    -0.24202 0.000669029    0.406831    -0.71009    0.453697     1.88346    0.397448      1.1234     1.93493    0.156015    0.025251    0.423314     1.32108    0.231145    0.184098   -0.408511    0.836758
 -0.0687489     1.40799    0.944328     1.62342   -0.351106    -1.94841    -6.71328    0.523255    0.501848   -0.320782     0.80271    -1.39768    0.517787     1.29034    0.453343   -0.195646     1.91474     1.46854     1.16267  -0.0074692   -0.872897     1.20776   0.0456807        2.01     3.66592    0.336986   0.0196045  -0.0182896    0.331073    -1.18663   -0.680227    0.469683   -0.589096     0.77311    0.169832  -0.0986003    0.860237    0.399274    0.665085     -9.5047      1.4093    0.180126    -1.08843     0.12673   -0.523131    0.279518   -0.155321     1.10935  -0.0183545   0.0519817
   0.249974    -8.17048    0.796958     2.12781   -0.835266     1.40581    -1.66552      1.1522    0.194489  0.00402213   0.0184096    0.452352    0.634639    -3.09677   -0.583161    -1.28123     1.81344    -0.18194     2.84476     1.36347    0.515092   -0.411241   0.0732016    0.646049  -0.0356736   -0.346842   -0.746879     1.31293     1.01363   -0.389129   -0.898017      0.7899    -6.96831    0.921342   0.0969288  -0.0329437     1.81748    0.144692   -0.575846     2.41569     1.73311   -0.349757     1.22195    0.401289    -2.48456    0.439017    0.406675    0.433877    -1.02626    -0.36396
    1.02734   -0.377171    0.142996    -1.27045    0.912048  -0.0584063    0.905358   -0.496813    0.203464    0.812507     1.99224   -0.682151     1.27478      1.2796      1.8661     1.12464   -0.129753     1.61129    0.719079   -0.289533    0.438153    -3.61894    0.163619    -1.61155    0.727757    -1.09294   -0.573351   -0.177831    -4.94324      1.9396     1.52407     2.13561     2.41328    -1.49762     0.18132    0.058599   -0.629021    0.679865    -7.03993     2.03953   -0.333386     1.82261     1.58899    0.048057     0.62687     1.36501   -0.975678     1.77827    -1.13986    0.444872
 -0.0507177    0.760073   -0.621507    -4.06825    0.279613    0.507786     2.14761   -0.836648   -0.180777    0.455986  0.00555274    -1.05022    -2.76032   -0.552053     1.57508     1.51469    0.397968    -8.36855    0.591648   -0.125081     1.05099  -0.0257752    -0.12815  -0.0377894    0.654445   -0.216743     1.97316    0.542536      2.7303    0.309025    0.399204     2.21167     1.46785   -0.620942   0.0752122   -0.182519    -1.30792   -0.935736    0.963958   -0.237035     2.38124     2.80259    -1.08713   -0.284706  -0.0221488    -1.24099    0.577618     1.35365    0.419392    0.317795
 -0.0284132   0.0195192  -0.0057167   0.0226365    0.107288   0.0107418  0.00991954 -0.00642615    0.111501  -0.0149732   0.0191523   0.0103366   0.0209955 -0.00111427  -0.0118986   0.0091755  0.00106783  -0.0125042  0.00647455   0.0196827 -0.00650445  0.00838705   0.0840006  0.00261351 -0.00101731   0.0149309  0.00603535    0.018425  0.00276597  0.00707794   0.0372981  0.00849865 -0.00434491  0.00636611   0.0820691   0.0157434 -0.00877785  -0.0232329 -0.00681652 -0.00472934  -0.0128507 -0.00384982   0.0179218    0.063929 -0.00932098  0.00377269   0.0364773  0.00402543   0.0198102 -0.00157802
    2.82597
    1.99608
   0.401625
   -3.08546
   0.853155
   0.114396
   0.623316
  -0.111185
  -0.800097
-0.00102221
