3 16 0.5 1800
1
1
9 50
  0.0277482    0.875659   -0.897008     1.19289     2.24165    0.961037    -1.11435    -1.07763 -0.00863505
   0.305869  0.00764278  -0.0768305    -4.04236   0.0951227    0.349766    0.395052    -0.32366    0.249559
   0.379228    -3.30831   0.0885228   -0.441287    0.739871   -0.646629    0.274458   -0.731144   -0.519262
    1.71239   -0.179883    -2.46232    0.498398    0.305047  -0.0151377   -0.302664     2.87056     1.46858
   -4.57221   0.0185188   -0.518989    0.397592    0.267444   0.0237255    -0.40696   0.0522104   0.0409029
   0.143537    0.125727   -0.728225     1.28667      -1.148   -0.713521 -0.00936309    0.547484     2.50932
   -1.52052   -0.126551     0.18719    0.934751     1.14112    0.363213     2.68667   -0.240127    -3.30714
     1.4434    -1.45444   -0.643267  -0.0267127    -1.55912   -0.557439    0.748034   -0.789018    -1.47986
     1.2471     1.57928    0.273722     1.58377    0.239098      0.2988     0.15598    -2.62661    -1.55993
   -2.59533    -1.25914    -2.68568     2.86734    -1.12764   -0.440168   -0.194313     1.45081    -1.74629
    3.49548     1.75946   -0.462692    0.296641    0.178089     -2.2676    0.290873    -1.37923   -0.106911
  -0.659664     1.20764     1.41826   -0.610547     2.03262     -1.4932    0.524359    -2.16738    0.587063
   -2.90738     1.43637   -0.456773     1.43822     1.49113      1.0038   -0.834827    0.157656    0.481276
   -2.00635   -0.168653   -0.209436   -0.893946     -1.0671   -0.555401     3.29229    0.513441   -0.961269
    1.74588   -0.167785     1.79486    -1.16198   -0.933134    -2.02025     2.62812    -1.63358     1.72529
   0.689868    -0.96824    0.420894   0.0464431   -0.428855    0.166536  -0.0317584     2.69683   -0.378266
   0.661087    -1.47318   -0.324573     1.03766    -1.45218    0.220847    -1.11262    -1.49467      4.4313
    1.38893    -1.20254     1.01018    0.852231     1.35671     1.17304   -0.194679    -3.47959   -0.697724
  -0.434703   -0.727637     5.20368    0.480173     -1.1856    -1.39342    0.458087   -0.154811   -0.042658
   0.323858    -0.13499   -0.976325   -0.518713   -0.415982     5.71292    0.418813   -0.191346    -0.69476
   0.746021    0.684842    -2.32551    0.828335  -0.0107421    -0.42134    0.462586     0.28327   -0.655872
   0.407509    -1.86915     1.71704   -0.259192   -0.403949    -1.09417    -1.00198     2.50553    0.240143
  -0.782115    0.717291   0.0963128    0.705221    -3.75828   -0.166951    0.800615     1.74236    0.701084
  -0.216644    -1.48109    -1.63422     5.18418   -0.548373   -0.885952   -0.678728      -1.524   -0.660539
   0.440806    -4.50333  -0.0154138   0.0925933    0.691048   -0.485477    -1.28763    0.342696   -0.496501
    2.15614  -0.0653464     -1.4139   -0.362243    0.532518     1.28922    0.180144   -0.623515    0.552003
   -1.22618    0.631915   0.0590188    -1.14748    -1.01079  -0.0887546     3.72106   -0.208552    -1.13884
   -1.19909     0.75496     2.18812    -2.67817   -0.337663    0.607573   0.0643031   -0.938604    0.362445
  -0.748824    -3.92926   -0.293409    0.576468    0.386692     1.01447     1.47013    0.955829    0.955118
 -0.0569497    -3.59967    0.553183    0.947421    0.858158    0.759629      1.4543     -2.6001     1.50419
    1.76376     1.40141   -0.689682   -0.564019    0.717534   -0.574487    -3.66692    0.426876     0.18673
   -1.39434   -0.207241    -3.36626    0.638214   0.0899494    0.624941    0.250618     1.29356    -1.47068
   0.604166    -2.50428   -0.305108     1.16725     0.89553     1.08312    -1.05154   -0.360107     0.29664
   -1.77497    -1.11948    -1.15279   -0.795026   -0.361262     5.17284    -2.46282     -1.4284   -0.235225
  -0.188653    -0.06835   -0.715548   -0.175071     3.11472    -2.55289     1.60882     1.33185    0.840694
    1.20434   -0.231991    -2.57517     1.57187     1.39954    -0.49343    0.261523   -0.680244     1.37425
   0.703133     1.02381     2.56096    -0.49859     1.06295   -0.117685    -1.37379    0.740622     1.20743
   0.709647     1.31693     1.01733  -0.0691789     1.06629    0.676877    -1.82401    -3.87634   -0.402942
    -1.1851  -0.0131109    0.219931     1.14955   0.0239925   -0.164989    -1.79179    0.275112    -0.80771
   0.527308     -0.8386   -0.346658    0.950452    0.135394    -1.31558   -0.168044   -0.510885    -3.57237
   0.284024    -1.54388    -2.26481    0.556415   -0.889825    0.835339   -0.780769     1.40259     2.10728
   -1.07589    0.371138     1.81999    -1.56512    -2.07784    0.270413      2.0055     1.00318    -1.58452
  -0.715517   -0.889708  -0.0481085    -2.10076      2.9468     0.49817    -1.24054   0.0805104     2.08451
   -2.48822    -1.59115     2.29857    -1.25623    0.782407     1.74531    0.353313    -0.93659     1.09195
  -0.942727    0.737979   0.0385842   0.0458573   -0.368932    -1.55054      1.3473     1.14681     2.85706
  -0.125939     1.75718      1.2145    -1.16097    -3.24163  -0.0732508    -1.38702    -1.63009    -1.79532
   -1.36504    -0.62525     3.17368     1.07504   -0.974029   -0.276957    0.021882   -0.895147    -1.61327
   0.869999     1.05234    -1.11606  -0.0897087    0.241616    0.168444     -1.5994    0.361999    -3.87578
    -1.5189    0.370725   -0.294388   -0.564809      3.5397   -0.517978    0.950326     1.67921  -0.0211576
   0.512935    0.798505   -0.947234    -2.20823    -1.14357   -0.900047    -1.85951      1.4347    0.538929
-0.396799
 -1.60482
 0.733125
-0.452367
  2.30535
-0.174481
 -1.10753
-0.564421
-0.278476
-0.689836
 0.911509
 0.314153
 -1.43329
 -1.60845
-0.331133
 -2.32377
 -1.95293
 -1.85511
  1.24223
  2.17063
 -1.25713
 0.262053
 -1.48197
 -2.59644
 -1.29538
-0.788095
 0.792833
 -1.12692
 -1.16225
 -0.15291
-0.661839
0.0319788
 -1.09079
 -1.23493
 -1.19261
 0.257041
-0.107105
 -1.36619
-0.942634
 0.571799
 -1.39612
-0.245558
-0.125375
 -1.32975
 0.948835
 0.493219
 -2.04085
  -1.5697
  -1.9424
-0.529466
1
1
50 50
    -0.63466    -0.276902    -0.475384    -0.643128    -0.357803    -0.254657    -0.242071    -0.140027     -0.17701     0.154309    -0.516173    -0.345523  -0.00877457    -0.217235     0.045478    -0.268066     0.503365    -0.210612      0.11313    -0.392441    -0.109926     0.171504     0.689915   -0.0501594     0.112034    -0.120429    -0.543634    -0.232592    -0.306165    0.0456601    -0.264182    -0.634902    -0.457363    -0.118755    -0.571162    -0.772316     0.126413     0.130193   -0.0072913    -0.524785    -0.337079    -0.235074    -0.534717    0.0326316    -0.323302     0.109031     0.300705   -0.0380777    -0.286801    0.0925652
    0.156929    -0.298417     0.273235    -0.668012     -1.08827     0.396448      1.62275    -0.519755      0.39279      -0.2005     0.271522    0.0292266    -0.710054      2.31936      2.06485    -0.034826    -0.587281     0.559097     -1.32049     0.936542     0.705741    -0.712663    -0.519458    -0.259007     -1.05234     0.322105     0.890347  -0.00332732     0.213734     0.371945     -2.84393     0.233243     -1.44725     -1.28924    -0.556581      0.66717     -2.02293    -0.712524    -0.989023     0.098614    -0.506408      1.05707     -1.83104     0.380743     0.387372     -2.00043    -0.897431    -0.997849    -0.119471     -1.27747
    0.646963     -1.51601     0.222513     0.557942     0.701012    0.0524074    -0.559191   -0.0325529    -0.242262   -0.0864611     0.367221   -0.0184842    -0.726748    -0.895563    -0.367091    -0.766092     -0.61139     -0.93559     -1.63178      1.83858     0.686495    -0.418868     -1.18206     -1.05186    -0.890495     0.286466     0.463502     -0.69049   -0.0940031    -0.254381     0.399347      1.00316    -0.577649    -0.452944    -0.414985      0.76368    -0.549817     -1.20607     -1.04546    0.0193385     0.320289    -0.526817    -0.331683     -0.43226     0.493397    -0.520692    -0.710866   -0.0792448    -0.950498    -0.644812
   0.0982014    -0.722261     -1.57549    -0.503108     0.297323     0.438983     -1.66207     -1.86549    -0.318077     0.625897    -0.831115    -0.461137      1.29132    -0.616974     0.743188    -0.436973      1.59752     -1.66544    -0.720881    -0.582964    -0.565884     -1.04269    -0.232841      1.73941    -0.759791    -0.326918     0.113028    -0.200559    -0.491075     0.111427     -1.24337    -0.572924     -1.09278     -0.62326      0.11195     0.142642    -0.450142    -0.262099     0.444881     -2.33867    -0.101308       -1.255    -0.746638     0.642517     0.526526    -0.280133   0.00266492     -1.26565    -0.104755      -1.2124
   -0.202866    -0.584074     0.306316    -0.309064    -0.215028    -0.142643    -0.322437    -0.266527    -0.275284    -0.283029   -0.0105221    0.0846488     0.104024    -0.392134    -0.359786    -0.150865    0.0872793    0.0807684     0.322795    -0.506923    -0.368396     0.145549    -0.204794    0.0348287     0.197207    -0.360536    -0.595822    -0.342181   -0.0884191   -0.0864705     0.258851    -0.801572     0.215123    -0.382232   -0.0411777    -0.098568     0.160661   -0.0460973     0.467724    -0.104764     -0.46959    -0.562114    0.0297521    -0.240052     0.043268      0.36687     0.185649    0.0416475    -0.672888    -0.079627
   -0.189035     0.334761    0.0862815     0.173315     -1.01184    -0.610508     -1.08763     0.526448    0.0276874      -1.2958     0.424928    -0.719104    -0.746861     0.132858     0.411519  -0.00831373     0.103799     0.788149    -0.808253    -0.107474    -0.236972    -0.522402     -1.36847    -0.739835    0.0089298     0.686004     0.367218     0.759348    -0.211411     0.348933    -0.211983    0.0306278   -0.0946979      1.50187     -1.99097    -0.470165    -0.925616   -0.0208719     -0.92796    0.0466314      0.52649     0.341455   -0.0670577     0.332723     -1.20993     0.254169     -1.15249     0.117289     -1.73317     0.508609
 -0.00494657    -0.429959     0.607631    -0.443894     0.695836     0.979379    -0.733152     0.176699    -0.906736    -0.580509      1.55059      1.31408    -0.626774    -0.669624     0.262653    -0.799561    -0.876084     -1.79936      2.50028     -5.01018   -0.0789741     0.603728     -0.91054    0.0475369    -0.246948     -1.63736   0.00498859     -1.42143    -0.458926    -0.514325     0.260626     0.341832    -0.115331     -1.02974      1.78344      0.81791     0.603833     -1.37391    -0.307157     0.415346    -0.451901     -0.59682     0.626023     -2.08982      1.76875     0.871303     0.124342    -0.763662    -0.991957     0.189049
   -0.860804     0.347875    -0.023642     0.838744     -1.74463    -0.696159    -0.270414      0.10779    -0.788994     -0.57732  0.000132635     -1.63149    -0.403847  -0.00462953  -0.00982004      1.23344    -0.490677    -0.457173      1.19499     0.896738    -0.500454     0.138996   -0.0155753    -0.234655     0.584114     0.269618     0.271438    -0.605443     0.312187    -0.878104    -0.255311    -0.626224   -0.0887544    -0.572779     -0.41541    -0.835589   -0.0667475    -0.988681     -1.10721     0.224908   -0.0133879     0.204325    -0.864629    -0.900604    -0.285987      -1.0515     -1.26182   -0.0176194    -0.784985     0.537079
   0.0486594    0.0524632      0.15937    0.0407278    -0.221389    -0.167064    -0.227064   -0.0246605     0.139858     -0.27707     0.357095    -0.118602    -0.218334     0.141122    0.0239905     0.176403    -0.170925    0.0531701    0.0930933     0.334406   -0.0703665     0.118772    0.0430143   -0.0638293    0.0755072    -0.184647     0.174527    0.0216475    -0.424515    -0.127764    0.0805298    -0.203123    0.0278545     -0.21288    -0.233402    -0.217865     -0.17032    -0.181367    -0.170244     0.233203    -0.399305    -0.199308   -0.0276121    -0.168124     0.105828    -0.127752    -0.113199    0.0395144     0.214617    -0.317095
   -0.221346    -0.252682    -0.159041    -0.245797    -0.313687    -0.034951    -0.432459     -0.30989    -0.332846     -1.37067 -0.000426289      1.04744    -0.458103     -1.42032     0.533639    -0.563764    -0.538058    -0.743724     0.928044    -0.809232    -0.481955      1.34422    -0.124981     -3.46901   -0.0711957    -0.883629    -0.696572    -0.321261   -0.0579197    -0.107407     0.519485     -1.29854   -0.0299725    -0.438455    0.0934227      -1.0033      1.26428     0.525262     0.248988    -0.309111    -0.182218    -0.401327   -0.0342081     0.223832      0.78386     0.800128     0.784208    -0.624814    -0.358709     0.577673
  -0.0648111   -0.0922727      1.20556     0.463623    0.0775987    -0.543196     0.314218      0.79627     -1.26184    -0.124558     -1.03926    -0.559619     -1.43952    -0.506892   -0.0564638    -0.238164      0.12841     0.759638      1.76217      1.26417    -0.914178      1.39596     -1.38244    -0.667038      2.77732     0.214443    -0.319237     -1.28572         1.82      1.04351     -1.34276   -0.0464737      1.42336    -0.855112    -0.532774      0.39545     0.542858     -1.11484    -0.560507     0.303454     0.816782    -0.781378     0.330534    -0.426272    -0.209433     -1.26802    -0.591797    -0.668497    -0.960154    -0.502377
    -0.38064     -1.14112    0.0693418     -0.21387     0.665631     0.463147     -2.28613    -0.865777    -0.694395     -1.04727   -0.0882405   -0.0294767   -0.0983757     -1.72201     0.580595     -0.29404     0.978193     -1.40842    -0.295963     -1.13266      -0.8355     0.091181    -0.200678    -0.955234    -0.148236    -0.643503     0.159254     0.617041     0.555309      0.26377     0.334909    -0.915102    -0.332891     0.880091    -0.442643    -0.613896     0.635646     0.151572    0.0352994     -1.65243    -0.154327    -0.234399     0.252875      0.77201     0.507421     0.811895     0.345767    -0.480909    -0.735832    -0.175122
    0.119194    0.0420367     0.762533   -0.0957525    0.0484705     -1.08702      1.30239     0.971152     0.800517     0.249778     0.532133    -0.161453    -0.762372    -0.051984     -0.45136     0.196516    -0.652704     0.162651     0.106218     0.298585     0.211669    -0.109178     -0.88177    -0.229196     0.600019    -0.314882      0.38582    -0.594745    -0.580735     -0.40437     0.160372     0.305349   -0.0609713    -0.150924    -0.510133    -0.210376    -0.110972     0.100588    0.0536395     0.817367    -0.701507      0.14684    -0.932024     -0.60579    -0.872665     0.776243     0.638816      1.49725    -0.453333    -0.311296
   0.0375982     -1.13018     -1.15258    -0.390111   -0.0124167     0.463377      1.60692    -0.143981     0.148293    -0.305295   -0.0591777    -0.945624    -0.601244      2.07514      1.18961    -0.412744    -0.253844     0.279378     0.625011      1.35418     0.162809      0.57451    -0.210254     0.110407    -0.280374    -0.398009      1.01829   -0.0381461    -0.169964    -0.185136     -2.43189     0.791028    -0.662087     -2.58301     0.304406     0.148849    -0.939089     -2.09822      -1.7431    -0.495446    -0.401603      1.77782     -1.57131     0.122364  -0.00213736    -0.919372     -1.15888    -0.396989     0.461247     -1.38064
    -1.66028     0.432152      1.06974     -2.15179    -0.580186    -0.375811     0.204038    0.0182408    -0.717837     -1.41985     -1.31635     0.504056   -0.0459201     -1.33204      -0.8042    0.0717311    -0.980963     0.423176     0.795832     -1.00988     -1.37594      1.18133    0.0643379    -0.583832     0.555102     -1.50801     -1.52802     0.288311     0.252773     0.459341     0.801034     -2.66904      0.98589     -1.09389    -0.524303     -2.56859     0.918354      1.51507      1.11594    -0.284744     -1.58233   -0.0198196     0.639163     0.745205    -0.513672      2.04692      2.34566    -0.618373      -1.0093   -0.0470235
    0.181355    -0.760086      0.31233     0.228486    -0.647817     0.166381     0.271723    -0.646027    -0.751082     -0.72145    -0.382735   0.00883277     0.588667    -0.617672    -0.184132    -0.122396     -1.21466    -0.123445    -0.354409     -1.71199    -0.286824     0.120038     -0.99434     -1.57002    -0.234061    -0.605592    -0.460521     0.662637     0.564319     0.570511     0.318151    -0.313567     0.152966     0.360136       0.4828    0.0216935     0.250814     -0.41152    -0.187574    0.0693043    -0.333992     -0.37422     0.614881     0.566701     0.796867     -1.36751    -0.495435     -1.20645      1.05695    -0.410645
     1.29847     0.890569     0.654759    -0.130297      1.02602     -1.88391      1.10142     -1.07404   -0.0561131     -2.17522     0.323762     0.647721     0.410267     -1.90477     -1.38345    -0.305375     -1.48966     0.546827     0.314724      1.18762    -0.963215     0.212002      -1.5443    -0.883945    -0.534649     0.041449     0.464726    -0.525676    -0.496183      1.28691     0.456113    -0.489856     0.335535    -0.739387      2.53315     0.637811      1.34102     0.414524    -0.644213     -0.24713     -1.24154     -2.26267      2.08605     0.168692    -0.797071     -3.02426     -1.09894     0.381277      2.61491     -1.19609
   0.0211369     -0.69468    -0.953963     0.981634     0.613093      1.27793     -2.14977     -1.83691    -0.775513    -0.653061   -0.0832059    0.0428898    0.0316917    -0.727855      1.92335    -0.900325      3.23813     -1.27415    -0.401933     0.133676    -0.891762    0.0819193     0.423781     0.690686     -1.47799    -0.343412    -0.979573     0.526465    0.0308522     0.798315    -0.939969     -1.15927    -0.492021    -0.416808     0.592815     0.767676    -0.124403      -1.2488    -0.138448     -3.18313      1.21166     -1.06342     0.885829     0.446618      1.40336    -0.948049    -0.311494      -1.9753    -0.400959    -0.934886
    0.173119   -0.0283288     0.129605      1.17234   -0.0479662    -0.154483    -0.919869    -0.198565    0.0438786      1.30524      1.19696     -0.72293    -0.155018    -0.358621    -0.155969    -0.420299     0.613828    -0.730736     -2.91396     0.663231      1.36707    -0.402156     0.215913     0.690588    -0.508437     0.632617     0.901395     -1.17735    -0.453479     -0.14446      1.09249     0.820071    -0.785442   -0.0387189     0.472569     0.936616     -1.76739    -0.549002     -0.44876    0.0607042     0.719431     -1.57947    -0.121398     -0.99955     0.132784     -1.11232     -1.08349   -0.0637135     0.115478     0.227176
       0.501     -1.20689     -1.50231     -1.13953     -0.16716     0.237526    -0.877906     -1.39352     0.102606     0.199128    -0.193123     0.270626       0.9797    -0.734249    0.0902533    -0.378922    0.0536899     -1.37419    0.0465125    -0.508358    -0.438899    -0.619095     -0.12608  -0.00394273    -0.748729    -0.302344     0.913333     0.296604     -1.64423    -0.434576     -1.20865     0.233141     -1.04614    0.0880148   -0.0917383     0.566225    0.0707896    -0.165523    -0.514066    -0.810978    -0.401146    -0.270234     -0.85664     0.143264      0.56076     0.303076    -0.446466    -0.861177     0.947695     -1.03541
    0.312745    -0.627711    -0.739379    -0.814204     0.590456      0.37772     0.725651     -1.72412     -1.22782     0.630168     -2.36445    0.0863048      1.73932     0.534034     -0.77924    -0.478325     -1.13873    -0.933095    -0.865346    -0.401195    -0.229099    -0.709315    0.0751925   -0.0110551     -2.43418     -1.16722    -0.500311     0.562335      1.13592   -0.0724935    -0.442834     0.187977    -0.875275     0.318651     0.286076     -0.98507    -0.254981     -1.04705     0.509044    -0.604378     -0.68454   -0.0894034  -0.00751679      1.04118      1.40524    -0.772595     0.616462     -1.39127       1.7182     -1.04889
    -1.04217     0.207538     0.558913      1.31313     0.121191     -1.06116    -0.359808    -0.225749     -1.73386      0.06152    -0.882969     -1.06877   -0.0970507    -0.605887     -1.05012      1.50765     -1.01001     -1.63793      1.28414   0.00345904    -0.622253     0.780633     0.107048     -1.01894     0.903898    -0.906834    -0.545651    -0.698862     0.286006     -1.78149     0.219226     0.287994    0.0229244   -0.0284505     0.622426     -0.87711      0.65643      -1.1403     0.351528     0.532894     0.379287    -0.285244     0.238711    -0.997869    -0.880834    -0.792731      -1.1115     0.430128     0.702525      1.16861
   0.0367376     -0.19805   -0.0876691    0.0223833    -0.199565    -0.226757    -0.444081    0.0840564     -0.20722    0.0621368    -0.161894    0.0453919    -0.155302    0.0727016   -0.0581409     0.121013   -0.0345583     0.310726    -0.256402     0.114949   -0.0231774    -0.109274    0.0764894    -0.156987   -0.0506371     0.175932     0.166991    0.0350473     0.193269    -0.131255    0.0489594     0.133457    -0.169397     -0.23074   -0.0129399    -0.225283    -0.194444     -0.19303     0.231634     0.121457   -0.0665853    0.0103131    0.0503508  -0.00990843    -0.110092   -0.0536376     0.108835    -0.199234   -0.0422883     -0.22323
    -1.65415      0.93481    0.0717643     0.585872     -2.02402    -0.886806    -0.352181    -0.269276    -0.518772     -1.31213     0.122386     -1.26877    -0.912509    -0.786031    -0.438291      1.19589    -0.801266    -0.641982   -0.0785635   -0.0782625     -0.26462     0.458778    0.0538227     -1.00953     0.192611    -0.449951      -1.0612    0.0303539   -0.0986628     -1.04737     0.569509     -2.15776     0.488257    -0.689652    -0.630133     -1.79375     0.163077    -0.374355    -0.150799     0.364394    -0.239672     0.447525     0.115439    -0.878101    -0.596189     0.981783     0.062976   -0.0803376    -0.993259     0.619798
   -0.496455      3.75597     0.662188    -0.672205      0.41649     -1.64755     -1.21016    -0.266301     -1.44805     -2.49552     0.134972     0.167705      -1.9857     0.322813     0.876629     -1.31802    -0.820332     0.192038     0.505917      3.93093    -0.647449     0.030542     -1.78223     -1.99169    -0.874393     0.760383    -0.336402      1.27879    -0.579602    -0.492347    -0.495578    -0.569299    -0.831684     -2.14222     0.141342     0.301834    -0.261663     -1.19041     -1.53329    -0.634412    -0.610383      0.51873      1.14165     0.799035    0.0096636    -0.126466     -1.88052     -1.00016    -0.156996      1.34185
   -0.987372     0.357765    0.0903404   -0.0628395    0.0554956    -0.658434      0.30904    -0.231634    -0.893716    -0.182059     -1.32134    -0.656281     -0.27334    -0.848784    -0.830752     0.976078    -0.461986     -1.35324     0.214645    -0.748373    -0.568618     0.345063     0.347154     -1.01849      0.60088     -1.42575    -0.551058    -0.527923     0.776965   -0.0941896   -0.0492744     -1.23594     0.867604     -0.27327      0.12601     -1.41735    0.0491703    -0.426309     0.744103   -0.0180361    -0.236497     0.287255     0.228887     0.296053    -0.489088     0.527759      1.66092    -0.153885    0.0368365    0.0469575
     0.22202     0.082941    -0.639599    -0.388415   -0.0570191     0.718035     0.734983    -0.604894     0.518278     0.937164     -0.78523    -0.523264     0.610555     0.287845     -1.37964    -0.521561     -1.98884     0.574274    -0.410873     -1.06905     0.172556       -1.725    0.0812986      1.16482    -0.691189    -0.190184    -0.186404    -0.630806     0.713454    -0.115004     -1.13491     0.761618     0.257821     0.585598    0.0341375       1.0657    -0.739589     0.107883   0.00426629     0.216286    -0.293178    -0.621346   -0.0537132     0.556858      1.04204    -0.584762    -0.598665       -1.985    -0.274875     -1.26196
    0.770106    -0.446348    -0.407768     -1.50749     0.894461     0.898892     -0.91158     -1.14505     -1.05514     0.283056     -1.43407     0.410633      1.82754    -0.906654    -0.976652    -0.428968    -0.318177      -1.6237      1.10229     0.755549     -1.49855    -0.418983    -0.255344    -0.614526     -2.58557     -1.15599      1.56628     0.457459   -0.0435658     0.218837    -0.158268     0.721583    -0.945618     0.773852     -1.09911    -0.604871     0.356702    -0.998789     0.367518     -1.12463    -0.465854     0.272749     0.644542      1.88339      2.11041     0.191183     0.299454     -2.16121     0.137958     -0.88593
    0.450339     -0.86007    -0.169636     -1.38757    -0.772817      1.05562    -0.976964    -0.347253       1.6529    -0.809646     0.838485     0.980473    -0.166797    -0.495026     0.363484     -1.09656     -0.37673        1.149    -0.941749   0.00856784    0.0724395     -2.03682    -0.948998     0.198302     -1.69923     -0.11982     -0.02251     0.878389     -0.21701      1.26294    -0.456709     -0.26478    -0.669388     0.761737     -1.63463     0.542393    -0.836949      2.05332    -0.393633     0.377132    -0.857892    -0.681822    -0.187892     0.978896     0.824068    -0.160236     -0.23267     -1.45308     -1.83645     -1.32946
    -1.04646     0.329498     0.455108    -0.593363   -0.0502099    -0.821674      0.52985     0.551545    -0.758558    0.0307691     -1.34642    -0.286323    -0.215461    -0.560935    -0.583108    -0.342905    0.0653597      1.17642    -0.879165    -0.376972   -0.0807307      1.07209      1.23549     -0.85583       1.3744     0.229348    -0.854506    -0.993693     0.710386      1.59089    -0.300464    -0.326562      1.03144    -0.671455    -0.240506    -0.645724    0.0719825     0.217726   -0.0837692    -0.308632      0.19494    -0.567246    -0.300808      0.24529     -1.38515    -0.838881     0.548172     0.185947     0.301885    -0.540281
   -0.950686    -0.736731    -0.493491    -0.297891    -0.574058     0.130338     -1.19038    -0.379909    -0.617503     0.303779    -0.366399    -0.329137   0.00950942    -0.755601    -0.767322    -0.595585     0.303077    -0.207346     0.328005    -0.727687    -0.222436     0.246231     0.969882   -0.0873713   -0.0901529    -0.192775    -0.978983    -0.774503    -0.394229    -0.746621   -0.0642653    -0.211977    -0.142217     0.463599     -0.32703    -0.597594     0.166596    -0.564553    0.0858652    -0.516893     0.211071    -0.650294    -0.373154     -0.78671    -0.392145    -0.178976    -0.376406     -0.22582    -0.756579    -0.148428
    -1.84117     -1.71624    -0.896886     0.218266    -0.471005      1.94161     -1.08885    -0.248264    0.0921728      0.71959     0.259591     -1.34804     -1.16486     0.384542      1.05235    -0.359948     0.584357    -0.935622     0.548357     0.732079    -0.158188      1.05219      3.13641    -0.672929     -1.10711     -0.12832     0.404584   0.00547446     0.273077    -0.712585    -0.773835    -0.504339    -0.561565     0.505354     -2.73662    -0.796969     -0.45631     -1.64872     -0.62859    -0.422896     0.955707      1.29705     -2.41282    -0.307796      1.11897      1.10134    -0.586715     -1.29932     -2.01187     0.145991
    0.651718     0.285558     -1.26508     0.572877   -0.0142628    -0.813414     -1.97652    -0.967501    -0.173001     0.136208     -0.63132    -0.253796      1.05509     -2.79564     -2.68951    -0.488068     0.784263    -0.235952        1.963    -0.658389     -1.07159     0.811293    0.0862627    -0.489551     0.813037     0.106761      -3.5047     -1.68239     -1.30106     -1.48781      2.55539    -0.257407     0.914706     0.734628     0.126388    0.0906704      1.92316     0.819177     0.724537     -1.37865    0.0468057     -1.86936     0.435678     -1.55998     -1.49606     0.355602     -0.94947     0.851789    -0.298268     0.549907
    -0.74839     0.103783      0.31672    0.0803381     0.179954    -0.526909      1.13381     0.530528    -0.496286    -0.207974     -1.07965    -0.359719    -0.920823    -0.334668    -0.569275     0.547733    -0.715465    -0.747079     -0.57574     0.309631     -0.42886     0.280773     0.724968    -0.665711     0.235293    -0.950461    -0.368767    -0.297129     0.741668    -0.352404   -0.0631064    -0.599821     0.442972    -0.667303     0.272767     -1.13888    -0.529291    -0.957559     0.542757     0.646224    -0.699629      0.72482    -0.404788    -0.497457     -1.23561     0.545296     0.889689     0.640176     0.223661   -0.0781976
   -0.277579   -0.0840669    -0.420082    -0.135973   -0.0265376   -0.0869276     -0.11324    -0.146213     0.183179    -0.200917    0.0523184     -0.33977    0.0804673     0.120722   -0.0369249     -0.10213   -0.0385631    -0.406737     -0.49055    0.0136697    0.0954463    -0.230527    -0.105259    -0.328708    -0.269595   -0.0495939   -0.0129634    -0.155972    -0.489409    -0.396562     0.235541    -0.333311    -0.158752    -0.168043     -0.10951    -0.140528    -0.377947   -0.0804788     -0.04341    0.0187083    -0.289793     -0.39909    0.0263049    0.0684383     0.141667   0.00268585    -0.273985     -0.24305   -0.0162124    -0.302976
  -0.0587323   -0.0490433     -0.11714    -0.328923    -0.560012    -0.149012    -0.328246    -0.304454    -0.355814    -0.298175    -0.268228    -0.343166    -0.100951    -0.179914    -0.155623    0.0166767    0.0781564    -0.367019    -0.150824    -0.369538   -0.0923135    0.0233036    -0.338195  -0.00146533    0.0307974    -0.288074   -0.0429407   -0.0962779     -0.28559    -0.116003     0.014224    0.0431526   -0.0475696   -0.0223709    -0.243005    -0.189354    0.0319192   -0.0128412     -0.10852   -0.0185082    -0.355596    0.0956144      -0.2727    -0.208805    -0.193724    -0.280051    -0.199214    -0.112336    -0.079166   -0.0546381
   -0.821263      0.55125    -0.484961     -1.13637     -2.02283    -0.663717     0.390438    -0.262099    0.0526758     -1.74746     0.719712     0.469962    -0.310721     -1.08237       0.2418    -0.164575     -1.03276    0.0971192     0.475293     0.687847     -0.33989     0.404154     0.315241     -1.17555    -0.155801    -0.318473     0.797536     0.204552    -0.367119     0.432102     0.412282     -1.83344    -0.306168     -1.23667    0.0245398     -1.44797     0.342872     0.940186    -0.772431    -0.149182     -1.46138     0.643864    -0.329073    0.0364759    -0.529881     0.464837     0.024383      0.45035   0.00759908   -0.0788665
  0.00644907     0.111187   -0.0303994    -0.253869    -0.564068    -0.450559     0.202124     0.104467     0.413384    -0.132798     0.201775   -0.0825808    -0.270806    -0.590778    -0.364836    -0.158707    -0.438946     0.125654    -0.150897     0.200717    0.0822947     0.327559     -0.27386    -0.679363     0.389868    -0.322839    -0.163693    -0.506814    -0.268882     0.024009     0.522477    -0.632302    0.0160114    -0.257749    -0.300616    -0.221688     0.162203     0.708215     0.115451     0.285312    -0.372657    0.0104828     -0.56863    -0.353229    -0.804809     0.811481     0.273605     0.681096    -0.512996     0.093306
    -1.35224     0.588458     0.620106      1.87082   -0.0120195    -0.568301    -0.632787    -0.051094     -1.95141     0.722162     -1.06472      -1.4293    -0.516954    -0.163576      -1.3924      2.34248     -1.34615     -2.48367     0.433237     -1.11211    -0.466986     0.678731    -0.320596     -1.33574     0.894956    -0.876294    -0.115931    -0.633232      1.24944     -2.30733     0.639404   -0.0472589     0.137675     0.591649     0.518435     -1.02206     0.269957     -2.65117     0.409535     0.276821      1.16924     0.385925     0.676144     -0.92308    -0.326259    -0.605436    -0.517842    -0.210453     0.997341      1.44457
    0.111417     0.605714    -0.264453     0.243638     0.368012    -0.887786   -0.0728694   -0.0412406     0.122405    -0.693179     -2.21926     -1.14473    -0.858936     0.563734     -1.47555     0.107772     -1.12281      1.39137     -1.94013       0.4064    -0.186797    -0.713126    -0.528959     -1.08369    -0.534373      1.22725     0.112208      2.04708     0.383825      -0.3871    -0.658579     0.347202   -0.0918788      4.90878     -2.68406   -0.0851324    -0.969463   -0.0631028    -0.480251     -0.20501     0.748324      1.07095     0.465846      1.54308     -1.21302   -0.0673606    -0.638883     0.631346    -0.759098     0.536273
    0.958106     -1.05467     -2.89262     -1.47942      1.00766     0.983584     -1.41739     -2.18292      1.82048    -0.202687      1.27748      1.12576     0.844645   -0.0863056     0.341591    -0.762798     -1.60068     -1.10265     -1.81676     0.253977     0.826255         -1.3    -0.889712    -0.919764      -1.6599     0.601163     0.135386     0.692291     -3.82843     -2.74374     0.534217     0.493849     -2.05039     0.161353     -0.81107     0.444017    -0.552171     0.453327   -0.0421027    -0.521673     -1.79218    -0.259733    -0.848336     -1.19095      1.46152      1.46704    -0.793672     -1.10959   -0.0549218    -0.766309
   -0.347467     -1.45551    -0.361299    -0.434592    -0.124566     0.983115     -0.41572    -0.679302     0.280286      1.81712    -0.268198    -0.215085       1.0486      -0.6263    -0.862431     0.358213    -0.284678    -0.243645    -0.950023     -1.58818     0.204488    -0.367324     0.780383      3.72068      0.27645    -0.663116     -1.02292     -1.15343   -0.0426848     0.169497     0.279411    -0.700987     0.798926    -0.815841    -0.424519     -1.02354    -0.312404     0.158096      1.08743     -0.22623     -0.43544     -1.12833    -0.969628    -0.464379      0.26969     0.191729      1.01369    -0.884523     -1.84426     -0.71463
   -0.342001      1.83795     0.142829    -0.384652      1.00698     -1.53774    -0.178476     0.667815    -0.683879     -1.10627     -1.01343   -0.0236407     -1.43777     0.748676     0.139684    -0.705284    -0.892107       0.2697    -0.237069     0.522671    -0.333267    -0.430215    -0.772836     -0.44139     0.229341    -0.261965     0.347561     0.615286    -0.709089    -0.201508     -0.32849     0.153659    -0.429232    0.0325435    0.0682842    -0.346915    -0.729967    -0.328996    -0.709029   -0.0969035    -0.876016     0.121497     0.363884    0.0839835      -1.1316     0.394357      -1.3073      1.13083    -0.196112        1.309
   -0.135084   -0.0930614    0.0633681    -0.205666    -0.221432    -0.148637     -0.27526    -0.352034   -0.0475728   -0.0903453  -0.00946077    -0.207531   -0.0229779    -0.235602   -0.0349942    0.0872465     0.062792   -0.0011871    -0.328949    0.0466178    -0.190626    -0.157603    0.0227541    -0.359842    -0.294191    -0.149043     0.214873   -0.0969452   -0.0578634   -0.0964849     0.137132     -0.15427    -0.168022    -0.184563    -0.220511    -0.344697    -0.370157    -0.132092   -0.0942501    -0.374759  0.000266046    -0.227905    -0.131948   -0.0193225    -0.104639    -0.190822    0.0399619   -0.0656214    -0.159978    -0.200718
   -0.598782     0.249701     0.266163     0.155201        -0.66   -0.0441111      1.16613      0.59996    -0.131368    -0.721297    0.0895762    -0.310427     -1.32213      1.14688     0.630479    -0.107251    -0.356302     0.427893     -1.38857     0.331488     0.831845    -0.286701    0.0264724    -0.589539     -0.61013     0.601223   -0.0510411     0.197822     0.255538     0.539852     -1.65647       0.2212    -0.843121     0.333273    -0.398286   -0.0339235     -1.24101    -0.158533    -0.432595    0.0593214    -0.327612     0.740545    -0.108729     0.487216    -0.316369      -1.2996    -0.464504    -0.414528    -0.247169    -0.368394
    0.064297      1.05889     0.193063     0.603427     -1.39982     -0.91559     0.666491     0.328645     0.982076     -1.53054      1.21308    -0.749479    -0.667823   -0.0787563    -0.143794     0.371359     -0.97902     0.981658     0.120713     0.930863     0.215568     0.331646    -0.926781    -0.566622     0.784981     0.989225     0.607605    -0.273604    -0.123066     0.184633     0.115086     0.423613     0.447553     0.493829    -0.703979    -0.392032   -0.0682032     0.257784    -0.677566     0.910187    -0.486844     0.410201     -0.49341    -0.726134      -1.2061     0.320011     -1.16768      1.56324     -1.15492      1.11916
   -0.087492     0.249341     0.185924    -0.540347    -0.013752    -0.220828   -0.0595252    -0.226979     0.080925    -0.222226   -0.0224667     0.281725    -0.170385    -0.339639     -0.51117   -0.0882295    -0.354764  -0.00392374    -0.243624     0.154584    -0.145901    -0.607572    -0.367709    0.0579794    -0.190512     0.185645     0.140996     0.346586     0.215304    -0.281256    0.0599552     0.100947    -0.264516     0.117191    -0.393132      -0.1084    -0.183638     0.332751    -0.113234     0.146777    -0.368667    0.0764904     0.190432    0.0617593     0.347576    0.0754255   -0.0986682    -0.323242    -0.725582    -0.232484
  -0.0521869     0.329889     0.630298       1.8546     -4.10443    -0.808138     -1.53478     0.724815     0.968007     -1.92802       2.6149     -1.18494     -1.12528    -0.585995      0.66004     0.153725    0.0937387      0.87844     0.455479      1.02911     0.610023     0.948857    -0.615888    -0.442994     0.500698      1.13399    -0.745186     -1.41699    -0.674457    -0.226019      1.06859     -1.31614    0.0394387    -0.965643    -0.640863     0.514563    0.0314414     0.264163    -0.819452     0.852491     0.531531    -0.531581    -0.610518     -1.81395     -1.50899    -0.107882     -1.52234     0.246795     -2.68217      1.03632
    0.409212      1.36674       0.2881     0.555103     -0.58471    -0.473568    -0.423225     -0.32405    -0.238047     -1.86845    -0.232683      0.72032     0.180056     0.497407      1.01488     0.283212      0.19441     0.806773    -0.761758     0.480952     0.105825     0.383251    0.0710373     -3.40455     0.688147     0.752823     0.287884      1.99158     0.208209    0.0140336     0.507067    0.0681013    0.0430806    0.0966757  -0.00474154     0.509917     0.489947     0.110207     -1.17923     -0.58842     0.867581     0.649037      1.48548      1.37444    -0.208543      0.18911     -1.29192     0.437929      0.84593      1.03522
   0.0358524   -0.0517647    0.0712857    0.0653156     -0.54301    -0.289232    -0.120788    -0.140998    0.0430542    -0.287905     0.120614    -0.464431    -0.240596    -0.380659    0.0239781      0.06952     0.278399     0.388012  -0.00317598    0.0035754   -0.0393552   -0.0635245    -0.466616    -0.452833     0.463209    -0.155254    -0.378128    -0.603706     0.242678     0.130581    -0.164374    -0.393923     0.242811     0.112487    -0.512526   -0.0539441     0.032198     0.153102    -0.123168     -0.11403     0.234914   -0.0426585   0.00589216    -0.547551    -0.390363    0.0280094    -0.330294    0.0359146    -0.794601   -0.0539193
   -0.366467
   -0.510993
   -0.895681
    0.666895
   -0.671243
    -1.33233
   -0.254936
    0.498933
    -2.82468
    0.258106
    -1.76776
    0.897094
    -1.36324
    0.627219
    0.356033
-4.14314e-05
    -1.65328
 0.000681401
    0.139246
   -0.455577
     0.71408
   -0.346092
    -2.90702
    -1.40952
    0.343438
   -0.647078
   -0.796944
    0.170567
   -0.211224
   -0.336003
    0.428907
    0.921718
   -0.100894
   0.0869815
   -0.624864
   -0.110714
     0.91735
   -0.157876
     1.16233
    -1.40146
     1.36421
   -0.159312
    -1.69932
   -0.762855
   0.0506764
   -0.721976
   -0.473234
    -0.06223
    -0.93062
    -1.17275
1
4
50 10
  0.0397992    0.521034     0.64655    -1.65241    0.338978   -0.955905   -0.522485    -2.20465   -0.131936   -0.701977   0.0456425    0.718523    0.121595    0.287799    0.944116    -1.26358    0.873235     0.59212    0.589121    -1.89267    -4.90795    0.937153   0.0901194    -2.49597     1.27519      1.3442    -1.24456    -3.03443    -1.05165    0.798321   -0.881345    0.595439     1.21985      1.3562    0.100415  -0.0268196   -0.356969  -0.0392968     1.34728     3.01206     1.83996   -0.152055     1.60099  -0.0598799     1.06953    -2.69051   -0.014855    -7.85747    0.391514   -0.634996
  -0.015171     2.54127    0.276165  -0.0871342  -0.0396151    0.436876  -0.0142048   -0.136952    0.083837   0.0336671    -5.46903    0.477958   -0.475656    -0.07978    0.473377    0.501553    0.855004     1.30051     1.52308    -2.10513     2.16211    -1.20069    0.148675    -1.11374    0.302805   -0.564634    0.550074    0.419804     1.87101    -2.16306    0.645852    0.709441    -1.10056   -0.289822   -0.344846   -0.201205   0.0865962   -0.367877     1.59089     1.64471    -10.6779    0.966069    0.171487    0.323026      1.9354   -0.600412    0.390299     1.35981   -0.680064   -0.851795
  -0.552591    -1.13198    -3.43312     1.07554   -0.392976    0.175458     2.71239     2.09018   -0.125676    -1.78717     1.77511    -1.03857    0.201277     1.75231    -8.24335    0.838261     1.36166     1.43854    -5.41226     1.14655    0.478927     2.10447   -0.206519    -1.58714   -0.470986    -1.57885     1.40714    0.487364    -1.30356   -0.525302     1.21355     2.00471     4.73073     -1.1104    -0.62833 -0.00639301   -0.590182    -1.23189    0.376382  -0.0504491    0.104887    0.135569    0.395955   -0.420087    -0.86891    0.870223   -0.769572      1.1964    -1.60882   0.0625516
  -0.338729     1.08803    0.553195    0.337211     0.16696    -1.11485     1.38397    0.261164    0.044314       1.867     0.69384     1.13744   -0.376997   -0.380389     1.32894    0.990848  -0.0642544     1.82621   -0.585551     1.69778    0.432663    0.762378   -0.129739     1.18714    -6.63778      1.5237   -0.842279   0.0347577     1.15469    0.789255   -0.627738    0.619698     1.11708    0.299892    0.113559    0.163789    0.933149    0.422094     1.81625  0.00831602     2.09639    -7.44864    -3.10537   0.0535679   -0.608895    0.185768   -0.137026    0.768552     3.76096    0.365093
  -0.445908     2.56875    0.335184     2.38348    0.571392     1.65586     1.46791    0.234338    0.226838    0.238864      0.6106     1.09968    0.944974   -0.430336     2.36687   -0.888434    -6.87706    0.684475   -0.634598   0.0413035    0.301805    0.340329    0.108207     2.14902   0.0380917    0.474208   -0.321566    0.841414    -0.25109     0.48029   -0.753937    -9.40793    -1.43701    0.340863  -0.0114437    0.408696   -0.679739     0.65379     1.35307     0.37249    0.895937     2.00071    0.134193   0.0207654    0.629783     1.52823    0.301984  -0.0511866   -0.463332    0.780276
 -0.0624448      2.0448     1.05636     1.59802   -0.307815    -1.87059    -6.66024    0.621864    0.508922   -0.471918  -0.0930569    -1.47006    0.900491     1.57081    0.562694   -0.670515     1.68562     1.13258     1.20883  -0.0978979   -0.759944     1.35273   0.0334196     2.04554     3.31462    0.413798   0.0509022   -0.640045    0.477472    -1.34177   -0.682505    0.178501   -0.272559     1.01373    0.184872   -0.106758     1.00306    0.541981    0.581858     -9.3884     1.40168    0.263527    -0.84741    0.115501   -0.082744    0.399483   -0.101933    0.988527   -0.169123   -0.010575
   0.284538    -8.12901     1.05176     2.09858   -0.832944     1.69933    -1.93902     1.22384    0.173058   -0.151734   -0.211133    0.626429    0.402147    -3.52201   -0.581243   -0.997558     2.15798   -0.174705     2.97143     1.29468    0.354659   -0.561436   0.0822021    0.641226  -0.0607855   -0.347108   -0.687726     1.31823    0.915659   -0.463117   -0.899638     1.08843    -6.93627    0.574507    0.075888  -0.0356718     1.34861   0.0467763   -0.698936     3.48139     1.31238   -0.325721     1.25402    0.411137    -2.43307    0.527341    0.332097    0.214892   -0.869232   -0.336587
    1.02295    -1.10557    0.184559    -1.38674    0.961927   -0.491154     1.21867   -0.722843    0.215277     1.25599     2.56048   -0.558627     1.25066    0.658971     1.84538     1.15355     0.37918     2.02901    0.224955   -0.225134     0.51426    -3.58407    0.166494    -1.61424    0.830003    -1.09028   -0.495256    0.036292    -4.70449     2.08645     1.53181      1.9501     2.37069     -1.4837    0.185479    0.060633   -0.586428    0.480725     -7.2445     1.16363    -0.11747     1.89642     1.08085   0.0557689   -0.316698     1.64395   -0.961254     1.96482   -0.766395    0.599348
 -0.0903282     1.25272   -0.690222    -4.02254   0.0507236    0.355283     1.93165   -0.784947   -0.182677  -0.0668298    0.254692    -1.07431    -2.76495   -0.211967     1.08219     1.29381   0.0749833    -8.30042    0.144826    0.346259     1.26572   0.0283739   -0.130531  -0.0103214    0.999043   -0.232332     1.95326     1.21042     3.03494    0.262761    0.386291     2.29409    0.609446   -0.831862   0.0825975   -0.197937    -1.36989    -1.03146     1.04424   -0.292392     3.09276     2.42518     -1.0802   -0.292201  -0.0261101    -1.15292    0.535865     1.46018    0.816889    0.326694
 -0.0426998  0.00963183 -0.00884298   0.0121533    0.225565   0.0100342  -0.0204825 -0.00234045    0.111458 0.000497789  0.00276677  0.00239409  -0.0128436 -0.00734537  -0.0499506 -0.00123894  0.00422007 -0.00315432   0.0157988  0.00788662  -0.0019593   0.0109493   0.0849142   -0.010667 -0.00392009  0.00841935 -9.1679e-05    0.010359 -0.00737674   0.0106749   0.0338718   0.0163317  -0.0249551  -0.0102555   0.0838073   0.0197276   0.0021349   0.0189443  0.00695573 -0.00143365  -0.0117808  -0.0172694   0.0118521   0.0667366 -0.00431548 -0.00398962   0.0537917 -0.00851319   -0.004947   -0.013719
   2.66355
   1.66833
  0.546505
  -3.19489
    1.2068
-0.0995766
  0.883364
   0.34819
  -1.20445
-0.0136442
