3 16 0.5 1100
1
1
9 50
  -0.405162    0.670842    -1.00035     1.27066     2.09051    0.630225   -0.878463   -0.944279      -0.307
  0.0899134   -0.149823    0.333863    -3.48367    0.129941    0.178352   0.0894649    0.366328    0.243277
   0.418536    -2.71063    0.337781     0.11412    0.550654   -0.936041    0.192796   -0.305341   -0.481251
    1.51469   0.0635227    -1.93168    0.806882    0.402879   0.0871848  -0.0799778     2.60374     1.33271
   -4.18581    0.206915   -0.919214    0.555212     0.40225   -0.125781   -0.510122   0.0984314   0.0659259
  -0.211164    0.165257   -0.768109     1.09373    -1.06701   -0.553241  0.00466542   -0.186291     2.29101
   -1.27449   -0.715708    0.588251     1.22999    0.822217   -0.210947     2.51915    0.507134    -3.01782
     1.2229    -1.67287   -0.470018    0.189256   -0.641726   -0.751347    0.676664     -0.6518    -1.78605
   0.969602     1.27887   -0.151592     1.35726   0.0659312    0.366419  -0.0222455    -2.31552    -1.53095
   -2.19771   -0.855232    -2.57296     2.11371    -1.52764    0.128351   -0.399689     1.01657    -1.43392
    3.34955     1.59435   -0.212715 -0.00487162    0.892689    -2.21154    0.522806    -1.29144   -0.622916
  -0.792584    0.992089    0.729648   -0.743393     1.88262    -1.20602    0.612415    -1.65461    0.107829
   -2.17135     1.23296   -0.501152    0.997949    0.979096    0.947007   -0.896087   0.0339468    0.893454
   -1.53866   -0.168113    0.194535    -1.31649   -0.860315   -0.425843      2.7189     0.13399   -0.709404
    2.04937    0.197671      1.1783    -1.27945   -0.858084    -1.56552     2.30931    -1.60827      1.4647
   0.514031   -0.858088    0.394432    0.890057    0.121264  -0.0277907   0.0911817     2.20383   -0.334692
    1.00001    -1.45084   -0.478629    0.444122   -0.845955    0.748527    -1.02315    -1.49847     3.84428
   0.947524     -1.7555    0.764243    0.678414     1.01033     1.22638    0.236885    -3.58942   -0.697144
  0.0528905   -0.639606     4.93685    0.439881    -0.66781   -0.733961     0.46086   -0.314563    -0.13268
    0.40857   -0.442528   -0.507271   -0.853143   0.0998416     5.24229  -0.0912066   -0.461092   -0.819881
    0.89008    0.448447    -2.16316    0.172783    0.106732   -0.214848    0.272583   0.0362101   -0.819651
   0.858763    -1.38709     1.31259    -1.05359   -0.458562   -0.207707   -0.170755     2.13127  -0.0276364
  -0.552894    0.132145    0.287538    0.504766    -3.66141    0.260692    0.631875     1.28181     0.70169
  -0.433355    -1.45349    -1.37017     4.64305   -0.503272    -1.07446   -0.873528    -1.44198   -0.323745
   0.493606    -4.03527   -0.330639    0.608576   0.0687127     0.14981   -0.677094    0.965607   -0.180881
    1.61928   -0.114357     -1.5973   -0.722572    0.331028      1.5774  -0.0274684   -0.699565    0.442565
  -0.878459    0.460555   -0.211236   -0.906683   -0.677459   -0.386892     3.42135   -0.243315    -1.24544
  -0.988621    0.856843     1.30266    -2.94897   -0.728134    0.470969    0.392528   -0.633328    0.405423
  -0.388999    -3.66305  0.00738641      1.1164   0.0340084    0.721827     1.42759    0.597779     1.31944
   0.258688    -3.53697    0.837566     1.17713     1.05971    0.317557     1.29985    -2.47756     1.50147
    1.00193    0.911088   -0.401867   -0.312188    0.300655   -0.240603    -3.39491    0.629666   -0.105531
   -1.26827  -0.0501848    -2.99003    0.579232    0.302856    0.308923   0.0634877     1.01609    -1.29286
   0.260071    -2.34803   -0.230631     1.34231    0.910316    0.675278   -0.531885   -0.220336    0.514065
   -1.85976    -1.32016    -1.19065   -0.389831    -1.02686     4.52203    -2.62657   -0.880967   -0.219991
  0.0900553    0.417316   -0.727186   -0.493299     2.98005    -2.16351     1.56663     1.39408    0.712857
   0.839803    0.238742    -2.38459    0.748215      1.4176   -0.232389    0.685527   -0.817909     1.05246
   0.210017    0.749215      2.8686    0.677997     1.21391  -0.0602745   -0.948727    0.908826    0.667109
   0.458752    0.576565    0.902445  -0.0442129    0.897959     1.14062    -1.77793    -3.44305    -0.71456
   -1.20951   0.0119277    0.331517     1.01062   -0.327795     0.13617    -1.96735    0.168722   -0.445589
   0.631196   -0.518693   -0.356726    0.419766   -0.118674   -0.803282    0.272298   -0.862426    -3.21152
   0.250739    -1.15849    -2.00454    0.392356   -0.629758    0.820276   -0.686332     1.11635     2.09395
  -0.599557 -0.00137961     1.64252    -1.28641    -1.83114    0.429483     1.76194    0.925117    -1.22395
  -0.240386   -0.685007    -0.36922    -1.84591     2.53821     0.49879   -0.801642    0.246418     1.86728
   -1.89673    -1.27503     2.01784    -1.16725    0.515992     1.54778    0.529025    -1.07914    0.914418
   -1.26878    0.960462   -0.416158    0.167892   -0.335348    -1.60013     1.12564     0.83179     3.01107
  -0.774049      1.6302     1.64869   -0.791729    -2.31375   -0.534737    -2.40422    -1.41622    -1.33763
   -1.40772   -0.615668     2.51675     1.26266    -0.83297   -0.351972  -0.0809242    -1.03049    -1.20875
   0.752475    0.734215   -0.425664  -0.0704117   -0.211954     0.67133    -1.19553    0.358491    -3.46518
   -1.86534      1.0436   0.0298053   -0.984492     2.83533    -0.24223    0.826526     2.18039  -0.0884718
   0.611576    0.801266   -0.578697    -2.18316    -1.05853   -0.306953    -1.46929     1.48575 -0.00464271
   1.17612
  -1.60042
   0.60916
 -0.267012
   1.84862
  0.269413
 -0.461779
  0.151754
 -0.484386
  -1.10731
 -0.131355
  0.995595
  -0.65171
  -2.06622
 -0.966405
  -2.35746
  -1.86686
 -0.673274
   2.01711
   1.82218
  -1.30354
  0.342646
  -2.05994
  -1.80012
  -1.37696
 -0.616487
   0.78634
 -0.289768
 -0.750045
-0.0536322
  0.593833
  0.632611
  -1.16276
 -0.853622
 -0.404277
  0.964646
  0.764514
  -1.61376
  -1.01072
  0.280451
  -1.17738
  -1.17993
  0.044261
 -0.798747
  0.910681
 -0.161982
  -1.62242
  -1.89668
  -1.27058
 -0.808882
1
1
50 50
    -0.63876    -0.276172    -0.386655    -0.607161     -0.35398     -0.20164    -0.224824   -0.0754562    -0.127002     0.228773    -0.457717    -0.307935   -0.0230559    -0.177382     0.132696    -0.221551      0.53109    -0.187344     0.177161    -0.411476    -0.101173     0.193173     0.730635   -0.0049918     0.191513    -0.130716    -0.476341    -0.245413    -0.217641     0.116676    -0.270849    -0.609759    -0.431224   -0.0930989    -0.515741    -0.737984     0.145329     0.145964 -7.05202e-05    -0.444835    -0.315221    -0.185764    -0.508743    0.0258368    -0.254629     0.142375     0.334673   -0.0539102    -0.274821    0.0838487
    0.181824   -0.0529269   -0.0560922    -0.647227    -0.957311     0.284145      1.49277     -0.78321     0.330546    -0.109006    0.0588199   -0.0458386    -0.505972      2.02642      1.77213    -0.178438    -0.511601     0.374986     -1.56191     0.862547     0.658696    -0.854308    -0.647921       0.1654      -1.0952     0.517356     0.608284     0.151148      -0.1143     0.120813     -2.54377     0.319051     -1.35535     -1.09079    -0.410831     0.417649     -2.09063    -0.635989    -0.895363     -0.43256    -0.358761     0.863235     -1.40528     0.480749     0.496395     -2.14999     -1.00967      -1.1556   -0.0304772     -1.03525
    0.439949     -0.68008     0.203943     0.387292     0.470879    -0.022783    -0.551353     0.141851    -0.124142   -0.0908479     0.627238    0.0699445     -0.44341    -0.517252     0.158839    -0.412928    -0.107484    -0.642106     -1.58194      1.24742     0.653148    -0.133868    -0.602182    -0.577398    -0.414983     0.443796     0.393305    -0.189895    -0.428826    -0.202772     0.316589     0.848755    -0.499406    -0.268676    -0.212633     0.487715    -0.434648    -0.711391    -0.735888    -0.052469     0.414558    -0.183599   -0.0430866    -0.374459     0.574458    -0.132609    -0.524294     0.026823    -0.341404    0.0267474
    0.310378     -0.75819     -1.35129    -0.591459     0.534002     0.567755     -1.40203     -1.69312   -0.0212068     0.387728    -0.484153    -0.196861      1.25788    -0.514271     0.936542    -0.484753      1.65555     -1.56896    -0.447931    -0.293476    -0.489577    -0.983922    -0.117077      1.52613    -0.820349    -0.361159     0.414278   -0.0369778    -0.302742     0.505445     -1.26118     -0.42507    -0.977477    -0.481663     0.265066     0.236361    -0.359065    -0.123424     0.411922     -2.09024    -0.222836     -1.08499    -0.582025      0.78587     0.839482     -0.10049    0.0386595     -1.16625    0.0452958    -0.957128
   -0.235649    -0.506429     0.253133    -0.253276    -0.194569    -0.339551    -0.317678    -0.300844    -0.264188    -0.372439   -0.0167023     0.073812    0.0775983    -0.365282    -0.416016    -0.101285   -0.0586584    0.0640727     0.253593    -0.455888    -0.351541     0.131019    -0.199906    -0.130251     0.199082    -0.333234     -0.55727    -0.289921     -0.16912    -0.193982     0.229051    -0.748749      0.14073    -0.292378   0.00592212    -0.145368     0.155579   -0.0255732     0.470858   -0.0935412    -0.505607     -0.51716    0.0953627    -0.268697   -0.0427795      0.32661     0.120889     0.142449    -0.595254    0.0238385
  0.00851536     0.013334     0.193886     0.415572    -0.801383    -0.535457     -1.03939     0.469832     0.161432     -1.10696     0.578483    -0.680216    -0.605187  -0.00176771       0.3847   -0.0612224   0.00234281     0.832694    -0.633578    0.0894559    -0.139366    -0.317831     -1.41049    -0.636923     0.336651     0.640613     0.284676     0.484696     -0.18875     0.525389    0.0336094    0.0149822    0.0893713      1.10539     -1.60992    -0.314525    -0.563485    -0.155066    -0.677626     0.170212     0.431999    0.0822565     0.142828     0.224518     -1.07923   -0.0287994     -1.00487     0.189135     -1.57723     0.597765
   0.0634043   -0.0764812     0.444069    -0.197053   -0.0178874     0.837976    -0.122399     0.235457    -0.933148    -0.581075      1.26663     0.929079    -0.527638    -0.566309     0.294877    -0.624536      -1.0131     -1.58812      1.81173     -4.51633    0.0325394     0.234195     -0.88881    0.0670835   -0.0514771     -1.20147    -0.455152     -1.43946    0.0703536    -0.332538     0.182655     0.357445     0.138995     -1.16627      1.98406      0.82467     0.799787     -1.05977    -0.223972     0.216452    -0.390674    -0.779929      0.83186     -1.85719        1.581   -0.0911469     0.139144    -0.757498    -0.529059   -0.0564721
   -0.589521      0.32659    -0.117491     0.663972     -1.50634    -0.894427     -0.15312    -0.138962    -0.751868    -0.646639    0.0116457     -1.36818    -0.305662    -0.198284    -0.241805      1.06673     -0.53763    -0.309504      1.00602     0.849865    -0.580825    0.0740524    -0.356861    -0.186785     0.530397     0.249429    0.0219374    -0.587455      0.21301    -0.864537     -0.12684    -0.702321    0.0682202    -0.450518    -0.221647    -0.698101     0.232304    -0.852452    -0.916623    0.0821313    -0.179463    -0.126536    -0.461718    -0.685729    -0.479554      -1.3892     -1.10304    0.0781274     -0.52639     0.308511
   0.0447361    0.0453722     0.181834    0.0511227    -0.200801    -0.144559    -0.250082   -0.0310135     0.141007    -0.277571     0.374093    -0.087043    -0.200778     0.142284    0.0534233     0.180815    -0.130649    0.0554601     0.104975     0.284001   -0.0731368     0.139305     0.060936    -0.034045     0.102038    -0.192171     0.154694    0.0244824    -0.420284    -0.108374    0.0860655    -0.207807    0.0497195    -0.172109    -0.217466    -0.202682    -0.151575    -0.177933    -0.143989     0.233815    -0.379689    -0.201794  -0.00783366    -0.176472      0.12401    -0.126786    -0.114505    0.0215653     0.219287    -0.295071
   -0.687763    -0.115132    -0.200685    -0.267856    -0.942523     -0.40828    -0.113717    -0.177728    -0.128106     -1.02381     -0.10457     0.358014    -0.227716      -1.2791     0.334267    -0.323673    -0.532176    -0.854226     0.606057    -0.721875    -0.340719       1.1774        0.156     -3.01113    -0.202282    -0.759816     -0.58431    -0.511159    -0.320847    -0.316621     0.233781    -0.974562    -0.191072     -0.23116    -0.339071     -1.33449     0.916954     0.476831     0.417118    -0.325109    -0.289818   0.00561354    -0.335862    -0.141232     0.244144     0.757861     0.857557   -0.0997237    -0.413667     0.556601
    0.101605   -0.0185137      1.00257     0.382474    0.0647487    -0.598614     0.373284     0.755322      -1.1187     -0.38772     -1.11378    -0.387519     -1.12466     -0.56425    -0.191911    -0.275834     0.273478      0.61918      1.39909      1.17395    -0.829408       0.9802     -1.37775    -0.751803      2.33057   -0.0320004    -0.373488     -1.02981      1.62728       0.8322    -0.928051    0.0462857      1.24769    -0.452655     -0.58621     0.377341     0.645304     -1.13652    -0.621283    0.0392919      0.76288    -0.721065     0.410163     -0.22842    -0.325061     -1.35391    -0.495623    -0.593068    -0.999471    -0.421415
   -0.151264     -1.39004      0.10577   -0.0836523     0.658405     0.509058     -2.28334    -0.675383    -0.503098    -0.955443    0.0409248      -0.1986    -0.197977     -1.66824     0.519966    -0.347146     0.875149     -1.19335    -0.299136    -0.807203    -0.697943     0.123332   -0.0872122     -1.04437    -0.394665    -0.586662     0.316335     0.445819     0.222887     0.278663     0.131897    -0.545489    -0.518737     0.570436    -0.347641    -0.297416     0.284836     0.144594    0.0337823     -1.43497    -0.103301    -0.492282     0.213237     0.439725      0.49157     0.944473     0.178419    -0.341561    -0.565482    -0.269855
   0.0460593   -0.0892186     0.473779    -0.091793    0.0534154    -0.669433     0.762025     0.616478     0.557582      0.15647     0.356655   -0.0587225    -0.462998   -0.0201039    -0.348732    0.0998454    -0.330929   -0.0253587   -0.0836001    0.0574499    0.0561911    -0.298903    -0.593031    -0.304047      0.28228    -0.427172     0.272626    -0.444365    -0.615136    -0.461024     0.154892      0.22316     -0.21838    -0.031105    -0.368815    -0.330454   -0.0917518   -0.0701088     0.022869     0.357163    -0.518787    0.0342517     -0.67894    -0.399626    -0.621788     0.474305     0.415219     0.909444    -0.281158    -0.093082
    0.370227     -1.02474    -0.592928     0.301162    -0.243678     0.602229      1.80114     0.143221     0.338145    -0.863349     0.536548    -0.304458     -0.53941      1.53949     0.969734     -0.22559    -0.368926     0.629601     0.616193      1.30964     0.394934     0.337653    -0.748512   0.00203479     0.284003    0.0788445     0.769157    -0.139097     0.333957      0.50416     -1.89783     0.971334   -0.0438877     -2.18985     0.339505     0.706923    -0.515988     -1.91096     -1.79499     0.102771    -0.220446      1.27793     -1.24433    -0.113488    -0.155861      -1.1633     -1.30011    -0.243474     0.326128     -1.49425
    -1.58371     0.378058     0.862721     -2.08729    -0.519635    -0.511826     0.130289    -0.221064    -0.759554     -1.18689     -1.49305     0.485077     0.319167     -1.31349    -0.871119     0.040817      -1.0073     0.351007     0.588463    -0.995289     -1.32067     0.981087     0.131603     -0.50075     0.514564     -1.50685     -1.55237     0.259786     0.118007     0.476081     0.705121     -2.25268     0.902309    -0.991767    -0.392025     -2.44978     0.744195      1.49659      1.24964    -0.503618     -1.47811    -0.107308     0.718476     0.698488    -0.580628      1.85813      2.06269    -0.496153    -0.850701   -0.0626202
    0.333824    -0.695691     0.254927     0.394669    -0.454851     0.462354     0.438982    -0.575828    -0.560901    -0.441398    -0.218981    0.0202491     0.728218    -0.573658    0.0375947    -0.216474    -0.942844    -0.113558    -0.308568      -1.1717    -0.151108    -0.135982    -0.720937     -1.36532    -0.436305    -0.514908  0.000628472     0.705511     0.341818     0.380022     0.232224   -0.0188943    -0.106627      0.23456     0.490236     0.395354     0.407388   -0.0852631    -0.086697   -0.0844549    -0.088205    -0.210678     0.674822     0.408908      1.01439     -1.17136    -0.617431       -1.118       1.0188    -0.289976
     1.05894     0.293519    0.0356007    -0.125671     0.491371     -1.46982      1.06267    -0.956772      0.02174     -1.45084     0.491609     0.633265     0.642919     -1.72226     -1.46145     0.157841     -1.47853     0.355926     0.533107      1.05665    -0.740287     -0.30911     -1.11518     -1.01086    -0.175328     -0.23825     0.479301    -0.444831    -0.281825     0.852719     0.648574    -0.389297     0.280605     -1.46922      2.49784     0.565422      1.33159     0.406127    -0.705234    0.0338458     -1.19871     -1.94857      1.09904     0.109173    -0.399862     -2.53699     -0.82495     0.348531      2.46358     -1.03734
  -0.0656956    -0.576516     -1.04214     0.938288     0.559149      1.17251     -1.99539      -1.8018     -0.83311    -0.679569    -0.176307   -0.0584645    0.0124251    -0.690098      1.73952    -0.823694      2.99449     -1.17021    -0.300254     0.173447    -0.960603     0.176854     0.483761     0.858394     -1.49639    -0.291822    -0.984235     0.438155     0.106705     0.733496    -0.887169     -1.11676    -0.572962     -0.57314     0.500222      0.48886   -0.0383377     -1.20713   -0.0344176     -2.92678      1.15566    -0.976696     0.942196     0.440345      1.34587    -0.724153    -0.208808     -1.82238    -0.489205     -0.72058
    0.085251     0.191622     0.105757     0.925831    -0.130464    -0.526422    -0.964502   -0.0334781   -0.0146875     0.856443      1.14212    -0.706109    -0.299483   -0.0967263    -0.210912    -0.110082     0.254904    -0.378716     -3.04944     0.539812      1.31578    -0.327447    0.0955784     0.392603   -0.0576696     0.947354     0.828129    -0.873936    -0.437631    -0.141663      1.03296     0.863275    -0.634556    0.0663195      0.51304     0.545127      -1.7276    -0.218585    -0.640277     0.206425     0.537031     -1.18324    -0.136445    -0.937827    -0.130093     -1.03362     -1.13964     0.146966     0.241721      0.39396
    0.581872     -1.14194     -1.33921     -0.77937    -0.035324    0.0844341    -0.754539     -1.30984   -0.0224045      0.34677    -0.123723      0.26473     0.989073     -0.63095   -0.0296683    -0.365643    -0.254511     -1.34547    -0.212279      0.19938    -0.203425    -0.556552    -0.252159    -0.642516    -0.762855      -0.1246     0.937367     0.517007     -1.29159     -0.62969    -0.859511      0.45975     -1.02389     0.319835    0.0334618     0.589566   -0.0217614     -0.34479    -0.580862     -0.86924    -0.300311  -0.00167372    -0.577358     0.284079     0.682012     0.317484    -0.610895    -0.687597      1.03051    -0.691254
   -0.120657    -0.593806    -0.437169    -0.806657     0.451836     0.440437     0.825309      -1.2349     -1.14109     0.431785      -2.1349   -0.0899683      1.06955     0.557043    -0.295068    -0.577246      -1.1138    -0.964742    -0.422774   -0.0902972    -0.324966    -0.374254     0.649989     -0.14035     -2.40433     -1.02392    -0.334998     0.778007      1.35649     0.286351    -0.450959   -0.0997824    -0.896128     0.276064    0.0674177    -0.996264    0.0865761    -0.830246     0.499799    -0.398617    -0.693307     0.353649    -0.200448     0.960358      1.45149    -0.449922     0.695156     -1.26454      1.60153     -0.98206
    -1.06258     0.432221     0.189465      1.28179    -0.352985    -0.775808   -0.0153845    0.0711195      -1.3026     0.167018    -0.837627     -1.11423    -0.118547    -0.598646    -0.895986      1.49182    -0.505878     -1.16169      1.29799    0.0910954    -0.603696     0.646256     0.405828    -0.478982       0.5791    -0.700213    -0.457068    -0.580079     0.468513     -1.33781   -0.0729384    -0.149462     0.139158    -0.734248     0.424636    -0.772612     0.766795     -1.22961     0.103428     0.154079     0.396774    -0.148626    0.0441624    -0.742358    -0.902035    -0.781697    -0.602944     0.330703     0.624716     0.771638
   0.0462998    -0.197302    -0.071681    0.0234645    -0.186438    -0.213671    -0.446484    0.0938681    -0.195881    0.0719979    -0.150889    0.0612229    -0.142571    0.0851644   -0.0387858     0.128324   -0.0146442     0.324813    -0.238792     0.106623    -0.020289   -0.0985732    0.0911036    -0.141315   -0.0350608     0.180586      0.17824    0.0416296     0.203434    -0.114157    0.0547687     0.140127    -0.160927    -0.221729  -0.00337905    -0.218755    -0.186313    -0.177721      0.24266     0.136925   -0.0556673    0.0159399    0.0595003  -0.00591231   -0.0979983   -0.0392743     0.115617    -0.199086   -0.0354963    -0.211816
     -1.6839     0.709486     0.118868     0.649023     -1.88011    -0.797755    -0.127555    -0.209613    -0.485447     -1.17128     0.179666     -1.30119    -0.902963    -0.749403    -0.272041      1.29384    -0.651454    -0.708212     0.029368     0.017202    -0.155888      0.54378     0.174768     -0.99934     0.214379     -0.53912    -0.995675    -0.112674   0.00240431    -0.985119     0.617317     -1.99032     0.485808    -0.925586    -0.679053     -1.63451     0.184431    -0.403602    -0.108202     0.406353    -0.159534     0.572617   -0.0223902     -1.01473    -0.629262     0.895884     0.114628   -0.0767753     -1.02393     0.675683
   -0.515532      3.10313       0.1247    -0.591248    -0.193907      -1.5311     -1.30368     -0.39648     -1.28901      -2.1134     0.177174     0.169095     -1.52847     0.486586     0.865149    -0.991134    -0.795569   -0.0392362    -0.121569      3.38752    -0.129096    -0.201884     -1.48439     -1.93848    -0.705378     0.795177    -0.276477      1.10474    -0.763968     -0.92192     -0.68554    -0.577294    -0.952855     -2.14062     0.448591    0.0540574    -0.731111     -1.20462     -1.45225    -0.492232    -0.478559     0.576859     0.526164     0.719512    -0.281123    -0.546177     -1.69424    -0.542234   -0.0470672      1.21399
   -0.725732     0.576657     0.139098    0.0812588    -0.318461    -0.772639   -0.0793463    -0.319475    -0.728142    -0.558868    -0.864391    -0.572606   -0.0848428    -0.802275    -0.807375     0.826942    -0.317837     -1.17272     0.167329    -0.892535    -0.462843      0.36182      0.23307    -0.978608      0.59645     -1.12856    -0.853882    -0.584402     0.465419    -0.172685     0.312866     -1.21687     0.858271    -0.453495     0.305663     -1.00477   -0.0311985    -0.101729     0.803371    0.0290922    -0.157279   -0.0964059     0.389053  -0.00422141    -0.664091     0.474795      1.39369   -0.0414241     0.155714     0.292454
   -0.052088     -0.17994    -0.173729    -0.423131     0.224943      1.19395     0.627242     -0.47203     0.298227      1.20264    -0.901022    -0.471679     0.640012     0.529172     -1.14241    -0.198027     -1.67292     0.654146   -0.0230388     -1.23146     0.139286     -1.18156     0.599254      1.43953    -0.303598    -0.331355     -0.24478    -0.527595     0.878114     0.149139    -0.970444     0.461602     0.499858     0.423585    -0.172916     0.651399     -0.31992     0.364193      0.35734     0.555946   -0.0997191    -0.117876    -0.361823     0.487546      1.34364    -0.211155   -0.0594922     -1.96947    -0.260835      -1.1331
      1.2953    -0.880948     -0.25793     -1.11564     0.981708      1.10076    -0.688857     -1.05016    -0.560462     0.233555    -0.832737     0.514668      1.77785    -0.599776     -0.66662    -0.437198    -0.254193     -1.04297     0.539121     0.844258    -0.997826    -0.640383    -0.447272    -0.602813      -2.2289    -0.874941      1.12336   -0.0257436    -0.320866     0.355348    -0.210723      0.84719    -0.775836     0.817686    -0.772821     0.166973     0.511635    -0.477459     0.458077     -1.07259     -0.34297    -0.129227     0.497456      1.38523      2.26357   -0.0866516     0.210894     -2.08327     0.138522     -1.07405
    0.564857    -0.987898     0.261869    -0.788998    -0.406911      1.28033    -0.845009   -0.0643517      1.39421    -0.425031     0.601568     0.693138    -0.223318    -0.371733     0.244252    -0.793716    0.0459699      1.24138    -0.929833   -0.0544733     0.208978     -1.41861    -0.992995     0.311288     -1.27759     0.333433    -0.187551     0.777751   -0.0943399      1.35244    -0.220365    -0.219904    -0.278187     0.498405     -1.22801     0.844826    -0.839611      1.71858    -0.346096     0.583356    -0.426511    -0.541335    -0.102714     0.782684     0.887498  -0.00358098    -0.176423     -1.19467     -1.74361      -1.2296
    -1.30417     0.467579     0.284181    -0.979114     0.162088    -0.695641     0.292924     0.291229    -0.877112     -0.20502     -1.34792     0.045616    -0.102295    -0.368528     -0.26952     -0.48923    0.0593904     0.958188    -0.677622    -0.894172    -0.318547     0.757203      1.17562    -0.973995     0.998355     -0.16252    -0.617813    -0.517496     0.392455      1.35677    -0.578693    -0.579556     0.591313    -0.823211    -0.100597    -0.843295    0.0882102     0.282743    -0.183171    -0.515504   -0.0820802    -0.270341    -0.214946     0.460782     -0.93025    -0.738774     0.588711    -0.243148     0.206876    -0.337373
    -0.90198    -0.740533    -0.389147   -0.0902661    -0.540234     0.265181     -1.18481    -0.348408    -0.563376     0.419704    -0.316595    -0.427639   -0.0378855     -0.79017    -0.758596    -0.363123     0.427852    -0.258723     0.364985    -0.760476     -0.21977     0.331364      1.17998      0.13143     0.122862    -0.215125     -1.07842    -0.897713    -0.249373    -0.668226     0.129914    -0.207299    0.0234502     0.552891    -0.349525    -0.609087     0.385244    -0.538725     0.251215    -0.493335       0.3786    -0.668201    -0.331878    -0.801256    -0.282694   -0.0993754    -0.275829    -0.149017    -0.728006   -0.0593527
    -1.92636     -1.02271    -0.779099   -0.0825071     -1.18787      1.74505    -0.934084     -0.29477    0.0532637     0.885743     0.216641     -1.08189    -0.657574     0.937041     0.875044       0.1876     0.347957     -1.06867    -0.111793  -0.00618528     0.106955     0.837588      2.93954    -0.207582    -0.619397    0.0234913     0.143744     0.320522     0.380519     -1.09404    -0.690594    -0.770842    -0.293564      1.00505     -2.73342     -1.09464    -0.314095     -1.28582    -0.379398     -0.47284     0.751258      1.59237     -2.26729    0.0404773      1.13127      1.25109   -0.0158818     -1.13159      -1.9347    0.0767976
    0.583843      0.34648    -0.948128     0.370738     0.116057    -0.708142     -1.62305    -0.775798    -0.352245     0.246494    -0.824544    0.0363367      1.07797     -2.50143     -2.48681    -0.485631     0.800889     0.060451      2.57261    -0.282125     -1.23093      1.05974     0.121452    -0.482872      0.90956   -0.0934678     -2.94111     -1.36805    -0.913184     -1.01875      2.14306     -0.25748     0.944707      1.04614   -0.0348164     0.115937      2.00422     0.746993     0.846227     -1.18392     0.202724     -1.62438     0.590911     -1.02311     -1.33439     0.447051    -0.735549     0.562715    -0.424691     0.360209
   -0.763679      0.29462    0.0861124     0.103696     0.159561    -0.389942     0.712139     0.188953     -0.67849    -0.433529     -1.02631    -0.307951    -0.705644    -0.263325    -0.431882     0.420496    -0.647978      -0.9304    -0.565441    0.0799922    -0.502496     0.233566     0.666401     -0.74245   -0.0490719     -1.07381    -0.442095    -0.139237     0.552149    -0.549196   -0.0559149    -0.703233     0.257719    -0.868201     0.372371     -1.13629    -0.473039    -0.928674     0.534318     0.367679    -0.620503      0.53305    -0.316833    -0.405496    -0.950888      0.50264     0.710546     0.246289     0.314701     0.205248
   -0.284377   -0.0508705    -0.387699    -0.115482   -0.0139524   -0.0896731    -0.109408    -0.136461     0.171109     -0.17642    0.0629772    -0.323369     0.102571     0.146305  -0.00350116   -0.0896876    -0.005325     -0.40654    -0.483152  -0.00382909     0.105365    -0.209548    -0.076293     -0.29854    -0.248439   -0.0507678  -0.00340673     -0.14447     -0.48598    -0.398902     0.233757    -0.326026    -0.151395    -0.153841    -0.078958    -0.131237    -0.384668   -0.0902193   -0.0285181    0.0160691    -0.264748    -0.383007    0.0428342    0.0685836      0.15385 -4.75466e-05    -0.262414    -0.242266   0.00726361    -0.275876
  -0.0344897   -0.0294909    -0.104499    -0.278357    -0.519526    -0.123149    -0.324004    -0.284281    -0.327258    -0.286759    -0.212166     -0.33309   -0.0869571    -0.177772    -0.134725    0.0354785     0.100152    -0.364562    -0.127226    -0.330719   -0.0711284    0.0547358    -0.300707    0.0242981    0.0194082    -0.268041   -0.0246827   -0.0881857    -0.299765    -0.122051    0.0598997    0.0714992    -0.050761   -0.0161955    -0.218068    -0.160466    0.0630779   -0.0127169   -0.0763925   0.00748162    -0.335611     0.100132    -0.252377    -0.218144    -0.174391    -0.243382    -0.189792   -0.0841697   -0.0542481   0.00240827
   -0.784462     0.611227    -0.124097     -1.09962     -2.04551    -0.582958     0.306515   -0.0937344   -0.0347759     -1.75052     0.795451     0.366029    -0.495922     -1.07063     0.386194    -0.330504     -0.87865      0.25381     0.260937     0.575966     -0.17798     0.689344     0.117231      -1.0468     -0.18118    -0.113373     0.628392      0.13996    -0.353117     0.618379     0.254826     -1.58566    -0.244194    -0.827839    0.0650281     -1.08193     0.237581     0.912042    -0.730403   -0.0479611     -1.38778     0.472718   -0.0679957    0.0153654    -0.387814     0.362908    -0.171458     0.283149    -0.217101   -0.0162579
   -0.117749    0.0608449    -0.131036    -0.393058    -0.425683    -0.478907     0.112893    -0.082085     0.242043    -0.206154   -0.0363568   -0.0782658    -0.197916    -0.570576    -0.341232     -0.17985    -0.431844   -0.0293068    -0.195551    0.0610055   -0.0438832     0.197574    -0.153575    -0.773827     0.176848    -0.539096    -0.221564    -0.412455    -0.371287   -0.0841957     0.345965    -0.650259    -0.172998    -0.269882    -0.255319    -0.403324     0.123024     0.550299     0.156194    0.0335013    -0.417073   0.00608219    -0.573907    -0.303603    -0.775479     0.670142     0.260744     0.485464    -0.360584    0.0863911
    -1.32327     0.663423     0.167805      1.62174    -0.266662    -0.629971     -0.37067   0.00186219     -1.50306     0.638533    -0.962583     -1.46386    -0.452287    0.0040363     -1.28025      1.99534     -1.19886     -2.36541     0.230184    -0.952234    -0.226764     0.409415     0.355412     -1.35382     0.456277    -0.792499   -0.0923939    -0.537945     0.789963     -2.36351     0.532214   -0.0938023    0.0191508     0.198415     0.287427     -1.03955   -0.0358259     -2.46075     0.356702     0.241612     0.824419     0.368751     0.223448    -0.858475    -0.595888    -0.352614    -0.144284    0.0509512       1.2335      1.35914
     0.21435     0.318325    -0.311223     0.314408   -0.0371255    -0.754494    -0.154469     0.136063     0.280181    -0.760705     -2.06163     -1.17927    -0.762954     0.610545     -1.38999     0.148802    -0.729213      1.49992     -2.26733     0.194834     0.174593    -0.843525    -0.652582     -1.19584    -0.525501      1.14038   0.00648049      1.75143     0.296864    -0.305522    -0.555564     0.367649    -0.161204      4.28019     -2.69832     0.107025     -1.27701  0.000438887    -0.573773    -0.165778      0.73519     0.810822     0.358432      1.33344     -1.36722    -0.187167    -0.483907     0.792117    -0.679964     0.357739
    0.731242    -0.540681     -2.39943     -1.40694      1.04297     0.922495     -1.42034     -2.02979      1.56193      0.25775      1.27974     0.991678      1.04103    0.0915637     0.407238    -0.653022     -1.57899     -1.32688       -1.579    -0.236293     0.777725    -0.984523    -0.532638    -0.567554     -1.40971     0.435184     -0.04496     0.987179     -3.64515      -2.8363     0.807548     0.388907     -1.85007     0.561334    -0.780124     0.294983    -0.518298    0.0915661      0.26114     -0.35254     -1.61851    0.0853989    -0.735808    -0.622128      1.40348      1.44644     -0.29954     -1.11998     0.259562    -0.532924
   -0.154775     -1.23431    -0.275986    -0.382305   -0.0224605     0.879066    -0.112495     -0.38089     0.555604      1.59142   -0.0874084   -0.0653623      1.00759    -0.462828    -0.668004     0.409915    -0.176828    0.0967805    -0.809155     -1.25971     0.356814    -0.371209     0.776064      3.27315     0.557818    -0.495407    -0.654893    -0.991367    0.0898719     0.376908     0.185908    -0.353547     0.883906     -0.47386    -0.128187    -0.668788    -0.378812     0.526199     0.948796    -0.160719    -0.350089      -1.0523    -0.832866    -0.413422     0.103713     0.367875     0.899548     -0.40967     -1.72057    -0.497834
   -0.121955      1.54195     0.433425    -0.196126      0.83347     -1.63193    -0.353567     0.591453    -0.910755     -1.02558    -0.977076   -0.0227688    -0.957501     0.710883     -0.25494    -0.374022    -0.966637     0.214263   -0.0195623      0.33066    -0.398462  -0.00545368    -0.874569    -0.370502     0.543759    -0.437969     0.141365     0.345354    -0.493174     -0.27528    -0.040681    0.0766673     -0.31532   -0.0523392     0.212852    -0.352646    -0.373735    -0.461455    -0.326351    0.0305016    -0.854414   -0.0422386     0.435311    0.0508697    -0.952864     0.298353     -1.01431      1.09833     0.258319      1.33854
   -0.128852     -0.10057    0.0872538    -0.219766    -0.194325    -0.115954    -0.285086    -0.330427   -0.0300877   -0.0651661   0.00691519     -0.18698  -0.00780981    -0.209671    0.0133151    0.0950768     0.104089    0.0263925    -0.278994    0.0330464    -0.198083    -0.129974    0.0633882    -0.322349    -0.261909    -0.149815     0.227794   -0.0823926   -0.0473749    -0.060704     0.129402    -0.150205    -0.151518    -0.175486    -0.209024    -0.328164    -0.356477     -0.10695   -0.0765343    -0.348826   0.00587782    -0.212151    -0.129318   -0.0164669      -0.0713    -0.144035     0.047444   -0.0783011    -0.157907    -0.184607
   -0.512532    -0.167835     0.119091     0.008234    -0.625452     0.118962      1.09011     0.530111  -0.00186586     -0.63916     0.168221    -0.123333     -1.19509     0.909154     0.657094   -0.0534468    -0.208902     0.331326     -1.13422     0.170029     0.611825    -0.490978     0.337679    -0.551596    -0.823658      0.37028    -0.105108    0.0628712    0.0951318     0.373321     -1.39249    0.0874023     -1.00707   -0.0537845    -0.380525    -0.243887      -1.2122   -0.0043342    -0.400348     0.123548    -0.158049     0.454654    -0.411873     0.244872    -0.285695     -1.01003    -0.322655    -0.280822    -0.164729    -0.398761
   -0.417217     0.535274    -0.246331     0.582725     -1.85478    -0.927898     0.366106     0.240144     0.420677     -1.45158     0.763155     -1.25934    -0.818899     0.206494     0.105436     0.682781    -0.474018      1.03576    -0.176734     0.271566    0.0993739      0.11265    -0.562918     -0.27065      1.07823      0.63002     0.137485    -0.642118     0.259686     0.423734    -0.432434    -0.103102     0.601423     0.117696    -0.643367    -0.624449    -0.515087   -0.0604731     -0.67662     0.355549    -0.233008     0.226251    -0.802916    -0.724701     -1.39444    -0.569086    -0.822401     0.760999     -1.24826     0.660346
   -0.156516     0.121729    0.0812495    -0.435686    -0.158018    -0.153312    -0.208653    -0.265138    0.0265233    -0.220655   -0.0394821     0.134493    -0.194762    -0.332358    -0.334574   -0.0607893    -0.159427  -0.00412927    -0.256928   0.00362715    -0.139159    -0.597471    -0.248658    0.0992498    -0.146017     0.170818   -0.0123573     0.268723     0.172267    -0.267313    0.0705024    -0.131749     -0.22482   -0.0560094    -0.395514    -0.085647    -0.262731     0.273029    -0.193217    0.0609135    -0.299037   -0.0500531     0.049008   -0.0199518     0.305311   -0.0177743    -0.122106    -0.350011    -0.752326    -0.166338
  -0.0925294     0.317954     0.798026      1.21945     -3.65346     -1.12492     -0.85441     0.774606      1.30347     -1.84499       2.6154    -0.885047     -1.29583    -0.632701     0.993011     0.446728  -0.00865389       1.1666     0.589993       1.0734     0.454968     0.861219    -0.661172    -0.213379     0.888694      1.00913    -0.476307     -1.23651     -0.79391   -0.0729405     0.830919     -1.41416     0.198009     -1.25713    -0.344085     0.061032     0.224851     0.481583    -0.881772     0.891044    0.0774346     -0.24809    -0.532207     -1.52761     -1.75563    -0.447231    -0.964056     0.522311     -2.15298     0.636621
     0.42226      1.27182      0.56563       0.5994    -0.166472    -0.411003    -0.445075    -0.401731    -0.281844     -1.75643  -0.00897438     0.678311     0.275586     0.107584     0.841936   -0.0370291    -0.115651     0.448899    -0.510403     0.581012   0.00667145     0.662876    -0.252523     -2.88669     0.331146     0.516779     0.311403      1.78392    -0.113226     0.011586     0.631024      0.29024   -0.0765659    -0.563051     0.448186     0.627533     0.628429    -0.441258    -0.875833    -0.361111     0.600669     0.672982        1.413      1.12636     0.295517    0.0280568     -1.14349   0.00187987      0.96577     0.802699
   0.0488404  -0.00397157     0.175152     0.318674    -0.407121    -0.154847    -0.123202   -0.0248266    0.0413179     -0.15579     0.183532    -0.482716    -0.211069    -0.379634     0.128039     0.157846     0.409658     0.345573  -0.00588648     0.077618    0.0663659    -0.019525     -0.28464    -0.278602     0.516615    -0.075428    -0.313629    -0.654476     0.316668     0.158315   -0.0497405    -0.253379     0.316144    0.0678627    -0.371397    0.0595187    0.0028006   -0.0416553   -0.0523977   -0.0877662     0.427997   -0.0300044    0.0483251    -0.576138    -0.308046  -0.00626726    -0.240332    0.0393969    -0.712274     0.113836
 -0.309671
 -0.572621
 -0.719722
  0.954158
 -0.680684
   -1.1593
 -0.470822
  0.443889
  -2.80441
  0.134288
  -1.72559
  0.917046
  -1.42473
  0.962837
  0.263305
  0.207234
  -1.58633
 0.0407002
 0.0747774
 -0.297811
   0.91855
  -0.28727
  -2.88731
  -1.33216
  0.204333
 -0.644554
 -0.498897
  0.290635
-0.0158684
 -0.423529
  0.543006
  0.887493
  0.145974
 0.0133693
 -0.603765
-0.0590805
  0.998658
 -0.293453
   1.08391
  -1.50839
   1.49106
  0.120763
  -1.58415
 -0.732637
-0.0241141
  -1.31458
 -0.581297
 0.0276454
 -0.821034
   -1.0215
1
4
50 10
  -0.114606   -0.131955      0.3872    -1.54034    0.474447   -0.928195   -0.190298    -1.70113   -0.105417   -0.486848  -0.0210432    0.506149     0.08565    0.805828    0.882158   -0.657247     1.03232     1.24847    0.429691    -1.69431    -3.83921    0.716155    0.113837    -2.49496     1.69608     1.30821    -1.46763     -1.8268   -0.297126    0.539837    -1.07086    0.308958     0.89822     1.32681   0.0996824 -0.00305727   -0.600492   0.0236989    0.553136     2.66864     1.07684   -0.117942     1.41387   -0.013656     1.03602     -3.0041   0.0857654    -7.04653    0.751733   -0.688998
  -0.191059     2.26444    0.272722    0.326831  -0.0487903   0.0357583    0.231573  -0.0239452   0.0947061   0.0897819    -4.64492    0.610779    0.198619   -0.268281    0.400532    0.336165    0.402959     1.16204    0.699864      -2.033     2.86222    -1.29587    0.149414    -1.15047  -0.0550262   -0.464531    0.960606    0.986979     2.03247    -1.57691    0.393534   0.0349538     -1.0357   -0.540126   -0.383949   -0.205618    0.668159   -0.223402     1.32857     1.65408    -9.91582    0.703594   -0.358202    0.296728     2.04111   -0.636866    0.183368     1.03066    -1.13181    -0.79114
  -0.525941    -1.05382    -2.62403      0.1277   -0.443887    0.416161     2.30988     1.90292   -0.119852    -2.01248     1.60367    -1.15949    0.191892     1.65138    -7.28849   0.0626705     1.21356    0.907532    -5.19903     1.26218   -0.204774     1.94485   -0.200694    -1.58902    0.342658    -1.52304     1.10573    0.249888     -1.3905   -0.973578     1.34379     1.44338     4.26373    -1.21986   -0.588196  -0.0147901   -0.311918    -1.10735    0.388828    0.353162    0.770982   -0.203875     0.75589   -0.408407   -0.714219     1.74723   -0.580961     1.00721   -0.988911   0.0866836
  -0.156281    0.667451    0.988688    0.612504    0.266915   -0.958099    0.889386   -0.117583   0.0521902     1.68496    0.359129     1.33844   -0.472139    0.566424     1.08017     1.73117      1.0934     1.45329  -0.0842865     1.67986    0.680377    0.222646   -0.134476    0.940202    -5.92423     1.10642    -1.13357    0.843787    0.613203    0.354962   -0.462941    0.526726     0.69682    0.221897    0.114361    0.151496    0.154762      0.3086     1.25987    0.110349     1.39222    -5.86564    -3.01826   0.0364002   -0.264213   0.0992956   -0.308801    0.337615     3.35933    0.481247
  -0.418735     2.30401    0.502793     2.11414    0.595992     1.14156    0.821232    0.265326    0.277408    0.351567    0.292683     1.00027    0.892202   -0.184825     1.54236    -1.34944    -6.26257    0.460814   -0.300209   0.0975684   -0.763774     0.22791    0.120403     2.26734   -0.223584    0.913606    -0.42668    0.716838   -0.245417   -0.172434    -0.69734    -8.32264   -0.794235    0.202794   0.0239621    0.452222   -0.870226    0.670047     1.72188   -0.239122    0.717343     2.18548     0.18557   0.0549123 -0.00350707     1.13329    0.274534   -0.472528    0.444297    0.873228
 -0.0205282      1.8674    0.425871     1.60569   -0.206087    -1.26157    -5.82942    0.715636    0.456882   -0.395872      1.2882    -1.00207    0.187813     1.59094    0.649245    -1.46902    0.609392    0.885661     1.09937  -0.0805204   -0.507254    0.850016   0.0227567     2.14206      2.7841     0.37885   -0.172954   -0.647776    0.121872    -0.83134   -0.639366    0.825464    0.222708    0.906166    0.168861  -0.0793869     1.02758    0.199314   0.0477829    -8.18076      1.6583   -0.096568   -0.654533    0.119935  -0.0820038    0.408212  -0.0626815     1.92559   -0.396083    0.342237
   0.283217      -7.325   0.0628494     1.99455   -0.805041     0.99076     -1.1637     1.12977    0.194518   -0.160184   -0.115157     1.05731    0.531716    -4.23178    -1.07545     0.19013     1.73282    0.138063     2.48546    0.974005   0.0204277    0.380905   0.0900457    0.550228   -0.221274   -0.214005   -0.298386    0.622931    0.770759 -0.00930265   -0.870908     1.17516     -6.4772    0.698497   0.0886157  -0.0299499     1.19889   -0.056035    0.337476     2.33943      1.5369  -0.0755341     1.36975    0.406089    -2.23064    0.705085    0.370997    0.401088    -1.11873   -0.368152
    1.05618    -0.59441    0.175895     -1.1105    0.574129   -0.100462     1.15754   -0.727909    0.169205     1.48457     1.56004    -1.28716    0.549978    0.729719     2.16195    0.572997      1.0925      1.9031    0.285999   -0.036499    0.449819    -3.21098     0.15838    -1.42249    0.459792    -1.51605    -0.29334    -1.48486    -3.71051     1.77628     1.67082     2.15062     2.04049    -1.53208    0.163506   0.0259182   -0.836926    0.567278    -6.48953     1.35354    0.650538     1.28172    0.970893   0.0444334    -0.52218     1.70101   -0.774126      1.6946   -0.804941    0.286137
 -0.0701391     1.65193   -0.211558    -3.78656    0.108953    0.554394     1.35246   -0.861104   -0.207682   -0.339615   -0.155448    -1.14577    -1.96218      -1.014      1.4265     1.54052   -0.468034    -7.63066    0.612966   0.0364426     1.14441    0.343631   -0.157339  -0.0413681    0.731676  -0.0467479      2.0962     1.21283     2.24824    0.816328    0.265625     1.88984    0.486551    -0.19469   0.0713485   -0.238501   -0.641614   -0.907307     1.01852    -0.10796     2.06131     1.94984    -1.06045   -0.328837     0.03792    -1.44202     0.38751      1.1668    0.297501   0.0787701
 -0.0858498   0.0578733    0.177603    0.215569    0.536422    0.102771  -0.0181476   0.0249842     0.10822  -0.0208855   0.0186005  -0.0583406  -0.0458437  -0.0758721   0.0225685  -0.0180292   0.0256058  -0.0718955  -0.0947917  0.00483096  -0.0568052    0.355014   0.0691741  0.00155514  -0.0121204    0.171601    0.044527  0.00543399  -0.0434027   -0.109388   0.0788578 -0.00216002   -0.174231  -0.0815448    0.105684   0.0258576   -0.057476   0.0252255   -0.398747  -0.0753483  -0.0438021    0.180634 -0.00769523     0.06701   0.0100877     0.10797   0.0553788  -0.0595651    0.210589  -0.0882976
  3.39667
  1.56405
 0.569182
 -3.02273
  2.03244
-0.201001
  1.48741
-0.588083
 -2.42013
-0.107596
