3 16 0.5 1700
1
1
9 50
  0.0960239     1.03935    -1.14593     1.34759     2.03491     1.04033   -0.879105    -1.10614   0.0499426
   0.367732 -0.00699662  0.00534499    -3.99677    0.190529    0.196633    0.188344    0.015431    0.132524
   0.462193    -3.18663    0.179851    -0.46469    0.816306   -0.684395    0.128094   -0.801353   -0.342461
    1.71604   -0.103605    -2.23413    0.474982    0.422684    0.250616   -0.334547     2.78441     1.39643
   -4.47558    0.156423   -0.711754    0.440564    0.359442  0.00472847   -0.184668    0.171047   0.0135366
   0.163195   0.0281225    -1.02743       1.114    -1.15039   -0.650924     0.33772    0.264251     2.54311
   -1.40984   -0.433056    0.311934    0.782131     0.86233    0.816361     2.73017   -0.350165    -3.20896
    1.56399    -1.69002   -0.376107  -0.0670767    -1.52382   -0.347673    0.665481   -0.804309    -1.54153
    1.24181      1.2656     0.25182     1.43503    0.120278     0.36847    0.154367    -2.72002    -1.44916
   -2.36238     -0.9453    -2.89763     2.56415    -1.30316   -0.162278  -0.0678076     1.48193    -1.63704
    3.34039     1.57775  -0.0842624    0.295166    0.119952    -2.30108    0.248844     -1.4529 -0.00950643
  -0.630953     1.25246     1.30889   -0.705259     1.99051    -1.61739    0.729774    -2.02206    0.587774
    -2.7858     1.39663   -0.480564     1.51073      1.3713    0.990978   -0.925521    0.318694    0.516126
   -2.00996   -0.413011   -0.161228    -1.00166    -1.12992   -0.538544      3.1956      0.3072    -0.77088
    1.68777   -0.187553     1.78434    -1.24123    -1.05349    -2.06875     2.42913    -1.71425     1.72915
   0.600792   -0.801333    0.549644     0.29381   -0.367437    0.133555    -0.21487     2.67954   -0.479845
   0.888079    -1.53023   -0.261049    0.723365    -1.26484    0.405687    -1.12397    -1.64266     4.39716
    1.48113    -1.58166    0.889176    0.927591     1.03632     1.16591   -0.291502    -3.59096   -0.469285
  -0.442355   -0.961795     5.20149    0.471537   -0.703225    -1.32459    0.493379    -0.32738  -0.0885892
   0.286569   0.0547009   -0.992894   -0.523614   -0.385166      5.5986    0.271415   -0.194633   -0.723988
   0.745853     0.65225    -2.28285    0.564395   -0.170905   -0.307196     0.54883   0.0712231   -0.606085
   0.526232     -1.8557     1.79213   -0.535058   -0.123293   -0.647129   -0.803851     2.38052   -0.135564
  -0.805755    0.650658    0.288372    0.672154    -3.76513     -0.1321    0.662286     1.58038    0.698576
   -0.10064    -1.56914    -1.52806     5.11345   -0.660049   -0.746766    -0.78375    -1.68051   -0.331802
   0.695173    -4.50585    0.165279  -0.0549975    0.479523  -0.0735783    -1.44066    0.554644   -0.446728
    2.17666  -0.0449346    -1.45293   -0.356991    0.380423     1.26691  -0.0710043   -0.647454    0.633254
   -1.20464    0.547262   0.0986003    -1.08897    -1.09003   -0.159043     3.72316   -0.189403    -1.06785
   -1.10829    0.767759     2.15694    -2.51812   -0.621329    0.454329   0.0716653   -0.659092    0.301266
  -0.859091    -3.92718   -0.273117     0.72274    0.442416     1.01392     1.40351    0.653694     1.35774
   0.273994    -3.71297    0.511993    0.978881    0.836465      1.0627     1.21039    -2.62001      1.7146
    1.62806     1.53658   -0.430697   -0.191763    0.494139   -0.735124    -3.72609    0.854816   0.0908249
   -1.05951   -0.282713    -3.40648    0.667541  -0.0306647     0.68441    0.254277     1.32329     -1.4614
   0.576783    -2.44567   -0.087151     1.17578    0.974163     1.16872    -1.18653   -0.606532    0.441874
   -1.83134    -1.37801    -1.13439   -0.325183   -0.612603     4.95214    -2.51385    -1.13691   -0.108126
  -0.131703    0.230426   -0.636988   -0.427467     3.24847    -2.42025     1.71134     1.22553    0.891269
    1.31987   -0.275425    -2.51812     1.29872     1.27365   -0.391461    0.412444   -0.876044     1.43112
   0.670442     1.01842     2.63274   -0.249317     1.48596   -0.121962    -1.31622    0.936788    0.946883
    0.87253     1.04794     1.15022  -0.0483314     0.89151    0.744301    -1.93772    -3.80729    -0.28356
   -1.17796    0.186174   0.0289019     1.10507   0.0769706  -0.0354696    -1.79187      0.3222   -0.769952
   0.541089   -0.855096   -0.232609     0.80421   0.0959685     -1.3308   -0.198708   -0.682641    -3.54614
   0.363001    -1.33834    -2.17065    0.550134   -0.813682    0.840973   -0.834207     1.32771     2.13394
   -1.16754    0.141547     1.77891    -1.63426      -2.034    0.214644     1.93926     1.28022    -1.57343
  -0.569576   -0.586636   0.0186085    -1.80957     2.98878    0.412009    -1.28998    0.240203     2.00745
   -2.29647    -1.58394     1.98707    -1.10389    0.632205     1.89162    0.409113   -0.942745     1.17114
  -0.973788    0.878085      -0.295  -0.0622264   -0.242579    -1.66391      1.6024     1.14827     2.90366
  -0.126046     1.70949     1.10672    -1.32414    -3.17381   -0.158949    -1.33246    -1.26945    -1.85143
   -1.54139   -0.486498     2.97925    0.938812   -0.633788   -0.219945    0.317984    -1.01528    -1.56485
   0.735212     1.00575   -0.760601   0.0541939    0.196442     0.43305    -1.74632    0.494072    -3.93254
   -1.42112    0.651883   -0.274967   -0.478784     3.46514   -0.466855     1.04754     1.84824   -0.211259
   0.397295    0.881347   -0.638195    -2.14785    -1.00212    -1.18949    -1.88481     1.72846    0.297289
 -0.361795
  -1.55641
  0.719865
 -0.808728
   2.21018
 -0.276575
  -1.14518
 -0.720778
 -0.439659
  -0.93495
 0.0780325
  0.412904
  -1.16251
  -1.51735
 -0.364253
  -2.28675
  -1.90357
  -1.35557
   1.44722
    2.0864
  -1.29174
  0.190607
  -1.56848
  -2.54884
  -1.31869
 -0.853646
  0.853192
  -1.26727
 -0.623227
 -0.172269
  -0.46797
 0.0149913
 -0.928655
  -1.36039
 -0.778348
  0.254768
  0.145089
  -1.47306
 -0.901539
  0.619555
  -1.61266
 -0.429953
0.00184067
  -1.08134
  0.809397
  0.419927
  -1.89347
  -1.59219
  -1.72429
  -0.62222
1
1
50 50
  -0.626944   -0.278602   -0.432094   -0.653524   -0.325563   -0.232884   -0.228355   -0.115312   -0.150233     0.18609   -0.489584    -0.30462  0.00515331   -0.206386   0.0681895   -0.252073    0.498585    -0.20435    0.154653   -0.413872   -0.107386    0.211129    0.694897 -0.00612243    0.138601   -0.130242    -0.53207   -0.239091   -0.295959   0.0537393   -0.240608   -0.627415   -0.443516   -0.134747   -0.549533   -0.783512     0.16128    0.142682   0.0311292   -0.473535   -0.349916   -0.219234   -0.518213    0.033096   -0.288378    0.136004    0.356693  -0.0333807   -0.279785   0.0954736
   0.130238    -0.16356     0.15382   -0.725373   -0.930607    0.530951       1.473   -0.518174    0.425985  -0.0951168    0.235886     0.10588   -0.640381     2.33972     2.14493  -0.0902667   -0.443207    0.518188    -1.38457    0.984019    0.720523   -0.805098   -0.297319   -0.191143    -1.09721    0.385395     1.00826    0.168508    0.229925    0.407853    -2.81912    0.274441    -1.48799   -0.982314   -0.653228    0.647449    -2.13614    -0.54343   -0.994295  -0.0370426    -0.47157     1.12504    -1.75636    0.480919    0.533176    -1.83044   -0.900237    -1.15993   -0.150349    -1.16493
   0.836011    -1.42842    0.183612    0.504763    0.928886    0.230192   -0.526283  -0.0441129  -0.0581556  -0.0688255    0.535556    0.190074   -0.566976   -0.808205   -0.137821   -0.823764   -0.460581   -0.891074    -1.56046     1.91997    0.761018   -0.436477   -0.966505   -0.989115   -0.986212    0.336495    0.634708   -0.562706   -0.218949   -0.127326    0.371357     1.07471   -0.614131    -0.40961    -0.33085    0.880106   -0.469011    -1.07819    -1.00416  -0.0250573    0.360838   -0.465783    -0.20284   -0.392033    0.758193   -0.406804    -0.69578   -0.175473   -0.825155   -0.609066
   0.151636   -0.675083    -1.68019   -0.507298    0.342647    0.458294    -1.59252    -1.84435   -0.174978    0.464803   -0.711875   -0.475157      1.2517   -0.571096    0.905148   -0.437901     1.57703    -1.63371   -0.656555   -0.393638    -0.53753    -1.16763   -0.184586      1.5275   -0.810253   -0.290209    0.351776  -0.0190552   -0.603563   0.0686301    -1.30896   -0.582474    -1.16851   -0.537803 -0.00235407    0.173568   -0.444919   -0.125591    0.348559    -2.36009   -0.125856    -1.17244    -0.81104    0.678221    0.580488  -0.0293193   -0.097063    -1.23409   -0.154609    -1.12149
  -0.257852   -0.585351    0.268633   -0.330438   -0.283629   -0.188012   -0.329773   -0.282191   -0.328945   -0.328671  -0.0736954   0.0378978   0.0785661    -0.39495   -0.400168   -0.138781   0.0607681   0.0486692    0.254732   -0.543039   -0.393977   0.0924288   -0.210149   -0.002082      0.1594   -0.378543   -0.620186    -0.35728   -0.102037   -0.118401     0.22103   -0.819693    0.187576   -0.388846  -0.0600438   -0.175168     0.12901  -0.0883067    0.434463   -0.175764   -0.480905   -0.563551   0.0246964   -0.252971 -0.00150079    0.318632    0.165216   0.0256293   -0.668244  -0.0936788
  -0.166672    0.200353    0.104167    0.237683   -0.924793     -0.5349     -1.1011    0.521786 -0.00739045    -1.25057    0.349117   -0.812209   -0.734516    0.121972    0.322839   -0.103292    0.167626    0.788732   -0.846626   -0.110977   -0.176959   -0.566845    -1.40313   -0.696912  -0.0353712    0.688385    0.323913    0.664419   -0.244016    0.381783   -0.191982   0.0824962  -0.0938426      1.4425    -1.98732   -0.374232   -0.914559  -0.0918995   -0.888289   0.0859497    0.555906    0.288304  -0.0827296      0.3134    -1.20434    0.167239    -1.13127    0.103748    -1.69626    0.498907
  -0.123673   -0.161664    0.662087   -0.538811    0.461012    0.801384   -0.639762    0.131214    -1.04557   -0.754646     1.38769     1.39594   -0.715781   -0.504136    0.255045   -0.874311     -1.0589    -1.82425     2.23908    -5.03776   -0.109629     0.49116    -1.15698 -0.00161285   -0.260647    -1.58026  -0.0742258    -1.30979   -0.415802   -0.463869    0.184295    0.253893   -0.176562    -1.04863      1.8467    0.732451    0.436225    -1.44871   -0.473139    0.286466   -0.624537   -0.588146    0.690583    -1.94655     1.66673    0.653459   0.0932445   -0.889971   -0.996097   0.0717822
  -0.868484    0.240817    -0.13838     0.73066    -1.69277   -0.666614   -0.340752  -0.0585975   -0.812959   -0.678701   0.0125609    -1.58656   -0.401417  -0.0875865   0.0126462     1.11752   -0.452474   -0.434408     1.17397    0.685743   -0.565978   0.0403438  -0.0677226    -0.16929    0.503298    0.140139    0.144469    -0.61407    0.228649   -0.893108   -0.300558   -0.794509   -0.142704   -0.683478   -0.345732   -0.810144  -0.0324886   -0.999236     -1.1288     0.10236   -0.125128   0.0832375   -0.885576   -0.883704   -0.264092     -1.1686    -1.22216   -0.179886    -0.74867    0.407534
   0.051887   0.0547816    0.152035   0.0401552   -0.213318   -0.163144   -0.235543  -0.0336051    0.133736   -0.279027    0.349187   -0.125607   -0.214171    0.137675   0.0157457     0.17587   -0.168489   0.0468698   0.0852426    0.332794  -0.0725087    0.113818   0.0439394  -0.0625658   0.0756004   -0.184249    0.165995   0.0228253   -0.424306   -0.127954   0.0766188   -0.199363   0.0338704   -0.204481   -0.237285   -0.215989   -0.166529   -0.184803   -0.168968     0.22033   -0.394114   -0.207642  -0.0190803   -0.169252     0.11181   -0.135496   -0.118962   0.0286781    0.213446   -0.317357
  -0.292349   -0.250577    0.110887   -0.363023   -0.111853   -0.135971    -0.14415   -0.108576   -0.300966    -1.14264  -0.0947784     1.07545   -0.392573    -1.21951    0.466489   -0.574446   -0.725337   -0.792637     1.06719   -0.733111   -0.476051     1.42881   -0.098897     -3.3538  -0.0462207    -0.95079   -0.438618   -0.358599   0.0542984   0.0359446     0.34967    -1.01398   0.0625956   -0.441566    0.172574    -1.14431     1.17411    0.302458    0.362838  -0.0545923   -0.319454  -0.0790431 -0.00146441    0.249529    0.860191    0.759201    0.988559   -0.608473    -0.23152    0.473884
  -0.133749  -0.0619521     1.10811    0.505394  -0.0152779   -0.583538    0.286139    0.782261    -1.22156   -0.257771   -0.965953   -0.572609    -1.58871   -0.590723   -0.110577   -0.289764   0.0610395    0.701248     1.50437     1.17384   -0.876589     1.17959    -1.53051   -0.802045     2.61958    0.248583   -0.349768      -1.294     1.63802     0.88513    -1.32879   -0.114811     1.31675   -0.852047   -0.561052    0.317921    0.524022    -1.09212   -0.707125    0.206179    0.770331   -0.822007      0.3141   -0.553178   -0.288905    -1.36475   -0.702673   -0.719643    -1.10081   -0.505118
  -0.338501    -1.21739    0.117046   -0.128579    0.603394    0.508142    -2.33753   -0.876029   -0.782099    -1.11703   -0.103394   -0.121283   -0.137331    -1.77232    0.520385   -0.333464     1.09472    -1.33155   -0.303128    -1.08624   -0.819667    0.112987   -0.172965   -0.978299   -0.185336   -0.627494   0.0633795    0.549974    0.564533    0.372975    0.339916   -0.896243   -0.244166    0.822402   -0.462585   -0.512722    0.611517   0.0998407   0.0247007    -1.72843  -0.0678618    -0.32638    0.242653    0.764219    0.444269    0.704215     0.25755   -0.434995   -0.702507   -0.180857
 -0.0164187   0.0805788    0.543256   -0.154037  -0.0885087    -1.09821     1.21302    0.814214    0.547513    0.180258    0.277944   -0.426523   -0.729913 0.000122417   -0.616189    0.184046   -0.696277  -0.0415429   -0.139421    0.105018    0.149382   -0.199231   -0.874661   -0.299612      0.4814    -0.37776    0.264357   -0.602533   -0.655484   -0.563105   0.0447815    0.313074    -0.18744   -0.132774   -0.597985   -0.395083   -0.176153   -0.093295  -0.0473115    0.506429   -0.676662    0.139615    -1.00428   -0.623984    -0.88981    0.614731    0.489248     1.33186   -0.482312   -0.378723
   0.022251    -1.24887    -1.01672   -0.544061 -0.00654122    0.333742     1.60112   -0.166266    0.131805   -0.304331   -0.258509   -0.974682    -0.71016     1.92439     0.97978   -0.488772   -0.324279     0.35096    0.515356     1.18408   0.0207418    0.504409   -0.502112    0.132384   -0.138489   -0.393201      0.8156   -0.181769   0.0681356   0.0729179    -2.67639    0.790356   -0.415552    -2.31278    0.335145    0.142758    -1.03346    -2.12441    -1.78712   -0.534311   -0.426759     1.56727     -1.5295    0.218181   -0.193989    -1.23662    -1.16099   -0.596457    0.361535     -1.7919
   -1.65866    0.489796     1.09127    -2.17189   -0.478557   -0.397247    0.249636   0.0510124    -0.72779      -1.416    -1.34278    0.516198  -0.0315285    -1.29126    -0.78797    0.070166    -1.00009    0.488793     0.84238   -0.860188    -1.36817     1.16417   0.0744971   -0.682184    0.557795     -1.4386     -1.4226    0.364559    0.308188    0.539476    0.784546    -2.57514     1.00204   -0.953508   -0.517493    -2.55468    0.910223     1.52976     1.11056   -0.276943    -1.54715   0.0641851    0.749912    0.824967   -0.497226     2.09202     2.29488    -0.55342   -0.988756 -0.00748484
   0.157952   -0.839083    0.312993    0.223697   -0.664144    0.163342    0.260328   -0.632194   -0.749419   -0.684793   -0.349123   0.0067172     0.63204   -0.587636   -0.213693   -0.153607    -1.27995   -0.193251   -0.356698    -1.79451   -0.281928    0.138806   -0.977273    -1.56119   -0.256715   -0.676298   -0.446919    0.624465    0.525164    0.460947    0.346688   -0.303873   0.0723163    0.355508    0.428605  -0.0176234    0.228454   -0.427864   -0.155893    0.140933   -0.352127   -0.304575    0.539964    0.483225    0.831861     -1.3212   -0.446819    -1.18179    0.999586   -0.377824
    1.36113     0.67799    0.680371   -0.240981     1.13329    -1.91824      1.1515      -1.021    0.120169    -2.14928      0.4827    0.777781    0.404123     -1.9605    -1.31085   -0.285766    -1.62623    0.642768    0.419689     1.22521   -0.906198     0.11426    -1.50322   -0.838068   -0.644441   -0.072654    0.600107   -0.622162   -0.580371     1.32599      0.3799   -0.498684    0.269767    -0.85607     2.47717    0.613665     1.35065    0.500255   -0.600874  -0.0865335    -1.35804    -2.27751     1.83732   0.0364103   -0.785848    -2.86692   -0.898001    0.371396     2.52457    -1.34196
  0.0333433   -0.699108   -0.975255    0.994043    0.533252     1.15752    -2.13895     -1.9188   -0.904194   -0.706259   -0.230959   -0.034793   0.0414567   -0.771681     1.78071    -0.86498     3.13719    -1.28386   -0.502596    0.182506    -0.94207   0.0530933    0.334361    0.588242    -1.46024   -0.343884    -1.04693     0.52589   0.0599823    0.769166   -0.960511    -1.14947   -0.473518   -0.386768    0.549813    0.679381   -0.116971    -1.28589   -0.165811    -3.25293      1.2191    -1.10929    0.924549    0.484616     1.31037    -1.06663   -0.365046    -1.97335   -0.373376   -0.953651
   0.051455    0.129209   0.0556921    0.960731   -0.215189   -0.398125   -0.814444  -0.0230978   0.0509274     1.06349     1.11326   -0.755049   -0.304379   -0.153084   0.0479019   -0.512588    0.462102   -0.801748    -3.08613    0.851833     1.40625   -0.594062    0.276425    0.366974   -0.669947     0.75955     1.09544    -1.03759   -0.482844   -0.149233    0.821383    0.805436   -0.897665  -0.0476786    0.401295    0.702412    -1.97121   -0.653493   -0.680827  -0.0317923     0.62829    -1.35196   -0.140681    -1.02654  -0.0318067    -1.02106    -1.07548   0.0577732    0.133208    0.215127
   0.520987    -1.24164    -1.54299    -1.12416   -0.151647    0.177041   -0.744286    -1.40746    0.110799    0.322021   -0.254692    0.246859     1.02747   -0.681816  -0.0701427   -0.373895   -0.134669    -1.40804   0.0288986   -0.418283   -0.400919   -0.625161   -0.102193  -0.0081563   -0.755859   -0.332908    0.946657    0.274922    -1.68444   -0.572525    -1.21339    0.365735    -1.06022   0.0864024   -0.125767     0.47397   0.0481499   -0.253396   -0.432722   -0.734659     -0.4227   -0.171594   -0.959221   0.0739333    0.569912    0.376339   -0.411643   -0.829804    0.976553   -0.999471
   0.439592   -0.588228   -0.533094   -0.670434    0.771625    0.547409    0.878129    -1.52834    -1.09382    0.698426    -2.20546    0.240615     1.71676     0.71453   -0.567449   -0.615285     -1.0521   -0.823959   -0.821992   -0.252646  -0.0406225   -0.742655    0.134174   0.0787456    -2.52185   -0.996036   -0.315004    0.475912     1.34421    0.166198   -0.426308    0.362333    -0.84879    0.417226     0.44561   -0.579585   -0.270773    -1.02184    0.477684   -0.459799   -0.597843  -0.0775361    0.108971     1.04491     1.57552   -0.826943    0.586387    -1.30659     1.80232    -1.12475
  -0.982176    0.142161    0.509863     1.32824     0.10687    -1.07058   -0.261558   -0.289125    -1.67938   0.0799626   -0.855809   -0.963404  -0.0573858    -0.61355    -1.11452     1.48801    -1.01466    -1.49013     1.33258   0.0810512   -0.604275    0.837353    0.095659     -1.0255     0.89083    -0.85752   -0.586884   -0.709843    0.325935    -1.72799    0.198232    0.280449   0.0649954  -0.0830886    0.733822    -0.76999    0.717126    -1.11324    0.343895    0.540283    0.360753   -0.382182    0.258135   -0.896332   -0.877718   -0.798807    -1.07558    0.397039     0.81436     1.09505
  0.0371234   -0.198009  -0.0894664    0.022327   -0.198873   -0.223993   -0.447224   0.0845165   -0.208224   0.0616714   -0.162728   0.0439349   -0.154318   0.0739267  -0.0571131    0.121436  -0.0334219    0.307738   -0.255359    0.114264  -0.0236184   -0.109793   0.0793057   -0.159358  -0.0529809    0.174646    0.168466   0.0350418     0.19079   -0.133673   0.0498941    0.133828   -0.172196   -0.231934  -0.0140958   -0.226352   -0.193616   -0.193016    0.231109    0.118552  -0.0651507   0.0120199   0.0510585  -0.0120248   -0.107535  -0.0516341    0.106336   -0.199433  -0.0424399   -0.220768
   -1.64118    0.839574   0.0607448    0.545357    -1.87858    -0.81848   -0.394543   -0.318616   -0.512829    -1.27789   0.0809531    -1.28797   -0.898296   -0.806651   -0.444108     1.21162   -0.725262   -0.651374 -0.00501557  -0.0808865   -0.285182    0.494389    0.115038    -1.00519    0.174578   -0.525756    -1.14629   0.0825965   -0.110193    -1.03751    0.635989    -2.20892    0.504002   -0.629803   -0.670963    -1.78005    0.273858   -0.349029  -0.0469082       0.347   -0.226006    0.458392    0.119195    -0.82523    -0.53666     1.00934    0.165759   -0.152118    -1.00918    0.662669
   -0.53488     3.75147    0.521508   -0.476592    0.332696    -1.55439    -1.45266   -0.254075     -1.5256    -2.29305     0.30647    0.190646    -1.97286    0.194883    0.951625    -1.06605   -0.950575  -0.0667655    0.388391      3.5101   -0.493694    0.170859    -1.61664     -1.9879   -0.596431    0.703672   -0.422256     1.10303   -0.649136   -0.856602   -0.369615   -0.479658   -0.814177    -2.32284    0.539906    0.278258   -0.136653    -1.22589    -1.50623   -0.545019   -0.585332    0.419402     1.13435    0.509974    0.113162   -0.285981    -2.01372   -0.884899   0.0433988     1.51649
  -0.837027    0.391911    0.245473   -0.128118    0.125359   -0.714152    0.344592   -0.203685   -0.812352   -0.211089    -1.26975   -0.482806   -0.140437    -0.80389   -0.804277    0.915795   -0.481898    -1.21337    0.326408   -0.623721   -0.562437    0.435592    0.290418    -1.09465    0.689618    -1.33308   -0.512801   -0.395062    0.832791  -0.0102742   0.0766629    -1.16062    0.986076  -0.0542277    0.175242    -1.34846    0.178971   -0.286453    0.861759    0.138931    -0.24687    0.291369    0.414388    0.445277   -0.503877    0.624391       1.746  -0.0669771    0.127714    0.130584
  -0.105711    0.125572   -0.486746   -0.366555   -0.186654    0.644647    0.608217   -0.539445    0.280906    0.875133   -0.923915   -0.707366    0.360866    0.287832    -1.32205   -0.513462    -1.97628    0.523463   -0.432317    -1.08805   0.0567315    -1.65657    0.116359     1.10004   -0.687666   -0.167005   -0.265652   -0.668758     0.89616  -0.0200239    -1.26617    0.628956    0.274737      0.6665  -0.0554522    0.936448   -0.831667   -0.058988   -0.108213    0.212894   -0.223188    -0.60689  -0.0859504    0.601191    0.919095   -0.682619   -0.603179    -2.07547   -0.412619    -1.28757
   0.884049   -0.449144   -0.448495     -1.2735    0.948031    0.973733   -0.833563    -1.15713   -0.984573    0.241205    -1.29625    0.430893      1.8273   -0.834199    -1.00586    -0.46908   -0.367211     -1.6069    0.905218    0.721626    -1.24854   -0.602508   -0.275727   -0.584448    -2.63635    -1.00385     1.61123    0.335802  -0.0384261    0.203652  -0.0668139    0.857351   -0.978925    0.793438    -1.07824   -0.281076    0.376608    -1.02456    0.337272    -1.06085   -0.412854    0.164171    0.593789     1.66032     2.21413    0.115452    0.269372    -2.11426    0.133477   -0.858565
   0.323271    -1.09671   -0.177606    -1.27627   -0.891403     1.22549     -1.2111   -0.380644      1.4553   -0.576033       0.754    0.904643    -0.11331   -0.636924    0.452388     -1.0982   -0.174892     1.13594   -0.816317   -0.292937   0.0516881    -1.88273   -0.798736    0.442219    -1.64495   -0.266542    -0.20874    0.668655  -0.0397222     1.35426   -0.470993   -0.471783   -0.622956    0.471439    -1.50363    0.643632   -0.878036     1.91445   -0.336643    0.382163   -0.722291   -0.832404   -0.245878    0.964655    0.894054   -0.433983   -0.122134    -1.55375    -1.80854     -1.3561
   -1.09018    0.420706    0.379671   -0.635439   -0.119944   -0.839955    0.460674    0.533086   -0.755044   -0.108088    -1.26849   -0.208845    -0.24718   -0.565381   -0.524846   -0.388634   0.0569706     1.09218    -0.98456   -0.559887  -0.0925836    0.972777     1.26441    -0.94446     1.23097    0.223383   -0.792394   -0.913833    0.541814     1.48467   -0.252666    -0.43989     0.88864    -0.66922   -0.260371   -0.758034    0.112114    0.274526   -0.114188   -0.401188    0.145222   -0.493502   -0.274476     0.21257    -1.33581   -0.740949    0.539808    0.169608    0.230417   -0.438565
  -0.967673   -0.738678   -0.469459   -0.235313   -0.535265    0.191155    -1.18816   -0.355013   -0.626595    0.367991   -0.347746   -0.344545   0.0112521   -0.767305   -0.766159   -0.495746    0.350579   -0.213113    0.384823   -0.733261   -0.224724    0.330225     1.06551  -0.0170603  -0.0224883   -0.194643    -1.01238    -0.77993   -0.366185   -0.758751   0.0254875   -0.209117   -0.113913    0.463797   -0.337204   -0.623129    0.259118   -0.569716    0.161406    -0.48315    0.264512   -0.614516   -0.370275    -0.78461   -0.339915   -0.114298   -0.309341     -0.2159   -0.757516  -0.0830079
    -1.9395    -1.68666   -0.727592  -0.0544443   -0.437842     1.86041    -1.19629   -0.285928   0.0631056     0.76384    0.307496     -1.0986     -1.1197    0.366274       1.217   -0.408298    0.449183    -1.02822    0.572465    0.413964   -0.250984     1.03618     3.05319   -0.505196    -1.13733   -0.333951    0.381099    0.058363    0.278024    -0.80646   -0.734487   -0.708523    -0.63085     0.44229    -2.63196   -0.975235   -0.457699    -1.65736   -0.560975   -0.344084    0.860432     1.27419    -2.41794   -0.273866     1.17245     1.15535    -0.27238    -1.43236    -2.04868    0.128796
   0.509513    0.160608    -1.14899     0.48867   0.0825543   -0.784062    -1.99384    -0.94729   -0.211748     0.25875   -0.608166   -0.274392    0.981143    -2.80052    -2.58394   -0.474115    0.834407   -0.185379     2.07977   -0.743259      -1.123    0.873703    0.116746   -0.356194    0.948912   0.0219238    -3.52992    -1.66941    -1.13015    -1.36753     2.52069   -0.337754    0.968361    0.662122  0.00576144  0.00307428     1.90914    0.804811    0.812373     -1.3302    0.121549    -1.87304    0.407325     -1.5496    -1.46805    0.408369   -0.727471    0.742096   -0.504181    0.467873
  -0.791429   0.0632205    0.150447  -0.0355849   0.0289636   -0.628062     1.05536    0.463883   -0.524668   -0.314462    -1.14345   -0.379744   -0.928673   -0.259859     -0.5315    0.505347   -0.788713   -0.747246   -0.595669    0.240681    -0.45742    0.253632    0.820622   -0.775234    0.166388    -1.04486   -0.397829    -0.25476    0.738044   -0.363582   -0.206986   -0.647669    0.401468   -0.790353    0.370508    -1.27192   -0.633095    -1.03848    0.492929    0.564076   -0.796928    0.680635   -0.464069   -0.417606    -1.31527    0.472163    0.878914    0.601774    0.370635   -0.099777
  -0.282173  -0.0730837   -0.407843   -0.141694  -0.0185529  -0.0859676   -0.105941   -0.133488    0.189107   -0.198867   0.0624717   -0.336908   0.0760391    0.129855  -0.0225961   -0.100319  -0.0372749   -0.403391   -0.483939   0.0240424   0.0986074   -0.223975  -0.0954951   -0.323692   -0.270843  -0.0444365  0.00162737   -0.147357     -0.4883   -0.390769    0.227731   -0.327147   -0.157293   -0.167632   -0.104673   -0.147402   -0.382346  -0.0835339  -0.0430425    0.026199   -0.290488   -0.384378   0.0282852   0.0715609    0.146989  0.00839761   -0.268331   -0.243679  -0.0107406   -0.301873
 -0.0503345  -0.0409457   -0.115413   -0.317878   -0.551944   -0.144329   -0.320894   -0.301577   -0.350661   -0.296497   -0.267127    -0.34921  -0.0953403   -0.176583   -0.163679   0.0197561   0.0823033   -0.364011     -0.1495   -0.346467  -0.0879668   0.0269155   -0.333567 -0.00376779   0.0306829    -0.27658   -0.034025  -0.0889683   -0.287152   -0.115464    0.021923   0.0579595   -0.042813  -0.0079681    -0.24847   -0.183346   0.0383477  -0.0109784   -0.105654  -0.0153888   -0.351648    0.104635    -0.26807    -0.20303   -0.192836   -0.269029   -0.206999   -0.102645  -0.0760412  -0.0441738
   -0.90974    0.420058   -0.398193    -1.08173    -1.82833   -0.651708    0.358404   -0.333171   -0.124882    -1.63237    0.626528    0.403002   -0.283805    -1.07311    0.200256   -0.127539    -1.07208  -0.0771258     0.59547     0.54049    -0.36409    0.687921    0.389965    -1.15443  -0.0605409   -0.483356    0.678444    0.164446   -0.325145    0.367873    0.488576    -1.77264   -0.281643    -1.27221   0.0724134    -1.52731    0.514597    0.718948   -0.598903   -0.116122    -1.42525    0.698995   -0.264763   0.0469339   -0.391429    0.470201    0.214062    0.384699   0.0217092   0.0541902
  -0.130205    0.114492   -0.114271   -0.315445   -0.621856   -0.504949    0.150219   0.0251006    0.216555   -0.169884 -0.00415302   -0.269768   -0.280122   -0.598313    -0.44801   -0.150661   -0.475774  0.00244186   -0.260894   0.0810179  0.00867162    0.264969   -0.219126   -0.740195    0.293601   -0.414751   -0.226688   -0.494518   -0.276925  -0.0401145    0.416462   -0.643139  -0.0592473   -0.236793   -0.345997   -0.393636   0.0899192    0.526039   0.0725978    0.116711   -0.366503   0.0302904   -0.616421   -0.352758   -0.839683     0.69464     0.23483     0.59086   -0.504042   0.0645572
   -1.22685    0.548715    0.279232     1.69451  -0.0343507   -0.757365   -0.496015   -0.321061    -1.77624    0.671444    -1.03586    -1.27133   -0.418069  -0.0982779    -1.56532     2.21082    -1.57283    -2.60098    0.273902    -1.18027   -0.355885    0.444557  -0.0896328    -1.43096    0.519362   -0.953293   -0.139673   -0.621176    0.853775    -2.60869    0.626262  -0.0711898   -0.147448    0.306899    0.665887     -1.1221    0.241272    -2.55127    0.423087    0.250298    0.825235    0.336869    0.444296   -0.954338   -0.487816   -0.542136   -0.393161  -0.0495816     1.31594     1.40479
   0.145702     0.32582   -0.259797    0.187811     0.39084   -0.868274  -0.0378001   0.0111623   0.0229377   -0.520458    -2.29019    -1.30125   -0.871018    0.559371    -1.59414 -0.00428678    -1.05306      1.3057    -2.04304    0.304421  -0.0891332   -0.651418    -0.54035    -1.03309   -0.560435     1.10027   0.0957653     1.77434    0.264903   -0.544531   -0.726516    0.492757   -0.173331     4.81376    -2.79984  -0.0959171    -1.17133   -0.257298   -0.460099   -0.215558    0.775489      1.0371    0.176072      1.3001    -1.35169  -0.0682105   -0.600706     0.72829   -0.786964    0.404308
   0.796347   -0.915819    -2.89927    -1.38441    0.909065     1.04344    -1.35111    -2.15779     1.67036    0.127612     1.21609     1.03098    0.917997   0.0938275    0.302632   -0.722755    -1.69626     -1.3519    -1.93971  -0.0563002    0.959495    -1.17892   -0.732465   -0.701533    -1.64801    0.591698    0.217998    0.671176    -3.81244    -2.97623    0.495627    0.665988    -2.14787    0.130264   -0.564663    0.308556   -0.680084    0.100017   0.0415615    -0.43954    -1.75792   -0.151176   -0.956621    -1.21912      1.5187     1.39456   -0.735441     -1.0544   0.0706129   -0.624189
  -0.325816    -1.43379   -0.524131   -0.475131   -0.109681     1.04362   -0.468254   -0.760841    0.275361      1.6767   -0.344092   -0.179716     1.06016   -0.620018   -0.860458    0.208205   -0.166285   -0.213968    -1.01405    -1.57418    0.226746   -0.522499    0.769186     3.61089   0.0758064   -0.640367   -0.949797    -1.19331  -0.0447318    0.278672    0.161136   -0.733163    0.741914   -0.795386   -0.333002   -0.935824   -0.396236    0.192659    0.926017   -0.431341   -0.472315    -1.23521   -0.848967   -0.383856    0.293935   0.0870598      0.8065    -1.00664    -1.77076   -0.804156
  -0.364562     1.74686    0.428139    -0.31685     1.01535    -1.53812  -0.0854313    0.848322   -0.745915   -0.933058   -0.960206  -0.0164659    -1.42433    0.730603    0.111661    -0.53337   -0.878555    0.260422   0.0463346    0.618368   -0.368906  -0.0455826    -0.79739   -0.442759    0.410725   -0.357556    0.441318    0.522786   -0.640185   -0.199695   -0.223441    0.241317   -0.373444  -0.0760435    0.126358   -0.419007   -0.624734   -0.455565   -0.609346    0.114195   -0.871639     0.32095    0.340539   0.0978874    -1.16965    0.480951    -1.23203     1.29947   -0.100077     1.35339
  -0.130611  -0.0960417   0.0631899   -0.200673   -0.211273    -0.13569   -0.277334   -0.346192  -0.0486625  -0.0873114 -0.00362683   -0.208212  -0.0191102    -0.22679  -0.0229593   0.0869839   0.0678893 -0.00629432   -0.320939    0.048168   -0.184673   -0.151742   0.0359553   -0.359609   -0.293723   -0.150619    0.219815  -0.0974892  -0.0590821  -0.0956981    0.140664   -0.148861   -0.169867   -0.195242   -0.216644   -0.335726   -0.364038   -0.137477  -0.0919355   -0.375596  0.00577358   -0.221067   -0.131955  -0.0270849  -0.0891088   -0.186522   0.0402127   -0.065807    -0.15644   -0.190912
  -0.616132    0.322391    0.286445    0.137899   -0.676547   0.0930345     1.13842    0.728579  -0.0721177    -0.65333 0.000493443   -0.335983    -1.26064     1.18335    0.758017  -0.0990725   -0.143033    0.597481     -1.2222    0.447281    0.756432   -0.310767    0.349066   -0.592643   -0.563503    0.656026    0.109935    0.345211    0.483186    0.743296    -1.64875    0.221826   -0.767098    0.719088   -0.550044 -0.00679347    -1.31383 -0.00729742   -0.445422  -0.0229533   -0.115718    0.873828   -0.106253      0.6447   -0.256493    -1.02564   -0.333623   -0.378715   -0.293444   -0.281712
  -0.173679     1.04133   0.0328588    0.669388    -1.83113    -1.09207    0.528129    0.244026    0.484258     -1.6021    0.546888    -1.39149   -0.703656    -0.15582   -0.463594    0.524523    -0.74276     1.01579   -0.283168    0.687915  -0.0107386    0.291133   -0.874438    -0.46525     1.15488    0.998539    0.021711   -0.348091    0.217675    0.353688  -0.0628743    0.170552    0.756337    0.785162    -1.01149   -0.575784   -0.181712    0.110385   -0.760728    0.508965   -0.230409    0.235166    -0.42115   -0.501955    -1.59382    -0.26792    -1.21018     1.34139    -1.25537    0.946287
 -0.0993373    0.211676    0.102495   -0.460734   -0.100499   -0.130466   -0.202968   -0.245041   0.0550598    -0.29216    -0.01327    0.205252   -0.209059   -0.391676    -0.42714   -0.111129   -0.200297   0.0522067   -0.240491   0.0823544   -0.134096   -0.641646   -0.305883   0.0984184   -0.217763    0.203313   0.0447639    0.305398    0.215928   -0.233569   0.0972953  -0.0339795   -0.250482   0.0552359    -0.42254  -0.0103177   -0.191333    0.355864   -0.170453   0.0813333   -0.329644   -0.037021    0.174245    0.059339    0.336792  0.00380063   -0.169072   -0.353532   -0.731333   -0.194145
   0.140669    0.413289    0.771455     1.53391    -3.86851   -0.973662     -1.4105    0.822105      1.2468    -2.10715     2.68863   -0.880283    -1.18168   -0.597127    0.811698   0.0386863   0.0513629      1.2232    0.454945     1.16455    0.547032    0.786717   -0.772624   -0.411818     0.62498     1.22289    -0.67554    -1.24311   -0.678894  -0.0240996      1.0092      -1.373    0.173511   -0.886621    -0.56674    0.588831   0.0542369    0.677745   -0.808745     1.00659    0.292204   -0.546342   -0.434214    -1.61527    -1.55157   -0.106407    -1.35144    0.145719     -2.5665    0.874428
   0.403773     1.36295    0.338877    0.463925   -0.451327   -0.517265   -0.237607   -0.360485   -0.153444    -1.81945   -0.145786    0.864885    0.279386    0.527912     1.06074    0.335728   0.0436479    0.805656    -0.69086    0.499241    0.154315    0.554126    0.179581    -3.39814    0.820488    0.744807     0.32136     2.12702       0.221   0.0461586    0.536842    0.143367   0.0553315  -0.0550587    0.208385    0.417476     0.61983   0.0721385    -1.03193   -0.421808    0.688673    0.861807     1.48246     1.48681  -0.0271021    0.143124    -1.00393    0.405749     1.08762     1.00388
  0.0667221  0.00188307    0.127962   0.0756543   -0.506066   -0.284148   -0.110194   -0.109748   0.0614764    -0.29901    0.116668   -0.449801   -0.231753   -0.388938   0.0226931   0.0729045    0.301623    0.440514 -0.00295466   0.0604742  -0.0372864  -0.0586919   -0.473541   -0.435069    0.494413  -0.0948934   -0.359443     -0.5741    0.271273    0.182977   -0.136847   -0.362006    0.295574    0.192143   -0.516839  -0.0292727   0.0600205    0.190349   -0.110429  -0.0810855     0.24442  -0.0283867   0.0697866   -0.488596   -0.394023   0.0404271   -0.330011   0.0481254   -0.789668    -0.03161
 -0.328373
 -0.429204
  -0.72418
  0.727524
 -0.739973
  -1.33138
 -0.444532
  0.385871
  -2.82722
  0.380477
  -1.90567
  0.861958
   -1.5849
  0.491231
    0.4401
-0.0103736
  -1.62704
-0.0823194
 0.0636669
 -0.444805
  0.929107
 -0.314313
  -2.90689
  -1.37552
  0.342114
 -0.486344
 -0.906022
  0.215983
 -0.305423
 -0.382531
  0.491457
  0.852168
-0.0943366
-0.0336371
 -0.614983
-0.0981893
  0.979761
 -0.302008
   1.03641
  -1.52639
   1.34543
 -0.223701
  -1.55821
 -0.754762
  0.174319
  -1.12145
 -0.525569
  0.028728
 -0.782739
  -1.12153
1
4
50 10
 -0.0217892    0.298662    0.163448    -1.59165     0.30714   -0.980191   -0.342772    -1.98863   -0.128341   -0.447515   -0.127556    0.838302    0.574953    0.424552    0.755891    -1.23371    0.629435    0.971417    0.246305    -1.86279    -4.84133    0.931096   0.0847603    -2.54348    0.829347     1.16127    -1.32338    -2.68957    -0.74142    0.656626   -0.903813    0.595217     1.13969     1.78549   0.0943166  -0.0357669   -0.125038   0.0743868     1.11029     2.68175     1.82811   -0.198594     1.45288  -0.0594118    0.771891    -3.30054  -0.0599025    -7.54504  -0.0505045   -0.667109
  -0.062286     2.69081   -0.281567    0.193668  -0.0123989    0.326035    0.515003   -0.163876   0.0589198  -0.0309862    -5.39856     0.34368   -0.563411    -0.29785    0.344163    0.703607    0.711717     1.50021     1.53775     -2.0957     2.49171    -1.15339    0.140786    -1.11726    0.410426   -0.562284    0.393116    0.543428     1.62964    -2.08421    0.557088    0.608935   -0.930925   -0.476713   -0.369806   -0.215877    0.149022   -0.408418     1.59459     1.58815    -10.6044     1.12137  -0.0446697    0.305455     2.09099   -0.772162   0.0455279     1.06409    -1.11342   -0.873383
  -0.548145     -1.3051    -3.37471     0.99837   -0.377125    0.212758     2.51448     2.08237   -0.122971    -1.80432     2.07603    -1.13189     0.22535     1.42983    -8.18604     0.62951     1.01254     1.18701    -5.43725     1.21552    0.479363     2.10565   -0.205558     -1.5404   -0.312479     -1.5134     1.42172    0.197212    -1.42287   -0.523407     1.31634     1.64574     4.65904    -1.25342   -0.624198 -0.00274404    -0.54918    -1.19878    0.463082   -0.148733    0.346132   0.0956408    0.406824   -0.422029   -0.907746     1.07089   -0.677155     1.18347     -1.4271   0.0875497
  -0.268268     1.29904    0.753967   0.0961759    0.232256    -1.07247     1.43651    0.116138   0.0385187     1.77563    0.568395     1.12358   -0.315753   0.0902964     1.95085    0.992342  -0.0932601     1.42895   -0.338465     1.71058    0.843948    0.674857   -0.127603       1.115    -6.73961     1.79023   -0.827483   0.0848453    0.666766    0.905304   -0.661506    0.959882     1.01365    0.476073   0.0956767    0.166877     0.86362      0.4404     1.58684    0.301581     1.69218    -7.28055    -3.09493   0.0465194   -0.398111     0.16489     -0.2925    0.541037     3.84124    0.359486
  -0.486675     2.33455    0.391574     2.27217    0.436072     1.75541    0.706601     0.12423    0.222563   -0.261274     0.46165     1.07695     0.72259   -0.241776     1.49588     -0.9469     -6.7723    0.635578   -0.734355    0.100675    0.143683    0.280643    0.106603     2.17871    0.333957    0.297279   -0.389052    0.880993   -0.428994    0.494633   -0.745155    -9.30287   -0.946379  -0.0289054  0.00937284    0.417359    -1.02449    0.596563     1.38834    0.583475      1.1115     1.70425    0.258687   0.0304208    0.699578     1.99239    0.467149   0.0755289    0.388758    0.892589
   -0.06463     2.05443     1.43114     1.62018   -0.298152    -1.82528    -6.78205    0.645455    0.490993   -0.588684    0.456503    -1.35753    0.365959     1.50964    0.648932   -0.705304     1.87623     1.18343     1.43826   -0.100598     -1.0015     1.21374   0.0300653     2.09211     3.29055    0.376843     0.17729   -0.641364    0.583926    -1.00732   -0.673762    0.142737   -0.156692    0.895373    0.184838   -0.111483    0.748446    0.309394    0.407051    -9.24653     1.71648    0.299709   -0.864619    0.112658   0.0397416    0.280963  -0.0415475     1.03766   -0.278328   0.0410433
   0.310916    -8.00394      1.1496     2.15843   -0.786026     1.42824    -1.32127     1.25392    0.205948    0.408679  -0.0648068    0.929034    0.503106    -3.41436   -0.570625   -0.901347     2.39585     0.13566     3.09648     1.38254   0.0417985   -0.320993   0.0932676    0.635434   0.0950322   -0.383167   -0.610974       1.356     0.91863   -0.424889   -0.889167     1.21124    -6.90082    0.706332    0.123462  -0.0147319      1.2748   0.0891173   -0.272114     2.97056     1.70103   -0.188023     1.19033    0.433751    -2.64356    0.686791    0.382211    0.212469   -0.381521   -0.332741
    1.05524   -0.965224    0.250569    -1.40874    0.979759   -0.357944     1.39104   -0.703554    0.224283      1.4208     2.09485   -0.886835     1.33271    0.431545     2.19083     1.06682    0.324647     1.68727   0.0247837   -0.213352       0.487    -3.48997    0.170589    -1.58077    0.839663    -1.03729   -0.457359   0.0987436    -4.53632     1.63724     1.53998     1.63007     1.98613    -1.57284    0.183727    0.070406   -0.459503    0.523862    -7.11678      1.6001   -0.341116     1.79704     1.40088   0.0588969   -0.470428     2.02791   -0.793004     1.62038    -1.03004    0.483194
 -0.0722442     1.24683   -0.503582    -3.99459   0.0351058    0.403748      1.4611   -0.784056   -0.177956   -0.256451    0.100638    -1.01684    -2.64197   -0.286468     1.14911     1.35292    0.361501    -8.20122    0.196338   0.0688655     1.19757  -0.0623968   -0.130582  -0.0378315    0.843318   -0.186779     1.98611    0.843531     3.47362    0.269843     0.39234     2.54152    0.437697   -0.661972   0.0608013   -0.215704    -1.08947    -0.95168     1.00524   -0.378997     2.49871     2.41022    -1.10087   -0.298662    0.115931    -1.43998    0.544825     1.85494     0.46329     0.30938
 -0.0452427   0.0468975   0.0113469   0.0138015    0.283924   0.0121283  -0.0140843    0.026004    0.113875 -0.00231576  -0.0140808   0.0124591  -0.0250407  -0.0266152  -0.0482066   0.0243588 -0.00207771   -0.019908  -0.0279114   0.0150777   0.0137563   0.0375765   0.0854406   0.0198818  -0.0044761  -0.0164509 -0.00397021  -0.0144342 -0.00538855   0.0435655   0.0550569   0.0124701  -0.0107852  -0.0104669   0.0892391   0.0221298  -0.0394728   0.0445363   -0.017378  -0.0282707  -0.0135344  -0.0121976   0.0279721   0.0689639  -0.0187938   0.0280393   0.0979153  -0.0299682  -0.0140714  -0.0126207
    2.42283
    1.37208
   0.641493
   -3.23683
    1.22511
  -0.110721
    1.56508
   0.317801
   -1.37903
-0.00789675
