3 16 0.5 1173
1
1
9 50
  -0.161333    0.734388   -0.979036     1.28761     2.11789    0.624754     -1.0582    -1.05099   -0.229333
 -0.0173282   -0.064531    0.348481    -3.49896    0.299103    0.266191   0.0194023    0.316677    0.277029
   0.216554    -2.79293    0.386582    0.103238    0.708805   -0.761977   0.0706483   -0.278145   -0.304023
    1.41342   -0.060436    -2.05718    0.783361    0.367928     0.16203   -0.100463     2.65041     1.46618
    -4.2025   0.0839282   -0.770146    0.593049    0.279553   -0.106201    -0.49401    0.123482  -0.0342762
  -0.166838    0.227194   -0.905726     1.12987     -1.2045   -0.658649     0.15225   -0.372684     2.23639
  -0.864521   -0.881006    0.426558      1.0693    0.675328   0.0948382     2.39284     0.56954    -3.14059
    1.28125    -1.60898   -0.633371   0.0324448   -0.810384   -0.419183    0.800244   -0.576827    -1.78892
    1.13461     1.27789  -0.0948011     1.34469   0.0728336    0.176426   0.0854406    -2.35638    -1.52209
   -2.27328   -0.934244    -2.64291      2.0563    -1.51886    0.177697   -0.437858     1.12448    -1.49529
    3.21594     1.69933   -0.196571  -0.0514653    0.751457    -2.32089    0.578509    -1.45491   -0.296071
  -0.796449     1.07836    0.783881   -0.689707      1.8321    -1.33627    0.634117    -1.70971    0.176743
    -2.1854     1.30324   -0.567524     1.11255     1.09873    0.847356   -0.917901  -0.0945267      0.8148
   -1.58495    -0.20974  -0.0314658    -1.50526    -0.97774   -0.229602     2.88824    0.172466   -0.879452
    1.96827   0.0177564     1.22739    -1.55515   -0.752897    -1.53599     2.46983    -1.67827     1.39118
   0.506218    -0.92175    0.334727    0.830536   0.0962632  -0.0360312    0.137341     2.24146   -0.314657
    1.20325    -1.51977   -0.582352     0.38611   -0.990118    0.885789   -0.925466    -1.43523     3.81285
    1.11353    -1.70721    0.637532    0.495482     1.05613     1.53998    0.168312    -3.57828   -0.706647
   0.092193    -0.69715     4.88607     0.37975     -0.7538   -0.684308    0.413267   -0.215762   -0.157944
   0.193467   -0.234427   -0.435362   -0.840741    0.139577     5.33187   -0.326036   -0.503132   -0.790143
    0.75465     0.43118    -2.11653    0.179677    0.143364   -0.236327    0.336279   0.0603067   -0.757261
   0.675529    -1.32036     1.19222    -1.06308    -0.50751   -0.165444    0.026355     2.17195   -0.127246
  -0.712908    0.212689    0.104174    0.552053    -3.71707    0.245154    0.861784     1.29463    0.654981
  -0.275009    -1.40078    -1.56312     4.65798   -0.531493    -0.73991   -0.695938    -1.27068    -0.49245
   0.454579    -4.04602   -0.247196    0.728869  -0.0939725   0.0791419    -0.71319     1.01012   -0.289425
    1.61422   -0.239659    -1.52165   -0.902563    0.512031     1.64432   -0.199552   -0.700512    0.469536
   -1.08813    0.533128   -0.156016    -1.04187   -0.592767   -0.432616      3.4085   -0.398855    -1.14978
   -1.04587     0.72389     1.48119    -2.96927   -0.860716    0.437507    0.428268   -0.729198    0.357299
   -0.40863    -3.77043  -0.0161275     1.03425  -0.0205992     1.01299     1.35085     0.68254     1.50286
   0.324766    -3.50542    0.725111     1.14211     1.18862    0.604037     1.26484    -2.51948      1.7167
    1.11593    0.772714   -0.325129  -0.0778639    0.153111   -0.495426    -3.37634    0.765932  -0.0421773
   -1.27096   -0.122755    -3.01188    0.463447    0.257959    0.523302   -0.107193    0.962768    -1.27293
   0.371629    -2.26858   -0.325434     1.44582    0.639209    0.901388   -0.525476   -0.167403    0.546351
   -1.68176    -1.27791    -1.24518   -0.433226   -0.858944     4.59744    -2.72399   -0.831337    -0.31845
   0.234789    0.420698   -0.774161   -0.479052     3.01578    -2.12163     1.36405      1.5046     0.81102
   0.892707    0.207135    -2.34662    0.812085     1.50487   -0.219112    0.481985   -0.946306     1.20292
   0.473892      0.8011     2.80826     0.82049     1.11726   -0.149572    -1.04454    0.960021    0.593167
   0.635177    0.769006    0.955451  0.00152436    0.695914     1.10593    -1.65149    -3.42641   -0.648749
   -1.31323    0.145706    0.153445     1.14454   -0.327289 -0.00196235    -1.74924     0.21175   -0.539226
   0.588412   -0.502628   -0.230172    0.604266   -0.412409   -0.888761    0.110607   -0.808545    -3.12568
   0.131997    -1.14846    -2.15881    0.277578   -0.582174     1.05701   -0.630472     1.08761     2.14486
  -0.886718  -0.0532821     1.65086    -1.47966    -1.90649    0.276543     1.86594    0.946391    -1.32968
  -0.300447   -0.598875   -0.240844    -1.65732     2.51234    0.369717   -0.939998    0.206155     2.05423
   -1.83705    -1.32863     1.95329    -1.17998     0.51494     1.73583     0.43802   -0.985125    0.873893
   -1.42868      1.0679   -0.219855    0.160516   -0.189294     -1.8249    0.936961    0.713581     2.97049
  -0.889694     1.88707     1.37295    -0.87546    -2.68564   -0.466865    -1.81086    -1.57937    -1.58033
   -1.26651   -0.653567     2.43098     1.22912   -0.991328   -0.443051    0.191765   -0.932853    -1.39301
   0.698514    0.709301   -0.451056    0.321204   -0.180377    0.488326    -1.37316    0.556818    -3.49262
   -1.64123     1.00533   0.0118935    -0.84659     2.93133    -0.33837    0.594882     2.20897   0.0156271
     0.3424    0.841779   -0.604914    -2.04773    -1.15156   -0.414338     -1.3179     1.60669    0.021847
   0.92544
  -1.38146
  0.716021
 -0.215344
   1.99207
-0.0258596
  -0.66428
 -0.013854
 -0.603878
  -1.23071
 0.0482114
   1.02803
   -0.6982
  -1.85566
 -0.654009
   -2.3279
  -1.82092
 -0.455305
   2.14451
   1.91755
  -1.41772
  0.491668
   -1.8694
  -2.19037
   -1.3971
 -0.387851
  0.982695
 -0.126488
 -0.766119
 -0.072461
  0.694375
  0.577086
  -1.29268
  -1.11472
 -0.255995
  0.882082
   0.82694
  -1.77955
  -1.14111
  0.341499
   -1.0614
  -0.80883
  0.303462
 -0.809233
  0.837976
  0.304947
  -1.65573
  -1.73693
  -1.48317
 -0.410201
1
1
50 50
  -0.648859   -0.275539   -0.387478   -0.608089   -0.388484    -0.24031   -0.232875  -0.0614334   -0.124847    0.189115   -0.442069   -0.343464  -0.0659807   -0.183983    0.130458   -0.220459    0.520838   -0.164112    0.153954   -0.390361  -0.0968468    0.196642    0.705067  -0.0406666    0.200523   -0.122858   -0.500868   -0.253739   -0.228774    0.106837   -0.281391     -0.6229   -0.425931  -0.0900417   -0.525322   -0.744725    0.128234    0.158283  -0.0202534   -0.439704   -0.323733   -0.192925   -0.512095   0.0118028   -0.309772    0.115963    0.314154  -0.0421685   -0.280457   0.0843659
   0.230134  -0.0251316  -0.0543863   -0.653774     -1.0027    0.371884     1.37785   -0.796417    0.392291   -0.116506    0.189287   0.0120196   -0.468597     2.00683     1.79988    -0.16157   -0.420282    0.458663     -1.6785    0.837681     0.73096   -0.877057   -0.630397    0.186227    -1.04593    0.568751    0.621426    0.134578   -0.100897    0.224896    -2.54075    0.363224    -1.33941    -1.03005   -0.417034    0.502736    -2.13151   -0.516449   -0.899355   -0.430512   -0.310147    0.802653    -1.34456    0.446768    0.500024    -2.17336    -1.01299    -1.19088    -0.12033    -1.06101
   0.429122   -0.838619    0.197334    0.262575    0.472726  -0.0516534   -0.550916   0.0820451   -0.157382   -0.194163    0.715696    0.117859   -0.508062   -0.582133    0.182392   -0.471915   -0.228755   -0.604715    -1.57636     1.12098    0.595342   -0.190618   -0.744185   -0.699602   -0.479596    0.359848    0.433141   -0.193711   -0.446322   -0.110003     0.19669    0.756824   -0.540857   -0.493251   -0.172254    0.488213   -0.467683   -0.732705   -0.835257   -0.055557    0.279279   -0.252969  -0.0941929   -0.331646     0.59284   -0.315833   -0.548447  -0.0625777   -0.372836    -0.10535
   0.126925   -0.780369    -1.47828   -0.656001    0.238353    0.292928    -1.52651    -1.78341   -0.232449    0.278784   -0.656095    -0.40457     1.02813      -0.642    0.799314   -0.505592     1.60346    -1.56299   -0.606678   -0.216562   -0.580667    -1.04576   -0.358559      1.2443   -0.825946   -0.322658    0.299256   -0.118035   -0.406148    0.358992    -1.41648    -0.54969    -1.02711   -0.516636    0.114987    0.153792   -0.490267   -0.210495    0.214319    -2.28609   -0.294703    -1.25134   -0.687404    0.745089    0.507313   -0.312674   -0.166177    -1.18643   0.0748758    -1.07125
  -0.272638   -0.509742    0.262785   -0.240566    -0.24153   -0.339252   -0.309258   -0.271279   -0.278762   -0.359776 -0.00616241    0.046157   0.0419765   -0.363747   -0.411764  -0.0753537    -0.07296   0.0454917    0.254548   -0.494986   -0.350797    0.138029    -0.18171   -0.137276     0.21155   -0.348518   -0.560055   -0.293903   -0.172098    -0.20982    0.222407   -0.757448    0.136869   -0.326997 -0.00497591   -0.168383    0.149501  -0.0554343    0.453373  -0.0724637   -0.515069   -0.493576   0.0580461   -0.285332  -0.0630412    0.325655    0.130972    0.162456   -0.617571   0.0319293
 -0.0595641    0.104077      0.1255    0.401123   -0.872073   -0.432862    -1.17172    0.468462    0.229914    -1.22596    0.738558   -0.618677   -0.585785   0.0501749    0.611516  -0.0678614    0.107496    0.854159     -0.5923    0.106378   -0.122077   -0.315272    -1.30661   -0.686278    0.272288    0.683006    0.336271     0.62607   -0.241614      0.5042    0.027493  -0.0493833 0.000737211     1.06871    -1.61482   -0.290446   -0.542897   -0.114668   -0.722795    0.164837    0.424661    0.167322    0.113325    0.231001   -0.997211    0.142889    -1.01866   0.0983733    -1.60578    0.666667
  0.0938744   -0.296958    0.384271   -0.242959    0.106375     0.96801   -0.167799    0.183464   -0.773033    -0.61471     1.26333     1.02811   -0.506312   -0.552959    0.298343   -0.636959    -1.03035    -1.65266     1.84097    -4.70489   0.0305332    0.180112   -0.837656   0.0377366   -0.190088    -1.35712   -0.451685    -1.48176 -0.00995661   -0.377632    0.165612    0.330985     0.07666    -1.20205     1.90389    0.778427    0.865576    -1.04953   -0.209133    0.221647   -0.427561   -0.752529     0.67462    -1.96689     1.67015    0.196779    0.166243   -0.811975   -0.739924   -0.151619
  -0.592932    0.347636   -0.131527    0.707161    -1.44406   -0.904193   -0.175836   -0.175269   -0.833948   -0.626492  -0.0636765    -1.37037   -0.299228   -0.204239   -0.292226     1.07946   -0.552032   -0.387388    0.962686    0.819666   -0.586414   0.0587368   -0.401748   -0.229186    0.537095    0.219319    0.033827   -0.602071    0.220432   -0.908864   -0.107998   -0.651286   0.0485138   -0.453863   -0.161936   -0.698243    0.227377   -0.904643   -0.938572   0.0272956   -0.131066   -0.154779   -0.413928   -0.681758    -0.43423    -1.45853    -1.16345   0.0312916   -0.480566    0.351446
  0.0614331   0.0525306    0.187013   0.0544681   -0.181931   -0.140203   -0.242387   -0.026307    0.143412    -0.27215    0.376441  -0.0810798    -0.19611    0.143178   0.0511828    0.178308   -0.135126    0.064589    0.108197    0.308164  -0.0673871    0.143198   0.0604012  -0.0384935    0.103037    -0.18051    0.168954   0.0340587    -0.41941   -0.099524   0.0907453   -0.189913    0.051461   -0.166522   -0.209779   -0.186946   -0.149889   -0.171937   -0.144907    0.238494   -0.379029   -0.205492  0.00629917   -0.167554    0.134693   -0.132074   -0.118252   0.0230255    0.231675    -0.29335
  -0.579551   -0.153766    -0.14685   -0.320537   -0.778802   -0.227163   0.0903397  -0.0189057   0.0992423   -0.968473    0.154271    0.485184   -0.217871    -1.19359    0.591593   -0.361982   -0.576336   -0.762332    0.860268   -0.737183   -0.259629     1.24273     0.32481     -3.0058   -0.254573   -0.796315   -0.167524     -0.2896   -0.285737   -0.224052    0.273686   -0.918219   -0.207345   -0.338773   -0.193594    -1.24128     1.03387    0.479192    0.447001  -0.0262196   -0.388389    0.195825   -0.462121  -0.0369901    0.470935     1.04467     1.07601  -0.0632517   -0.242097    0.550958
   0.100295    0.130018    0.950705    0.321758  -0.0161889   -0.714179    0.346728    0.790357    -1.07136   -0.307583     -1.3356   -0.553595     -1.1959   -0.428233   -0.264322   -0.318142     0.33206    0.779968     1.21694     1.23978   -0.777986    0.866282    -1.38902   -0.717616     2.36906    0.189618   -0.433121   -0.934762      1.6229    0.844409    -1.05735   0.0651203     1.29074   -0.155166   -0.769255    0.357054    0.477798   -0.981072   -0.577766  0.00701671    0.833359   -0.684185    0.483462   -0.134874   -0.537396    -1.35668    -0.51666   -0.553481    -1.01304   -0.440417
  -0.318587    -1.38968   0.0654654  -0.0179979    0.472426    0.446023    -2.20728   -0.649988   -0.632491   -0.955633  -0.0671153   -0.338834   -0.269056    -1.67122    0.531324   -0.311181    0.835085    -1.24369   -0.390533   -0.918991    -0.68997   0.0804506   -0.106736    -1.07625   -0.327007   -0.588013    0.371649    0.356374    0.343863    0.303765 -0.00666932   -0.554113   -0.517843      0.4839   -0.341066   -0.340932    0.212663   -0.069366   -0.134311    -1.46573   -0.100405   -0.440393   0.0855398    0.424188    0.427274    0.773339   0.0695524   -0.361291   -0.548284   -0.328916
  0.0901558  -0.0915227    0.632631   0.0297908    0.116097   -0.723161     0.84912     0.67915    0.465477    0.285519    0.224462   -0.121878   -0.499291   -0.101459    -0.45121    0.161889   -0.409167  -0.0327069  -0.0249443    0.220696    0.064334   -0.133106   -0.664629    -0.36103    0.374566   -0.339089    0.265519   -0.497088   -0.623004   -0.474592    0.240891     0.31533   -0.198969  0.00164916   -0.381761    -0.32133 -0.00662866   -0.125153   0.0359282    0.384157   -0.493328     0.01594   -0.668079   -0.375291    -0.63843    0.491878    0.384844     1.01316    -0.24991   -0.105601
  0.0320266   -0.928366   -0.721577     0.13036    -0.31921    0.412082     1.78869    0.199436    0.275465   -0.701639    0.366436   -0.575634   -0.749583     1.57777    0.944453   -0.162496   -0.433065    0.460992    0.714024     1.31141    0.253886    0.397092   -0.519627   0.0733323    0.256838   0.0777174    0.739286  -0.0830994    0.192714    0.136673    -1.93348    0.835459   -0.174208    -2.25743    0.180966    0.341361   -0.616906     -1.9902    -1.82625    0.108249   -0.347361     1.49272    -1.37075   -0.126025   -0.370255    -1.20998    -1.26905   -0.139129    0.271376    -1.39676
   -1.73052    0.410468    0.869808    -2.05302   -0.652594   -0.638336    0.225386  -0.0954747    -0.84046    -1.17391    -1.50397    0.347645    0.138347    -1.27131   -0.842223    0.140239    -1.11378    0.330686    0.577492    -1.04009    -1.31501     1.08956     0.22494   -0.553984    0.591031    -1.52114     -1.4819    0.269658    0.187315    0.417205    0.636263     -2.2796    0.891259    -1.07387   -0.477047    -2.62497     0.68048     1.35619     1.16431   -0.391037    -1.49003  0.00736106    0.531211    0.683115   -0.713672     1.77883     2.10671   -0.425112   -0.895885  -0.0442591
  0.0701697   -0.759806    0.121249    0.256189   -0.726674    0.227197     0.35583    -0.68723   -0.734899   -0.724457   -0.311706   -0.178507    0.492365   -0.596045 -0.00834171   -0.138058   -0.960058    -0.19946   -0.507564    -1.63462   -0.231269   -0.184631   -0.789664     -1.4559   -0.325049   -0.736153   -0.288933    0.564599    0.483084    0.378021    0.068242   -0.326392  -0.0514528  -0.0115009    0.478186   0.0610599     0.25378   -0.207247   -0.160685   -0.190911   -0.202459   -0.260298    0.546606    0.335729    0.775421    -1.42473    -0.58254    -1.18593    0.952279   -0.337342
    1.18264    0.143473    0.190465  0.00252145    0.600782    -1.52428    0.788493   -0.909001    0.158592    -1.85564    0.754905    0.605962    0.402899    -2.11619    -1.39996   0.0999926    -1.33646    0.425842    0.711381    0.973928   -0.793152   -0.225036    -1.23385    -1.01434   -0.237548   -0.261774     0.31104   -0.658786   -0.343706    0.946181    0.933633   -0.525301    0.374905    -1.40879     2.52383     0.75358     1.51239    0.471386    -0.68753   0.0137493    -1.15234    -2.16997     1.20527  -0.0149906   -0.482338    -2.49309   -0.806465    0.429365     2.25078    -1.06699
 -0.0248251   -0.622501   -0.965762    0.967748    0.617857     1.23301    -1.98131    -1.78703   -0.799581   -0.664485   -0.116525  -0.0150496   0.0407048   -0.674961     1.79268   -0.822317     3.00155    -1.15042   -0.312861     0.20478   -0.908363    0.197453    0.452807    0.819267    -1.48976   -0.243304   -0.935999    0.450048   0.0847715    0.771326   -0.863171    -1.04688    -0.54716   -0.574259    0.547264    0.589755  -0.0339869    -1.19975  -0.0400375    -2.88792     1.17948   -0.979789    0.994871    0.439314     1.40841     -0.7155   -0.232448    -1.82898   -0.425647   -0.715755
  0.0247929      0.1793   0.0195052    0.892287   -0.123356   -0.601055    -1.05991   -0.178372   -0.192866    0.790156    0.972234   -0.839456   -0.359084   -0.160645   -0.334088   -0.223716    0.206977   -0.559921    -3.11566    0.352435     1.17247   -0.393457    0.104382    0.393192   -0.132526    0.769833    0.671551   -0.976837   -0.462565   -0.196526    0.955115    0.735827   -0.673253  0.00753482    0.454895    0.445685    -1.75765   -0.370086   -0.608444   0.0197082    0.526753    -1.24864   -0.160031   -0.963603   -0.156775    -1.08536    -1.13062   0.0566978    0.320279    0.336733
   0.661986    -1.12339    -1.25059   -0.951433 -0.00785978   0.0551524   -0.681539    -1.31625   0.0952169    0.263831   -0.104963    0.418131     1.02502   -0.653031   0.0410626   -0.366178   -0.266307    -1.20304  -0.0365069   0.0126069   -0.277862   -0.569615     -0.3958   -0.483929   -0.758446   -0.167356    0.943271    0.535221    -1.38857   -0.564991   -0.877215    0.463501   -0.993997    0.332708    0.131582    0.646654    0.153336   -0.156909   -0.465161   -0.741977    -0.44858  -0.0733342   -0.510466    0.336133    0.687286    0.441921   -0.488267   -0.737732       1.124   -0.799804
 -0.0151166   -0.582033   -0.479511   -0.862623    0.498743    0.337504      0.7118    -1.35913    -1.12769     0.33235    -2.08961  -0.0465343     1.16162    0.409954   -0.452342   -0.566623    -1.00124    -1.02368   -0.396017   -0.251463   -0.366851   -0.390613    0.560295   -0.122387     -2.3245    -1.19224   -0.497374    0.655619     1.34806     0.21459   -0.247321  -0.0713288    -0.78249    0.234804    0.263259    -1.02019    0.144279   -0.790506    0.545494   -0.426051   -0.742492    0.135085   -0.101241    0.871968     1.33864   -0.632256    0.622423     -1.2249     1.83257   -0.952551
   -1.11093    0.492656    0.177392     1.26199   -0.366323   -0.803276  -0.0608591   0.0450509    -1.40208    0.149365   -0.947154    -1.13343   -0.110783   -0.607231    -0.94449     1.46775   -0.508756    -1.17855      1.2969    0.126065   -0.644681    0.621806    0.355688   -0.579101    0.596911   -0.681301   -0.422688   -0.552518    0.494016    -1.34791  -0.0761973   -0.136236    0.122713   -0.658505    0.408275   -0.815018     0.72108    -1.28421   0.0657653    0.101662    0.422709   -0.117463    0.119704    -0.67968   -0.898481   -0.786281   -0.683505    0.277324    0.598387    0.851751
  0.0491925   -0.198392  -0.0696623   0.0281828   -0.185645    -0.21251   -0.447008   0.0965072   -0.194995   0.0708947   -0.146563    0.060612   -0.144408   0.0822287  -0.0395106    0.128889  -0.0159734    0.327675    -0.23974    0.112912  -0.0174854  -0.0962232   0.0889496   -0.144268  -0.0348421    0.184666    0.178752   0.0409906    0.202132   -0.112138   0.0568019    0.142102   -0.160806   -0.222034 -0.00371982   -0.214101    -0.18648   -0.177623     0.24026     0.13787  -0.0543676   0.0131397   0.0599589 -0.00696033  -0.0990971  -0.0413957    0.112499   -0.197085  -0.0371664   -0.212157
   -1.71021    0.690472   0.0111664    0.549007     -1.9381   -0.856698   -0.153194   -0.302787   -0.510495    -1.22401    0.146843    -1.30745   -0.911442   -0.751797   -0.288516     1.20584   -0.704046   -0.722202  -0.0947069   -0.110689   -0.177534    0.420088   0.0747312    -1.01241    0.113015   -0.589003    -1.01638   -0.148328  -0.0843841    -1.01319     0.49479    -2.03505    0.414118    -1.00994   -0.686667    -1.66104   0.0829535   -0.415746   -0.180572    0.329853   -0.248061    0.494514  -0.0502566    -1.04572   -0.664821     0.79914   0.0539614   -0.136731    -1.02977    0.565503
  -0.319997     3.28552    0.387455   -0.614563    0.158422    -1.62684    -1.19248   -0.415767    -1.39843    -2.20498    0.142018    0.453601    -1.43334     0.35699     0.65223   -0.948394   -0.935284  -0.0450444    0.352552     3.47753   -0.325639    0.031555     -1.6132    -1.95502    -0.63123    0.647195   -0.253176     1.20474   -0.775664   -0.828807   -0.413713   -0.469872    -0.88625    -2.11917    0.636715    0.100633   -0.287439    -1.15334    -1.32905   -0.521725   -0.620496    0.532532    0.920184    0.859945   -0.100689   -0.524896    -1.72942   -0.484267    0.158305     1.26393
  -0.788239    0.496405     0.15114     0.08465   -0.299663   -0.609499    0.071699   -0.328637   -0.814213   -0.357687   -0.958455   -0.520597   0.0505446   -0.794506   -0.757009    0.891828   -0.405139    -1.27576    0.197864    -1.16522   -0.491262    0.337633    0.301247   -0.739403    0.657087     -1.2126   -0.776559   -0.651747    0.530218   -0.137763    0.240128    -1.20136     0.85211   -0.652666    0.331305    -1.06924   0.0313958   -0.302131     0.86123   0.0916052   -0.195389  -0.0457458    0.261658  -0.0029881   -0.425742    0.548575     1.54238   -0.102615    0.164563    0.225738
  -0.168908   -0.138901   -0.593456   -0.699301   -0.035092    0.973669    0.407248   -0.714927      0.2767    0.968249   -0.956845   -0.510137    0.583445    0.462892    -1.23752   -0.345739    -1.69465    0.604699   -0.171306    -1.31682  0.00686712    -1.44711    0.497663     1.35505    -0.46437   -0.472178   -0.423519    -0.57018    0.749919  -0.0396244    -1.09495    0.261661    0.381307    0.312977   -0.213037    0.511926   -0.576653    0.337784     0.19855    0.260956    -0.32165   -0.287595   -0.444842    0.444197     1.09746   -0.428375    -0.19266    -2.07662   -0.339111    -1.26355
    1.38895   -0.817062   -0.386985    -1.26969     1.07748     1.15915   -0.750235    -1.16678   -0.395799    0.202743   -0.793646    0.648924     1.99421   -0.619407   -0.662884   -0.439431   -0.230077    -1.08317    0.607493    0.824033    -1.01032   -0.734983   -0.304968   -0.559005    -2.30609   -0.922597     1.14424   0.0583844    -0.39275    0.309184   -0.103955    0.902226   -0.806231     0.78121   -0.745755    0.140878    0.562259   -0.329939    0.578885    -1.05677   -0.470223   -0.165231    0.491507     1.40466     2.33916    0.105914    0.317221    -2.07001    0.314404    -1.04055
   0.390751   -0.885848   0.0305235   -0.957669   -0.508906     1.26579    -1.04706   -0.194768     1.28167   -0.662713    0.630695     0.68412   -0.279246   -0.455719    0.255678   -0.893595     0.11338     1.18486     -1.0173   -0.181902   0.0990693    -1.50291   -0.987384    0.297249    -1.36491     0.21938   -0.189903    0.823297  -0.0586378     1.39558   -0.365122   -0.422017   -0.424191     0.42401     -1.4163    0.627414    -1.00238      1.6415   -0.506616    0.350117   -0.448748   -0.605868   -0.200059    0.855507    0.873959   -0.234037   -0.189727    -1.35471    -1.98241    -1.23471
    -1.2936    0.449241    0.327898   -0.915151   0.0839177   -0.735126    0.299725    0.374866   -0.770423   -0.223321    -1.31693  -0.0875395   -0.185812   -0.332937    -0.26761   -0.434927    0.110765     1.07152   -0.656305   -0.702258   -0.283594    0.802977     1.26837   -0.974042       1.053  -0.0835972   -0.646553   -0.532959    0.435734     1.39656   -0.576727   -0.585482    0.647475   -0.715652   -0.214869    -0.84025   0.0617665    0.370978   -0.165998    -0.45375  -0.0327341   -0.184812   -0.295627    0.432519    -1.11201   -0.720813    0.597661   -0.140626    0.158998   -0.372742
  -0.913502   -0.721828   -0.434878   -0.158386   -0.637568    0.183016    -1.20596   -0.362316   -0.555714    0.302851   -0.319587   -0.420764  -0.0721067      -0.791   -0.740686   -0.435661    0.440017   -0.222666    0.310044   -0.688394   -0.222196    0.277391     1.08901  0.00948347   0.0792154   -0.177587    -1.07002   -0.872131   -0.293405   -0.686658   0.0651727    -0.23678  0.00403193     0.58718   -0.354178   -0.604519    0.310806   -0.516201    0.157422   -0.545315    0.351959   -0.694124   -0.311595   -0.808097   -0.387942   -0.174567   -0.362586   -0.165864   -0.733523   -0.106115
   -1.93676    -1.07257   -0.837668    -0.10389    -1.14713     1.72856   -0.932632   -0.319927   0.0997952    0.811732    0.326014    -1.05534   -0.704324    0.974553    0.969312    0.130063    0.323288    -1.12077  -0.0664586  -0.0167639    0.100084    0.861409     2.99086   -0.218112   -0.756901  -0.0121057    0.162544    0.339112    0.288056    -1.17381   -0.676815   -0.780583   -0.344662    0.925977    -2.71766    -1.10305   -0.323832    -1.28471   -0.368001   -0.470743    0.731923     1.63134    -2.35062  -0.0298169     1.13863       1.275   0.0179103     -1.0936    -1.91168    0.129229
   0.412146    0.192987    -1.07246    0.428496  -0.0618758   -0.708663    -1.69469   -0.785285   -0.336575    0.362899   -0.790775   -0.198746    0.945837    -2.58142     -2.5891   -0.483136    0.802768   -0.158299     2.42508   -0.511616     -1.2238    0.913207    0.263412    -0.39684    0.849811   -0.212158    -3.17318    -1.59879    -1.02416    -1.31588      2.1521   -0.293194    0.889015    0.900398  -0.0627775 -0.00191178     1.93877    0.592048    0.882152    -1.18277    0.244752    -1.68368      0.3768    -1.30178     -1.3982    0.429234   -0.733786    0.534415   -0.491085    0.340846
  -0.807032    0.159374   0.0568235    0.119537    0.204316   -0.290293    0.722046    0.186626   -0.712008   -0.336954       -1.06   -0.365408   -0.699004    -0.29324   -0.418766    0.467198   -0.683201   -0.970723   -0.565359  -0.0518387   -0.525978     0.20856    0.774003    -0.60957   -0.040016    -1.15216    -0.46371   -0.224942    0.555086   -0.548399    -0.10117   -0.736653    0.245008   -0.942876    0.316215    -1.16718   -0.466042    -1.01244    0.598049    0.376973   -0.619399    0.523129   -0.433306   -0.461967   -0.875918     0.57102    0.817495    0.225782    0.218086     0.14628
  -0.292641  -0.0549591   -0.389267    -0.12675  -0.0166171  -0.0955714   -0.103061   -0.134904    0.169372   -0.184766     0.06756    -0.32703   0.0919704    0.153027  0.00253569  -0.0919739  -0.0188604   -0.406169   -0.480341  -0.0125945    0.102101   -0.211708  -0.0770565   -0.307828   -0.252518  -0.0564482  0.00225478   -0.138498   -0.487549   -0.397728    0.221406   -0.333124   -0.156716     -0.1685   -0.079562   -0.138397   -0.387606  -0.0931149  -0.0354013   0.0221161    -0.27758   -0.377439   0.0366017   0.0682408    0.153777 -0.00288667   -0.260828   -0.242967  0.00392607    -0.27742
 -0.0454939  -0.0320414    -0.10165    -0.28772   -0.529839   -0.127097   -0.313885   -0.286765   -0.334332   -0.277885   -0.231956   -0.339297  -0.0865064   -0.172986   -0.138752   0.0359882   0.0896408   -0.367269   -0.130626   -0.337802  -0.0754717   0.0504408   -0.302021   0.0215112    0.022264   -0.272619    -0.02318  -0.0894201   -0.298184   -0.121696   0.0463346   0.0683442  -0.0539302  -0.0208552   -0.225597   -0.171863   0.0592873  -0.0186423  -0.0796176  0.00955471    -0.34482    0.108239   -0.262475   -0.214469   -0.176069   -0.243295   -0.186618  -0.0864223  -0.0557462 -0.00847839
  -0.732821    0.521476   -0.208427    -1.13721    -1.86294   -0.542652    0.128675     -0.3354   -0.220197    -1.77591     0.65861    0.425059   -0.389566    -1.20952    0.251255   -0.385991   -0.855528   0.0964356    0.232511    0.473643   -0.299295    0.588522   0.0457738    -1.06469   -0.259912   -0.281865     0.54397   0.0712928   -0.374688    0.616474    0.266994    -1.64482   -0.268048   -0.955795    0.133593    -1.11959    0.298384    0.827952   -0.687818   -0.274628    -1.36768    0.272824 -0.00885769   0.0299657   -0.266341     0.32404   -0.157387    0.051457   -0.113488  -0.0745257
  -0.105371    0.106682  -0.0685128   -0.371586   -0.457838   -0.480362    0.182581  0.00189593    0.279289   -0.192938   0.0117179  -0.0839821   -0.225381   -0.549442   -0.287164    -0.16996   -0.438177   0.0398979   -0.153983   0.0945951 -0.00471841    0.265862    -0.13089   -0.767534    0.224557    -0.47536    -0.16896    -0.37068   -0.341027  -0.0293237     0.36781   -0.629547   -0.148497   -0.268677   -0.237199   -0.379923    0.140641    0.574521    0.143693     0.12074   -0.432851   0.0600568   -0.562707   -0.266406   -0.778272    0.693364    0.285418    0.553068   -0.352923    0.109534
   -1.31716    0.816049    0.254089     1.63866    -0.18649   -0.562184   -0.383968   0.0968466     -1.5816    0.735469     -1.0739    -1.48635   -0.383694   0.0264886     -1.2792     2.01605    -1.05483    -2.24598    0.383546   -0.812059   -0.249672    0.548051    0.494231    -1.31273    0.608218   -0.726027   0.0552614   -0.361402     1.02509    -2.20563    0.595166   0.0228119    0.100942    0.501008    0.295817    -1.06461  -0.0369065    -2.46562     0.41612    0.243482     1.02178    0.559009    0.299162   -0.678678   -0.563988   -0.253217  -0.0923937   0.0103385     1.21709     1.45609
   0.224462    0.376432   -0.249555    0.348338   -0.192251   -0.881437     -0.0861    0.138683    0.258005   -0.777778    -2.09247      -1.215   -0.750061    0.550275    -1.50157    0.211193   -0.778761     1.57021    -2.24428    0.217828    0.150089   -0.812787   -0.734721     -1.1647   -0.424372     1.18072   -0.110874     1.71151    0.359285   -0.286421   -0.528369    0.291667  -0.0559522     4.38453    -2.71808    0.053768    -1.19929   0.0145718   -0.511473   -0.137419    0.717075    0.846613    0.375032     1.34639     -1.5152   -0.167395   -0.438895    0.937689   -0.650701    0.372595
     0.5194   -0.666274    -2.48321    -1.57266    0.845629     0.87215    -1.29195    -1.95155     1.60049    0.281482     1.14126     0.87448    0.844876    0.194721    0.504152     -0.6964    -1.73421    -1.36828    -1.55033   -0.119012    0.717055    -1.11959   -0.580656   -0.659792    -1.48874     0.32842    0.124362     1.01019    -3.75951    -2.96738    0.512581    0.370246    -2.00295    0.372338   -0.834875    0.160863   -0.671046  -0.0152628    0.122191   -0.233308     -1.7609    0.235101    -1.04236   -0.791758     1.35201     1.54605   -0.303658    -1.11301   0.0748741   -0.568385
  -0.259013    -1.30765   -0.344045   -0.512333   -0.200593    0.685288  -0.0273455   -0.474611    0.427211     1.58263   -0.186374   -0.179244    0.910071   -0.455594   -0.866402    0.400326   -0.416487   0.0202513   -0.973421    -1.39988    0.299037   -0.454983    0.668401     3.22743    0.473696   -0.597804   -0.735732      -1.118   0.0130428    0.296331    0.012417   -0.444225    0.824541   -0.617259    -0.14357   -0.776635   -0.537748    0.406663    0.820279   -0.201674   -0.498552    -1.12659   -0.948005   -0.494556  -0.0783704    0.108239    0.823579   -0.500569    -1.69628   -0.671321
  -0.156405     1.42612    0.433116   -0.315012    0.845344    -1.63555   -0.278001    0.603347    -0.86174    -1.05234   -0.984395  -0.0020673    -1.01956    0.745459   -0.257293   -0.404631   -0.984582     0.22475 -0.00701623    0.289039   -0.415837  0.00123571   -0.935864   -0.379604    0.489153   -0.525135   0.0603065    0.308084   -0.571644   -0.313621   -0.144242 -0.00887223   -0.344963  -0.0412862    0.100304   -0.463153   -0.385871   -0.467971   -0.295435   0.0417684   -0.897228  -0.0159705    0.342272  0.00546807    -1.08892    0.441202   -0.927294     1.19751    0.103565     1.23558
  -0.116307  -0.0962936   0.0978527   -0.207028   -0.179561   -0.108085   -0.289515   -0.323058  -0.0311353  -0.0718634   0.0157449   -0.184442 -0.00758486   -0.216999   0.0187473   0.0934827    0.108918   0.0376074   -0.273835   0.0510792   -0.191584   -0.116453   0.0582495   -0.328085   -0.259006   -0.137147    0.236501  -0.0764032  -0.0413517  -0.0452224    0.141801   -0.140506   -0.147284   -0.170806   -0.204264   -0.311435    -0.35088   -0.105395  -0.0795676   -0.346824   0.0162186   -0.216583   -0.117511 -0.00769679  -0.0632055   -0.145351   0.0438775  -0.0789326   -0.151429   -0.178304
  -0.533043   -0.128276    0.139683  -0.0576173   -0.703415   0.0395271     1.06323    0.521216  -0.0331256   -0.695196    0.120128   -0.151278    -1.20467    0.835139     0.55609  -0.0400443   -0.224039    0.376374    -1.08867    0.124859    0.542494   -0.449324    0.238109   -0.554137   -0.777552     0.32862   -0.152623   0.0542932   0.0922327    0.368324    -1.36273   0.0295098   -0.984105   0.0135401   -0.370651   -0.306284    -1.18822   0.0367404   -0.392466    0.102198   -0.191801    0.427653   -0.369063    0.308106   -0.403399    -1.05913   -0.311861   -0.230472   -0.187239   -0.411916
  -0.447976    0.471571   -0.263646    0.576339    -1.91913   -0.985868    0.505776    0.242345    0.512226    -1.43932    0.818828    -1.27958   -0.833736    0.265652    0.132667    0.703254   -0.609183    0.995138   -0.198412    0.226593     0.14742   0.0900374   -0.554178   -0.261854     1.04329    0.600575    0.146212   -0.688429    0.202037    0.370128   -0.502265  -0.0817135    0.570247   0.0328105   -0.617982   -0.630909    -0.50407  -0.0960444   -0.694461    0.433985   -0.350512    0.274562   -0.919171   -0.803433    -1.43134   -0.563289   -0.838181     0.87249    -1.26303    0.602933
  -0.126001    0.162558   0.0909845   -0.433196   -0.132561    -0.12664   -0.199868   -0.247856   0.0354425   -0.221989  -0.0325572    0.174677   -0.163468    -0.31681   -0.328123  -0.0659533   -0.148135   0.0458299   -0.239314   0.0370002    -0.13046    -0.59349   -0.248768    0.117138   -0.118451    0.200077   0.0322395    0.299886    0.219491   -0.212251   0.0710125   -0.103475   -0.210263   -0.030662   -0.386171  -0.0501781   -0.258365    0.286803   -0.196066   0.0641858   -0.280708  -0.0367522   0.0782265   0.0270444    0.337969  -0.0127904   -0.118875   -0.371519   -0.758319   -0.165501
 -0.0395261    0.283892    0.679677     1.20365    -3.71426    -1.12598   -0.992112    0.659244     1.27064    -1.91708     2.56757   -0.900145     -1.3224   -0.684783    0.919559    0.402446 -0.00173724     1.15449    0.512081     1.07528    0.453136       0.813    -0.68176   -0.199608     0.88779     0.96856   -0.602856    -1.33302   -0.760419  -0.0367971    0.847156    -1.49345    0.259628    -1.29587    -0.32439    0.104383    0.217719     0.54115   -0.884106    0.820249   0.0312235   -0.412884   -0.473263    -1.51012    -1.70832   -0.568687     -1.0022    0.403057    -2.11892    0.579763
   0.268198     1.27677    0.489802     0.52787   -0.171973   -0.349251   -0.391242   -0.364251   -0.284357    -1.62499   -0.182297    0.545629    0.232039    0.229438    0.928484  -0.0547203    -0.11271    0.447422   -0.518039    0.709821    0.012672    0.657533   0.0112936    -2.96967    0.299424    0.578884     0.51349     1.94294  -0.0324297  0.00146398    0.475675    0.341568   -0.154467   -0.480568    0.220036    0.515327    0.515957   -0.513138   -0.957858   -0.327912    0.633171    0.896547     1.22552     1.19966     0.32585   0.0852048    -1.10843  -0.0105247    0.892776    0.846841
 -0.0451059  -0.0452094   0.0791823    0.210001   -0.491301   -0.216867    -0.11833    -0.11302   0.0365563   -0.194686    0.127744   -0.528503   -0.243045   -0.338781    0.126124    0.117302    0.342594    0.297514   -0.080021  -0.0326851   0.0241628   -0.121353   -0.315831   -0.311266    0.427362   -0.144466    -0.34678   -0.667021    0.243069    0.095222   -0.191873   -0.343238    0.232113 -0.00815956   -0.408789  -0.0235796  -0.0638462  -0.0508521   -0.102821    -0.15577    0.322997  -0.0247162  -0.0385823   -0.602721   -0.351306  -0.0535439   -0.268241   0.0112098   -0.732931   0.0209473
  -0.332316
  -0.550065
   -0.81009
   0.661201
  -0.693491
   -1.10272
  -0.448982
   0.419359
   -2.79326
    0.36751
   -1.79935
   0.802609
   -1.38852
    0.81126
   0.214373
 -0.0903171
   -1.56941
  0.0963541
 -0.0930887
  -0.264378
   0.862125
  -0.321328
   -2.88556
   -1.46158
   0.374542
  -0.626707
  -0.818427
   0.347057
   -0.18137
  -0.398298
     0.4801
   0.890585
 -0.0222715
-0.00667833
  -0.610067
 -0.0677629
   0.904923
  -0.236807
    1.22364
   -1.51431
    1.33386
  -0.124712
   -1.62342
  -0.718418
  -0.062415
   -1.34315
  -0.544594
 -0.0594389
  -0.820465
   -1.14823
1
4
50 10
  -0.114411   -0.145766     0.31968    -1.53361    0.461437   -0.947436   -0.104781    -1.73302   -0.127114   -0.296126    0.299933    0.485271    0.238159    0.652885    0.918252    -1.11915     0.27973     1.16621    0.588488    -1.77941    -4.12978    0.861345    0.108187    -2.48768     1.24654      1.4899    -1.37359    -2.41541   -0.593691    0.514659   -0.959288    0.112671    0.887621     1.55737    0.075487  -0.0181172   -0.579161   0.0334127    0.570327     2.73274    0.850282    0.144773      1.4044  -0.0366841     1.01684    -3.02567   0.0271943     -7.1215    0.216679   -0.657154
  -0.131514     2.04286    0.378033    0.497257 8.85783e-05    0.156169    0.307031  -0.0206776   0.0990015 -0.00813332    -4.84399    0.883418 -0.00284071   -0.441445    0.352299    0.370863    0.758428     1.54487    0.890679    -1.98371     2.28349    -1.26367    0.147324    -1.14637    0.145313   -0.425001    0.588873     1.06979     2.23438    -1.62796    0.489945   0.0496156   -0.596729   -0.549565   -0.364289   -0.186787    0.497308    -0.24916     1.40504     1.74148    -9.97104    0.825261   -0.556812     0.31964     1.70075   -0.785053     0.16595    0.945164    -1.16695   -0.756613
  -0.546396    -1.13117    -2.66546    0.288576    -0.44937    0.147756     1.85691     1.99004   -0.146852    -1.99284     1.28201    -1.08131    0.224118     1.22397    -7.42913  -0.0658283    0.977214     1.03676     -5.2521     1.31537    0.105191     2.19103   -0.211931    -1.59535   0.0671223     -1.5768     1.24191    0.491593     -1.4896    -1.08171     1.30927     1.26258      4.6632    -1.21273   -0.595944  -0.0171382   -0.478888    -1.13038    0.681899    0.133387    0.653584   -0.107193    0.827833    -0.42263   -0.802582      1.5532   -0.611765    0.738652     -1.2276   0.0203092
  -0.123214    0.728111    0.799017    0.389044    0.255914   -0.945241     1.33183  -0.0635623   0.0381145      1.9472    0.101246     1.25224   -0.529349    0.309967     1.32667     1.76991    0.789239     1.41526   -0.187349     1.53795    0.905183    0.174397    -0.14143     1.05565    -6.24502     1.24063    -1.06341    0.573735     0.51213    0.475102   -0.485485    0.990659    0.484929    0.262535   0.0997703    0.148385    0.168458    0.307107     1.33575    0.176849     1.32539    -5.95444    -3.11292   0.0332115   -0.263816    0.131897    -0.33241    0.445857     3.07392    0.497581
  -0.424235     2.78375    0.806378     2.00951    0.529702     1.50793    0.661123    0.278957    0.276747     0.14062    0.201975    0.688637    0.911605    0.313588     1.68433    -1.34101    -6.46814    0.241545   -0.246956    0.210311   0.0842137    0.303049    0.129503     2.26444   -0.114022    0.943397    -0.14684    0.702375   -0.225685  -0.0985403   -0.721219    -8.45583   -0.907297    0.225091   0.0224537    0.446948   -0.841198    0.615064     1.81234    0.162877    0.549296       2.142    0.298055   0.0550345    0.461356     1.50563    0.328747  -0.0253284    0.622051    0.817773
  -0.032604     1.54083    0.445116     1.64336   -0.231012    -1.43802    -6.13774    0.621027    0.463284   -0.613591     1.02878   -0.934682   0.0821663     1.67288     0.25361    -1.31052     1.19971    0.938738    0.931636   -0.112435    -0.63929     0.71856   0.0324796     2.00825     3.12023     0.17943   -0.088819   -0.173769     0.16454   -0.879883    -0.67175     1.05586   -0.085006     0.82651    0.184116  -0.0811306    0.841805    0.141759  -0.0557171    -8.41804      1.8202   -0.107992   -0.541476    0.133904   -0.196783    0.210689  -0.0475681     1.19482    -0.12934    0.260389
   0.256387    -7.43382    0.397049     1.95843   -0.795486     1.07546    -1.01767     1.04697    0.193067   -0.221057    0.440204     1.05058    0.272664    -3.81565   -0.966979    0.138253     1.60382   0.0112647     2.58484     1.02432  -0.0620051    0.248353   0.0982406    0.542083   -0.325658   -0.192693   -0.459859     1.19179    0.993472   0.0644093   -0.892082    0.649419    -6.51301    0.678508    0.087898  -0.0284708    0.945165   -0.111062     0.17158     2.28645     1.59828   -0.251679     1.12473    0.415324    -2.27409    0.645799    0.405723    0.405653   -0.774029   -0.273198
    1.04229   -0.479645   0.0423742     -1.2308    0.614798   -0.323467    0.969883   -0.706232    0.218358     1.71613     1.32383    -1.25503     1.02418    0.916048     2.05508     0.71636       1.356     1.82592    0.192813   0.0284063   0.0472603    -3.24742    0.156699    -1.43116    0.475708    -1.53594   -0.547607    -1.97115    -3.75622      1.6601     1.62791     2.21026     1.95924    -1.54479    0.182056   0.0372216    -0.23877    0.753082    -6.56401     1.30724    0.631811    0.934891     1.10395   0.0442476   -0.462921     1.90884   -0.776722     1.96622   -0.386806    0.296039
 -0.0841906     1.74489   -0.541758    -3.67775    0.130558     0.65716     1.71207   -0.831517   -0.202649    -0.45633     0.33317    -1.17066    -2.01716    -1.18684     1.58486     1.79905  -0.0496427    -7.65225    0.527773  -0.0350615     1.24798    0.193612   -0.156746  -0.0083564     1.21998    -0.18021     2.21932     1.20487     2.30366    0.897662    0.235053     2.15723     0.40843   -0.373524   0.0666437   -0.242578   -0.526512   -0.884975    0.809316   -0.171631     2.49083     2.13545   -0.943244    -0.33445    0.119546     -1.4342    0.416455     1.49497    0.184466   0.0948852
 -0.0454028    0.170668   0.0839927    0.290473    0.564289    0.180302   -0.138545    0.107531    0.101067  0.00857528  -0.0609722    0.153702   -0.180294   -0.133289    0.016908  -0.0576092    0.112386   -0.260137   -0.107245   0.0915557  -0.0453999    0.419668   0.0737456   0.0302513  -0.0191883    0.123915     0.11094 -0.00745081   -0.146384    -0.11373   0.0993366   0.0756103   -0.077599   -0.119562    0.101112    0.032037   -0.143269   0.0487071   -0.411973  -0.0703854  -0.0886325    0.114286   0.0357974    0.070321    0.040164    0.139573   0.0705632   -0.112945    0.115845  -0.0756196
  3.04295
  1.61906
  0.31862
 -3.36135
  2.15357
 0.221223
  1.65573
-0.449582
 -2.38243
-0.132279
