3 16 0.5 900
1
1
9 50
 -0.297928   0.841621   -1.30004    1.06207    2.02737   0.846007  -0.816445   -0.87415  -0.231538
 -0.179004  -0.276307   0.429954   -3.36701   0.342591   0.139902  0.0401157   0.402624   0.377054
  0.301284   -2.55825   0.261641  -0.152536   0.866133  -0.853873  0.0931745   -0.32481  -0.287736
   1.29952   0.186383   -1.89559   0.964855   0.396333   0.158881  -0.106471    2.55595    1.37458
  -4.02724  0.0370258  -0.871651   0.604247   0.777707  -0.101812  -0.460947  0.0256708  -0.125352
 -0.154616   0.158605  -0.252805    1.36806    -1.1807  -0.599627  0.0840952  -0.110422    2.33905
  -1.42533   -0.74176   0.337768     1.2432   0.999248  -0.327088    2.61363   0.297333    -2.9756
   1.07203   -1.63923  -0.354849  0.0371089  -0.563618  -0.598146   0.590553    -0.5212   -1.81818
   1.03617    1.09486 -0.0155561    1.22403  0.0212396   0.356935  -0.306568    -2.2065   -1.40918
  -1.90705  -0.950031   -2.41611    2.29269   -1.38944  0.0122211  -0.355101   0.956089    -1.4034
   3.28922    1.62291  -0.384963  -0.184603   0.345873    -1.9845   0.389294   -1.05058   -0.27864
 -0.865989    1.07345   0.640692  -0.576899    1.73961   -1.21854   0.447327   -1.62861   0.191625
  -1.93488   0.873321   -0.64188   0.789683    1.21463    1.13759  -0.743535 -0.0199856   0.870159
  -1.50585  -0.212882  0.0435571   -1.10507   -1.11605  -0.483429    2.69541    0.24077  -0.667573
    2.3573  0.0981643    1.13703   -1.43415    -0.9086   -1.37319    2.27617   -1.21473     1.2889
  0.592703  -0.839462   0.302698   0.778348   0.023928   0.134378   0.118702    2.09644  -0.327823
  0.776526   -1.32077  -0.379905   0.362048  -0.807346   0.723065  -0.702192   -1.28607    3.79535
  0.791891   -1.52385   0.436982   0.629494   0.797259    1.35998   0.220377   -3.58962  -0.748387
 0.0418982  -0.476954    4.78465   0.537083  -0.548532   -1.03126   0.174094  -0.139585  -0.240327
  0.363711  -0.804916   -0.20973     -1.048  0.0976483    5.10701  -0.165647  -0.329975  -0.666257
  0.859245   0.469763   -2.10421   0.185537  0.0492026  -0.154746   0.335915 -0.0552348  -0.787684
  0.907331    -1.2736   0.925019   -1.31065  -0.178443  -0.330818 -0.0405104    1.94079 -0.0422825
 -0.598641 -0.0150734   0.366529   0.651916   -3.50076     0.1978   0.776628    1.13328   0.601961
 -0.511407    -1.3302   -1.12958    4.58483  -0.388242  -0.888295   -0.52557   -1.43398  0.0300144
  0.749983   -3.51698  -0.780415   0.650265  -0.166748   0.209726  -0.484491    1.02197  -0.437465
   1.53799  -0.490324   -1.32932  -0.610238   0.619463    1.57522  -0.154343  -0.451033   0.362711
  -1.04344   0.460706  -0.302727  -0.856716  -0.379248  -0.189097     3.3472  -0.540094   -1.09664
  -0.95827   0.731925    1.23331   -3.07313  -0.456743   0.743556    0.51114  -0.655857   0.478162
 -0.404383    -3.5479   0.113793   0.884114   0.258217   0.624952    1.34472   0.479346    1.11356
 0.0329279   -3.27391   0.954367   0.876042     1.2646   0.332618    1.08428   -2.49052    1.44601
  0.878297   0.974604  -0.574993  -0.173316   0.525068  -0.378777   -3.25026   0.582196  -0.149078
  -1.31612  0.0818689   -2.93037    0.67604   0.154324   0.594696   0.191798   0.779294   -1.13423
  0.370661   -2.07803  -0.421665    1.15612    0.68392    0.82746  -0.587429  -0.162878    0.38063
  -1.80518   -1.08851   -1.08452   -0.36959   -1.10466    4.32115   -2.14783   -1.00452  -0.245275
  0.178066   0.190096   -1.17835  -0.250307    2.69126   -2.33361    1.23521    1.38791   0.778892
  0.687671  0.0577963   -2.32774   0.568398    1.54887 0.00407057   0.433557  -0.690495    1.03222
  0.378865   0.712612    2.75672   0.665032    1.06653  0.0309062  -0.990711   0.875702   0.354758
  0.490451 0.00516204   0.724629   0.118006    1.39613   0.625117     -1.992   -3.29135   -0.57606
  -1.13538 -0.0234208    0.31071   0.984397  -0.246749  -0.161074   -1.77832    0.25355  -0.314358
   0.77465  -0.524418  -0.474126   0.193516  -0.162759  -0.618199   0.128917  -0.833601   -3.04967
  0.248147   -1.15087   -1.88379   0.537587  -0.545583   0.810398   -0.57943    1.07953    1.99788
 -0.708885   0.214504    1.51201   -1.10913   -2.09291   0.421372    1.76738    0.77179   -1.03881
 -0.287161  -0.545066  -0.326487   -1.77618    2.53762   0.270871  -0.998911    0.13138    1.94753
  -1.78085   -1.20275    2.03917  -0.916884   0.720007    1.42098   0.468851   -1.27171   0.923593
 -0.903513    1.00506  -0.183659   0.384521 -0.0806321   -1.85862    1.00661   0.344879    2.98987
  -0.77135    1.54723    1.65961   -1.01411   -2.23823  -0.390884   -2.00244   -1.17698    -1.2769
  -1.37487  -0.623525    2.29469    1.23938   -1.04838  -0.534034   0.145983   -0.70634   -1.20285
  0.472349   0.713833  -0.357844  -0.103312   -0.17301   0.601685   -1.02939   0.258751   -3.11994
  -1.64975   0.898238  -0.195413  -0.879502    2.43452 -0.0693833   0.822679    2.18183  -0.467572
  0.349741   0.717242  -0.436337   -2.10564  -0.851445  -0.361865   -1.35445    1.69656   0.109829
  0.779149
  -1.10364
   0.57724
 -0.465025
   1.65577
 -0.206056
 -0.433677
  0.616519
 -0.383133
  -1.47308
 -0.153839
  0.952852
  -0.69506
  -1.84906
 -0.996961
  -2.37883
  -1.67108
 -0.585184
   2.14145
   2.02351
  -1.43848
  0.799152
  -1.69616
  -2.13457
  -1.25148
 -0.638826
  0.760943
  -0.10353
 -0.455652
 -0.424987
  0.737997
  0.502831
  -1.02577
   -1.1278
 -0.424172
  0.979348
  0.944956
  -1.44343
  -1.05837
  0.615217
  -1.16569
 -0.537382
-0.0242764
 -0.634819
   0.31809
  0.328637
  -1.61983
  -1.71492
  -1.82479
 -0.410983
1
1
50 50
    -0.61815    -0.299645      -0.3664     -0.58203    -0.339083     -0.18438    -0.217914   -0.0554446    -0.107412     0.261564    -0.436743    -0.298009   -0.0282799    -0.180665     0.107468    -0.224792     0.523853    -0.202177     0.199332    -0.399768   -0.0885249      0.22294     0.724031   0.00954606     0.176527    -0.137422     -0.47993    -0.286655    -0.224996     0.120134    -0.245573    -0.594053    -0.425306   -0.0990336    -0.521744    -0.723075     0.164022     0.145336    0.0204322    -0.418408    -0.292954    -0.189938    -0.498466   0.00615283     -0.22078       0.1685     0.335711    -0.039689    -0.279067     0.101375
    0.216363    -0.107556    0.0614888    -0.671091    -0.925775     0.312567      1.59944    -0.630398     0.473353    -0.100819    0.0749275    0.0265606    -0.623779      1.91701      1.76864    -0.251198    -0.509351     0.614548     -1.40427     0.960965     0.673198    -0.767567    -0.709893     0.190429    -0.992815     0.509609     0.633132     0.111285   -0.0182236     0.319863     -2.40552     0.276495     -1.25419     -1.22494    -0.304618     0.526799     -2.02545    -0.581684    -0.868763    -0.283353    -0.403843     0.808224     -1.36889     0.467422     0.536572     -2.03989    -0.907774     -1.07662   -0.0967767     -1.08997
    0.199705     -0.69184     0.108081     0.287435     0.172809    -0.112311    -0.572373     0.141735   -0.0852978    -0.103121     0.629351   -0.0711685    -0.504351    -0.471129     0.254016    -0.380825   -0.0574684    -0.540672     -1.52224      1.04668     0.569409    -0.252574     -0.35713    -0.503318    -0.343487     0.478789     0.342984    -0.197077    -0.479719    -0.280975     0.159403     0.618742    -0.457844    -0.309319      -0.3852     0.272733    -0.528936    -0.661928    -0.754734   -0.0733588     0.322357   -0.0891048    -0.339113    -0.346705     0.351572    -0.124692    -0.437328    0.0408542    -0.433349   -0.0447925
    0.367695    -0.731261     -1.23362    -0.644996     0.467063     0.449206     -1.44606     -1.70091    -0.174539     0.186299    -0.507184     -0.14805       1.1871    -0.591314     0.847856    -0.483715      1.44329     -1.64656    -0.376507    -0.364755    -0.558584    -0.945078    -0.415043      1.38893    -0.835771    -0.433095     0.198348   -0.0439344    -0.302398     0.461689     -1.15533    -0.397901      -0.9601    -0.555288     0.434186     0.152561    -0.287137   -0.0631395     0.402522     -2.09318    -0.370251     -1.15289    -0.369174     0.795133     0.729615    -0.151093   -0.0193715     -1.09494     0.195283    -0.933952
   -0.271539    -0.419991     0.283975    -0.192641    -0.233285    -0.434319    -0.296431    -0.243613    -0.279509    -0.335412     0.040922    0.0322679     0.051702    -0.325932    -0.363924    -0.043683   -0.0561818    0.0869035     0.288654    -0.398193    -0.333672     0.214821     -0.10298    -0.208668     0.285579    -0.298221    -0.515997    -0.251164    -0.136846    -0.206569       0.2179    -0.726807     0.160701    -0.192028   -0.0465585    -0.157982     0.195421   -0.0344501     0.466724  -0.00312568    -0.466041     -0.46155     0.113621    -0.238319    -0.132504     0.325016      0.10923     0.209159    -0.512943      0.14956
    0.011004     0.376536     0.243227     0.421815    -0.812442    -0.626654     -1.08236     0.404816     0.031901     -1.17996      0.44423    -0.677345    -0.527194     0.158649     0.341892   -0.0149547   -0.0019925     0.796243    -0.479586     0.207984    -0.237676   -0.0907846     -1.33922    -0.747134     0.514103     0.739316     0.182408      0.75979    -0.225113      0.51749     0.131186   -0.0827895      0.14078       1.2026     -1.45783    -0.416258    -0.319357    -0.149389    -0.565516    0.0605113     0.417781     0.202729     0.445986     0.451402     -1.27296 -0.000807988     -1.01832     0.286493     -1.42424     0.842428
   -0.075164     0.171056     0.292865    -0.373549    -0.146435     0.765162    -0.231636     0.185014    -0.952781    -0.488828      1.22844     0.770302    -0.636363    -0.444225     0.468366    -0.638459    -0.903763     -1.51955      1.75048     -4.30277   -0.0267469     0.251604     -0.77317    0.0513188   -0.0347248      -1.0753    -0.568939     -1.33991    0.0811645    -0.366858    0.0337221     0.100881    0.0600538      -1.1594      1.84291     0.722005     0.753605     -1.05074    -0.251234     0.211303    -0.407611    -0.719972     0.808999     -1.70344      1.35872    -0.271043    0.0694265    -0.763481     -0.37971   0.00266691
   -0.503294     0.525551    -0.093686     0.641973     -1.35993    -0.968486    -0.175062     -0.14839    -0.742037    -0.655974   -0.0147568     -1.25704     -0.26417    -0.165124    -0.308324      1.01929    -0.587784    -0.334225     0.955789     0.970638    -0.569738      0.14443     -0.39569    -0.203321     0.510316     0.298826    0.0831175      -0.4121      0.16086    -0.891249   -0.0265699    -0.601362    0.0381942    -0.411769    -0.101071    -0.695977     0.301179    -0.769294    -0.889917    0.0737245    -0.195141   -0.0634553    -0.289577    -0.615695    -0.485584     -1.29326     -1.09491     0.116739    -0.344134     0.404873
   0.0488785    0.0469681     0.202263    0.0602102    -0.198573    -0.137742    -0.251706    -0.028557     0.134343     -0.27731     0.368604   -0.0829054    -0.193321     0.138496     0.057308     0.185031    -0.116234    0.0606704     0.117726     0.279757   -0.0775555     0.151321    0.0591124   -0.0308008     0.115212    -0.183068     0.154151     0.025788    -0.394854   -0.0848477    0.0940382    -0.205509     0.066684    -0.158244    -0.207539    -0.197778       -0.142    -0.173685    -0.143873     0.232817    -0.369456     -0.20495   0.00487217    -0.164282     0.131598    -0.138398    -0.113158    0.0120484      0.22833    -0.294788
   -0.393638   -0.0785097   -0.0228599    -0.278448      -0.6444    -0.519233    0.0884385    -0.278913   -0.0497905    -0.940192   -0.0546067     0.678411     0.136672     -1.13413     0.183306    -0.346723    -0.494276     -0.84317     0.720526    -0.656645    -0.252956      1.19015     0.291646     -2.91715    -0.288736    -0.704163    -0.418068    -0.487026    -0.454111    -0.329857     0.218557    -0.733847    -0.118131    -0.207473    -0.151092     -1.01333     0.903323     0.618911     0.541499    -0.211287    -0.279163    0.0269072    -0.198628    0.0281393      0.35354     0.734366      0.84167   -0.0280936   -0.0120218     0.552732
    0.352443   -0.0018106     0.951065     0.439763     0.117011    -0.722295     0.519397     0.878606    -0.771102    -0.428794    -0.642591    -0.227054     -1.08705    -0.541417    -0.306891    -0.273606    0.0510141     0.546495      1.46649     0.863894     -0.69343     0.838403     -1.47363    -0.584856      1.97947    -0.105978    -0.360237      -1.0327      1.17619     0.603589    -0.733358     0.180604       1.0211    -0.533437    -0.501332     0.459834     0.905196     -1.01035     -0.55018     0.322968     0.576496    -0.594813     0.322162    -0.432937    -0.398946     -1.21718    -0.443269    -0.363664    -0.846308     -0.32713
   -0.165051     -1.23508      0.20842   -0.0340145     0.621889     0.562276     -2.14101    -0.665366    -0.452717    -0.877618     0.139018     -0.14259   -0.0688549     -1.55277     0.593798     -0.19456     0.765793     -1.19461    -0.233817    -0.918652    -0.685928     0.157667    0.0178708    -0.696844    -0.248535    -0.484251     0.305618     0.498497     0.196997     0.252351     0.103545     -0.51668    -0.391162     0.420971    -0.216191     -0.33453        0.261    0.0931743     0.142264     -1.27842   -0.0886466    -0.376787     0.183448     0.459049     0.503463      1.03105     0.358369    -0.251139     -0.43085     -0.21988
    0.101991    0.0269542     0.523043    0.0250828    -0.202286    -0.513123     0.429023     0.432479     0.457399     0.035027     0.371343    -0.044377    -0.246414   -0.0270985    -0.307546     0.147892    -0.148151   0.00745045     -0.17221     0.192274    0.0622612    -0.299701    -0.596977    -0.472658     0.389684    -0.126752     0.116586    -0.230311    -0.418092    -0.344542      0.32458     0.171714    -0.090807     0.150772    -0.419026    -0.243295    -0.160512     0.083541   -0.0493172     0.156332    -0.328065    0.0661173    -0.396514    -0.146475    -0.541195     0.318936     0.220971     0.665133    -0.326278    0.0483206
    0.307071     -1.36115    -0.972079     0.222328     -0.20593     0.574383      2.01191    0.0183156     0.236545    -0.526118    0.0674101    -0.442474    -0.450762       1.3935     0.697823    -0.252707    -0.479614      0.45504     0.427125       1.3207     0.401682   0.00733124    -0.218574     -0.10991    0.0313593    -0.165913     0.724613    -0.183293     0.392265      0.12317     -1.90474      1.05286    -0.145272     -1.76988     -0.15415      0.47568    -0.513184     -1.92512     -1.51765   0.00522679    -0.130686      1.36008     -1.74565    -0.238869    -0.139363    -0.880279    -0.939911    -0.130215     0.367894     -1.45365
    -1.43066     0.350999     0.837571      -2.0115    -0.218923    -0.586629     0.278308    -0.226612    -0.664238     -1.10348     -1.38962      0.61111     0.393877     -1.26546    -0.893778   -0.0597553     -1.21097     0.305134     0.642894    -0.990376     -1.26654      1.08229     0.186899    -0.582362     0.449548     -1.52309     -1.37986     0.234084   -0.0550179     0.397382     0.620411     -2.07425     0.794447    -0.893084    -0.293298     -2.32615      0.79136      1.52308      1.27533     -0.34549     -1.47267    -0.103774     0.785171     0.635825    -0.505639      1.90594      1.96726       -0.445    -0.651578  -0.00569839
    0.200223    -0.655563     0.292289     0.306767    -0.559185     0.270425     0.226156    -0.535317    -0.620937    -0.407687    -0.238871    -0.175675     0.597648    -0.662402    -0.123587    -0.175897    -0.759312    -0.060023     -0.55993     -1.24061     -0.11206   -0.0323079    -0.737984     -1.28426    -0.267578    -0.472063    -0.271277     0.482667     0.312641     0.364224     0.138944    -0.195172   -0.0351474     0.230366     0.406668     0.291119     0.281484   -0.0170241   0.00221657    -0.105199   -0.0419339    -0.371308     0.643868      0.19983     0.666941     -1.16364    -0.647473      -1.0309     0.949751    -0.270942
     1.03526     0.135499   -0.0158315    -0.136958     0.533585     -1.35196     0.678752    -0.856715     0.127937     -1.14339     0.312761     0.455694     0.611231     -1.77091     -1.44269    0.0455769     -1.14953     0.385663     0.223308      1.32669     -0.57418    -0.476549     -1.02331    -0.920344    -0.157112   -0.0623464     0.390561     -0.49305    -0.382542      0.75849      0.69099     -0.18043     0.327263     -1.13588      1.99641     0.623342     0.868999     0.611389    -0.713794   -0.0160013    -0.881707     -2.05348     0.938006    -0.132799    -0.500898     -2.24995    -0.956859     0.256445      2.09908     -0.86271
 -0.00628503    -0.548732    -0.881341     0.905429     0.583709      1.09212     -1.81156     -1.65235       -0.884    -0.632356    -0.244543   -0.0418229    0.0103321    -0.636668      1.76648    -0.793703      2.90782     -1.11841    -0.272003     0.239569    -0.969367     0.235007     0.457511     0.887836     -1.39891    -0.242391     -0.93354     0.435804      0.31193     0.822086    -0.950863     -1.04507    -0.488781    -0.584932     0.551405     0.555112   -0.0269849     -1.19531    -0.069148     -2.78411      1.15588    -0.923737     0.925628      0.52426      1.29902    -0.841515    -0.178046     -1.81984    -0.490004    -0.819977
    0.119092   -0.0512001   -0.0964908     0.725637    0.0458492    -0.396244     -1.05304    -0.379909   -0.0180418     0.826081     0.943385    -0.578731   -0.0443079    -0.171303     -0.41316    -0.195607     0.305634    -0.492825     -3.04904     0.286895      1.14396    -0.616922  -0.00512345     0.503739     -0.18569     0.743445     0.757354     -1.02281    -0.602142    -0.173459      0.95257     0.793546    -0.671532    0.0326375     0.571905     0.434145     -1.72424     -0.15244    -0.542788   -0.0505956     0.467226     -1.35565    -0.134308    -0.896614    0.0710047    -0.946845     -1.08176   -0.0740274     0.318631     0.159364
    0.430001     -1.12597     -1.22124      -0.7777    -0.211415     0.078552      -0.7367     -1.27151    -0.176638     0.306137    -0.121862     0.146088     0.819104    -0.630904   -0.0740328    -0.367856    -0.313976     -1.45175    -0.291418   -0.0994117    -0.191719    -0.648028    -0.342729    -0.566612    -0.749202    -0.246695     0.875636     0.316367     -1.19134     -0.58402      -1.0083     0.338689     -0.95567      0.15614  -0.00762708     0.533097     -0.13095    -0.502787    -0.582083    -0.881393     -0.28414   -0.0399592    -0.601086     0.109471      0.67667     0.199015    -0.543336    -0.793699     0.941166    -0.758613
  -0.0899087    -0.881544     -0.65473    -0.706365     0.242698     0.709479     0.720832     -1.28791    -0.613922      0.31452     -1.65853  -0.00280695     0.867749     0.450265    -0.252817    -0.614713    -0.928506    -0.727987    -0.693993    0.0439971   -0.0943679    -0.710026     0.718002   0.00662457     -2.37865    -0.788962    -0.414169     0.523219      1.01779     0.257414    -0.525997    -0.276674    -0.849587    -0.121147    0.0945873    -0.855075    -0.263117     -0.63545     0.278478    -0.366647    -0.677723      0.12062    -0.448415     0.579636      1.45691    -0.472474      0.50965     -1.12194      1.49547     -1.16229
      -1.225     0.512071     0.184443       1.2055    -0.507369    -0.843893    -0.166861      0.14294     -1.34199    0.0343506    -0.782017     -1.17107    -0.290239    -0.608144    -0.736866      1.47654    -0.419855     -1.03574      1.17094    -0.034576    -0.598995     0.614154       0.3487     -0.54487     0.652976    -0.684239    -0.477102    -0.482926     0.533487     -1.17882    -0.148031    -0.269996     0.178258    -0.705691     0.477655    -0.769069     0.750667     -1.19857   -0.0220598     0.114202     0.380056    -0.121425   -0.0351104     -0.67449     -1.00056    -0.782682    -0.598351     0.265269     0.417416     0.726156
   0.0521802    -0.196307   -0.0628573    0.0270129    -0.187321    -0.206964    -0.446304    0.0971499    -0.190908     0.076952    -0.146674    0.0638469     -0.13496    0.0899083   -0.0278559     0.131706 -0.000659298     0.338276    -0.232455     0.113023   -0.0190922   -0.0924292    0.0946065    -0.135947    -0.022898      0.19167     0.181804    0.0460906     0.216463   -0.0991535    0.0579481     0.143216    -0.150609    -0.212106  -0.00262312    -0.212283    -0.186217    -0.167152      0.24274     0.139408   -0.0452653    0.0154284    0.0695509   0.00680255   -0.0950538   -0.0439864     0.113826    -0.203929   -0.0342326    -0.212372
    -1.66004     0.694281     0.187659     0.539289     -1.87763    -0.867024   -0.0192315    -0.157993    -0.446829     -1.18573     0.278413      -1.2278    -0.910299    -0.764918    -0.193479       1.2765    -0.636924    -0.551724    0.0861119    0.0189656    -0.158714     0.570119    0.0399304    -0.971754     0.269852    -0.565816    -0.962708     -0.11396    0.0439827    -0.825516     0.607853     -1.99291     0.549856    -0.933352    -0.610972     -1.60822     0.255657    -0.315141   -0.0993827     0.470353    -0.259118       0.5127    -0.025203    -0.894506    -0.697982     0.880412     0.181326   -0.0322845     -1.00337     0.612531
   -0.308326      2.98673    0.0534225    -0.434306   -0.0771378     -1.36025     -1.03194    -0.466323     -1.23479      -2.0791     0.153515     0.247976     -1.21683     0.562581     0.818732    -0.916431    -0.627163   -0.0660235   -0.0464901      3.40372   -0.0458331    -0.138137     -1.33101     -1.83329    -0.683489     0.842608    -0.206619      1.14126    -0.615338     -0.73824    -0.446455    -0.347619    -0.946595     -1.91338      0.67606     0.125958    -0.514837     -1.02519      -1.2911    -0.485843    -0.279499     0.541038     0.680854      0.86719 -0.000493862    -0.462962     -1.63653     -0.42427     0.274696      1.30714
    -0.84376     0.648037    0.0671314     0.200496    -0.237023     -0.67062  -0.00465769    -0.403626    -0.716008    -0.483932    -0.717536    -0.522259     0.032867    -0.690961    -0.628762     0.760541    -0.358613     -1.27262     0.230877     -1.14449    -0.375343     0.331334     0.369866    -0.934534     0.449994     -1.19984     -0.63158    -0.352715     0.301207    -0.330745     0.172187     -1.05854     0.646299    -0.539853     0.421406    -0.885943   -0.0430077    -0.281554     0.759105   -0.0175302   -0.0852105    0.0602246     0.235499    -0.030618    -0.428601      0.51159      1.34229   -0.0361025     0.184293      0.39632
    -0.19591    -0.132304    -0.343796    -0.434594    0.0492327      1.19387      0.36112    -0.533132     0.299137      1.13096    -0.899628      -0.5673     0.480374     0.632139     -1.04792    -0.397884     -1.30332     0.690261    -0.257672     -1.04156     0.189539     -1.25791     0.694817      1.42655    -0.504536    -0.310171    -0.303732    -0.640784     0.714171     0.209911     -1.07417     0.252529     0.370227     0.378718    -0.186024      0.59204    -0.598403     0.395151     0.229599     0.381773   -0.0549277    -0.133262    -0.290427     0.492692      1.28188    -0.217846    -0.209146     -1.88685    -0.299506     -1.17723
     1.25779    -0.802812    -0.383565     -1.12305     0.915149      1.32382     -0.73897     -1.08014    -0.386893     0.158438    -0.927422     0.639976      1.78773    -0.521981    -0.737553    -0.533357    -0.321846    -0.804863     0.492152     0.728532       -1.065    -0.694437   -0.0925228    -0.482593     -2.12059    -0.645891      1.09599    0.0769499    -0.352114     0.355924    -0.304756     0.822639    -0.670269     0.928487    -0.641807     0.243237     0.510009    -0.355679     0.430409     -1.13513    -0.443832   0.00453027     0.365712      1.39637      2.43476  -0.00871188     0.227345     -2.07084     0.259735     -1.20853
    0.322416    -0.838098     0.261437    -0.865794    -0.294718      1.29265     -1.00669    -0.184806      1.03466    -0.631875     0.393759      0.64276    -0.161689    -0.351252     0.163946    -0.594373     0.207716      1.21507     -0.96201    -0.287988     0.112531     -1.20048    -0.707818     0.301653     -0.96293     0.259995    -0.586813     0.802587   -0.0915668      1.24182   -0.0802535    -0.485636    -0.106924     0.299105    -0.891272     0.552545    -0.696597      1.66228    -0.126942      0.39545    -0.507452    -0.664426    0.0985456     0.813956     0.915422     0.191421 -0.000868654     -1.14783     -1.35811    -0.892293
    -1.14724     0.227222     0.206586      -1.0198     0.316956    -0.571521     0.391541     0.318753    -0.685227    0.0199052      -1.3478    0.0781616   -0.0209054    -0.366549    -0.385832    -0.482137     0.143135     0.936646    -0.543971      -1.0029    -0.239652     0.720042      1.14338    -0.759824     0.911275    -0.317415    -0.539632    -0.542374      0.38518      1.40033    -0.628733    -0.551692     0.599566    -0.614078    -0.330982    -0.836574    0.0932471     0.246117    0.0189149    -0.456693   -0.0791022    -0.268607    -0.398722     0.476941    -0.857211    -0.654827     0.825006    -0.110037    -0.040503    -0.404605
   -0.826771    -0.670343    -0.339389     -0.14144    -0.455234     0.265467     -1.18285    -0.383318    -0.531926     0.377882    -0.302331    -0.247119    0.0465446    -0.739607    -0.627479    -0.406066     0.509437    -0.248614     0.403559    -0.651016    -0.200311     0.392869      1.15468    0.0389053    0.0437866    -0.152212     -0.91528    -0.769322    -0.198984    -0.535015     0.149657     -0.20163   -0.0205672      0.58621    -0.319918    -0.502243     0.414149    -0.479863     0.214043     -0.58401      0.40533    -0.580875     -0.15539     -0.64615    -0.118567   -0.0412763    -0.272829   -0.0986219    -0.711754   -0.0512104
    -1.89627     -1.01149    -0.797392    -0.215051     -1.23497      1.63781    -0.821044    -0.222061     0.227975     0.811901     0.270351     -1.05649    -0.724122       1.0034     0.888733     0.133988     0.297622    -0.936366    -0.130054    0.0242711     0.149642     0.782915      2.77662    -0.255043    -0.675833    0.0263477     0.142456      0.29484     0.256217     -1.08546    -0.766124    -0.784854    -0.320382     0.958271     -2.75345     -1.13343    -0.397651     -1.17042    -0.410016    -0.361769     0.600457      1.60534     -2.29058     0.060662      1.01785      1.26774   -0.0100595     -1.00673     -1.92732   -0.0221562
    0.381535     0.171598     -1.02011     0.595457     0.140563    -0.824655     -1.58187    -0.764026    -0.329912     0.393509     -0.87901    -0.188627      0.99334        -2.47     -2.61554    -0.430901      0.59024    -0.207928      2.25252    -0.154461     -1.09794     0.791644      0.35879    -0.686452     0.638171    -0.253865     -2.82689      -1.4715     -1.12437     -1.45587      1.94011     -0.21249     0.693294     0.916673    -0.247717     0.033303      1.78969     0.546977     0.701133     -1.07748     0.290602     -1.42662     0.222369     -1.28748      -1.4424     0.418329    -0.906214     0.698159    -0.414512     0.439395
   -0.842162     0.387692     0.115585     0.162371     0.133065    -0.280539     0.692162    0.0578588    -0.815981    -0.494865    -0.949185    -0.224862    -0.574283    -0.131395    -0.249405     0.392764    -0.575543    -0.952985    -0.588366    -0.122442    -0.509706     0.190938     0.564218    -0.697535   -0.0642047     -1.13788    -0.369597    0.0312052     0.612573     -0.40156    -0.178012    -0.718008     0.243308     -0.94592     0.473895     -1.07422    -0.470676    -0.995258     0.494605     0.216746      -0.5545     0.523506    -0.315703    -0.272647    -0.747669     0.473802      0.65807   -0.0106316     0.276127     0.198511
   -0.280886   -0.0270855    -0.370872    -0.110647  -0.00794693    -0.104225   -0.0910863    -0.113139     0.174387    -0.169013    0.0791137    -0.318188    0.0939723     0.164997    0.0114161   -0.0873061  -0.00480827    -0.398103    -0.465913  -0.00785942     0.113716    -0.190617   -0.0618797    -0.293634    -0.244196   -0.0468061    0.0143606    -0.133429    -0.486384    -0.395615     0.229228    -0.317386    -0.147866    -0.138333   -0.0701413     -0.12846    -0.374256   -0.0892175    -0.024882    0.0384857    -0.261231    -0.362165    0.0459245    0.0760809     0.144531    0.0125739    -0.257641     -0.22613    0.0257003    -0.257869
  -0.0322691   -0.0107489   -0.0969944    -0.270935    -0.523641    -0.120153    -0.311076    -0.274521    -0.323115    -0.280022    -0.199003    -0.324764   -0.0744216    -0.166462    -0.121551    0.0434081    0.0913786     -0.35914    -0.107084    -0.312932   -0.0675272    0.0668598    -0.276753    0.0193712    0.0241651    -0.250382  -0.00369613    -0.058628    -0.289657    -0.124675    0.0657763    0.0797704   -0.0495239 -0.000783523    -0.215557    -0.152161    0.0791847  -0.00985039   -0.0746878     0.024659     -0.33305     0.129356    -0.251833    -0.199967    -0.174495    -0.234683    -0.180991   -0.0731915   -0.0410066    0.0217046
   -0.936383     0.503816    -0.103224     -1.00503     -1.89569    -0.407869     0.183197   -0.0332673  -0.00251588     -1.68919     0.724054     0.326676    -0.499459    -0.890382     0.611482    -0.312556    -0.772456     0.185558     0.431376     0.682174    -0.201059     0.728449     0.196296    -0.933091    -0.208547   -0.0698993     0.643577     0.167326    -0.258672     0.617005     0.163477     -1.50705    -0.246205    -0.804292   -0.0685313     -1.04251     0.160914     0.780614    -0.713811   -0.0863666     -1.26765     0.591557    -0.256507  -0.00509196    -0.146114     0.566328    -0.238954     0.131053    -0.453554  -0.00112767
   -0.104579    0.0730823   -0.0459998    -0.357337    -0.377015    -0.428661     0.161216   -0.0829308     0.226545    -0.149821  -0.00355104   -0.0204356     -0.12302    -0.532188    -0.275893    -0.151122    -0.378581   -0.0371148   -0.0933819     0.028155   -0.0452066     0.211409   -0.0764667    -0.745097     0.208901    -0.527473    -0.119123    -0.380168    -0.293371   -0.0191247     0.327182    -0.625697    -0.133824    -0.250965    -0.206897    -0.338633     0.125948     0.544354     0.147987     0.060035     -0.37767    0.0581446    -0.527016    -0.198548    -0.697784     0.646648      0.29275     0.392499    -0.271055    0.0714531
    -1.29649     0.611062    0.0544216      1.64345    -0.191745    -0.445337    -0.391848   -0.0910358     -1.40375     0.685733    -0.913506     -1.50226    -0.349649    -0.016878      -1.2353       1.8976     -1.05161     -2.26625     0.332488    -0.944244    -0.257371       0.2984     0.495382      -1.2034     0.415583    -0.785372    -0.113761    -0.506959     0.721752     -2.38957     0.576716   -0.0837454    0.0225284     0.396209     0.246267    -0.999903    0.0445641     -2.42708     0.433302     0.173699     0.853904      0.31758     0.115443    -0.852055    -0.584057    -0.168476    -0.079768    0.0495333      1.02255      1.30532
    0.299388      0.05677   -0.0663273     0.256745     0.122798    -0.709348    0.0146584      0.36132     0.449759    -0.640179      -1.9072     -1.09815     -0.77708     0.702475     -1.28904     0.291015    -0.574783      1.65297     -1.96812     0.234197     0.154053     -0.63244    -0.700216     -1.02009    -0.366761     0.902709   -0.0641964      1.64391     0.390837    -0.102105    -0.474244     0.350919   -0.0459892      4.00216     -2.80466    0.0953937     -1.06908     0.127324    -0.406981     0.110033     0.709132     0.764234     0.323243      1.36198     -1.43868    0.0157247    -0.302399     0.864582    -0.728874      0.23044
    0.596883    -0.474727     -2.33282     -1.20298     0.814639     0.918326     -1.22422     -1.78288      1.58621      0.46032      1.43266     0.679232     0.894509     0.136994      0.44621    -0.609281     -1.50487     -1.30412     -1.63915    -0.621075     0.931934    -0.840461    -0.305546    -0.293007     -1.28767     0.506573     -0.10144     0.880494     -3.45258     -2.76425     0.785113     0.408188     -1.74042     0.630088    -0.852224     0.379066    -0.335196    0.0583893     0.400553    -0.214788     -1.44256     0.373053     -1.03298     -0.78254      1.20297      1.43238    -0.189474    -0.938258     0.103007    -0.384016
    -0.12959     -1.15336     -0.48154    -0.505598      -0.1623     0.756754   -0.0905299    -0.365897     0.669667      1.49617   -0.0595596    -0.214238     0.947432    -0.406353    -0.631796     0.404022    -0.102304     0.277644     -1.02432     -1.23359     0.408824    -0.434991     0.646387      3.09049     0.473639    -0.341493    -0.578087    -0.851338    0.0384969     0.384981    0.0553159     -0.35442     0.696558    -0.424638   -0.0155291    -0.718941     -0.37583     0.676691     0.788309    -0.288378     -0.38867     -1.05052    -0.826387    -0.339722   -0.0884645     0.227926     0.778706    -0.224358     -1.59423    -0.527686
  -0.0504506      1.53167     0.277338    -0.316258     0.590176     -1.73701    -0.525967     0.502168    -0.947887     -1.06228      -1.0291    -0.188445    -0.951996     0.796628    -0.132227    -0.546704     -0.81304     0.348111    -0.262832     0.445012    -0.370629    -0.184889    -0.918827    -0.442453     0.443657    -0.284636     0.110396     0.358849    -0.412183   -0.0920485    -0.315441    0.0726016    -0.301975    0.0815743    0.0542086    -0.285424    -0.695766    -0.438865    -0.483612    -0.145209    -0.749757    -0.162014     0.550008     0.144356     -1.04473    -0.101132     -1.25416     0.806586     0.207645      1.09343
    -0.11835   -0.0905859      0.11285    -0.208557    -0.203587    -0.103581    -0.278998    -0.313191   -0.0143646   -0.0668934     0.023505    -0.182358  -0.00319104    -0.199815    0.0311756     0.101395     0.116921    0.0553702    -0.272564    0.0620158    -0.188096     -0.11085    0.0579329    -0.318038    -0.233152      -0.1126      0.23704   -0.0710189   -0.0289144   -0.0385785     0.139022    -0.136321    -0.127608    -0.166982      -0.1924    -0.312967    -0.365594   -0.0884845    -0.089219    -0.331604    0.0215187    -0.207558    -0.104308  -0.00541918   -0.0702406    -0.149163    0.0266229   -0.0797523    -0.153532    -0.180023
   -0.451846    -0.230784   -0.0361212    -0.133794    -0.626741     0.167443       1.0808     0.388839     0.182776    -0.712154     0.209185  -0.00668946     -1.08714     0.773603     0.614181    -0.075512   -0.0602028     0.472176     -1.07157     0.219085     0.515296    -0.667471     0.420075    -0.528378    -0.894409     0.358365    -0.152805      0.11188    -0.020411     0.406542     -1.28843   -0.0755313     -1.04057    -0.112891    -0.395019    -0.220727     -1.16979     0.281362    -0.422291    0.0802341    -0.254073      0.31908    -0.422219      0.29335    -0.302861    -0.840497     -0.31842     -0.21467    -0.128511    -0.498174
   -0.329206     0.414233    -0.254342     0.641293     -1.82984    -0.890226      0.36694     0.227838     0.472076     -1.37203     0.850423     -1.18152    -0.798846     0.116238    0.0259526     0.725498    -0.455328     0.953021   -0.0617977     0.318076    0.0648728     0.109709    -0.614447    -0.289564      1.05011     0.596271    0.0483517     -0.78251     0.167703     0.289331    -0.291842    -0.144167     0.582674    -0.015608    -0.532954     -0.59943    -0.413146    0.0584433    -0.621084     0.371295    -0.226081     0.140088    -0.698932    -0.774789     -1.34808    -0.616018    -0.794577     0.732826     -1.20229     0.635409
   -0.168275     0.199439     0.060854    -0.391584    -0.153085    -0.121207    -0.157294     -0.25071    0.0737705      -0.2062   0.00746863     0.131316    -0.144295    -0.199747    -0.226914    -0.039785    -0.143069    0.0454189    -0.275483    0.0536344   -0.0820671    -0.539811    -0.190379     0.114638    -0.100896     0.256774    0.0472626     0.349035     0.182541    -0.234609    0.0389674   -0.0841583    -0.220628   -0.0137164    -0.311892   -0.0808892    -0.264405     0.261406    -0.208647    0.0792311    -0.261389    0.0152616     0.112456    0.0446327     0.342877  -0.00227598    -0.148676    -0.297498    -0.679854     -0.10018
  -0.0214045     0.234148     0.552171      1.38445     -3.55806    -0.923866     -1.22236     0.503669      1.26746      -1.7017      2.44731    -0.914815       -1.181    -0.702261     0.958383     0.390463    0.0382236     0.907322     0.226679      1.17682     0.582784     0.593811    -0.582966    -0.334915     0.796426      1.11453    -0.593909     -1.42056    -0.843578     -0.17624      0.86225     -1.25577     0.223916     -1.01701    -0.239227     0.219592    0.0741275     0.305837     -0.94025     0.593764     0.230105    -0.408415    -0.435253     -1.69729      -1.4622    -0.672933     -1.12908     0.278845     -2.05824     0.670248
     0.46762      1.26966     0.545178     0.591236    -0.151438    -0.527063    -0.314895    -0.326436     -0.21517     -1.80344   -0.0115839     0.690525     0.283365    0.0118463     0.829276    0.0419661   -0.0727224     0.498855    -0.426552     0.772764    0.0183438     0.624066    -0.250109     -2.87144     0.376014     0.546217     0.452235      1.80359    -0.161176    -0.137691     0.615871     0.345039   -0.0792164    -0.389809     0.414931     0.741963     0.640065    -0.520595    -0.871162    -0.318986     0.571375     0.650354      1.33177      1.09441     0.157086    0.0569525     -1.14505     0.234219      1.01792     0.832067
  -0.0264659   -0.0148202    0.0588778     0.264226    -0.494688    -0.227245   -0.0815999   -0.0613387    0.0504086    -0.182027     0.221977    -0.466702    -0.253878    -0.364049     0.165438     0.143626     0.310179     0.268327   -0.0146014    0.0478069    0.0615697     -0.11734    -0.242279    -0.351457     0.372223    -0.104049    -0.256807     -0.65075     0.189676    0.0251002    -0.133524    -0.299445     0.184575   0.00926855    -0.372236    0.0286806    -0.014651    -0.103215    -0.130129   -0.0916478     0.319345    0.0430049   -0.0755928    -0.629726    -0.334908   -0.0409527    -0.253619    0.0984663    -0.673642    0.0947914
  -0.29271
  -0.51386
 -0.857186
   0.90592
 -0.637537
  -1.07914
 -0.553105
  0.514621
  -2.79346
  0.292443
  -1.65708
     1.001
   -1.3522
  0.851946
   0.32756
 0.0616411
  -1.62177
 0.0727826
  -0.06091
 -0.415107
  0.827502
 -0.346106
  -2.87833
   -1.3079
  0.456342
 -0.593766
 -0.606133
  0.306235
-0.0533336
 -0.344822
  0.649551
  0.845587
  -0.02239
 0.0050144
 -0.588558
-0.0363245
   1.09737
 -0.219249
   1.12491
  -1.37082
   1.54923
 0.0481916
  -1.77696
 -0.713715
-0.0545579
  -1.30161
  -0.50923
-0.0182401
 -0.777801
  -1.08444
1
4
50 10
   -0.110778    -0.304683    0.0239738     -1.44904     0.484379     -1.04052    -0.251908     -1.66525    -0.124986     -0.47646     0.445101     0.682572    0.0898369     0.886181     0.850999    -0.924395   -0.0416355      1.09293     0.193979     -1.59871     -3.53067       1.0227     0.106989     -2.37656     0.998509      1.57896     -1.44807     -3.35416    -0.716005     0.567415    -0.753634     0.249555       1.1667      1.34982     0.076837  -0.00271225    -0.496603    0.0251424     0.933303      2.54272      1.14608     0.484304      1.12415   -0.0334327     0.979838     -2.79629    0.0364618      -6.6011     0.155072    -0.534829
   -0.259495      2.02937     0.211769    0.0501013    0.0572761    -0.130252      0.13939   -0.0238757    0.0793441   -0.0447658     -4.06327     0.546666    0.0404912    -0.631589     0.602845     0.253435     0.776111      1.29689     0.920581     -2.02088      3.04056     -1.12437     0.139976     -1.12737    -0.148838    -0.315761       1.1675     0.535493      2.01707     -1.58148      0.29711     0.208216    -0.836225    -0.600922    -0.385398    -0.237838     0.543549    -0.251344      1.58702      1.26972     -9.43261     0.705021    -0.500586     0.289428      1.87093    -0.739206     0.129473      1.27114     -1.38569    -0.773071
    -0.51091     -1.25919     -2.31474     0.407095    -0.512206     0.294528      2.10493      1.86301    -0.153062     -2.10007     0.981895    -0.930097     -0.26798     0.947718     -6.90461    0.0275238     0.666549      1.13368     -4.85539      1.25125   -0.0680944       2.1678    -0.211004     -1.50741     0.538121     -1.42635       1.1868     0.205297     -1.07253      -1.3236       1.1039     0.798967      4.37699     -1.15776    -0.587032   -0.0179398    -0.618873     -1.14318     0.396424     0.230337     0.674577    -0.553001     0.911312     -0.40763     -1.01581      1.39675    -0.568068     0.603362     -1.20741   -0.0426979
   -0.112184     0.562121     0.830671     0.150796     0.217787     -1.22509     0.884189     0.084875    0.0756142      1.81562     0.208853      1.11716    0.0053333     0.868763     0.793608      1.52097     0.767818     0.965629    -0.252878      1.61644     0.406652    0.0941437    -0.123412      1.19977      -5.6014      1.19881     -1.56742     0.998882     0.365663     0.315522    -0.339423      1.35997     0.392815     0.480881     0.100142     0.156827     0.213322     0.321993      1.10318    -0.094733     0.884828     -5.51908     -3.09028    0.0412313    -0.188198     0.137945    -0.256289     0.299275       3.3178     0.497252
   -0.399091      2.33057     0.463799      1.71271     0.520738      1.77759     0.649753     0.470069     0.275709     0.521411     0.136182     0.688982     0.786951   0.00799256      1.66465     -1.27108     -5.56243    0.0412334    -0.674902     0.228962    -0.255693     0.205964     0.115652      2.34463     0.237007      0.73554    -0.484476      1.53107    -0.793462    -0.326958    -0.763239      -7.6565     -1.45605    0.0317917    0.0263334     0.459814    -0.559165     0.526585      1.48021     0.375962      1.04825      1.56949     0.372254    0.0558102     0.158576      1.46599     0.324191    -0.350857     0.494323     0.742933
  -0.0151919      1.56179     0.666678      1.64467    -0.137856     -1.58585     -5.13158     0.344709     0.445002    -0.489186       1.3141    -0.945672   -0.0384267      1.41852     0.768645     -1.22235      1.11712        1.003      1.27682    -0.144229    -0.306625     0.569165    0.0321373       1.9122      2.71496      0.31965    0.0592054     0.182736    0.0841712    -0.555208    -0.742137     0.581353     0.218295     0.887125     0.155835   -0.0756328     0.583155     0.182881    -0.338562     -7.66759      1.07229   -0.0114626    -0.655667     0.137775    -0.379439     0.149256  -0.00975646       1.7049    0.0769575     0.295466
     0.21107     -6.95601     0.477407      2.23792     -0.82386      1.58048      -1.1956      1.19244     0.206596     -0.16511    0.0162273      0.95553     0.461272     -4.26098     -1.44815     0.482593      1.83061    0.0879757      2.62027     0.924036    -0.463432     0.354926    0.0936766     0.545682    -0.467463    -0.377246    -0.147584     0.708328      1.00513      0.14705    -0.887367     0.583035     -6.27793     0.624387    0.0957775   -0.0198477      1.36975   -0.0982965     0.314662      2.44832      1.43181   -0.0175752       1.4175     0.395928     -2.06307     0.944532     0.333305     0.534666     -1.20346    -0.316088
     1.07598      -0.5147     0.119437    -0.832154     0.585288    0.0721431     0.517968    -0.737908      0.18059      1.55056      1.48084     -1.07049     0.537652     0.971297       2.0929     0.710359      1.36126      2.06868     0.553115   -0.0924738     0.293655     -3.26931     0.168299      -1.4406     0.387404     -1.62132    -0.563899      -1.1078      -3.1099       1.7775      1.64893      2.00403      2.23403     -1.50399     0.164443    0.0237817     -0.68077     0.646616     -6.25472      1.16613     0.693506     0.665056      1.08285    0.0661965    -0.436886      1.55762    -0.734418      2.01925    -0.124412     0.431272
  -0.0372949      2.20078    -0.498567      -3.5781     0.125086     0.147267       1.8615    -0.946085    -0.172848    -0.396132    -0.352768     -1.12622     -1.41158    -0.562497       1.3581      1.38089    -0.469055      -7.1617     0.248239     0.041337     0.725893     0.158249    -0.159988     -0.34885     0.931887    -0.149575      2.16793      0.97397      2.36286     0.903597     0.368213      1.90385     0.482768    -0.241918     0.111253    -0.228119    -0.566155    -0.735557     0.945015    -0.319501       2.4299      2.43833       -1.057     -0.33771     0.372362     -1.40546     0.320708     0.563874      0.28923 -0.000223943
  -0.0770143     0.144942     0.143182     0.257617     0.501601    0.0261344   -0.0183904   -0.0235468     0.100164    -0.132978  -0.00828898    0.0147479   -0.0749191    -0.141402    -0.101368   -0.0322331    0.0444671    -0.239218     -0.10487     0.136877   0.00286972     0.461891    0.0634851   -0.0262654   -0.0499313     0.108132   0.00809516   -0.0194743   -0.0194171    -0.177204     0.108277    0.0780314   -0.0939265    -0.107456     0.103339   0.00694905   0.00210791   -0.0161085    -0.376985    -0.055825   -0.0816701    0.0495213    0.0813286    0.0599289    0.0970034     0.234771    0.0898369    -0.191413    0.0503596    0.0364568
   3.29487
   1.12417
   0.10125
  -2.70282
   1.80105
  0.320353
   1.44434
 -0.619284
  -1.94614
-0.0803843
