3 16 0.5 600
1
1
9 50
  -0.710499    0.713492    -1.30682    0.616464     1.81769    0.953578   -0.346784   -0.770667   -0.152626
 -0.0704954   -0.132647    0.444931    -3.17323    0.388721    0.378978    0.336883    0.524315    0.455162
   0.483196    -2.26743     0.14042   -0.317436    0.807233    -0.31867    0.167101   -0.106006   -0.623555
    1.30805  0.00939693    -1.82902     1.04636    0.464043    0.563593   -0.155072     2.56541     1.12375
   -3.58038   -0.169635   -0.875841    0.204919     1.14492  -0.0846129   -0.571797   0.0718428    0.202131
  -0.646644    0.137292   -0.377761     1.13454    -1.18476   -0.579095    0.235636   -0.352124     2.30262
   -1.57608    -1.23049    0.331086     1.17048     0.78429   -0.533429     2.52544   -0.194636    -2.71459
   0.967493    -1.62537   -0.221414    0.368284   -0.594756    -0.35362    0.601644   -0.157239    -1.50345
   0.666815     1.06999  -0.0416162       1.188  -0.0903738    0.170279      -0.322    -2.14033    -1.31113
   -1.94282   -0.829233    -2.60696     2.38231   -0.919494   -0.211786    -0.41473    0.879838    -1.28497
    3.34052     1.73756   -0.585116    0.163382   0.0467507    -1.79052    0.424082    -1.20079   -0.164614
  -0.826713    0.902218     0.34257   -0.670546     1.59241    -1.17152    0.435861     -1.5147    0.189036
   -1.63858    0.884591   -0.479823    0.637882     1.14366    0.910452    -1.01294  -0.0356532    0.432963
   -1.08775   -0.583254   -0.230354    -1.30096    -1.41103   0.0195693     2.58693    0.587375   -0.863139
    1.72788    0.342044     1.12841   -0.872227   -0.841999    -1.52194     2.47451    -1.28005     1.37937
   0.654359    -0.95989    0.349109    0.883354  0.00213928    0.405197 0.000204566     1.91885   -0.263202
   0.536087   -0.992877   -0.490518    0.432418   -0.810005    0.838891   -0.588801   -0.895776     3.51407
   0.518072    -1.62435    0.608507    0.237153    0.815991     1.08539    0.177157    -3.37174   -0.953075
    0.29041   -0.459197     4.57653    0.260359   -0.263409   -0.992802    0.247852    -0.16488   -0.416537
   0.262898   -0.686124   -0.015862    -1.16432   -0.286275     4.86949  0.00175535   -0.472683   -0.437547
   0.704306    0.523985    -1.97883    0.312376   0.0887068   -0.231094    0.229675   -0.116907   -0.664813
    1.10935    -1.04691     1.04245   -0.823556   -0.403192   -0.424805   -0.199426     1.60101    0.287003
  -0.435215  -0.0388706    0.206338    0.346488    -2.90973    0.335059    0.535883     1.20956    0.338373
   0.126169    -1.48814   -0.834121     4.28037   -0.561722   -0.695002   -0.755869   -0.711749   -0.207432
   0.878863    -3.29698   -0.351615    0.664941    0.140524    0.242159   -0.657988     1.27062   -0.537849
    1.53194    -0.46935     -1.2722   -0.581961    0.512727     1.15462   0.0508476   -0.345714    0.332884
    -1.0538    0.567565   -0.239914   -0.556697   -0.400485   -0.117709      3.0038    -0.45686    -1.12674
   -1.08719    0.796178     1.42992    -2.91554   -0.266574    0.785293    0.329109   -0.771048    0.692477
  -0.609231    -3.49689    0.200282    0.764623     0.10459    0.499434    0.939952    0.547921     1.02022
 -0.0570245    -2.94332    0.750691    0.780422    0.974574    0.325267    0.962758    -2.38248     1.17555
   0.884197     1.07847   -0.647463  -0.0121201    0.983243   -0.248922    -2.95051    0.456161  -0.0896442
   -1.49447   0.0978217    -2.62767    0.423244   0.0719819    0.486537    0.385323    0.814252    -1.22949
   0.317239    -1.97058   -0.201846     1.03917    0.452537    0.804181   -0.623008   -0.053858    0.386843
   -1.72935   -0.551802     -1.3397   -0.913644    -0.77479     4.00364    -2.09005   -0.865173    -0.43099
   0.461263    0.117408    -1.03327   -0.154398     2.84036    -2.41217    0.962647    0.986483    0.621935
  0.0769129  -0.0220946    -2.09967    0.316766     1.64733   0.0817066     0.44198   -0.497961    0.720829
   0.188434    0.475722     2.68139    0.564868     1.07232   0.0256493   -0.822311    0.691462    0.331993
   0.235316    0.228264    0.668333    0.156748     1.02339    0.693471    -1.78937    -3.28492   -0.867594
   -1.15598    0.123395    0.373257     0.78094  -0.0060774   -0.050287    -1.79151    0.163928   -0.340239
   0.539778   -0.576474   -0.424898    0.173004    0.288863   -0.608717   0.0691948   -0.710726      -2.811
   0.178136     -1.2434    -1.72211    0.365583   -0.547515    0.943512   -0.488813     1.22409     1.62948
   -0.60479    0.249618      1.3819    -1.03692    -1.79697    0.529288     1.66854    0.849183    -0.87445
  0.0544687   -0.562905   -0.259175     -1.6538     2.12613    0.251976    -1.02887  0.00815985     2.08728
   -1.65912    -1.02663     1.64154    -1.21592     0.24106     1.46169    0.410331    -1.19833    0.852966
   -1.23066    0.802988   -0.113436    0.253152   -0.308239     -1.8388     1.04306    0.122267     2.74123
  -0.413222      1.9119     1.89407   -0.715843    -2.12056   -0.347288    -1.75093   -0.996421   -0.772463
   -1.02007   -0.407507     2.08235     1.18417   -0.851289   -0.204768   -0.179951   -0.634804    -1.09277
   0.694399     0.55645   -0.108161   0.0225345   -0.248649    0.794947    -1.05168   0.0735332    -2.71017
   -1.86972    0.539727   -0.355071    -1.03762     2.23931   -0.629443    0.638761     1.97395   -0.386397
   0.642862    0.777216   -0.145077    -1.43932   -0.564801  0.00548667     -1.2943     1.42693    0.213294
   0.787625
  -0.730794
   0.892119
  -0.272523
    1.77698
   0.434071
  -0.227895
   0.771645
  -0.368963
    -1.2123
  0.0209324
    1.33212
  -0.700211
   -1.30408
  -0.333025
   -2.20392
   -1.59343
  -0.324503
    2.08621
    1.99482
   -1.46027
   0.538067
   -1.61308
   -2.01215
   -1.07958
  -0.622042
   0.841324
-0.00403985
 -0.0638187
  -0.535423
   0.400221
   0.542783
  -0.939566
  -0.807329
  -0.305417
    1.03231
   0.986017
   -1.03821
   -0.94884
   0.850898
  -0.995162
   -0.53332
  -0.130612
  -0.650246
   0.739131
   0.513022
   -1.51533
   -1.07785
   -1.07726
  -0.185101
1
1
50 50
    -0.56579     -0.23679    -0.335632    -0.566723    -0.345226    -0.233202    -0.162755    0.0379555   -0.0787887     0.211261    -0.382184     -0.29296    -0.102449    -0.142352    0.0845036    -0.207771     0.377522    -0.186922     0.192104    -0.317169   -0.0810105     0.209314     0.588067   -0.0680509     0.187203    -0.141631    -0.414416    -0.245902    -0.260098     0.102752    -0.241291    -0.534281    -0.438243   -0.0585496    -0.464988    -0.681672     0.127835     0.179156   -0.0232379    -0.304445     -0.34405    -0.176867    -0.437519    -0.032676    -0.277339     0.180314     0.272671  -0.00430185    -0.264588     0.141997
    0.214782   -0.0928069      0.21283    -0.781687    -0.713548     0.206085      1.74276    -0.443977     0.545142    -0.087602   -0.0790125    0.0726652    -0.721035       1.9158      1.64188    -0.496674    -0.622942     0.754718     -1.18805     0.930987     0.579108    -0.665512    -0.752717    0.0623433     -1.11197     0.447834     0.668081     0.308968    0.0469764    0.0756969     -2.30525     0.351381     -1.22516     -1.06214    -0.307956     0.510366     -1.91799    -0.700185    -0.798909    -0.135511    -0.506638     0.909913     -1.30557      0.48581     0.429703     -1.84558    -0.729801    -0.937867    0.0519291     -1.07764
    0.133725    -0.589012     0.145204     0.457093      0.29571   -0.0629477    -0.458579      0.15671  -0.00157382    0.0805027     0.429185   -0.0558568     -0.26769     -0.35361     0.153961     -0.29706   0.00751998    -0.508875     -1.33827     0.811946     0.562837    -0.288645     -0.17392   -0.0837303    -0.178297     0.448347     0.170704    -0.227965    -0.323504    -0.250312     0.166493     0.582003    -0.255051    -0.129378   -0.0475937     0.254506    -0.393155     -0.59884    -0.522921   -0.0231021     0.427344    -0.164112    -0.170692    -0.316921     0.324644    -0.179416    -0.341266    0.0212132    -0.277495   -0.0503442
    0.135806    -0.749531     -1.11214    -0.625805     0.325009      0.36104     -1.36386     -1.44517   -0.0992575     0.145074     -0.44348    -0.292606     0.940848    -0.592892     0.914365    -0.492631       1.2415     -1.35739    -0.525283     -0.24485    -0.464088    -0.834267     -0.30137      1.34619    -0.798377    -0.349734   0.00916839    -0.026512    -0.275835     0.501904     -1.24632    -0.400646     -0.89675    -0.513573     0.306986    0.0133548    -0.406725   -0.0742757     0.203464     -1.84826    -0.342169     -1.00672    -0.315711     0.710389     0.641438    -0.402051    -0.194439    -0.990736    0.0687464    -0.907233
   -0.300003    -0.278769     0.247459     -0.18256    -0.285424    -0.430984    -0.304289    -0.251749     -0.28846     -0.32204    0.0449984    0.0169551    0.0481621     -0.25809    -0.344794   -0.0423498   -0.0247839     0.057777     0.262768    -0.397495    -0.327001     0.173128   -0.0331341    -0.212036     0.249569     -0.25139    -0.425781    -0.158152   -0.0932833    -0.193061     0.169738    -0.682261     0.142179    -0.090789   -0.0210588    -0.162081     0.162316   -0.0861977     0.407884   0.00566743    -0.418994    -0.405786    0.0899329    -0.206199    -0.168339      0.27048    0.0799732     0.255116    -0.449285     0.182117
   -0.279392     0.140147       0.1706     0.451883    -0.851766    -0.389471      -1.0187     0.488893    0.0463735     -1.01559     0.560283    -0.779846    -0.572822       0.2651     0.431126   -0.0481847     0.128304     0.612833    -0.339993      0.22941    -0.222526    0.0452281    -0.874848     -0.61865     0.458113     0.581342    0.0745202     0.647583    -0.353981     0.311902    0.0530909    -0.176165  -0.00595033     0.879602       -1.558    -0.572396    -0.320755    -0.292458     -0.53914    0.0816893     0.423876     0.365711   -0.0428241     0.223906     -1.17828     0.146813    -0.954316     0.346887     -1.36011     0.910651
    0.187446    0.0458524     0.365999    -0.264347     0.152078     0.967707    -0.124157     0.174274    -0.846465     -0.28875      1.18015       0.7419    -0.394586    -0.491778     0.208262    -0.642937    -0.684749     -1.43521      1.89352     -3.60181   -0.0816835      0.33796    -0.613789     0.185544  0.000419704    -0.940329    -0.391563     -1.44247     0.174358   -0.0928246   -0.0141232     0.285108      0.14046    -0.964607      1.55144     0.761589     0.806629     -1.10013    -0.158557     0.265948    -0.389123     -0.90083     0.472506      -1.4884      1.32602    -0.213373    0.0542513    -0.620055    -0.285902     -0.14611
   -0.448048     0.300019    -0.192751      0.62202     -1.32052    -0.923269    -0.191388    -0.229628    -0.651584    -0.620908    0.0865896     -1.18418    -0.269681    -0.243842    -0.307084     0.908367    -0.600257    -0.350704      0.83813     0.922795    -0.532469    0.0606328    -0.460102    -0.182552     0.420048     0.193618    0.0556658    -0.559343  -0.00487929    -0.860553   -0.0363333    -0.619746   -0.0336166     -0.58829    -0.111308    -0.645423     0.257497    -0.714991    -0.919155  0.000684499    -0.234589    -0.139791     -0.36011    -0.661808    -0.445236     -1.29608     -1.07131    0.0360501    -0.323012     0.260489
   0.0290286    0.0594837     0.189139    0.0614426    -0.200331    -0.133124    -0.260887   -0.0350674     0.125076    -0.288975     0.358336   -0.0793398    -0.197213      0.14962    0.0662238     0.186241    -0.112705    0.0493929     0.120228     0.246928   -0.0821859     0.149828    0.0728302   -0.0304804     0.106996    -0.188729      0.14152    0.0462263    -0.396876   -0.0969413    0.0790958    -0.219455    0.0610559    -0.146165    -0.195819    -0.208005    -0.137918    -0.179204    -0.146167      0.22304    -0.367009    -0.197358    0.0256923    -0.163306      0.13904    -0.142357    -0.120402   0.00034136     0.242602    -0.286172
   -0.523392     0.167994   -0.0584143     -0.48102    -0.632763    -0.382188   0.00696777    -0.135438     0.246625      -1.0596    -0.111724     0.645814     0.051776    -0.860966     0.288708    -0.258665    -0.485793     -0.60914     0.674966    -0.516879    -0.184793     0.948899     0.315536     -2.60806    -0.168479    -0.547058    -0.162786    -0.168714    -0.332039    -0.152278    0.0480195    -0.746444   -0.0107931     0.133075    -0.221908      -0.9575      0.63249     0.669638     0.485717   -0.0685565    -0.317041     0.147608       -0.232     0.211564     0.118003     0.810745     0.841539   -0.0341427    -0.314056     0.479226
    0.152868     0.413427     0.731207      0.27477      0.07837     -0.58238     0.381984     0.711951     -1.00463     -0.44879    -0.646607    -0.249478    -0.770496    -0.290676    -0.277677       -0.108     0.556155      0.29877      1.41581     0.532808    -0.617122     0.835345    -0.728477    -0.446121      1.90762   -0.0245174     -0.26099    -0.836948      1.05967     0.563744    -0.827676    0.0781198     0.893592    -0.223809    -0.470111     0.244229     0.753114    -0.830857    -0.588093     0.115783     0.745421    -0.331098     0.455256    -0.217676    -0.684343    -0.912228    -0.185053     0.164497    -0.503876   -0.0435951
   -0.132696     -1.09348      0.11072    0.0104122     0.397856     0.294268        -2.29    -0.702492    -0.112484     -1.29394     0.430063     -0.18574   -0.0696134     -1.54946     0.619262    -0.267939     0.660393    -0.869278    -0.260323    -0.525836    -0.703345   0.00662554     -0.12799     -1.03929    -0.315953    -0.225678     0.258188     0.611765   -0.0272602     0.197966     0.105056    -0.516791    -0.378969     0.551742    -0.368272    -0.136746     0.395977     0.198488    -0.164281     -1.17623   -0.0654128    -0.466088     0.384589     0.460453     0.100429      0.84011    -0.192621   -0.0881811    -0.602662    -0.203567
   0.0321763     0.135688     0.389307     0.229156    -0.242089    -0.233908    0.0523979     0.234892     0.345416    -0.161857     0.309821   -0.0833416    -0.161343    0.0176135    -0.229433     0.149511    0.0732894   -0.0574553    -0.199409     0.103117   -0.0241092    -0.298496    -0.333135    -0.406509      0.40355  -0.00279763    -0.125827    -0.070489    -0.336721    -0.314361     0.303981    0.0338243  -0.00343774     0.131253    -0.391372    -0.148777   -0.0807873   -0.0469789    -0.105905   -0.0268541    -0.146021    0.0601348    -0.238359   -0.0886798    -0.378811     0.145951   -0.0356207      0.34468    -0.305804     0.132536
   0.0206005     -1.37881    -0.547614    0.0933562    -0.193913     0.817556      1.83595      0.11654    -0.184477    -0.262182     -0.17875     -0.39693    -0.568734      1.20953     0.687167    -0.124303    -0.490708     0.186948      0.50235      1.07819     0.131398   -0.0478633   -0.0808962    -0.215058    0.0644521     -0.32731     0.601339    -0.260958     0.818829     0.424178     -1.83608     0.832536   0.00357309     -1.95436    -0.057137     0.161016    -0.441862     -2.01338     -1.33526   -0.0217137    -0.100835      1.18808     -1.62064     -0.26571     0.152682     -1.01184    -0.670308    -0.446044     0.382349     -1.30163
    -1.50162     0.411609     0.665098     -1.78919    -0.339203    -0.575621    0.0447979   -0.0938783    -0.597086     -1.25635     -1.41288     0.430695     0.134936     -1.13806    -0.855774    -0.199569    -0.922482     0.303009     0.545455    -0.719027     -1.13502      1.18475     0.388945    -0.828765     0.432956     -1.29487      -1.2934     0.280863    -0.133392     0.279872     0.467386     -1.96444     0.701078    -0.476647    -0.504028     -2.27649      0.57004      1.34869       1.0465     -0.42781     -1.14896   -0.0947198     0.587768     0.563308    -0.798233      1.92253      1.59896    -0.222639     -1.02867     0.186392
    0.199328    -0.591955     0.240409   -0.0285287    -0.290631     0.284979     0.272954    -0.416799    -0.554988    -0.324137    -0.370732    -0.118478     0.574325     -0.50151   -0.0845761    -0.137841    -0.566135    -0.224506    -0.294512     -1.26731    -0.160046   -0.0950434    -0.682121     -1.08914    -0.236555    -0.438785   -0.0360278     0.546011     0.287205     0.140953     0.208059    -0.172163    -0.115941     0.525526     0.206699     0.177889     0.337833    -0.021724     0.217491   -0.0324761    -0.122211    -0.192839     0.434209      0.31426     0.545943    -0.523266    -0.356983    -0.814937     0.729904    -0.249457
    0.633752     0.192384     0.171843  -0.00753649     0.403765     -1.21959     0.351278    -0.460025    0.0147573    -0.705381     0.295067     0.206784     0.214344     -1.45004    -0.863175    0.0705345    -0.664972     0.125897     0.130388      1.33449    -0.369039    -0.335611    -0.647952    -0.658284    0.0913798  -0.00359429     0.436632    -0.556333    -0.181328     0.606136     0.668458    0.0276856      0.30898    -0.985074      1.35385     0.457115      0.60745     0.248953    -0.449672   -0.0849224    -0.357772     -1.29247     0.570071    -0.304738    -0.447364     -1.54679    -0.650411    0.0757254       1.1337    -0.411695
    0.039518    -0.432958    -0.904744     0.937912     0.543291      1.00325     -1.76238     -1.57461    -0.754611    -0.577711    -0.242535   -0.0989428    0.0780543    -0.638375      1.70036    -0.723323      2.71105     -1.01433    -0.437601     0.330186    -0.850724     0.211792     0.503588     0.991722     -1.25414    -0.158507     -0.83602     0.496074     0.295583     0.853718    -0.941538     -0.89507     -0.41322    -0.504086     0.466647     0.584561    -0.119458     -1.13034    -0.114204     -2.59146      1.16581    -0.794328     0.896457     0.503292      1.12117    -0.996142    -0.274144     -1.69163    -0.442256    -0.764006
   0.0902337     0.244226    -0.105011      0.69804   -0.0769271    -0.527377     -1.09171    -0.365683    -0.141184     0.447568     0.889459    -0.527136    -0.154469  -0.00843381    -0.319485    -0.197058     0.222347    -0.482613     -2.91545     0.282903      1.06176      -0.4914    -0.300665      0.46418     -0.18073     0.846272     0.675489     -0.88637    -0.532614    -0.187341     0.813329      0.69516    -0.659074     0.075073     0.626408     0.376925     -1.62304    -0.223686    -0.473469    -0.118267     0.490168     -1.11805    0.0252097    -0.852502    0.0425022     -1.01587      -1.0429    -0.107513     0.306382     0.214567
    0.467688     -1.07882      -1.1189    -0.754156   -0.0728321     0.218732    -0.639393     -1.20457    -0.169903     0.401567    -0.132491      0.23338     0.885675    -0.597848   -0.0475709    -0.360158    -0.321544     -1.58798   -0.0251968   -0.0680206    -0.237228    -0.579875    -0.230361    -0.529045    -0.735691    -0.334255     0.964989     0.423923     -1.02693    -0.545162    -0.918366     0.381082    -0.911164     0.173659    0.0581804     0.549115     0.048862    -0.535818    -0.434262    -0.823454    -0.268146    0.0356069    -0.534069     0.187197     0.821815     0.367707    -0.411969    -0.750493     0.998006    -0.658459
    0.317145    -0.748743    -0.537034    -0.517541     0.423892     0.914518     0.745099     -1.13629    -0.376695     0.391147     -1.37718     0.334479     0.937168     0.471529    -0.211258    -0.787482    -0.892049    -0.671111    -0.334306   -0.0328009   -0.0878398    -0.805748     0.371351     0.140412     -2.48197    -0.671703    -0.145571     0.654881     0.829746     0.141173      -0.2495    0.0690874    -0.949768    -0.184744     0.271577    -0.369287   -0.0393455       -0.515     0.491041    -0.221729    -0.671052    0.0987777    -0.437068     0.407819      1.84355    -0.329819     0.408028     -1.14377      1.39502    -0.969132
    -1.14354     0.407408     0.197833      1.07712    -0.557732     -0.92436   -0.0808641    0.0941753     -1.16608    0.0121964    -0.680411      -1.0417    -0.268131    -0.721186    -0.608811      1.32404     -0.30935    -0.842066      1.06461    -0.137129    -0.522127     0.575683      0.28644    -0.564248     0.613884    -0.634781    -0.472276    -0.501668     0.480404     -1.00463    -0.207367    -0.312156     0.210647    -0.637992     0.575036    -0.657825     0.789511     -1.02334    -0.132515    0.0528479     0.334973    -0.147535   -0.0361324    -0.531422     -1.00158    -0.827419    -0.553351     0.318011     0.429265     0.496172
   0.0546107    -0.195908   -0.0650238     0.032737    -0.184489    -0.195875    -0.454917    0.0944543    -0.186413    0.0738847    -0.144687    0.0667596    -0.129874    0.0926461   -0.0249836     0.130555   0.00635877     0.339049     -0.22731     0.109687   -0.0222748   -0.0942735    0.0995361    -0.133594   -0.0249883     0.191436     0.176568    0.0515009     0.212636    -0.102099    0.0644767     0.143222    -0.149305    -0.213204  -0.00356819     -0.20726    -0.179307    -0.166679     0.243443     0.138649   -0.0383469    0.0203037    0.0726805   0.00673909    -0.085945   -0.0446217     0.106803    -0.214113   -0.0381743    -0.208309
    -1.46921     0.395768     0.186972     0.606595     -1.85991    -0.920528    0.0521778    -0.168556    -0.269267     -1.02649     0.274017     -1.16091    -0.858378    -0.897919    -0.369421      1.33898    -0.616371    -0.525854    0.0747853    0.0582779    -0.126232      0.54088   -0.0541698    -0.767705     0.244297    -0.545447     -1.09404    -0.246833   -0.0679283    -0.806827     0.690338     -1.88515     0.640582    -0.677343     -0.55245     -1.48258     0.353705    -0.158818   0.00763289     0.506355    -0.209422      0.29025   -0.0359291    -0.905693    -0.782546     0.694296     0.215931    0.0877792    -0.902217     0.438831
    -0.45923      2.53961   -0.0877812    -0.439265     -0.55259      -1.4057    -0.903508    -0.460696     -1.26682     -2.06187     0.175723    0.0274418     -1.32877     0.406384     0.730689    -0.943111    -0.506294    -0.116874   -0.0934138      3.01372   -0.0844496     -0.26764    -0.949441     -1.75606    -0.773817     0.664228     -0.30015     0.872503    -0.722362    -0.627631    -0.595673    -0.528427    -0.969307     -1.79765     0.441175   -0.0127401    -0.690672    -0.949535     -1.38103    -0.680838    -0.284516     0.422985     0.596327      0.43618   -0.0986725    -0.636089     -1.55541    -0.223376     0.394879     0.988719
   -0.832982     0.906081   -0.0424098     0.164608    -0.385144    -0.910264   -0.0692002    -0.470511    -0.568116    -0.590458    -0.665657    -0.532938     0.103842    -0.617737    -0.586439     0.643689     -0.28686     -1.15055     0.185557    -0.890678    -0.311656      0.25358     0.395843     -1.27549     0.301605    -0.897404     -0.56212    -0.144461     0.142458    -0.546715     0.101751    -0.883696     0.541052     -0.16878     0.280751    -0.844332    -0.103424    -0.352876     0.551605   -0.0134313    0.0344759     0.126537     0.214884     0.036283    -0.753433     0.400158       1.0711     0.195408     0.169153      0.48195
  0.00725929   -0.0176494      -0.1026    -0.524494    0.0932668     0.892261     0.351409    -0.455152     0.163408      1.09387    -0.916104    -0.299857     0.523639     0.326044     -1.06455     -0.44129     -1.22745     0.808447     -0.10445    -0.878602     0.218217    -0.889475     0.227922      1.23074    -0.620474    -0.206848    -0.351742    -0.623476     0.546706     0.165049    -0.620569     0.234416     0.310758     0.618896   -0.0491911     0.501265    -0.352241     0.634964     0.548241     0.452627    -0.186409    -0.275148   -0.0666299      0.53249      1.15736    0.0413487    0.0296848     -1.59352    -0.117833    -0.896876
    0.905456    -0.633941    -0.498356     -1.05925     0.819803      1.12269    -0.673154    -0.977288    -0.510761     0.298399      -1.0447      0.30123      1.60728    -0.498782    -0.632827    -0.490955    -0.398642    -0.573028     0.891629     0.469289     -1.11203    -0.370173     0.114781    -0.137202     -1.81951     -0.55511     0.986286     0.292932    -0.345574    -0.023093    -0.461971     0.691338    -0.654425      1.24397    -0.548628     0.231247     0.664529    -0.243292      0.35975    -0.966558    -0.461498    0.0963363     0.359159      1.21601      2.32727    0.0331279     0.135778     -1.71842     0.414713    -0.866253
    0.363331    -0.747082     0.399708    -0.603195    0.0949107     0.689614    -0.496082   -0.0985973     0.527987    -0.350097   0.00196458     0.655252    0.0519559    -0.282922 -0.000976786    -0.430652    0.0975317     0.997845    -0.925822    -0.180669     0.273115    -0.948375    -0.869097   -0.0449597    -0.846462     0.210332    -0.512856     0.589488    0.0104496     0.766588    0.0927313    -0.151243    -0.239945     0.316313    -0.400105     0.545696    -0.446514      1.22261    0.0428597     0.397647    -0.394357    -0.812517     0.258121     0.707272      0.70388      0.06054   -0.0855328    -0.869692    -0.569804    -0.613598
   -0.994917     0.351535      0.18942     -1.20326     0.316495    -0.709184      0.47965     0.181914    -0.697162    -0.100034     -1.30999      0.28042     0.086824    -0.319685    -0.430587    -0.545804 -0.000419337     0.764001    -0.568858     -1.26175    -0.216133     0.593868     0.704388    -0.698727      0.78807    -0.394802    -0.586593    -0.592435     0.233958      1.32578    -0.521173    -0.636246     0.518823    -0.617986   -0.0808607    -0.823374   0.00354375     0.423338    0.0551758    -0.470201    -0.373138    -0.360329    -0.194988     0.485028     -0.94436    -0.579379     0.855741  -0.00685801    0.0254209    -0.411452
   -0.785509    -0.576097    -0.371615    -0.372807    -0.387832     0.225086    -0.975596    -0.502221    -0.513608     0.330722    -0.237651   -0.0428237     0.116162    -0.674642    -0.564161    -0.359476     0.307516    -0.328079     0.327431    -0.848055    -0.195181     0.361353      1.04973    0.0665195   -0.0828282    -0.262998    -0.742077    -0.683445    -0.338244    -0.464382     0.195536    -0.231271    -0.206672     0.308405    -0.161877    -0.539284     0.427507    -0.384277     0.254488    -0.601656    0.0883808    -0.501562    -0.126614    -0.569665     0.107529  -0.00498727    -0.071961   -0.0784623    -0.562996   -0.0728199
    -1.65213     -0.88904    -0.750689    -0.230456     -1.10341      1.53112    -0.678592    -0.152803     0.162635     0.964147     0.158674    -0.982595    -0.553729     0.858484     0.559784     0.275486     0.148724     -1.03627   -0.0746942    0.0942684     0.142997     0.575946      2.47606    -0.233689    -0.564128   -0.0530052      0.18249     0.190225     0.369419     -1.10669     -0.58173    -0.652782    -0.257635     0.992947     -2.56374     -1.05119    -0.332585     -1.11609    -0.269855    -0.214063     0.452852      1.48653     -2.05771    0.0672214     0.973098      1.32471    0.0656368    -0.911258     -1.63941    0.0171564
    0.772873     0.537199    -0.660378     0.660955     0.394427    -0.819136     -1.43712    -0.640293    -0.595179     0.747858    -0.845687   0.00727337      1.11112     -2.26938     -2.61996    -0.375742     0.263965    -0.560125      2.14484    -0.454616     -1.01395     0.867298     0.245059    -0.492861     0.834284    -0.370182     -2.20697     -1.41192    -0.916489     -1.20317      1.86974    0.0330588     0.717397     0.867784    0.0261026     0.298689      1.61428     0.343892     0.689427    -0.900307     0.286798     -1.47776     0.333301     -1.20315    -0.990825    0.0865882    -0.744835      0.57462  -0.00365101      0.42827
    -0.80216     0.678321     0.312901     0.361923    0.0940814    -0.355803     0.961425    0.0820505    -0.918873    -0.465773     -0.79588    -0.104606    -0.475353    0.0514303   -0.0266751     0.494134    -0.528017    -0.857385    -0.579721    -0.199097    -0.404007     0.311121     0.534886    -0.786799     0.102511    -0.924586    -0.185069     0.157948     0.867427    -0.214925    -0.273587    -0.579999     0.314564    -0.866066     0.791516     -0.88179     -0.47593     -1.01652     0.358978     0.280604    -0.328118     0.570694   -0.0450446    -0.100938    -0.715009      0.18092      0.55538   -0.0782192     0.486466     0.184741
   -0.300394   -0.0146184    -0.356114    -0.117593   -0.0195676    -0.125128   -0.0687625   -0.0977799     0.168493    -0.170065    0.0856652    -0.316423    0.0738854     0.168153    0.0146476   -0.0824573  6.48423e-05    -0.394014    -0.447895   -0.0290729      0.11098    -0.193597   -0.0659345    -0.285466    -0.244382   -0.0532679    0.0135176    -0.141215    -0.475026    -0.379466     0.219525    -0.337516    -0.145702    -0.139941   -0.0411959    -0.144151    -0.375645   -0.0774411   -0.0298053     0.044444    -0.263048    -0.369177    0.0541945    0.0768608     0.120529   0.00718983    -0.251517    -0.210557    0.0412933    -0.266223
  -0.0402742    0.0053238   -0.0950343    -0.252673    -0.545088     -0.10513    -0.334674     -0.27365    -0.316321    -0.297539     -0.17843     -0.32959   -0.0712105    -0.161245    -0.101837    0.0519934     0.103208    -0.344257   -0.0958628    -0.297008    -0.071375    0.0858512    -0.234848    0.0311861     0.041017    -0.229703   -0.0182447    -0.040917    -0.279526    -0.108241    0.0660006    0.0620988   -0.0305326    0.0135554     -0.21293    -0.151602     0.091126   0.00519247   -0.0876409    0.0324312    -0.318435     0.131583    -0.243394    -0.191129    -0.181221    -0.243928    -0.196418   -0.0648282   -0.0289576    0.0345496
   -0.913771     0.251519    -0.230452    -0.991731     -1.67185    -0.342284    0.0590803    -0.183749     0.130124     -1.63294     0.873331     0.543524    -0.434327    -0.818726     0.919962    -0.451884    -0.624832     0.100487      0.40043     0.519471    -0.137524     0.481339     0.139018    -0.795322    -0.510814    -0.245662     0.524073     0.156384    -0.448181     0.583672    0.0922812     -1.64635     -0.44498     -1.04126   -0.0128252     -0.92034     0.105384     0.770431    -0.611743    -0.232252      -1.2725     0.455201   -0.0949813   -0.0516686     0.107592     0.745235     -0.19222    -0.263305    -0.605053    -0.159618
   -0.219931     0.247843   -0.0535501    -0.333627     -0.37589    -0.251553  0.000307428   -0.0517143     0.184381    -0.249349     0.018369   -0.0155862    -0.180481    -0.447252    -0.164967      -0.1631    -0.263958   -0.0476234   -0.0608352     -0.13662   -0.0943966     0.198128    0.0759166    -0.602947     0.204989    -0.510855    -0.101464    -0.226325    -0.188648    0.0539015     0.266105    -0.734055    -0.119361    -0.176281    -0.173887    -0.322677     0.098437     0.486276     0.101902    0.0450456    -0.276146    0.0954932    -0.450063      -0.1344    -0.569578     0.629968     0.249735      0.17774     -0.33286    0.0943171
    -1.16697     0.675593    0.0996121      1.70061    -0.304689    -0.530969    -0.419108    -0.366976     -1.32763     0.486297    -0.903866     -1.38007    -0.132106   -0.0361047     -1.13724      1.66768    -0.696928     -1.92759    0.0415322     -1.25222    -0.126443     0.174531     0.355151     -1.21245     0.363785    -0.536355    -0.326546    -0.444993     0.720167     -2.10248     0.513702    -0.171035     0.115177     0.605487     0.339291    -0.752012    0.0518332     -2.24322     0.437036    -0.147575     0.969909     0.088383     0.403343    -0.650771     -0.51841    -0.329279     -0.21346    0.0444969     0.998811       1.1962
    0.154176   -0.0679006   -0.0493729     0.271811   -0.0429583    -0.575104    -0.145038     0.139679      0.34357    -0.621071     -1.91341     -1.18641    -0.590809     0.739481     -1.13064     0.401199    -0.279156       1.5254     -1.93279     0.107999    0.0681542    -0.502132    -0.645084    -0.971096    -0.160449     0.599828    -0.392407       1.4989     0.490538     0.075313    -0.308781     0.101419    0.0447033      3.40465     -2.68897   -0.0299456      -1.0009     0.164295     -0.30328     -0.10155      0.71038     0.667397     0.263644      1.40564     -1.38849    0.0175441    -0.211299     0.584098    -0.643314     0.262189
    0.435734    -0.691983     -2.31597     -1.31935     0.695685      1.10309     -1.34301     -1.87806      1.30098     0.342368      1.51878     0.753597     0.816804     0.103952     0.459738    -0.557126     -1.21491     -1.40041     -1.32648    -0.447924     0.644251    -0.913243    -0.200992    -0.561365     -1.30287    0.0777289   -0.0261682     0.830736     -3.28032     -2.46057     0.531755     0.142792     -1.59165     0.715758    -0.564816     0.255401    -0.477973     0.173049     0.231502    -0.364505     -1.28701      0.25417     -0.73881    -0.549746      1.29686       1.3926    -0.396912     -1.17845     0.411797    -0.546944
   -0.193239     -1.03201    -0.474362    -0.568119     -0.12562     0.700662    -0.106982    -0.274832     0.589503      1.36372    -0.112717    -0.211819     0.697777    -0.444721    -0.636166     0.183764    0.0189223     0.262925    -0.766595     -1.22381     0.297065    -0.335821     0.468862      2.76163     0.293387    -0.404474    -0.557759    -0.850522   -0.0192959       0.4308    0.0975225    -0.323497     0.514173    -0.497931     0.197506    -0.715546    -0.260902     0.816028     0.707771    -0.421037    -0.396083     -1.17625    -0.829148    -0.352143   -0.0609318     0.201877     0.767207    -0.215956     -1.48087    -0.447655
    0.219234      1.31316     0.234089    -0.300129      0.43939     -1.67872    -0.375845     0.431203    -0.702858     -1.20608    -0.704667   -0.0175052    -0.823258     0.605085    -0.177213    -0.574833    -0.726427     0.411421    0.0381812     0.697017    -0.376595   -0.0903555    -0.763393    -0.608481     0.207283    -0.239852      0.22066     0.551336    -0.625369   -0.0126527   -0.0445865     0.115455    -0.380959   -0.0424934   -0.0397188    -0.233551    -0.371083    -0.337478    -0.493248   -0.0760059    -0.746321    0.0444028     0.454161     0.310739     -1.03279    0.0631043     -1.11401     0.823246       0.4006      1.05189
   -0.123213   -0.0819927     0.113021    -0.191915     -0.20592    -0.093487    -0.287048    -0.305883  -0.00343383   -0.0814473    0.0261971    -0.179763  -0.00859627    -0.191594    0.0404885     0.100956     0.117141    0.0632676     -0.25907    0.0647978    -0.190083    -0.101336    0.0606017    -0.311582    -0.227992    -0.104159     0.218034   -0.0567374   -0.0274519   -0.0456086     0.149893    -0.139805    -0.117769    -0.165004    -0.188207      -0.3064    -0.347613   -0.0913327   -0.0866722    -0.323411    0.0340327    -0.191623   -0.0846724   -0.0112746   -0.0633349    -0.144737    0.0100769   -0.0962854    -0.162337    -0.164544
   -0.162018    -0.293291   -0.0283095    0.0228443    -0.420861     0.189206     0.878508     0.251046     0.183251     -0.52805    0.0655034    0.0544799    -0.945736     0.647008     0.427497    -0.153135     -0.10926     0.511183     -1.20239     0.236256     0.497555    -0.697758     0.145852    -0.501319     -0.78155     0.391032    -0.118041    0.0171165   -0.0353059      0.26224    -0.997218    0.0634639    -0.950425   -0.0934799    -0.442046   0.00150686     -1.17328     0.160555    -0.383224   0.00887593     -0.14406     0.188021    -0.381316     0.249958    -0.114296    -0.838263    -0.344876    -0.392049    -0.334827    -0.414679
   -0.396103     0.625172     -0.32548     0.470249     -1.62935    -0.661261     0.188609     0.232053     0.359414     -1.39398     0.779538     -1.01008    -0.734777     0.102025     0.146508     0.636475    -0.246179     0.862689     0.218143     0.456695    -0.169257     0.191982    -0.490715    -0.287828     0.919431     0.556545  0.000302516    -0.478702    0.0609683     0.237958    -0.174588    -0.350787     0.472335    0.0600372    -0.772444    -0.733758    -0.294989      0.16103    -0.600646     0.351192    -0.247442     0.272472    -0.637086    -0.491059      -1.2095    -0.423355    -0.730953     0.635721     -1.13354      0.87214
   -0.173547     0.166374    0.0792398    -0.287511    -0.136729    -0.167102   -0.0551851    -0.247534    0.0695974    -0.153106    0.0432481     0.127954    -0.112392     -0.14265    -0.169582   -0.0217396    -0.118108    0.0546582    -0.328129    0.0812434  -0.00756954    -0.494721    -0.160668      0.11303   -0.0962138     0.276608    0.0437202     0.322568      0.17596    -0.255193  0.000158099   -0.0476544    -0.216822  -0.00533393    -0.207842   -0.0526041    -0.266267     0.224317    -0.221076    0.0870445     -0.19144   -0.0162565     0.103541    0.0205076     0.347724   -0.0908846    -0.170132    -0.275291    -0.567837    -0.114348
   0.0924901   -0.0828642     0.332032      1.27444     -3.20055     -1.07544     -1.06399     0.214599      1.31355     -1.44034      2.33511    -0.789012    -0.879709    -0.851343     0.836972     0.363232   0.00715994     0.837639     0.319515      1.33403     0.583102     0.286673    -0.695723    -0.189363      0.56121      0.96844    -0.703778     -1.50079     -1.09577    -0.193887     0.786244     -1.12202    0.0650969     -1.03908     -0.12827     0.395552     0.163107     0.474447    -0.896527     0.535831   -0.0638422    -0.594723    -0.405485     -1.63112     -1.36695    -0.904777     -1.15466      0.19542     -1.87986     0.493755
    0.312113      1.15013     0.648382     0.336601    -0.146938    -0.654848    -0.363221    -0.318284    -0.476405     -1.79422    -0.464455     0.596206     0.341329    0.0204774     0.507309   -0.0544096    -0.173746     0.309843    -0.516755     0.744478   -0.0701789     0.526884    -0.428879     -2.63476     0.363675     0.397171     0.165038      1.42165     0.181121   -0.0138977     0.488023   0.00320259    0.0556495    -0.170932     0.454849     0.646325     0.413726    -0.607366    -0.705114    -0.218401     0.478051     0.409612      1.33447       1.1801    0.0232749    0.0281113    -0.976021    0.0687258      0.96503      0.56078
  -0.0776949    0.0594888    0.0541057      0.23196    -0.511259    -0.226531    -0.126744   -0.0443897  0.000612213    -0.227973     0.182893    -0.456923    -0.252646    -0.396712     0.152476     0.188388     0.330423     0.245194     0.119125    0.0629594    -0.031191   -0.0617505    -0.173025    -0.307526     0.408488   -0.0990838    -0.273168    -0.545918     0.191741    0.0360816   -0.0815064    -0.379324      0.20025    0.0808446    -0.380043   -0.0518865    0.0786277   -0.0698472    -0.116936   -0.0649143      0.28546    0.0530332   -0.0347181    -0.577103    -0.366339   0.00671354    -0.208107     0.142749     -0.62577     0.170039
 -0.300565
 -0.475671
  -0.77154
  0.901926
 -0.636958
   -1.0498
 -0.429737
  0.461415
  -2.79552
  0.309953
  -1.51987
  0.919613
  -1.34666
  0.788021
  0.272591
  0.157369
  -1.46542
  0.104398
 -0.077076
 -0.274084
   1.05709
 -0.340375
  -2.87492
  -1.31334
  0.274242
 -0.623799
 -0.460788
  0.389385
 0.0239576
 -0.410279
  0.677155
  0.895169
  0.142847
  0.109404
 -0.595437
-0.0263228
   1.09813
 -0.208108
   1.10839
  -1.39573
   1.42697
-0.0375596
  -1.59434
 -0.704092
-0.0512635
  -1.18781
 -0.487899
-0.0390386
 -0.971555
  -1.06397
1
4
50 10
  -0.214248   -0.300511    0.301636    -1.34598    0.358715    -1.01553  -0.0879116    -1.60775   -0.142298   -0.380436    0.464333    0.587346   -0.214877    0.665837    0.850316   -0.831992  0.00369559     1.00121    0.333486     -1.5103    -2.98423    0.649719    0.113814    -2.24136    0.154137     1.44909   -0.847125    -3.07836   -0.272682    0.737613   -0.707149    0.398957    0.666473      1.3595   0.0688615   -0.048059   -0.859431  -0.0773158    0.629173     2.14542    0.930328    0.282187    0.606366  -0.0208465    0.745416    -2.58285   0.0677432    -6.19627    0.197446   -0.524189
  -0.142683     1.55551    0.165379 -0.00995765   0.0137371    0.151946   -0.136789   -0.123571   0.0676668 -0.00738443    -3.54265    0.632314   0.0708126   -0.793384   0.0820625     0.23864    0.271214    0.738903    0.774414    -1.93038     2.84279    -1.23698    0.150685    -1.19142 -0.00903004   -0.493516      0.6337    0.639654     1.82191    -1.56106    0.793991    -0.10707    -1.04881    -0.71987   -0.368786   -0.223031    0.355169   -0.244983     1.11485     1.29423    -8.67851     0.82249   -0.435612    0.291507     1.57585   -0.709884    0.227561     1.28398    -0.77848    -0.72392
  -0.402219    -1.29679    -2.06658    0.131173    -0.46282    0.207233     1.83248      1.7397   -0.130687    -1.80438     1.20485    -1.09542   -0.292318     1.05774    -6.18449 -0.00771492    0.677878     1.27349    -4.48041     1.46179   0.0881458     2.00835   -0.200481     -1.3071    0.329832     -1.3246    0.838587    0.298174    -1.09648    -1.30846    0.930415     1.06474     3.88501    -1.18823   -0.564142   0.0180946   -0.862922    -1.03068   0.0603604    0.193173    0.883429   -0.610217     1.07044   -0.380881    -1.22609     1.87889   -0.519655     1.03166    -1.34937   0.0561694
 -0.0500394    0.589301    0.557427    0.369211     0.32467   -0.898804    0.489798   0.0509951    0.068713     1.90843    0.847366     1.35232    0.103137     1.40461    0.913405     1.32618    0.695295     0.68527    -0.22327     1.58447    0.652522    0.232634   -0.108208     1.30884    -5.04802      1.4149    -1.32545     0.35986     0.65886    0.556013   -0.541842     1.15503    0.488699     0.47181   0.0813212    0.157823    0.291132    0.476638    0.810051    0.211549    0.795638    -4.93886    -2.89855   0.0360154   -0.139749    0.328171   -0.229682    0.570373      3.4101    0.629585
  -0.388033     2.27815    0.341149     1.39856      0.4443     1.75471    0.500519    0.384465    0.289612    0.499929    0.356062    0.552916    0.526899   0.0752243     1.60402   -0.901907    -3.10926   0.0582337   -0.657755     0.33201   -0.832727   0.0243693   0.0769291     2.21552    0.528515    0.472191   -0.744911     1.47061    -1.06237   -0.610442   -0.608314    -5.78845    -1.20196   -0.260072   0.0380142    0.430292   -0.331909    0.339164     1.17368    0.566682     1.31771     1.33866  -0.0801861   0.0237313   0.0524186     1.33795    0.159127   -0.236272   0.0331451    0.739518
 -0.0240869     2.03569    0.515558      1.8397   -0.084534    -1.73813    -4.65837    0.629303     0.40893   -0.168572    0.382643   -0.973873   -0.145181     1.16256    0.866751    -1.17935    0.882528     1.22722     1.25411   -0.120791   0.0161992     0.93021   0.0222277     1.92277      3.0676    0.414333    0.157712   -0.326955   -0.500122   -0.738279   -0.825368    0.606105    0.407841     1.10806    0.124329  -0.0938201    0.689892     0.13933   0.0172189    -6.80931    0.825248     -0.2693    0.183932    0.104396   -0.273635   0.0137302  -0.0866376     1.42743   -0.430189    0.156039
   0.178574    -6.20402    0.388302     2.09142    -0.78615     1.20643   -0.924825     1.11053     0.22499   -0.251017   -0.280931     1.31088    0.381713    -3.63825    -1.53886    0.662684     1.53819   0.0369284     2.40281    0.921235   -0.726091    0.234342    0.102751    0.364831   -0.753516   -0.588772   0.0182813     1.27237     1.08128   0.0580407     -0.7454    0.739405    -5.63803    0.507513    0.106559  -0.0142305     1.54806   -0.169136     0.47562     1.94738      1.2024    0.386747     1.51014    0.408169    -1.52568    0.651631    0.297585    0.188613    -1.15258   -0.250414
   0.947275   -0.997086   0.0389795   -0.914509    0.604103    0.459897     0.57027   -0.651704    0.158525     1.04937     1.35764    -1.32057     0.41187    0.317926     1.95982    0.577306    0.776992      1.8011    0.354866   -0.171903  -0.0301609    -2.85652    0.156486    -1.28365    0.700577    -1.43149    -0.44249    -1.09816    -2.21182     1.86768     1.34031     1.30291     2.55257     -1.3783    0.157925   0.0446773   -0.556681    0.524528    -5.53118    0.781839    0.987432    0.531852     1.15149   0.0816396   -0.618358     1.08942   -0.609584     1.49551   -0.147162    0.313409
 -0.0624297      1.9898   -0.261416    -3.21562    0.104611   -0.237459     1.99348   -0.949992   -0.133493   -0.630071   -0.622148    -1.12748   -0.638509    -0.60686     1.22595     1.07409    -1.29017    -6.29403    0.271587   -0.360395    0.815793    0.193151   -0.151877   -0.586924    0.620086   0.0305745     2.08168     1.13663     1.72441     0.92273    0.295702    0.660846    0.189606      -0.031     0.11411   -0.213413   -0.485105   -0.482704     1.41675   -0.379604     1.68495     2.21752    -1.50349   -0.336133    0.708122    -1.29592    0.269149    0.479475    0.629496  -0.0961848
 -0.0537965   0.0313425   0.0118377    0.120648    0.363711  0.00561825  -0.0391562 0.000937899   0.0851527   -0.107453  -0.0381336   0.0507762    0.108854   -0.057485 -0.00775777   0.0121562   0.0359677  -0.0963343  -0.0898957    0.193761   0.0437926    0.404008   0.0584966   -0.136815  -0.0741329    0.120865  -0.0284099   0.0361364  -0.0895035   0.0435152    0.181795  -0.0343806   -0.079898    -0.19377   0.0842304  0.00554545   -0.129429  -0.0213428   -0.191753   -0.172258  -0.0838675    0.132387   0.0940089     0.03565    0.195154    0.219047   0.0482619   -0.195164      0.1047   0.0364175
   3.34537
   1.09474
  0.154401
  -2.43826
  0.949714
 -0.201508
   1.82825
 -0.720176
  -1.19475
-0.0356243
