2 8 0.5 653
1
1
9 100
    0.668856     0.499407     0.989307     0.261152     0.215241     0.460134    0.0645193     0.625049    0.0802321
  -0.0192899    -0.523827    -0.135691    -0.337467     0.545142    -0.268741      0.05182      0.92624     0.108429
   -0.701832    -0.251681     0.602422      1.71125    0.0484532    0.0532877    -0.448717      0.19783     0.863741
     5.21152    -0.234155   0.00982784    -0.171664     0.171983     0.521601    -0.351645     0.315479     0.227374
   -0.185106    -0.124829   -0.0569301     0.808125    -0.226067      -1.1076     0.197006    -0.301738    -0.816926
    -1.14693     0.409096      1.04568    -0.530007      2.11202    -0.593478     0.203195    0.0765933    -0.902522
    0.257103    -0.288033   -0.0387156     0.216767      0.29099    0.0422657   -0.0493199    -0.334579    -0.506246
    0.751215     0.215513   -0.0284231      0.36396     0.101828     0.148377     0.922634     0.863194      0.62272
    0.103079     0.851224     0.163083   -0.0793703     0.144666    0.0867257    -0.164591    0.0112773    0.0654388
  -0.0163062   -0.0823245    0.0918955    -0.261267    -0.284056    0.0108441    -0.193007    -0.298618     0.218544
    0.226836    -0.111011    -0.363229     0.201823    0.0595752     0.216901    -0.392977      2.30274     0.188445
    0.456782    -0.650342     0.155338     0.468507    -0.138824     0.394333     0.116443      3.79228    -0.249512
   -0.101544     0.178923     0.815702   -0.0462401      1.58782     0.273751    -0.138554   0.00413942     0.271031
   0.0271285     0.152543     0.296616     0.105766      1.20876    0.0810341     0.269605     0.211788    0.0604752
    0.472072     -0.68247     0.501646     0.217667    -0.300206      2.51565     0.791686    -0.869397   -0.0273447
      1.4143     -1.10073     0.915457     0.404761      0.21853    -0.329636     0.384105     0.396297     -3.07688
    -5.53792     0.711767     0.132048     0.414493     0.716431    -0.498633    -0.322105    -0.447099     0.348713
    -1.25092     -0.39938      2.84192      1.56185    -0.548133     -2.11894     0.191999      1.52613     0.609398
     1.20508      1.03489     -5.66083     -0.10716     0.762838     0.973369      1.10457      -0.3559      1.07409
    0.632392      1.50717      0.93269     0.664557     -3.77746       1.2722      1.51021       1.0692      1.13871
   0.0377866     0.602574    0.0433887     0.406674     0.449242     0.337128    -0.204209    -0.169307    -0.321382
     -1.8101      1.13555     0.759188      4.15717     -1.18676     -1.14486     -1.20504     0.234777     0.927968
    0.511841    -0.342686     -1.39264     0.573261   -0.0549569     0.137488     0.573973    -0.436765    -0.261455
    0.497616     0.384379    -0.517831    -0.575398    -0.226928     0.604428    -0.970354      0.16813      1.32368
   -0.306851     0.295977    -0.145289    0.0723618   -0.0578227     0.134256    -0.362206      1.53553     -0.15023
   0.0596324     0.248737     0.354277    0.0780511     0.134225     0.463569   -0.0281445     0.132656     0.189309
    0.576471     -1.11553      0.13558    -0.172139      1.66036    -0.409657    -0.280857     -1.28817     0.487775
     -2.6808     0.165433    0.0686948      1.06046     0.530494     -1.37865   -0.0072305    -0.262811      1.25854
     1.08023     -1.37899    -0.966033    -0.904526     0.860743     0.991963      1.41665      1.48786     -2.31307
    -0.48646    -0.227877     0.557538      1.23282    -0.871881      0.29451     0.263532    -0.384058      4.93161
   -0.116293     0.210786    0.0978003     0.760166     0.187062     0.263291     0.259344      1.00388    -0.434984
    0.154924   -0.0708758    0.0160118     0.474859     0.162294    -0.716777    0.0481588    -0.233287     0.298684
   -0.378401    -0.452215      5.29782    -0.158138    -0.511457     -0.30428    -0.585329    -0.416531    -0.499043
    0.253874      0.42641    -0.213717   -0.0164045     0.423118    -0.402512    -0.963767    0.0741336    0.0117614
  -0.0310767     0.129764     0.238926    0.0510798      0.20425     0.123048     0.244318     0.449992      0.14884
    0.583012     0.157541     0.529015      1.51043     0.365558     0.269633     0.467792    -0.258601     0.335328
    0.141778     0.708983     0.149786     0.124887     0.103095     0.104933   -0.0126912    0.0714849     0.190736
    -1.32927   -0.0511889     0.788231   -0.0846335    0.0869567     0.284895     0.184548    0.0652217     0.659016
     1.18666     -1.75477    0.0301397     -1.48415      1.12179      1.85049      1.44278    -0.326362     0.612388
      1.9043  -0.00257614   -0.0401217    -0.074648    -0.253453   0.00729776     0.271653     -0.19204    0.0133508
   -0.107245     0.288014     0.201411     0.872261      2.03933     0.655361     0.146566    -0.283817    -0.846404
   0.0498367     -2.26991    -0.362905    -0.452372     0.212028    -0.227086   -0.0403348    0.0109032     0.525011
   -0.702493    -0.351731      3.84279    -0.913753    -0.336203    -0.435586      -1.1568    -0.397269     0.044152
   -0.370403      1.28709    -0.448613    -0.188459       1.0468    0.0492493      1.30526     -5.30971      1.04532
   -0.385092      0.53967      0.34202     0.479225    -0.313979    -0.499021     0.188553    -0.482414      1.26919
    0.117837     0.205837    -0.152254    -0.293905  0.000522041   -0.0101375    0.0986917     0.443821      1.21784
   -0.934203     0.632137    -0.974601     0.910915     0.573585    -0.382284      1.19145      1.20231      0.53022
    -1.14131      0.84156    -0.881471     -1.71894    -0.188599      1.92692      3.68591     -1.06555     0.210763
     1.14337     0.807848      3.19962     0.355823    0.0518752      0.18341     0.199649      1.74995    -0.695987
    0.103627   -0.0432629     0.263215    0.0938842     0.259163   -0.0718335     0.164483     0.150362     0.883646
  -0.0894809     0.418774     0.133485     0.177289      1.32833     0.296558    -0.121038    0.0741444    -0.338108
    0.139969 -0.000215282    0.0204138    0.0376977    -0.192882    -0.170535     0.174666    -0.348978      4.12594
     1.15125     0.741224    -0.625315    -0.636095      1.83116      1.12698    -0.536819    -0.251436     0.508905
  -0.0305168    -0.201822    -0.160022   -0.0470517    -0.225532    -0.206271    -0.247297      1.90122     -0.10281
     4.44149    -0.320453     0.321289   -0.0626351   -0.0813119     0.369696    0.0664114    -0.497413    -0.100206
   -0.850332    -0.260289    -0.534656       4.1727      -0.5452    -0.522088    -0.347434    -0.547112    -0.735599
    0.936307     0.272012     0.149126     0.188933    0.0146937  -0.00389226     0.614398   -0.0356622     0.104384
   -0.867144     0.930716     0.576576    -0.708847     0.164774    -0.269214     0.455719     0.483137      2.41025
   0.0311772    0.0662507     0.531372   0.00225202     0.233558    -0.027441      0.15877     0.182409     0.126646
     0.39022     0.825102    -0.441943     0.151369    -0.339843    0.0876281      2.99692    -0.435261    -0.029423
   -0.525239     -1.74471     -1.42065     0.432044    -0.658662    -0.192655      6.02088     -1.00498   -0.0857149
    0.202523    -0.386555     0.100957    -0.405501    -0.499239      3.70142     0.100455    -0.431368     -0.34208
    0.468843    -0.210879     0.128653     0.266929    -0.235177     0.278925    -0.148683      2.66027   -0.0702161
    0.334597   -0.0324408     0.144518      0.19039     0.494439     0.239099     0.208269     0.157438     0.549998
   -0.718274      6.07458    -0.541983    0.0635713    -0.473362    -0.158186    -0.894563    -0.239607    -0.663517
   -0.250781     0.123407     0.202423     0.175177    -0.246069     0.213537    0.0601555     0.453928       1.4208
   -0.396742    -0.843142     -1.15808     0.144138    -0.609989    -0.408513     -0.47164      4.26718   -0.0496737
   -0.180185     -0.46672    -0.344253    -0.567836      5.09756    -0.727494     0.108844    -0.466503    -0.338343
    0.204801      0.38904   -0.0771016     -1.77382    -0.244346      2.08141    -0.805439     0.081159   -0.0427809
  -0.0732321     0.113778     0.224875    -0.153455      0.26914   -0.0551236       0.4091     0.465539      1.50342
   -0.749616    0.0462538    -0.561416      4.55841     -0.72952    -0.354187    -0.214663    -0.521469    -0.559234
    0.674797    -0.194798     0.207531     -3.83534     0.403003     0.875271      1.00823      1.08566     0.737512
    0.349969     0.474947    -0.283618    -0.167288     0.710216     0.464051    -0.500493     0.104691    -0.179752
   -0.390805    -0.644597    -0.338605  -0.00936177    -0.541097    -0.349549    -0.493843      0.43752    -0.129276
  -0.0613191     0.757383     0.300467     0.102757      1.27397     0.119965   -0.0777241     0.361834    -0.218329
      0.1957    -0.852249     -1.44263     0.475591     0.138761    -0.184835     -1.30367    -0.364299    -0.142916
    0.300422      2.61646   -0.0469034     0.338553     0.446353    -0.297488     0.342944     0.543838     0.342188
    0.796991    -0.116236     0.123901     -0.36412    0.0434313     0.106979   -0.0265175      0.15876    0.0912555
     0.68483       1.2436  0.000984509     0.956731     -5.27367     0.872267     0.523369     0.976281      0.91517
   -0.734684     0.619817      1.41859      2.10771     0.838034     -3.44334     -1.46463     0.156066      1.73188
     3.87087   -0.0461663    -0.773912    -0.512637    -0.008001    0.0176641   -0.0466582    -0.515737     -1.38869
    0.142071     0.014274     0.657774    0.0338025     0.221764     0.226654     0.268246    -0.147051     0.118001
    0.718258     -5.00921      0.44108     0.474793      1.04448        1.327    -0.485064     0.751561     0.727847
  -0.0079623     0.530535     0.240383    -0.107587     -0.15657    0.0992624 -2.70569e-05    0.0291692    -0.364183
   -0.430106     0.351118    -0.723578    -0.436126   -0.0853174     0.672495     0.674149    -0.370507     0.894675
    0.172564     0.406399     0.336885      0.13592     0.236876     0.296527   0.00469899     0.983686    0.0528493
   0.0916924    -0.022236     0.625457   -0.0417217     0.755186     0.164322     0.292053  -0.00896039     0.306434
    0.205123     -1.23873     0.168751     -1.08974     0.630126    0.0583549     -0.19246     0.215236     0.316291
   -0.654966    -0.136323    -0.249287     0.413645     0.330447     0.172806     0.683125      1.50013     0.374266
    0.892373     0.924702   -0.0744895   -0.0759125      0.72151     0.564177     0.269589      1.25819     -2.89299
   -0.648172    -0.367264    -0.834393    -0.251681       4.0301    -0.739847    0.0874333    0.0352291    -0.725239
   -0.217797     -0.12999      1.57461      3.31876    -0.112956    0.0990362    -0.602961     0.296237     0.107019
    -0.20349    -0.658979    -0.816211   -0.0157853     0.394841     0.349325     0.657672    -0.403668      0.80665
   0.0153099     0.662644   -0.0307359     -1.01883   -0.0907174    0.0142222     -0.15721     0.383611    -0.163965
   -0.148688      2.26562    -0.284061    -0.498032   -0.0980288      0.26683    -0.656824    -0.749196     0.505641
   -0.382048    -0.587446    -0.198392    -0.908178     -1.03204      5.22576     -0.30496    -0.394605    -0.608768
    0.302478    0.0701689     0.389454       1.4435     0.652543     -4.34158    -0.218171    -0.139188      0.23734
   -0.168391     0.554519     0.331832     0.251539     0.199361     -0.10632     0.217331     0.282052     -1.72853
    0.127024      2.08694    0.0892096      0.41135    -0.239275     0.258906     0.131766   -0.0874661    -0.101762
    0.797727     0.135364      0.20559     0.280781      0.15806     0.506844     -4.04467    -0.318255     0.765722
   -2.65016
   -2.82725
   -3.53652
   -3.99307
   -3.18623
   -3.02145
   -2.83348
   -2.59817
   -2.65149
   -2.71627
   -2.79393
   -3.20812
   -2.40472
    -2.4155
   -2.88785
  -0.519147
   -2.71901
   0.865588
   -2.89939
   -1.08071
   -2.59574
-0.00747868
    -3.0129
   -2.75698
   -2.71013
   -2.49857
   -2.74709
  -0.759175
   -1.33098
   -3.42509
   -2.72931
   -2.93804
    -3.9537
   -2.70054
   -2.62908
   -2.68555
   -2.56778
   -3.06991
   -1.35205
   -2.94318
   -2.34995
   -2.57373
   -3.78385
   -2.66335
   -3.24594
   -2.53657
   -3.14356
  -0.434525
   -3.24207
    -2.6802
   -2.43634
   -2.90659
    -2.1106
   -3.05454
   -3.30211
   -2.84902
   -2.62914
   -3.13742
   -2.66238
   -3.95642
    -3.8442
   -3.55636
   -3.17285
   -2.48029
   -3.74195
   -2.64765
   -2.98586
   -3.25143
   -3.41811
   -2.47581
   -3.20503
   -2.84979
   -2.80293
   -2.71452
   -2.50205
    -2.1733
    -2.6804
   -2.92056
   -1.95691
   -1.31619
   -3.62625
     -2.633
   -1.89498
     -2.664
   -3.00522
   -2.58947
   -2.50513
   -2.77651
   -2.55467
   -1.87681
   -2.71272
   -4.67215
   -3.20556
   -2.70968
   -2.78615
    -4.1994
   -2.87296
   -2.71965
   -2.57931
   -2.84053
1
4
100 10
   -0.135408     0.680075     0.164433     -6.25141    -0.123286    -0.292172    0.0416998     -0.75886    0.0982819     0.199747    -0.158637     0.404854    -0.606005    0.0672731     0.495659      1.22761     -6.24701    -0.362344    -0.579039    0.0149509     0.686546    -0.346652     0.871895      1.10689      0.62012     0.225061    -0.142077     -2.18547   -0.0290711      0.93168     0.704428   -0.0376285     0.984316     0.416794     0.183155     0.010256    0.0166053     -1.08447    -0.245226     -1.58204     0.520154      1.69643      1.54476    -0.718919    -0.495041     0.419107     -1.66824    -0.671094      0.47472     0.340695     0.596311     0.883956      1.45481     0.463675     -4.78046     0.457386    -0.567958    -0.858884     0.371744     0.400395      1.46084     0.203943     0.172476    0.0171291       1.0408     0.323467      0.88993   -0.0601064      1.34733     0.238592    -0.467473     0.748046     0.358609       1.0557     0.270568     0.892409    -0.341912    -0.687028      1.06845     -1.06681     -4.56668    -0.144592      1.50078     0.317528      1.06984     0.266583     0.142323     0.460249    -0.733044     0.696363    -0.216955     0.968222     0.775011     0.418894     0.961827      1.18184     0.643838       0.9386     0.544691    -0.141916
    0.087708     -1.30324      1.75452      0.62886   -0.0805375     0.738796     -0.65033   -0.0138171    -0.694615   -0.0366808     0.105805     0.572245     0.537752     0.110906     0.668077    0.0800328     0.985913    -0.965814     0.351092     0.527136    -0.474108     -0.25149      1.00586     0.226108      0.23049 -3.54295e-05      1.50675      1.32371    -0.132118     0.521829    -0.185424     0.378342     0.789019    -0.525347     0.108679     0.429797    -0.593359     0.580271      1.70252     0.287924     0.492468     -2.50443    -0.139575     0.694403    -0.341786     0.230733    -0.571058      2.21868     0.119013     0.293218   -0.0504794     0.371431     -0.86613    0.0145539     0.622276     0.644271    0.0617585    -0.305137     0.245815    -0.962927      1.47275      0.73351     0.480203     0.168699     -8.31324      0.87914     0.588776     0.987939    -0.580482      0.41291      0.72269     0.224505    -0.149989   -0.0274267    -0.334718     -1.27194     -2.59474    -0.220387     0.509446   -0.0540444     0.240725     0.337859     -6.56262    -0.188869     -0.47784    -0.102738     0.181598     -1.46514     0.398624     -0.18673     0.476703      1.23004      1.19377    -0.526196     -2.19499     0.311901      1.73488    -0.385514      -2.1323    -0.188426
   -0.539104     0.573017     -0.64471     0.971359    0.0999653   0.00313139    0.0960449     0.696921   -0.0253635     0.130104     0.875956      0.72325     0.484421     0.274017     0.506644   -0.0295046       1.0398      2.52201     -6.50083     0.792641    -0.231622      1.75446     -1.60046    -0.232385     0.581477   -0.0120468    0.0613417     0.585418       2.0293    -0.123046     0.041609      0.63305     -6.98006     0.739979   0.00784379    -0.176686     0.159426     0.189873      1.61031  -0.00252063     0.290814     0.535873     -4.32976     0.526668     0.849886     0.371775      1.97242    -0.709498     -2.69147     0.161438      0.34382     0.117138    -0.738713     0.662427     0.223728     0.197347  -0.00965328     0.664399    -0.246003     0.218215     0.533035    0.0908458     0.211811      0.24587     0.685865    0.0988086      1.11365     0.950832    -0.585042     0.364377     0.622114     -1.04524     0.242593    0.0359058   -0.0213403      1.22844   -0.0886655     0.244885       1.4877     0.533424     0.644593     -0.20528      1.30037    -0.240181    -0.591491    0.0408199   0.00819779    0.0926802     0.850763    0.0298143     0.903545     -3.18041     -1.43415     0.102823    -0.295578     0.236972    0.0496162   -0.0981139   -0.0981692      1.71939
    0.286439     0.460185     -1.69774      1.13311     -1.27703      1.20799    0.0365461   -0.0599341     0.150428    -0.167676    -0.397168     -0.33855     0.672274    -0.023059     0.151231    -0.278548    -0.228845     0.592689    -0.540419     0.501358    -0.189402      2.73951     -0.56859     0.299576     0.118144    0.0944966     0.749384      0.35661    -0.510181     0.514778    -0.248783    -0.334856      1.25468   -0.0673081   0.00425303    -0.971837       0.1754     0.515489     -1.35215    -0.147997    -0.467873     0.323879      2.03179      1.40855   -0.0702033     0.113758    0.0801856     -1.85488      1.48079    0.0236886   -0.0231262     0.427722     0.408609     0.433094     0.386532     -4.81387   -0.0543915      1.02432   0.00717557      1.15593      1.14596     0.664492     0.388651    -0.222378       1.3795    -0.148479     0.370484     0.616011     -1.36337     0.517636       -5.166     -4.47623    0.0772071    -0.189332     0.443276    -0.435873      1.33708    -0.106401     0.599817       3.8278     0.647407   -0.0555974      1.48473   -0.0772031     0.518614     0.224664    0.0353936      0.52412    -0.358471     0.713236     0.690058     -2.82249     0.506175    -0.966253    -0.485686     0.963247     -1.49199     0.178194     0.208434     0.996762
    0.128267     0.329061     0.178176     0.553225      0.28244     -2.24711    0.0543552    -0.130803   0.00986687    0.0978803     0.147317     0.735786     -1.23644    -0.956932     0.357655     0.410788      1.51406    -0.207493     0.909942     -5.00117    -0.244099    -0.896851     0.367046     -1.22241    -0.193175   -0.0816519     -1.44745    -0.241596     0.659429      1.21604    0.0577047     0.226775      1.06961     0.229744    -0.128551     0.194946   -0.0343059     0.316984    -0.961619     0.212543     -1.73679     0.383383      1.52679      1.32918     0.296525     0.108547     0.743721    -0.603291     0.684304     0.138792     -1.07672     0.411021     -0.56058     0.291547     0.336077     0.548299   -0.0131771      1.05803     0.136546       1.0009      1.44114     0.501569     0.186302    -0.356401       1.9747     0.322399     0.788086     -5.79314       1.5261    0.0172493      0.94375     0.387991    -0.290826   -0.0741921    -0.920443     0.208841     0.638037     0.380977     -6.78978    -0.455736       1.2979   -0.0202604     0.591183    0.0908557     0.320341    0.0277005    -0.558685    -0.170897   -0.0639081    -0.497327     -4.27809     0.124235    -0.071493     0.550766      1.03855      2.03299      0.38405   -0.0541039     0.200142       1.2505
    0.468342      0.11362    -0.818903       1.1439    -0.805378     0.119324     0.556884     0.143328   -0.0296174   -0.0784254     0.868501     0.782814      0.33475     0.232165     -2.98379      0.66555     -0.26606     0.538004      3.13516     0.915952     0.239663     -2.13777     0.118252     0.326611     0.526127   -0.0403123     0.291855    -0.244568     0.362046     0.743524     0.650525    -0.844311    -0.376615    -0.458039   0.00189449    0.0641255    0.0311712    -0.186265    0.0232098    0.0493036     0.716539    -0.264831    -0.437732      1.91066    -0.168941   -0.0881474     0.651016       0.5294      1.10623    -0.378562     0.267397      0.25719      -0.1323     0.141418     0.662338     0.678531    -0.127172     0.263887    -0.304501     0.870638     0.870409     -4.45878     0.730265    -0.135249      1.28275    -0.180308      1.10367     0.600346     -2.22046    0.0503811     0.962134     0.916893   -0.0174087    -0.204215     0.421258     0.643634       1.1498     0.280636     0.608372     -3.19801      1.57416    -0.304635   0.00392059   -0.0715353      1.12565     0.370743   -0.0848385    -0.344554    -0.124837      1.56857     0.415265     0.634521     0.446008     0.379458     0.396836     -7.28678     -4.17633     0.618061     0.346989    -0.208291
    0.179267    0.0793728    -0.673147      1.03796     0.324767    -0.533982    -0.167263   -0.0319401     0.169478    -0.120665    0.0583875     0.641811    -0.201774    -0.138533    -0.168784    0.0710246     0.726246    0.0572148        1.773      1.07766    0.0650646     -1.99063    -0.922845     0.613093     -0.49077   -0.0981085     0.466162     0.769003    -0.323388      1.42021    -0.269669     0.213801     0.606869    -0.871807    -0.212497     0.643602      0.36853    0.0250326     0.116906     0.203818     0.489163    -0.371161     -1.22196      1.09489      1.22223    0.0448654     0.181882      2.22668     0.529678    -0.111585     0.153644      1.21497    0.0580511    -0.164717     0.361584     0.963585    -0.297254     0.361631   -0.0906053     -3.92027     -8.69222      1.18132     0.184664    0.0969479      1.04823    -0.298998    -0.457944      1.06714     0.727053    -0.190909      1.27522      1.31735     0.721899    -0.783724    -0.130459     -1.71289   -0.0381259     0.178403      1.02142    -0.241392     0.296208    0.0389827    0.0724957    -0.131086     -1.07422    -0.102654  -0.00765832      1.08092     -0.23859      0.96396      1.10109    -0.268863    -0.656823     0.160021     0.517469      1.45705     0.854827    -0.200337    0.0699418     -3.48514
   -0.706702    -0.671118      1.41606     0.547264     0.234319     0.538863     0.609515     0.357206    -0.147041    0.0131418      -2.3326     -4.24895     -0.40783     0.218948    -0.195691     0.833259     0.344144    -0.895244     0.391882     0.365254    -0.493531     0.127506     0.622336     -0.11822     -1.57507   -0.0934645    -0.381421     -1.25679      1.21772     0.480898    -0.806849     0.258458     0.899553     0.383148    -0.270392    -0.108771    0.0290169     0.118591     -0.36127      0.55526    -0.398768     0.289578     0.456982     -7.13463     0.559204   -0.0380126    -0.156054     -1.08922     -2.05414     0.328166    -0.171152     0.704467      1.30719     -2.38384      0.71572     0.987058     0.459003     0.677756     0.080371     -0.02352     0.874587     0.299632     -3.12247     0.116081   -0.0440097     0.292205     -5.35021     0.929867    0.0467417       0.1485       1.2085       1.0317   -0.0121647     -0.72088     -0.36039    -0.304809    0.0498051    -0.163276     0.759416     0.534717     0.408656    0.0102239     0.744274     0.469556     -1.05949    -0.865929      0.30489     0.734551    -0.724024     0.494859     0.547494      1.26126    -0.531527     0.420694    -0.586769      1.28729     0.402396     0.398674     0.529301     0.249565
   0.0245473   -0.0290555    0.0756908     0.439865      1.25519     0.877615     -1.04279   -0.0329412    0.0193094    -0.307103     0.375354      1.20146      0.47012    0.0339435      1.09351     -2.79067      1.72171    -0.624723      1.30513     0.316915     0.352418     0.630269     0.072846    -0.817173    -0.305103    -0.135174     -0.63963     0.932282     -3.57943     -5.95018    -0.279268    -0.127706      1.35442     0.166843   0.00967761   0.00317621  -0.00424966    -0.541542     -0.44875     0.735267     0.651158      0.16344     0.663216      0.92552      -1.7221     -1.04022     -1.15488      0.11491      0.14244    -0.516488     0.047201     -4.32728    -0.360521     0.255025      1.60587     0.343277     0.321347     -2.96075     0.214144      0.90869     0.806262     0.736723     0.664127    -0.195032      1.01368     -1.11276     0.934343     0.636882      0.85268     -1.20487     -0.24087      1.18294      -0.5811     0.788629     0.567585     0.419704    -0.215865   -0.0926468     0.646414     0.652848     -0.73742     0.324898     0.927756    -0.261726     0.066197    -0.183924     0.081798    -0.498932     0.411276      -3.4144     0.415668      1.96279    -0.133596    -0.310453     0.825601     0.206761      1.42628     -1.51114 -0.000232612     0.234464
-0.000168759   -0.0196963    0.0514125    0.0307844   -0.0372843     0.026935   -0.0544158    0.0404375   -0.0144891   -0.0499664  -0.00411592    0.0334937    0.0302356   0.00171173    0.0363754    0.0230672   -0.0236785   -0.0294774    0.0188492   0.00804665   -0.0165454    0.0439341    0.0232151   -0.0699612  -0.00442898      -0.0328   -0.0149659   -0.0296948   0.00699387   -0.0169191  -0.00127792   -0.0125246  -0.00241919   -0.0260417   -0.0577132    -0.027544  -0.00426598   -0.0633005   0.00550481    0.0168481   -0.0509877   -0.0131995  -0.00855536   0.00912972    0.0431406   -0.0605049     0.033227    0.0205314    0.0508298   0.00276542    0.0103331   -0.0223814    0.0168118  -4.8286e-05    0.0539695   -0.0857931   -0.0333511    -0.121175   -0.0314137   -0.0267278   -0.0165038    0.0696589    0.0262894   -0.0159784    0.0657228  -0.00181025   -0.0172797  -0.00326345   -0.0425774   -0.0514153   -0.0398972   -0.0654468    0.0205243    0.0140304    0.0366631   -0.0526142  0.000494451   -0.0274679   0.00223924    0.0720848   -0.0724526   -0.0505528   -0.0144811   -0.0440817    0.0231889  -0.00164553   -0.0456191   -0.0472632   0.00934385    -0.039526   -0.0634812   0.00623928     0.034212   -0.0182134    0.0275319  -0.00529861   -0.0731013   -0.0465597   -0.0260361    0.0252708
  2.09593
 0.139253
  1.91689
 -1.54829
  1.23986
  1.92276
 -1.24917
  1.13675
 0.620583
0.0120588
