2 8 0.1 500
1
1
9 100
     0.70971     0.401489     0.951443     0.291305     0.128728     0.415958    0.0763289     0.630199     0.178265
   0.0480647    -0.642717    -0.113975     -0.63365      0.65007    -0.357457    0.0870689      1.12592    0.0290615
   -0.438038    -0.203787     0.713539      1.78074    0.0568144      0.15382    -0.547885     0.106232      0.42743
     5.20815    -0.484032     0.164187    -0.424795    -0.236532     0.793851     -0.59294     0.530818     0.113559
   -0.340992     0.202273     -0.23397      1.07928    0.0243423     -1.39757     0.302514    -0.365108    -0.815101
   -0.799461   0.00874344      1.41283   -0.0179108      1.83415    -0.454972   -0.0595746    0.0384466    -0.647601
    0.440202    -0.484153     0.109389    0.0817758     0.216687    0.0715974    -0.152825    -0.250571    -0.770896
    0.858962     0.138604  -0.00238965     0.266364   -0.0191515     0.181036     0.911359     0.944792     0.562481
   0.0696331     0.882883     0.186293    -0.133779     0.160771    0.0287271    -0.153541   -0.0652226    0.0479945
  -0.0162024   -0.0858431    0.0964998    -0.282389    -0.325598   -0.0201054    -0.240761     -0.29621     0.196844
    0.579784    -0.078956    -0.607127      0.32306   -0.0045632     0.319049     -0.90776      2.30981       0.2482
    0.659865    -0.571333   -0.0622448     0.650817    -0.265782     0.248897    -0.239348      3.58925     0.180372
   -0.219274    0.0297086     0.893274     0.211108      1.56914     0.328301    -0.082389    -0.173606     0.542535
    0.163688     0.148171     0.266852     0.118117      1.19186    0.0755566     0.306073     0.131181    0.0732874
    0.434317    -0.815364   -0.0231436    0.0735874   -0.0968779      2.87147     0.911878    -0.868852    -0.194285
    0.705613    -0.349691    -0.133511   -0.0069004     -0.34702    -0.444095     0.341608     0.596887     -3.09764
    -5.37241     0.646907     0.646836     0.709757      0.97355    -0.802576    -0.867843    -0.901772      0.48556
    -1.17979    -0.254085      2.41157      1.78838     -1.11162     -2.58128     0.148676     0.946444      1.02324
    0.672649      1.23205     -4.69596    0.0997331     0.289856      1.58438      2.03596    -0.954759      0.91335
     1.79954      1.34407     0.872363     0.490126     -3.47487      1.30135      1.29295     0.438539      1.09068
    0.113642     0.646297     0.079019     0.400943     0.413178     0.334963    -0.134127    -0.277339    -0.296873
     -1.6505    -0.348131     0.707973      4.18878    0.0857109     -1.27243    -0.908331     0.498989     0.408448
    0.449348    -0.442094     -1.50868     0.669906    -0.219108     0.266926     0.874701    -0.412666   -0.0243657
    0.802774     0.393268     -0.50699    -0.637792    -0.369332     0.930838     -1.32708     0.279596     0.912364
 -0.00758933     0.342732    -0.424961    0.0880607   -0.0982953     0.202057     -0.53281      1.61725   -0.0853275
   0.0807048     0.211376     0.342475    0.0466771    0.0961987     0.492427   -0.0224249     0.127883     0.181975
  -0.0413117     -1.00925   -0.0206385    -0.134802      1.43074   -0.0464841    -0.188848     -1.34573      0.86083
    -2.35022    0.0803444    -0.235229      1.18001      0.84606    -0.910773     0.412982    -0.708534      1.20262
     0.45578     -1.84601      -2.1859    -0.738483      1.11089     0.299717     0.514218      1.60608     -2.49359
   -0.872985    -0.122309    -0.185262     0.397737    -0.982671     0.350104   0.00140022    -0.394907      4.36707
  -0.0671453     0.315907    -0.041656     0.735889     0.105547     0.333165     0.235195      1.01281    -0.406818
   -0.012709     0.115873    -0.244597     0.461563      0.42217      -0.8785    0.0556066      -0.3248     0.324078
   -0.630998    -0.362744      4.94298   -0.0502174      -0.6599     -0.32961    -0.557037    -0.432004    -0.330487
    0.165347     0.451032     -0.10322   -0.0282056     0.551832    -0.727663    -0.929588    0.0266233    0.0991388
  -0.0112016     0.118769     0.217644    0.0492585     0.189345     0.145248     0.271799     0.436541     0.166039
    0.624222     0.203128     0.469511      1.53497     0.333278     0.278727     0.462189     -0.23084      0.26722
    0.101961     0.761733     0.155709    0.0656433     0.107907    0.0291836   -0.0338833  -0.00410191     0.179521
    -1.57296    -0.185354     0.938465    -0.111158     0.117252     0.212877     0.168283     0.042868     0.614916
     1.08575     -2.19738     -0.88452     -1.16342     0.966405      2.08277      1.41358    -0.606973     0.716564
     1.87981   -0.0355568   -0.0735101    -0.153138    -0.332717     0.191074     0.408743    -0.208489    -0.102517
    0.157746     0.416598     0.046466      1.06642      1.93374     0.471744     0.244116    -0.460168    -0.439776
    0.340868     -1.91979     -0.41229    -0.932122     0.358726    -0.461551   -0.0956882     0.193855       0.5031
     -0.6345    -0.494532      3.66822     -1.12375    -0.490444    -0.454323     -1.11754   -0.0348624    -0.096214
  -0.0728617     0.859423     0.466561    -0.650748       1.3254    -0.474239      1.32716     -5.00074     0.925558
   -0.480446      0.60352     0.172775      0.20655     -0.25562    -0.534291      -0.2504    -0.383103      1.04261
   0.0867262     0.167168    -0.267181    -0.347794    0.0116515   -0.0127508    -0.106538      0.51679      1.15752
    -1.71428      1.19535     -1.26268     0.910733     0.622309    -0.736958     0.557069      1.03468     0.686925
    -1.50104      1.46889     -1.15601     -1.73022    -0.578595      1.75614      3.37721     -1.06669     0.316635
    0.908868     0.484806      2.89437     0.403594    0.0348607    -0.207873     0.771897      1.71031    -0.260984
   0.0738606   -0.0389137     0.184976    0.0520626     0.302098   -0.0832711     0.127298     0.146863     0.866949
    0.110302     0.425422     0.125308     0.142763      1.29887     0.265198    -0.141793   -0.0375366    -0.265126
   -0.165349     0.192971     0.141742     -0.14232    -0.444936    -0.147469    -0.178592    -0.088478      3.54454
     1.47871     0.843073    -0.441881      -1.1949      1.81366      1.67844    0.0277961    -0.843839    -0.394517
    0.231241    -0.271752    -0.319389    -0.131624    -0.194025    -0.307911    -0.395585      2.00459    0.0369211
     4.29031    -0.387083     0.396751    -0.172556    -0.442989     0.462662     0.142966     -0.41222    -0.126125
    -0.59436      0.21344    -0.863342      4.06133    -0.331179     -0.95443    -0.504047    -0.516589    -0.726421
    0.946839     0.221843     0.145307      0.15226   -0.0343033    0.0655329     0.755205   -0.0452249    0.0561381
    -1.78969     0.990133     0.614577     -1.00799    -0.444832    -0.478965     0.149443     0.416072      2.43672
   0.0028727    0.0930486     0.497951   0.00777033     0.233159    0.0124812     0.206262     0.154449     0.133662
    0.132387     0.624865    -0.379872    -0.299054    -0.553154     0.207039      3.30884    -0.378115      0.23378
  -0.0223823     -1.72669     -1.61107     0.509325     -1.44485     0.234983      5.85821    -0.550528     0.077481
    0.142874    -0.248203     -0.10241    -0.780177    -0.270293      3.76625   -0.0679379    -0.229679    -0.549745
    0.641853    -0.252476     0.123135     0.412794     -0.40862     0.201402    -0.385613      2.58286     0.148999
    0.330983  -0.00784981    0.0519284     0.160103     0.517308     0.267547     0.199315     0.115638     0.530956
   -0.919586      5.86768    -0.268863    -0.472426    -0.557013    -0.191312    -0.486181     -0.80228    -0.543885
   -0.184444     0.111016    0.0746535     0.123377    -0.152921     0.300442   0.00779703     0.375599      1.26338
    0.499737      -1.1416    -0.676123     0.109371     -1.19846    0.0892693      -1.3348      4.12338     0.586238
    0.024104    -0.709224    -0.135037     -0.32112       4.8399     -0.60623     0.189294    -0.563476    -0.397722
   -0.292123     0.896762     0.140312     -1.47916    -0.284248      1.79437    -0.416839    -0.188291    -0.343965
  -0.0851303  -0.00838282      0.22717    -0.221299     0.255088   -0.0205394     0.300875     0.418539      1.45937
   -0.501503 -0.000345296    -0.431896      4.43998    -0.648135    -0.606941    -0.560749    -0.319876     -0.69635
    0.692598     0.331779   -0.0811896     -3.50181     0.749205     0.523735     0.946663     0.638282      0.57062
    0.521258     0.588623     -0.35901    -0.274782     0.670474     0.483645    -0.683632 -0.000193983    -0.347761
   -0.277553     -0.42556    -0.441117    0.0132141    -0.516942    -0.295878    -0.376234     0.352662   -0.0849983
   0.0645403     0.671308     0.424654     0.194116      1.23724     0.177295    0.0127474      0.22657    -0.127841
    0.459177     -1.09855     -1.16936     0.144801     0.213632    -0.236693       -1.235   -0.0622984    -0.201281
    0.191387      2.38037    0.0606226    -0.100655    0.0344801    -0.013622     0.586038     0.256897     0.652052
    0.858718    -0.241902     0.219125    -0.345851   -0.0695817    0.0298063    -0.156628     0.240451    0.0464414
     1.34095      1.38801    0.0497465     0.704081     -4.92762      1.16156     0.679723     0.449924     0.760899
    0.164181    -0.977398      1.62851       2.1879     0.780575     -2.76456     -1.25552     0.774387     0.965772
     4.19236   -0.0944275    -0.525732    -0.742934   -0.0628211     0.108836    -0.591024    -0.595066     -1.40227
    0.113692    0.0147738     0.647013    0.0800571     0.196073     0.280539     0.302553    -0.167872     0.125704
    0.567723     -4.73084     0.897478     0.521607       1.5119       0.4079     -0.23667     0.896771     0.082974
   -0.035405     0.481995     0.301572    -0.150964    -0.238704    0.0914571   0.00483616    0.0323761    -0.471067
   -0.459406    0.0627572      -0.4504    -0.525413    -0.316163     0.573985     0.852508    -0.393998      1.08314
    0.236565     0.369054     0.284701     0.112391     0.175835     0.285558   -0.0226095      1.03055     0.104515
    0.159405   -0.0319387     0.633786   -0.0799045     0.730005     0.229872     0.323759   -0.0772896     0.302658
    0.211372     -1.19325     0.541557     -1.27788     0.710986   -0.0392664    -0.246305     0.612732    -0.243284
    -0.64215   -0.0941219     -0.15119      0.50963     0.548322    0.0504155      0.57861      1.45728     0.340449
     0.80138     0.816188     0.112383     -0.57868     0.774797     0.478258    0.0702254     0.970987     -2.93339
  -0.0884207    -0.560968    -0.625433    0.0269552      3.81322    -0.698435     0.068341     -0.23912    -0.709189
   -0.260588   -0.0347284      1.59726      3.92707      -0.7768   -0.0546579    -0.915028   0.00266746   -0.0954605
   -0.219512    -0.611769    -0.812494     0.112813      0.35869     0.530855     0.703634     -0.56923      1.05844
  -0.0693917     0.922655    -0.136132     -1.09476    -0.123502    -0.170877   -0.0714419     0.390387    -0.350938
   -0.118042      2.30615    0.0505042    -0.746696   0.00644879     0.114504    -0.419007    -0.858873     0.327242
   -0.379772    -0.278006    -0.387434     -1.11126    -0.804102      4.93558     -0.27321    -0.150559    -0.945414
    0.436277     0.881111    -0.783465      1.47741     0.717219      -3.7346     0.497566     -0.28424    0.0148698
  -0.0221128     0.371091     0.216641    -0.173107   0.00437973    0.0746517     0.206586     0.286798     -1.93408
    0.109467      2.02508     0.165215     0.121089    -0.415537      0.32906     0.390286    -0.288924    -0.277339
     1.15433    -0.451403     0.141961    -0.274299     0.322988     0.174556     -3.35248    -0.145571      1.06291
   -2.40526
   -2.55921
   -3.25315
    -3.5769
   -2.80384
    -2.9988
    -2.6471
   -2.50831
   -2.48391
   -2.57106
   -2.37804
   -2.75305
    -1.9677
   -2.25774
   -2.57935
   -1.48472
   -1.88171
  0.0186706
  -0.729496
  0.0593232
   -2.38706
-0.00946471
   -2.40414
   -2.09751
    -2.4794
   -2.30945
   -2.26503
  -0.719569
  -0.945051
   -3.17305
   -2.65191
   -2.68559
   -3.33207
    -2.5693
   -2.48642
    -2.4134
   -2.40465
   -2.70671
   0.276627
   -2.75361
   -2.00932
   -2.51737
   -2.98868
   -1.78506
   -3.14977
   -2.27454
   -2.26156
    1.61513
   -3.23061
   -2.54591
    -2.2621
    -2.8389
  -0.711124
   -2.75672
   -3.10735
   -2.31402
   -2.40948
   -2.18311
   -2.46625
   -3.61081
   -3.29101
   -2.99805
   -2.72824
   -2.29708
    -3.3674
    -2.4353
   -1.99108
   -3.08625
   -3.23893
    -2.2989
   -2.78993
   -2.73689
   -2.43815
   -2.79191
     -2.377
   -2.43662
   -2.66298
   -2.76382
    -1.4154
   -1.34039
   -3.20248
    -2.3933
   -2.47356
   -2.44655
   -2.73431
   -2.41504
   -2.29472
   -2.50213
   -2.38665
   -2.12478
    -2.7314
   -3.88868
   -2.73952
   -2.35883
   -2.35972
   -4.03854
    -3.2462
   -2.45832
   -2.37163
   -2.93888
1
4
100 10
  -0.188138    0.594204   0.0418492    -5.77443   -0.254424   -0.491773  -0.0657782   -0.762517   0.0827735    0.172263   -0.169257    0.163293   -0.681982  0.00785389    0.800255     0.91985    -5.95841    -1.05539   -0.332546   -0.155172    0.653353   -0.294836    0.919579    0.999625      0.5861    0.196384   -0.185695     -2.1847    -0.16579      0.6821    0.668923  -0.0818179    0.048816    0.385629    0.154337  -0.0481031  0.00692269    -1.09213   -0.522249      -1.504    0.253944     1.27353    0.819072   -0.298042   -0.534427    0.374784    -1.65399    0.186914   -0.136486    0.315505    0.484501    0.691513     1.70387    0.354047    -4.39507    0.065934   -0.555074    -1.02647    0.321814    0.498972     1.92106    0.305415  -0.0157078 -0.00339963    0.577852    0.284016      0.5761    -0.40713     1.04992    0.221872   -0.737474    0.754108    0.323952     1.00708    0.165935    0.726328   -0.605129   -0.693473    0.637004    -1.51592     -4.2101   -0.180414   -0.180731    0.294922     1.03733    0.234286    0.104027    0.141305    -0.77792    0.676188    -0.55096    0.742207     0.80437    0.410267    0.706159     1.24079      0.5832    0.814091    0.391213 -0.00682006
   0.146935    -1.23552     1.54738    0.577868   -0.158755    0.591785   -0.649064   0.0677797   -0.599755   0.0362121   0.0629559    0.270613    0.587105    0.143993    0.956814   -0.237059    0.754207   -0.783084     1.89555     1.07219    -0.40958    0.272423     1.34738    0.707592    0.216146     0.12932     1.46579     1.36769     0.57849    0.437044   -0.155382    0.381723    0.759415   -0.519407    0.182214    0.512261   -0.479771    0.695971     2.58871    0.296721    0.312484    -2.19634   -0.251848   -0.165161   -0.226534     0.33817    -0.30206     3.69877   0.0926566     0.36646  -0.0589398    0.188529   -0.183665   -0.043364    0.560496    0.381297    0.133845   -0.311727    0.291841     -1.2057     1.01046     1.07472    0.323894    0.316221    -7.44585    0.915902    0.304101    0.592225   -0.454699    0.514678    0.590975    -0.15145   -0.075375  -0.0221502   -0.305025   -0.907598    -2.02084   -0.149795    0.473161   -0.272515  -0.0743508    0.403248    -5.63785   -0.139611   -0.238787  -0.0571019    0.230958    -1.27533    0.382774   -0.949176     0.24043     1.00934     1.47344   -0.540224    -1.87578    0.700137     1.15915   -0.587462    -1.78495   -0.128242
  -0.573889    0.627234   -0.658411     1.25728  -0.0287085    0.240215    0.051628    0.588069  -0.0211764   0.0495677     1.17781    0.998468    0.566006    0.268032    0.390517   -0.461408     1.16325     1.86812    -5.54772   -0.201805   -0.259399    0.837382    -1.57171   -0.042244    0.664903   -0.125408    0.201555    0.657002     2.25967  -0.0466775  -0.0390153    0.629325    -6.17731    0.810773  -0.0979203   -0.356787    0.125528   0.0804587     1.61976  -0.0314048    0.413587    0.775487    -3.67258     1.33841    0.823514    0.343496     1.91582    -1.52643      -2.269   0.0861236    0.381388    0.213057   -0.887186     0.77877    0.403244   0.0170402   -0.120806    0.608024   -0.337624  -0.0411146   -0.103745    0.213986    0.439287    0.163923     1.83592 -0.00945359     1.33155     1.57531   -0.484719    0.263938    0.277777   -0.956195    0.300765  -0.0783975   0.0265665     1.37324     0.25731    0.218881    0.933197     1.01818    0.923975   -0.320781     1.96918    -0.31188   -0.586404 -0.00365085  -0.0649588    0.253399    0.696219    0.292039       1.464    -3.32549    -1.39711   0.0922999   0.0794974    0.490926    0.694234  -0.0281586   0.0841825     1.73845
   0.251409    0.681903    -1.67286     1.13272    -1.32348     1.20998   0.0303364    0.029345   0.0647022   -0.156361   -0.344675    0.176802    0.655274  -0.0529982   -0.157267   -0.236825   0.0651057    0.402075   -0.296679    0.526943   -0.234471     2.76525    -0.55118    0.154145   0.0678203    0.075633    0.652092    0.645702   -0.105933    0.910689   -0.245626   -0.432696     1.31653    -0.21733   0.0250545   -0.966814    0.105633    0.594929   -0.725028   -0.130392    -0.43139     0.67313     2.11859     1.40708   0.0186247    0.141979   -0.578891    -2.01913     1.80085   0.0419802   -0.043605    0.750789    0.657727    0.575844    0.350637    -4.55921  -0.0542492     1.09128   0.0287602    0.973135    0.928746    0.187256    0.659358   -0.206574    0.601207  -0.0832155     0.94148    0.347762    -1.39352    0.543416    -4.81943    -3.68548   0.0436992   -0.166553    0.362088   -0.450688     1.00287  -0.0607835    0.192898     3.40096    0.413414  -0.0429141     1.97797   -0.140743    0.512967    0.240578   0.0927091    0.896054   -0.290984     0.77722    0.358699    -2.78836    0.392879    -0.99531   -0.552659    0.347675    -2.42531    0.249267   0.0399783    0.435716
   0.075139    0.424374    0.235783    0.496967    0.431528     -1.7693   0.0501789   -0.116582  0.00083485    0.124196    0.249765    0.794269    -1.09765   -0.879137     0.08479    0.141708     2.86745    0.841104   -0.377617    -4.89083   -0.255862     0.36355    0.163839    -1.24265    -0.10948  -0.0665698    -1.30613    0.800592    0.211739     1.19128    0.156113    0.296806     1.00563    0.335567   -0.074382    0.182093  -0.0392269    0.395955    -1.28559    0.148562    -1.55604    0.480712     1.53749    0.340574   0.0963688    0.184541    0.971702   -0.399983    0.519611    0.185961   -0.980116    0.299387    -1.48804     0.43629    0.248534    0.653793  -0.0797441     1.06608    0.189637    0.740719     1.01726     0.13994    0.216957   -0.347461     1.50769    0.342371    0.955812    -5.13919     1.29365   0.0469455     1.09424    0.164647   -0.397462   0.0855052   -0.791919    0.275364    0.245888    0.382435    -6.06459    0.222919    0.944839 -0.00252491    0.824402    0.154609   0.0755115    0.056776   -0.534677   -0.191728    0.213337   -0.608818    -3.68789    0.363321   -0.229105    0.609164    0.661948     1.63801    0.843282   0.0738839  0.00751438     1.35394
   0.503604  0.00140923   -0.765293     1.69378   -0.816471    -0.26095    0.544606    0.131027   -0.135453  -0.0872182    0.774898    0.644304   0.0221641   0.0663121    -2.75501     1.25889   -0.730292    0.925603     1.93589     1.64161   0.0974955    -3.10836   -0.175948    0.270941    0.463806  -0.0872167 -0.00273777   -0.873048    0.126158    0.697292    0.574806   -0.875626   -0.140928   -0.527743  -0.0535967   0.0402776  -0.0594776   -0.216992   -0.385966    0.186489    0.432382  -0.0982204   -0.425502    0.999742   -0.236115    -0.16034    0.512544   -0.448198     1.18215   -0.409616   0.0579573   0.0493581   -0.802672   0.0614651     1.21475    0.710539   -0.130292    0.113299   -0.343408    0.588349    0.610023    -4.11662    0.693927   -0.206844    0.744814   -0.220622    0.910227    0.239184    -2.17479  -0.0223828     0.90734    0.750962  -0.0764576   -0.203082    0.189898    0.450903    0.761696     0.30248     1.39354    -2.97711     1.98675    -0.32887    0.267625   -0.131508    0.852698    0.312123   -0.189036   -0.381863   -0.219702     1.00268   0.0746675    0.614436    0.199879    0.232441    0.028375    -6.83233    -3.81982     0.36406    0.109342  -0.0701008
   0.161606  -0.0242438   -0.534708    0.711323    0.362097   -0.396735   -0.105214   -0.134962    0.321072  -0.0565136  0.00276894    0.394939  -0.0217785  -0.0474891   -0.840118  -0.0885698    0.844779   -0.414379     1.98609    0.944678    0.209285    -1.66632   -0.830873    0.785256   -0.407136  -0.0384657    0.480134    0.500795    -0.55167    0.640297   -0.293391    0.229229    0.159153   -0.663999   -0.167633    0.565375    0.471059    0.128247   -0.153812    0.123368    0.611358   -0.661582    -1.32102     1.08646     1.10154   0.0555197     0.17263     3.13616    0.175732  -0.0959655    0.306405    0.821958    0.806914   -0.215807   0.0756835    0.635428   -0.280938     0.45954  -0.0339211    -3.60319    -8.31523    0.626185   0.0287704    0.107692     1.56657   -0.203033   -0.415089     1.07861    0.794778   -0.186828    0.780158    0.874796    0.902364   -0.651437   0.0187489     -1.5894    0.110934     0.11665     0.88641   -0.694488      0.2445    0.055065   -0.403134  -0.0249834    -1.02506  -0.0602226   0.0477103    0.866443   -0.184547    0.870835     1.15062   -0.370647    -0.68917    0.363651     1.02988    0.832449    0.606543   -0.188825    0.189903    -2.70833
  -0.634109   -0.670553     1.28107    0.173485    0.337089    0.414665     0.69884    0.321755    -0.17253 -0.00689921    -2.14667    -3.70666   -0.548267    0.183034    0.192958     1.66636   0.0567217   -0.347525    0.209366    0.104076   -0.496229    0.344028    0.615289   -0.411701    -1.48404   -0.116328   -0.352569    -1.33527     1.32879    0.281314   -0.774265    0.270994     1.66898    0.391428   -0.292041   -0.129678  -0.0060463  -0.0291202   -0.661385    0.541962   -0.408207    0.193064     1.04471    -6.42542    0.546418   -0.148106  -0.0949238     -1.9334    -1.61923    0.253044   -0.165908    0.532851    0.937339    -2.18156     0.43978     1.12397    0.459797    0.628621    0.071495    0.208092     1.35596    0.602141     -2.7522   0.0546047   -0.158241    0.162121    -4.99018    0.915523    0.158731   0.0185038     1.30917     1.20868  -0.0234113   -0.677417   -0.379352   -0.334761   0.0354976   -0.162054    0.835488     0.56069    0.359509   0.0200434     0.99038    0.498954    -1.02965    -0.84449    0.270233    0.802996   -0.775486     1.24893    0.531147     1.17024   -0.481529    0.427185   -0.631766     1.56293    0.654992    0.608506    0.472018    0.244503
  0.0508001   -0.166893    0.279583  -0.0648602     1.36158     0.87458    -1.02087    0.045248   0.0102575   -0.344923   -0.064703    0.738702    0.566395    0.129129     1.25157     -2.7734    0.527137   -0.782229    0.773573    0.469021    0.406337    0.115242   0.0499686    -1.03889   -0.485891   -0.108583   -0.487536    0.459837    -3.98715    -5.03758   -0.227886  -0.0520112    0.961497   0.0190853   0.0280305    0.289983   0.0236142   -0.623358   -0.390508    0.680263    0.928739   -0.187621    0.245588      1.7527    -1.45963    -1.00764   -0.863851   -0.532986   0.0452731   -0.464129    0.105203    -3.48685   -0.173867  -0.0525067      1.2356    0.977081    0.399967    -2.70339    0.226093     1.48879     1.48824    0.920245    0.301737   -0.142493    0.838331    -1.01262    0.366792    0.733488    0.961224    -1.04627    0.457301     1.32789   -0.649257    0.586903    0.648394    0.124128    0.107178   -0.139176    0.624152    0.790063   -0.782975    0.378747    0.255038    -0.29242    0.298984    -0.20303    0.146053   -0.698267    0.374096    -2.94153    0.474051     2.49428   0.0197093   -0.369723    0.731615    0.410715     1.53128    -1.42105    0.159598   -0.432234
 -0.0116038  0.00131273   0.0502449  0.00884696    0.027414  -0.0480396  -0.0202392   0.0493008  -0.0232426  -0.0560076   0.0106182  0.00229983   0.0341124    -0.01054   0.0247083 -0.00501481  -0.0229124   0.0142961  -0.0101407  -0.0267236   -0.019843  -0.0101745  -0.0107852  -0.0570728   -0.005599  -0.0343689   0.0483357 -0.00375371  -0.0258752   0.0299628 -0.00698297  -0.0418728   0.0230751   -0.028644  -0.0779731  -0.0511148 -0.00882611   -0.032905  -0.0401825 -0.00720575  -0.0159931    -0.02992  -0.0359438   -0.023694   0.0508157  -0.0489051   0.0223213   0.0323668  -0.0104199 -0.00841179   0.0123811  -0.0641066   0.0521298  -0.0036697  -0.0351165  -0.0276182  -0.0493464  0.00865988  -0.0379231   0.0332916   0.0166004   0.0423325  -0.0170447   -0.028203 -0.00217593  -0.0204463   0.0155238   0.0327903 -0.00365346  -0.0288205 -0.00121616   0.0121901   0.0455961    -0.01418  0.00429509 -0.00154793  0.00660749  -0.0413575 0.000459854   0.0251813   0.0490259   -0.042724   0.0121644  -0.0317254  -0.0655793  -0.0110174  -0.0492865   0.0186227   0.0106317  -0.0242403  -0.0279544 -0.00694393  0.00248997   -0.024532 -0.00778964  -0.0200904  0.00128606  -0.0496286  -0.0199365  -0.0106195
  1.75823
  1.27661
 0.604913
 -1.49068
  1.81326
  1.10827
-0.287644
  1.05082
 0.440795
 0.068485
