2 8 0.1 400
1
1
9 100
    0.725602     0.395709     0.929671     0.264881     0.116429     0.452771    0.0850306     0.640929      0.16702
-0.000677281    -0.607182    -0.134077    -0.618428     0.679869    -0.395449      0.15565      1.12383     0.075556
   -0.350597    -0.227234     0.737904      1.68425   0.00880942     0.182042    -0.567171     0.100315     0.413681
     5.25504    -0.257546      0.14831    -0.710187    -0.369185       1.2297    -0.447032     0.655575    -0.150634
   -0.325405      0.23514    -0.220709       1.0496   -0.0534452     -1.37079     0.348903    -0.383131    -0.791118
     -0.7172    -0.121109      1.45811     0.113426      1.80238    -0.554795     -0.19156    0.0797898      -0.7202
    0.435628    -0.488468     0.107278    0.0743344     0.204926    0.0915591    -0.134277    -0.259626    -0.758659
    0.844396     0.224788   -0.0261408      0.22323   -0.0530334     0.239037     0.939731     0.950702     0.559037
   0.0495647     0.862335     0.212369    -0.117856     0.156229    0.0108637    -0.141668   -0.0573434    0.0536789
  -0.0150431   -0.0889348    0.0959217    -0.281759    -0.323127    -0.030378    -0.233867    -0.315964     0.208659
    0.584501   -0.0030545    -0.628441      0.32421     0.021979     0.344675    -0.781252      2.32723      0.20225
    0.642377    -0.403219    -0.110987     0.585506    -0.234442     0.282911    -0.109819      3.58537     0.171782
    -0.18422    -0.035298     0.927933      0.34293      1.59537     0.284807    -0.168752     -0.13275     0.476724
    0.201989     0.105594     0.268002     0.139671      1.15932    0.0612461     0.278858     0.141609    0.0570172
    0.387682     -0.66255    -0.131798    0.0603025    0.0418574      2.70607     0.893417    -0.850613    -0.136337
    0.859835    -0.771175    -0.147417    0.0309207    -0.373848     -0.48322      0.29402     0.417947     -3.03306
    -5.37691     0.967005     0.577827     0.390225      1.09627    -0.468907    -0.301267    -0.864049      0.42795
    -1.19067      0.31286      2.36245      1.73538      -1.1643     -2.55196     0.614331     0.918423      1.04096
    0.644658     0.528799     -4.69053    0.0229225     0.316797      1.69483      1.83955    -0.958679     0.972393
     1.93535       1.0306     0.973061     0.768585     -3.43734      1.19413     0.968078     0.538926     0.965578
    0.104274     0.580572     0.102439     0.440415     0.396492     0.292416    -0.173658    -0.269311    -0.275292
    -1.59498   -0.0470599     0.801564       4.1857     0.132633     -1.26629    -0.746025      0.49483     0.224284
    0.504117     -0.64167     -1.54634     0.680359    -0.122087     0.188573     0.764365    -0.457252   0.00113269
     1.02575     0.189494    -0.473286     -0.57365    -0.355228     0.880134       -1.505     0.139751     0.835569
   0.0180542      0.31093      -0.4327      0.14545   -0.0370144     0.144324    -0.540712      1.60914   -0.0991065
   0.0879037     0.193864     0.339409    0.0527959     0.102756     0.475774   -0.0312921     0.118972     0.186219
  -0.0196626     -1.17192     0.001995  8.88749e-05      1.46081   -0.0755408    -0.299444     -1.32156     0.775273
    -2.36186     0.481217    -0.258608      1.07194     0.951092    -0.700949     0.633136    -0.697831       1.1477
     0.51909     -1.68022      -2.0869    -0.524079      1.34076     0.145721     0.442813      1.40984     -2.49645
   -0.801195    -0.165166    -0.153777     0.434267    -0.856908     0.259095   -0.0175265    -0.537861      4.40914
  -0.0691434     0.279943   -0.0515322     0.770895     0.118028     0.294441     0.223865      1.00348    -0.374695
  -0.0352707     0.148416    -0.226771     0.451767     0.437304     -0.87377    0.0879824    -0.331542     0.317031
   -0.574195    -0.416903      4.88303    -0.178733    -0.715943    -0.255042    -0.646526    -0.426178    -0.316147
    0.149266     0.481636    -0.110936   -0.0281893     0.539442    -0.744058    -0.862054    0.0130914     0.126208
 -0.00826837     0.104493     0.214591     0.055893     0.198614     0.131424      0.26365     0.434958     0.168267
    0.625754     0.187749     0.484825      1.51284     0.321241     0.280054     0.460491    -0.241515     0.279518
   0.0881877     0.744476     0.178075    0.0736975    0.0908573    0.0232505   -0.0116186   0.00174854     0.182158
    -1.62175    -0.115566      0.96721    -0.104587     0.208595      0.21862     0.164334    0.0591768     0.578366
     1.12991     -2.19602    -0.922708     -1.11201      1.18081      2.00572       1.3462    -0.594494     0.619244
      1.8535     0.134808    -0.176465    -0.315003    -0.439189      0.35908     0.517807    -0.175704     -0.12153
    0.235498      0.21683     0.095991      1.18278      1.86742     0.422083    0.0969022    -0.436705    -0.448586
    0.297344     -1.96531    -0.510101    -0.939193     0.347704     -0.55789    0.0510937     0.197344     0.611439
   -0.541081    -0.422286      3.53782     -1.30653    -0.534265     -0.33754     -1.17549   -0.0470736   -0.0832365
   -0.191839     0.748941     0.650637    -0.417217      1.47309    -0.557665      1.27391     -4.97374     0.922749
   -0.490726     0.620426     0.177736     0.201421    -0.245474     -0.53675    -0.199409    -0.393479      1.04063
    0.109318     0.140745     -0.24663    -0.312308    0.0733144   -0.0605829    -0.119908     0.475365      1.15529
    -1.89801      1.17243     -1.15772        1.091     0.715654    -0.793758     0.533491     0.983823     0.769737
    -1.45632      1.19439     -1.16238     -1.76306    -0.535306      1.84532      3.33142     -1.09404     0.289531
    0.916396     0.532472      2.79384     0.333065   0.00944736   -0.0990807     0.869125      1.73972    -0.238498
   0.0722563   -0.0347107     0.176672    0.0457632     0.318783   -0.0891822     0.132324     0.136889      0.86615
    0.138819      0.35027      0.13028     0.185789      1.26973     0.225824    -0.177663   -0.0349963    -0.262574
  -0.0982794     0.179477     0.141057    -0.127866    -0.406706    -0.165027    -0.168455    -0.177506      3.54219
     1.48327     0.141848    -0.336437     -1.07117      1.81065      1.48868    -0.325439    -0.841752    -0.380921
    0.212736    -0.196647    -0.349904    -0.138337     -0.15221     -0.30702    -0.316461      1.99404      0.03475
     4.28088   -0.0982057     0.275252    -0.447734    -0.588034     0.784885     0.320282    -0.326255    -0.248505
   -0.655209     0.173892     -0.83139      4.05355    -0.490744     -1.01903     -0.42302    -0.627334    -0.561204
    0.900918     0.250071     0.140288     0.133938   -0.0357702      0.08559      0.74694   -0.0131851    0.0683776
    -1.87394     0.960219      0.69274    -0.889633      -0.2908    -0.545511     0.139348     0.377499       2.4874
  0.00263209     0.084494     0.488284  -0.00260105     0.231994   0.00661945     0.204512     0.148959     0.142106
  -0.0818424     0.487225    -0.283517    -0.103389    -0.488823    0.0871068      3.18761    -0.235047     0.317064
   0.0180567     -1.86048     -1.70228      0.59891     -1.24679    0.0854606      5.66613    -0.525902    0.0589985
    0.133316    0.0235167     -0.28593    -0.963363    -0.216587      3.71687     0.101423    -0.262977    -0.551317
    0.662284    -0.156451    0.0623547      0.35358    -0.390182     0.249933    -0.292674      2.59001     0.106599
    0.345105   -0.0226014    0.0534922      0.16192     0.513401     0.263191     0.193957     0.107994     0.520256
    -1.13729      5.67551    -0.103767     -0.25003    -0.610931    -0.301986    -0.423769    -0.737023    -0.432904
   -0.176569     0.112603    0.0802077     0.123008    -0.084667     0.265322   -0.0122796     0.335387       1.2679
    0.551507    -0.721462    -0.881431   -0.0777817     -1.07807     0.166202    -0.905533      4.11394     0.514116
    0.136678     -1.00485  -0.00583593   -0.0949438      4.74502    -0.813762   -0.0354689    -0.498483    -0.491205
   -0.431463      1.03189    0.0720402       -1.488    -0.297389      1.68374    -0.286669    -0.161539    -0.286134
  -0.0716839   -0.0213634     0.236026    -0.191669      0.32147   -0.0402575     0.273822     0.405228      1.43507
   -0.537438   -0.0405719    -0.355363      4.40802    -0.705662    -0.619398    -0.521723    -0.351922    -0.618925
    0.597029        0.302     -0.10606     -3.45043      0.66444     0.446548      1.00867     0.615637     0.693557
    0.563708     0.546296    -0.340341    -0.275719     0.665978     0.477568    -0.655491    -0.049723    -0.367624
   -0.287816    -0.499837    -0.443855    0.0398166    -0.505992    -0.349058    -0.396916     0.347567   -0.0527826
   0.0969287     0.631732     0.416283      0.21039      1.20614     0.168526   -0.0130208     0.243597    -0.129461
     0.40743     -1.09825     -1.17951     0.228328     0.219285    -0.305772     -1.18554   -0.0700272    -0.129836
   0.0348577      2.20842     0.159073      0.02202    0.0920628   -0.0603553     0.527534     0.350591     0.717415
    0.858407    -0.183212     0.218319    -0.378098   -0.0833729    0.0789501    -0.114303     0.247116    0.0304425
     1.43029      1.09658     0.202847     0.880783     -4.90365      1.12397     0.411559     0.527424     0.661956
    0.237217    -0.571717      1.67847      2.17812      0.90888     -2.70446     -1.11549      0.81465     0.768951
      4.2149     0.108748    -0.614926     -1.01415    -0.165235     0.508882     -0.39547    -0.524412     -1.60165
    0.118671    0.0211669     0.640788    0.0609504     0.190884      0.29378     0.299577    -0.162413     0.115273
    0.521028     -4.55502     0.891309     0.514138      1.44642     0.417806   -0.0101702     0.879283    0.0967344
  -0.0555298     0.448765     0.326841    -0.123449     -0.22824    0.0568695   -0.0239846    0.0108516    -0.435066
   -0.492332    -0.190041    -0.294656    -0.293266    -0.170595     0.383697     0.648214    -0.332114      1.08544
    0.240647     0.354163     0.280509     0.129092     0.192951      0.27004   -0.0213878      1.02814     0.106872
    0.187712   -0.0663205     0.620559   -0.0764592     0.709329     0.222111     0.308769   -0.0716639     0.289512
    0.204059     -1.11937     0.472691     -1.31536     0.709074   -0.0264388    -0.133319     0.610583    -0.261921
   -0.697233   -0.0247332   -0.0962113     0.540077     0.602252    0.0432859     0.561305      1.45967      0.32315
    0.875751     0.600326     0.258766    -0.420226     0.865598     0.374924   -0.0510663     0.818078     -2.90232
   0.0124757    -0.863556    -0.464396     0.266788      3.74169    -0.887536    -0.196635    -0.175467    -0.821802
   -0.139872     -0.14448      1.68675      3.77427    -0.871857  -0.00323781     -1.06955     0.013108   -0.0739728
   -0.161913    -0.820965    -0.791647     0.131467     0.435011     0.501215     0.606415    -0.582769       1.0251
   -0.132207     0.845047   -0.0559133     -1.00336   -0.0825334    -0.267283   -0.0872366     0.343083     -0.26728
   -0.286907      2.17673      0.21929    -0.606093    0.0399471   -0.0668289     -0.40351     -0.79041     0.387768
   -0.408991   -0.0216882    -0.573137     -1.26027    -0.739487      4.85543   -0.0815795    -0.235928     -0.90006
    0.443832     0.875841    -0.700639       1.3601     0.635432     -3.65469     0.625903    -0.305223   -0.0138674
  -0.0647902     0.253497     0.289543   -0.0546095    0.0832695   -0.0535039     0.128046     0.231124     -1.82447
  -0.0713394        1.849     0.327556     0.311809    -0.393074     0.205332     0.316237    -0.218133    -0.184175
      1.0735    -0.278675    0.0933348    -0.371927     0.427596     0.208605     -2.98926    -0.156739      1.08242
 -2.41593
 -2.41436
 -3.27282
 -3.68937
 -2.82434
 -2.97914
  -2.5853
 -2.58228
 -2.44504
 -2.53838
 -2.55042
 -2.93939
 -2.20477
 -2.30028
 -2.75481
-0.896092
 -2.95247
-0.158716
 -1.14038
 -1.43839
 -2.29168
 0.254271
 -2.19038
 -2.08677
 -2.49956
 -2.28361
 -2.43108
 -1.95556
 -1.38615
 -3.22218
 -2.56945
 -2.74836
 -3.07348
 -2.46283
 -2.46864
 -2.46752
 -2.38633
 -2.87171
 -1.03846
 -2.81193
 -2.13434
 -2.00597
 -2.51618
 -1.99211
 -3.22785
 -2.30097
 -2.32455
 0.619913
  -3.3067
 -2.52216
 -2.27569
 -2.86266
-0.060852
 -2.82072
 -3.27188
 -2.21659
  -2.4518
 -2.31846
 -2.41414
 -3.47843
 -2.94783
 -3.08078
  -2.8497
 -2.33708
 -3.05854
 -2.48106
 -2.48684
 -3.07022
 -3.06868
 -2.34596
 -2.87403
 -2.70532
 -2.49263
  -2.6082
 -2.37282
 -2.21146
 -2.61261
 -2.82763
 -2.20303
 -1.91989
 -3.28364
 -2.42272
 -1.87887
 -2.37275
 -2.67107
  -2.3934
 -2.30329
  -2.4714
 -2.51275
 -2.15488
 -2.72452
 -3.73902
 -2.63969
 -2.30368
 -2.21355
 -3.99995
 -3.34844
 -2.40484
 -2.20223
 -3.17475
1
4
100 10
  -0.0905726      0.76822      0.11396     -5.76872    -0.130894    -0.462448    0.0589104    -0.689639     0.173503      0.30495   -0.0555788     0.218939    -0.511772      0.14711     0.609609      1.27955     -5.81008    0.0249974    -0.096865    0.0142698      0.77001     0.824903      1.07677      1.10479     0.673848     0.315374    0.0918233     -1.81776     0.334171     0.756517     0.747482    0.0495285     0.036388     0.541212     0.268191    0.0941774     0.111673    -0.984515    0.0926481     -1.47648     0.386367      1.72562     0.910212   -0.0315408    -0.456322     0.517047      -1.4814     0.995578    -0.154764     0.460179     0.600747     0.786729      1.93577     0.452596       -4.361     0.302754    -0.461947    -0.922675     0.452968     0.264133      1.88353    -0.173082    0.0498008     0.149044     0.374283     0.414277     0.760582    -0.372333     0.717821     0.385016    -0.609986     0.416355     0.398597      1.16323      0.26353      1.03534    -0.652598    -0.594507      0.58438    -0.995299     -4.22378   -0.0525376     0.568839     0.381529      1.02863     0.331708      0.25109     0.313894    -0.635085      0.54992    -0.460238     0.759201     0.952486     0.413869     0.703805     0.655605     0.699396     0.824229     0.357255     0.182225
   0.0447095     -1.32352      1.51441     0.882984    -0.239853     0.589486    -0.706926   -0.0242161    -0.670651   -0.0492269   -0.0242329     0.194104     0.496579    0.0435148     0.963591    -0.386521     0.671108     -1.57295      1.50899     0.420403    -0.494553    -0.306249       1.3009     0.706366     0.130169    0.0187838       1.4083      1.03831     0.483753     0.244496    -0.248603     0.294165     0.754944    -0.593821    0.0797862      0.39758    -0.568652     0.623386      2.19275     0.406256     0.212899     -2.28514    -0.264265    -0.272923    -0.301716     0.209041    -0.493882      2.64647    0.0374764     0.264609    -0.146308    0.0233509     -0.33876    -0.113225     0.824159     0.228618    0.0847554    -0.547103     0.189109     -1.17814     0.871918      1.13571     0.244293     0.209679     -7.16372     0.783186     0.148756     0.594649     -0.32094      0.37071     0.492617  -0.00282049   -0.0951956    -0.108968    -0.391019    -0.973868     -2.00356    -0.195262     0.113528    -0.443217     0.246202     0.296392     -5.56609    -0.222836    -0.306314    -0.158206     0.123306     -1.33963     0.264914    -0.913333      0.22718      0.97902      1.38879    -0.563029     -1.82337     0.769998      1.04134    -0.631856     -1.76505    -0.118768
   -0.622969     0.535407    -0.590072       1.2016   -0.0128335      0.30838   -0.0156018     0.543616   -0.0698944   -0.0231553      1.07424     0.939832     0.555961     0.226669     0.284883    -0.602629      1.13002      1.58132     -5.67836    -0.379633    -0.305433     0.487962     -1.65467    -0.214992     0.596445    -0.191526     0.120382     0.578319      1.82424    -0.133961   -0.0662424     0.605675      -6.0796     0.747012    -0.146512    -0.374566    0.0761784    0.0721958      1.01741   -0.0859362     0.416619     0.523384     -3.66632      1.27762     0.785258     0.255729      1.88867     -1.88671     -2.26078    0.0315043     0.338785     0.122599     -1.11923     0.712758     0.340295     0.160494    -0.166297     0.523681    -0.384912   -0.0489893    -0.237129     0.153302     0.376639    0.0972717      1.78274   -0.0795068      1.10077      1.60352     -0.51628     0.190125     0.444264    -0.990224     0.224269     -0.14558   -0.0009153      1.23119     0.232412     0.150931     0.825048     0.785274     0.866403    -0.375656       1.4868    -0.360809    -0.635949   -0.0560354    -0.121189     0.101319     0.661078     0.258537      1.47987     -3.14521     -1.47554    0.0407793 -0.000538337     0.462565     0.755032   -0.0569186    0.0523533      1.52151
    0.239861     0.679225     -1.70034       1.1075     -1.33291      1.18645    0.0228978    0.0189541    0.0595217    -0.183043    -0.340285     0.164119     0.613483   -0.0513338    -0.152706    -0.200994    -0.139457     0.110447    -0.415597     0.424884    -0.231154      2.58946     -0.58101     0.157221    0.0765055    0.0640522     0.576136     0.497985   -0.0214152     0.716273    -0.241646     -0.45246      1.09935    -0.217647    0.0162233    -0.977014    0.0956694     0.516283    -0.763639    -0.141912    -0.412426      0.61061      1.91651      1.28394   -0.0299113     0.109548    -0.642221     -2.15409       1.7877    0.0153328   -0.0279184     0.589237     0.770702     0.568386      0.31238     -4.56588   -0.0636957     0.907682    0.0131095     0.915924     0.836705     0.215669     0.642555    -0.217438      0.53354    -0.128052     0.894745      0.38378     -1.37908     0.491947     -4.81572      -3.6596    0.0676329    -0.185375     0.373896    -0.455851     0.961322   -0.0747055    0.0698759      3.27956     0.401951   -0.0618195      1.79138    -0.145145      0.45206     0.241231    0.0753785     0.850636    -0.298945     0.841635     0.390886     -2.83055     0.352895    -0.991616    -0.594081     0.379009     -2.45619     0.273408    0.0150062     0.347449
    0.106343     0.424046      0.13757     0.505524     0.419592     -1.68633     0.013077   -0.0680542    0.0657175     0.139078     0.197927     0.733969    -0.991457    -0.817577     0.148821   -0.0450841       3.1557     0.945407      0.18377      -4.5004    -0.207369     0.190591      0.19629     -1.25689    -0.103549   -0.0231977     -1.29987      1.11598    0.0784453      1.43978     0.178492     0.329714      1.04008     0.331818   -0.0362089      0.17631    0.0275421     0.523601     -1.13242     0.183125     -1.46916     0.325741      1.51229     0.655436     0.174697     0.258614      1.29432     0.615389     0.538109     0.226584    -0.916858     0.513672     -1.28475     0.415284     0.273081     0.380136   -0.0312309      1.39116     0.225124     0.836568      1.04844     0.220472      0.17411    -0.307332       1.7323     0.411407      0.82724     -5.00178      1.36853     0.136686      0.78646     0.274209    -0.363654    0.0435414    -0.719225    0.0505406     0.392485     0.381562     -5.85442     -0.02451     0.963048    0.0391687     0.236491     0.197755     0.157734    0.0897132    -0.480835    -0.184846     0.282623    -0.531715     -3.60303    0.0963458    -0.188877     0.684747     0.843511      1.69741     0.805275     0.110714     0.157302      1.11604
    0.525562    0.0237387    -0.731118      1.76754    -0.795913    -0.271417     0.571948     0.135241    -0.144435   -0.0609465     0.873427     0.742514    0.0523598    0.0750073     -2.67266      1.29636    -0.661575       1.0737      2.02741      1.71317     0.109413     -2.90256    -0.147319     0.346373     0.505732   -0.0666616    0.0474246    -0.724917     0.156929     0.816879     0.594352    -0.844898    -0.135791    -0.492406   -0.0415266    0.0674766   -0.0614544    -0.189748     -0.30564      0.21658     0.461507   -0.0243736    -0.386504     0.977748     -0.20868    -0.137902     0.519714    -0.371279       1.1948    -0.383415    0.0705629     0.149678    -0.820151     0.109707      1.28321     0.816171    -0.123601     0.130868    -0.328601     0.463998     0.549506     -4.03369     0.773597    -0.183124     0.471968    -0.185825      1.06657     0.231433     -2.19714    0.0116109     0.978639     0.590452   -0.0538214    -0.166496     0.193307     0.532996     0.632976     0.330912      1.45977     -2.84075      2.03331    -0.309647     0.432871    -0.136128      0.84579     0.331501    -0.171401    -0.336621    -0.197998     0.977624    0.0755581     0.667185       0.2259     0.155967   -0.0661874     -6.73358     -3.73228     0.354445  -0.00437681    0.0329475
    0.107811   -0.0814299     -0.55503     0.819253     0.317632      -0.4111       -0.145    -0.157321     0.256903    -0.100512   -0.0804275     0.360102    -0.101378    -0.118625    -0.647118    -0.139296     0.800148    -0.701374      1.62702       1.0073     0.134951     -2.04922    -0.842358     0.718183    -0.485113   -0.0969403     0.430958     0.305054    -0.587892     0.633114     -0.34759     0.170436     0.136288    -0.741491    -0.223583     0.501099     0.402982    0.0934081    -0.123378     0.185711      0.52324    -0.722603      -1.3662      1.06506      1.06621   -0.0260581 -0.000972299      2.53055      0.15461    -0.157507     0.232242       0.7922     0.553132    -0.263289      0.18707     0.515002    -0.287468     0.408232   -0.0929823     -3.37296     -7.99574     0.862251  -0.00811135    0.0370632      1.50964    -0.262651    -0.469162      1.13252     0.897815    -0.255413     0.743336      1.02957     0.837338    -0.696754   -0.0537442     -1.65598    0.0658218     0.081316      1.09475    -0.788051     0.355996   0.00363881    -0.454937    -0.064754     -1.01606    -0.125558   -0.0166849     0.821578    -0.257039     0.900143      1.17562    -0.364628    -0.720141     0.332698     0.948033      1.12009     0.585248    -0.189958     0.175206     -2.72197
   -0.597507    -0.641319      1.22399  -0.00303453     0.328086     0.309868     0.737681     0.327029    -0.144998    0.0338702     -2.09169     -3.65599    -0.623378     0.188569     0.191668      1.69794   -0.0499792    -0.148784     0.262135     0.169475    -0.472478     0.537881     0.617895    -0.344875     -1.44854   -0.0774112    -0.422026     -1.40732      1.33406     0.296879    -0.754346     0.268966      1.67444     0.410499    -0.264981    -0.108457    0.0241782   -0.0876725     -0.53809     0.461328    -0.454971     0.255773      1.08199     -6.38145     0.555384   -0.0956863    -0.125947     -1.70918     -1.57721     0.272882    -0.159604     0.553535      1.01046     -2.14621     0.284428      1.08651     0.451082     0.657284    0.0973758     0.169616      1.33597     0.595961     -2.70669    0.0836297    -0.177558     0.201608     -4.85809     0.726407     0.139494    0.0450775      1.25645      1.17815   -0.0139229    -0.639666    -0.373233     -0.27365    0.0670982    -0.136158      0.84344     0.610537     0.191589    0.0513629      1.09921     0.521631    -0.964038    -0.813411     0.291177       0.8617    -0.778287      1.17803     0.373326      1.10366      -0.4433     0.435948    -0.576611      1.55298     0.624228     0.589842     0.466117     0.348783
   0.0801194    -0.152452      0.34104    -0.308515      1.35754      0.84958     -1.00233    0.0835504    0.0250612    -0.330692    -0.010483     0.777138     0.556875     0.125395      1.19842     -2.70978     0.494084    -0.658454     0.827408     0.641234     0.407541     0.255579 -0.000147007      -1.0341    -0.433276   -0.0837084    -0.488227     0.452948     -3.90801     -5.01422    -0.197622   -0.0552012      1.07569     0.028828    0.0526734     0.312002    0.0401198    -0.632977    -0.355712     0.562899     0.892792    -0.156857     0.356806      1.46245     -1.45517     -0.96792    -0.879316    -0.505041    0.0716086    -0.450803    0.0952383     -3.47041    -0.136747   -0.0228271     0.990034      1.08207     0.370909     -2.62386     0.243495      1.59791      1.61956     0.976678     0.349828    -0.133124      1.00511    -0.978971     0.509384     0.637598      1.04035     -1.02189        0.584      1.45188    -0.652426     0.616519     0.642739     0.176807     0.199448    -0.128927      0.77489     0.949233     -1.02914     0.390697     0.468313    -0.263904     0.335743    -0.165673     0.152176    -0.675029     0.376527     -2.89247     0.395596      2.64429   0.00115848    -0.279612     0.742716     0.487233      1.50549     -1.38959     0.214992    -0.281328
  -0.0119129   0.00110709    0.0499878    0.0199053    0.0214435   -0.0454205   -0.0186962    0.0501386   -0.0237407   -0.0577557    0.0179635     0.012228    0.0387075  -0.00977874    0.0268195  0.000919223   -0.0274936    0.0232412  -0.00292915    -0.027603   -0.0197537   -0.0152182  -0.00758861   -0.0649599  -0.00192051   -0.0349167    0.0494462  -0.00685297   -0.0408309    0.0258089  -0.00291864   -0.0436014    0.0333285   -0.0331667   -0.0785686   -0.0539497  -0.00871553    -0.028437   -0.0652722  -0.00417168   -0.0159854   -0.0312756   -0.0282618   -0.0281513    0.0505948    -0.050352     0.028882    0.0360308   -0.0147917  -0.00874414    0.0126431   -0.0647969    0.0375395  -0.00146604   -0.0267747   -0.0373545   -0.0472913    0.0103491   -0.0382363    0.0319535   0.00282961    0.0435157  -0.00963082   -0.0285052    0.0156274   -0.0224435    0.0218112    0.0407664    -0.024237   -0.0278623    -0.010996  -0.00704988    0.0438409   -0.0145646   0.00446076  -0.00616635    0.0164447   -0.0415092   0.00254957    0.0207243    0.0583967   -0.0429013    0.0271255   -0.0334249   -0.0714624   -0.0108334   -0.0479376    0.0266419    0.0110711   -0.0271525    -0.024643  -0.00995234 -0.000705188   -0.0309644  -0.00664459    -0.014774   0.00274778   -0.0507875   -0.0165804   -0.0194221
  3.46122
0.0708527
-0.180672
 -1.65109
  2.08345
  1.36012
 -1.00879
  1.46307
 0.676398
0.0571429
