2 8 0.1 200
1
1
9 100
   0.728514    0.389698    0.924629     0.26775    0.140276     0.46089   0.0872048    0.662252    0.135175
 0.00951211   -0.637484   -0.170238   -0.571897    0.700193   -0.377774    0.116322     1.12094    0.073207
  -0.321564   -0.220201    0.736901     1.59373 -0.00881949     0.20493   -0.497089    0.118642    0.408153
    5.16999   -0.205019    0.191651   -0.655385   -0.274707     1.18023   -0.431619    0.601283    -0.13486
  -0.266569    0.199764   -0.199084     0.98829  -0.0806558    -1.33746    0.405744   -0.376043   -0.782158
  -0.790061  0.00846499     1.34686   0.0421163     1.70147   -0.493501    -0.10782    0.091088   -0.737792
   0.410218   -0.504941    0.104491    0.102005    0.218945   0.0966841   -0.161224   -0.278991   -0.732653
   0.815631    0.228151 -0.00455877       0.244  -0.0287574    0.226937    0.902571    0.938727    0.597704
  0.0395828    0.841618    0.210923   -0.100547    0.170771  0.00206157   -0.139583  -0.0649185   0.0513109
-0.00812789  -0.0893783   0.0965008   -0.283266    -0.33014  -0.0304659   -0.234397   -0.335078    0.210859
   0.529711 -0.00453108   -0.576516    0.351073   0.0834475    0.322552   -0.752045     2.29754    0.133515
   0.614281   -0.417655  -0.0675947     0.59362   -0.169582    0.269754   -0.080371     3.56313   0.0950589
  -0.160407   0.0696613    0.846277    0.310363     1.45821    0.392975   -0.116625   -0.121232    0.460337
    0.18467    0.111427    0.259722    0.117531      1.1139   0.0920515    0.293874    0.155019   0.0528428
   0.385266   -0.583072     -0.0555 0.000821911   0.0237292     2.58556    0.837811   -0.833398   -0.094165
   0.822662   -0.824188   -0.256209   0.0136277   -0.380653   -0.401124    0.294522    0.311437    -2.99784
   -5.08422    0.930924    0.613211    0.374067     1.11264   -0.380319   -0.252203   -0.715398    0.433333
   -1.38419    0.401314     2.35488     1.73117   -0.998146    -2.51762    0.644443    0.755696     1.05314
   0.794124    0.427898    -4.68732   0.0340967     0.54821     1.64048     1.78189    -0.75609    0.968718
    1.81089    0.963285    0.986164    0.785533    -3.41445     1.16248    0.951883    0.623293    0.951185
  0.0908277    0.569221   0.0814273    0.440198    0.397012    0.292739   -0.176586   -0.274561   -0.302479
   -1.48197    0.105438    0.713238     4.18302     -0.1651    -1.29151   -0.703581    0.308579    0.223828
   0.524456   -0.561164     -1.5027    0.591405   -0.113629    0.102868    0.730435   -0.464431    0.024547
    1.05384    0.190822   -0.503148    -0.63252   -0.413893    0.913336    -1.40736    0.111987    0.761744
-0.00936729    0.297888   -0.416909    0.139062  -0.0273179     0.14766   -0.530406     1.62742   -0.161024
  0.0902693    0.193502    0.334462   0.0485163    0.100994    0.472693  -0.0340687    0.117829    0.181288
-0.00810182    -1.12692  -0.0424224   0.0124562     1.38092  -0.0221684   -0.320535    -1.24334    0.747806
   -2.08252    0.488876   -0.258059     1.10459    0.943583   -0.616594    0.623273   -0.605644      1.1525
   0.550599    -1.69112    -1.98634   -0.435298     1.21926    0.254799    0.415664     1.26688    -2.40965
   -0.72279   -0.162471   -0.160583    0.445815   -0.840734    0.265367    0.016188    -0.64376     4.42085
 -0.0623169    0.256759  -0.0566271    0.770416    0.127708     0.30151    0.212594     1.02423   -0.409808
 0.00230806    0.119108    -0.18972    0.459282    0.400368   -0.848444   0.0870343   -0.343592    0.320877
  -0.378057    -0.37382     4.79704   -0.223443   -0.662346   -0.305423   -0.627409    -0.36132   -0.324758
   0.180913    0.484759   -0.103592  -0.0281229    0.491577    -0.70975   -0.878529  -0.0372603    0.139067
-0.00830634    0.103323    0.210942   0.0499708    0.201396    0.127643    0.261159    0.441194    0.159939
   0.637564     0.15842    0.508603     1.50927    0.332848    0.265709    0.459874   -0.221293    0.275894
  0.0752109    0.717699    0.177999   0.0939421    0.102574   0.0192928   -0.009537 -0.00213142    0.184558
    -1.5122  -0.0558713     0.93255  -0.0716936     0.19186    0.243166    0.147565   0.0480722    0.577166
    1.07291     -2.1903   -0.773947    -1.13611      1.1205     1.92515     1.38875   -0.514645    0.549122
     1.8078   0.0868268   -0.104725   -0.267836   -0.361131    0.298928    0.444518   -0.118877  -0.0722871
   0.234168    0.196823   0.0827692     1.12559     1.77437    0.505035    0.139801   -0.387289   -0.470074
   0.236059    -2.11092   -0.578559   -0.894285    0.410205    -0.54819  -0.0228328    0.187498    0.632783
  -0.372081   -0.388005     3.42829    -1.34029   -0.402722   -0.428023    -1.20478  0.00572146   -0.090577
 -0.0681187    0.710361    0.562712    -0.23042     1.52427     -0.4789     1.14025    -4.91875    0.836741
   -0.49066    0.583609    0.199311    0.223504   -0.236053   -0.519865   -0.198504   -0.394283     1.04537
   0.114956    0.128236    -0.23094   -0.298443   0.0710374  -0.0696603   -0.113431    0.446633     1.15478
   -1.68328     1.09842    -1.02711     1.17839    0.640793   -0.640782    0.481521    0.916142    0.787043
   -1.23301     1.05506    -1.09168     -1.7603   -0.578392     1.72613      3.3156    -0.99755    0.288001
   0.996946    0.586989       2.716    0.356926  -0.0543139   -0.015561     0.85306     1.77051   -0.270207
  0.0805772  -0.0436904    0.186473   0.0518346    0.315463   -0.101284    0.121067    0.128563    0.869006
   0.100349    0.328231    0.123883    0.181966     1.23868    0.252633   -0.177292  -0.0247564   -0.274355
 -0.0766871    0.168904    0.138073   -0.100179   -0.414782   -0.164772   -0.131222   -0.259765     3.54797
    1.39794   0.0504953   -0.435821    -1.07507     1.74551     1.39665    -0.37511   -0.805595   -0.379088
    0.20981   -0.197893   -0.344724   -0.129924   -0.132502   -0.304327    -0.29857     1.98204   -0.010278
    4.19477   -0.123018    0.332474   -0.413226   -0.439489    0.742212    0.280665   -0.254201   -0.228837
  -0.525535  0.00246155   -0.684089     4.02915   -0.577936   -0.916209   -0.422117   -0.600555    -0.54936
   0.877512    0.232483    0.175023    0.158714 -0.00928019   0.0494348    0.682248   0.0125764    0.117884
   -1.61523     1.02511    0.636762   -0.825349   -0.265619   -0.469943    0.137294    0.293837      2.5015
  0.0133386   0.0756287     0.48808 -0.00991111    0.243546  -0.0166001     0.19872    0.155698     0.14241
  -0.156338    0.501935   -0.263351  -0.0694271   -0.447904   0.0386654     3.00589   -0.191257    0.396424
  -0.104137    -1.45828    -1.66674    0.250678    -1.16249   0.0175933     5.61829   -0.606739   0.0681561
   0.154862   0.0107715    -0.18861   -0.942259   -0.225109     3.56057     0.11634   -0.263524   -0.511086
   0.629257   -0.146675   0.0820715    0.342252    -0.33799    0.253795   -0.243749      2.5816   0.0182242
   0.336571  -0.0308706   0.0648202    0.159476    0.501961    0.260268    0.195216      0.1113    0.519482
   -1.14228     5.57174  -0.0912625   -0.162453   -0.559688   -0.293612   -0.424344   -0.880604   -0.383934
  -0.154826    0.109675    0.109326    0.126364  -0.0805564     0.24157  -0.0217467    0.322469     1.27013
   0.390962   -0.752349   -0.776931   -0.101479   -0.862941    0.126741   -0.777456     4.11316    0.297199
   0.082627    -0.98957  -0.0113424   -0.120645      4.5797   -0.735929  -0.0139029   -0.433902   -0.521743
  -0.382688    0.962678    0.108332    -1.43773   -0.280045      1.6288   -0.290641   -0.156565   -0.276209
 -0.0597826 -0.00599407    0.226377   -0.173404    0.307773  -0.0326094    0.258783    0.389993     1.43232
  -0.464452   -0.149587   -0.253705     4.38653   -0.702305   -0.579115   -0.514483   -0.310684   -0.611888
   0.575592    0.190914  -0.0372832    -3.40836    0.711072    0.400307    0.937572    0.669446    0.729585
    0.52332     0.48123   -0.309819   -0.223806    0.692455    0.451119   -0.616419  -0.0740059   -0.381719
   -0.30933   -0.533397   -0.440668   0.0255274   -0.491493   -0.369416   -0.419766    0.365725  -0.0652519
  0.0717752    0.652774    0.373638    0.187458     1.18999    0.184526  0.00214087    0.258174   -0.140701
   0.357237    -1.15598    -1.17068    0.246369    0.247567   -0.282807    -1.25907   -0.114793    -0.12648
 -0.0411935     2.13094    0.183498   0.0842712    0.206325   -0.100588    0.473097    0.379514     0.75553
   0.849341   -0.182148    0.222796   -0.364714  -0.0625937   0.0840642   -0.110786    0.239349   0.0292827
    1.28255     1.05215    0.215188    0.890066     -4.8979     1.09346    0.395959    0.576696    0.654087
   0.192676   -0.416074      1.6164     2.17354    0.879077    -2.77173    -1.05621    0.742155    0.759226
    4.05574   0.0560572   -0.549089   -0.980014   0.0417867    0.489777   -0.406492   -0.444886    -1.58457
   0.134785   0.0216661    0.643434    0.052109    0.191806    0.280412    0.300489   -0.145406    0.115355
   0.449442    -4.54245    0.801991    0.524444     1.47373    0.480213   0.0076226    0.776968    0.118383
 -0.0487071    0.437421    0.330111   -0.114756    -0.22551   0.0404919  -0.0448418  -0.0105131   -0.404039
  -0.494657   -0.158981   -0.330821   -0.317062   -0.156414    0.385919    0.633544   -0.336229     1.05909
    0.24068    0.345691    0.271791    0.131598    0.207565    0.275538  -0.0187884     1.03949   0.0735511
   0.171391  -0.0628019    0.608886   -0.094044    0.694398    0.222572    0.315728  -0.0564246    0.288711
   0.194977    -1.08606    0.405999    -1.28892    0.684645 -0.00185961   -0.138201    0.602463   -0.243415
  -0.647333  0.00450529   -0.069421    0.547591    0.554596   0.0876248    0.573882     1.40797    0.321441
   0.760679    0.494211    0.290079    -0.29571    0.938288    0.341861  -0.0438571    0.743809    -2.84952
 -0.0557393   -0.830478   -0.478319    0.231771     3.55385   -0.783602   -0.160896   -0.125637   -0.853148
 -0.0961382   -0.174557     1.70966     3.69167   -0.886711  0.00681214    -1.05206   0.0836284  -0.0921983
  -0.187171   -0.829301   -0.759429    0.112216    0.515123    0.422659     0.57965   -0.533054     1.00236
  -0.104021    0.796601  -0.0317717   -0.979343  -0.0675007   -0.264907  -0.0923775    0.305149    -0.23302
  -0.309119     2.07956    0.254984   -0.526763    0.120285   -0.120114   -0.380946   -0.829374     0.35467
  -0.381665 -0.00662141   -0.539329    -1.26822   -0.746985     4.75242  -0.0335285   -0.284944   -0.858722
   0.557441    0.744379   -0.581684     1.26003    0.540596    -3.56248      0.7219   -0.346733  -0.0121979
  -0.122425    0.202416    0.318707  0.00902476    0.126657  -0.0928067   0.0651379    0.199724    -1.78169
  -0.116934     1.78973    0.311189    0.377207   -0.375502    0.205738    0.249986   -0.254642   -0.119633
    1.05809    -0.18753   0.0871953   -0.417272    0.418577     0.20904    -3.01928   -0.220335     1.09596
 -2.41125
 -2.44388
  -3.3074
 -3.71225
 -2.86528
 -2.96881
 -2.58759
 -2.58045
 -2.45842
 -2.53493
 -2.60299
 -2.95502
 -2.26268
 -2.33869
  -2.8071
-0.916911
 -3.06227
-0.263128
 -1.42549
 -1.74901
 -2.30962
 0.152323
 -2.26533
 -2.12607
 -2.51022
  -2.2937
  -2.5251
 -2.09256
 -1.63563
 -3.20506
 -2.56625
 -2.76313
 -3.17965
 -2.47844
 -2.47504
 -2.46225
 -2.39618
 -2.93948
 -1.16337
 -2.80984
 -2.23194
  -1.9877
  -2.5964
 -2.02303
 -3.22494
  -2.3259
 -2.41218
 0.585594
 -3.35822
 -2.52503
 -2.31901
 -2.84477
-0.423392
 -2.84766
 -3.25656
 -2.33071
 -2.45564
 -2.48221
 -2.42164
 -3.49992
 -3.08991
 -3.11975
 -2.88125
 -2.34929
 -3.08878
  -2.4942
 -2.66766
 -3.12141
    -3.16
 -2.36585
  -2.9193
 -2.70969
 -2.54193
 -2.60317
 -2.39252
 -2.19604
 -2.62383
 -2.82129
 -2.45469
 -1.83729
 -3.36011
 -2.42757
  -1.9511
 -2.38939
 -2.70005
 -2.39817
  -2.3254
 -2.53231
 -2.55237
 -2.27236
 -2.75449
 -3.73434
 -2.71572
 -2.35957
 -2.31439
  -4.0288
 -3.40229
 -2.45344
 -2.23147
  -3.0837
1
4
100 10
   -0.124462     0.833295     0.169278     -5.62339   -0.0934093    -0.323059    0.0612357    -0.699077     0.158919     0.302575    0.0176494     0.372132    -0.450395     0.137346     0.702011      1.33104     -5.50368    0.0539322   -0.0138065     0.171267     0.752582     0.794034      1.12248      1.12949     0.691861      0.28839     0.214908     -1.64815     0.525997     0.774907     0.736683     0.062006     0.190887     0.552285     0.248095    0.0690836    0.0915848    -0.926606     0.186252      -1.3991     0.417446      1.87446      1.05266     0.236481    -0.445241     0.493967     -1.41644     0.759908    -0.145459     0.445379      0.59588     0.783965      1.81164     0.508772     -4.22904       0.4486     -0.46781    -0.874844     0.434722      0.36091      2.06442   -0.0350668     0.132611     0.122305     0.660141     0.394021      0.95908    -0.102993     0.817111      0.36651    -0.487759     0.510774     0.392853      1.18326     0.244636      1.11831    -0.633168    -0.600486     0.864755    -0.742679     -4.08035   -0.0743418     0.898534     0.375155      1.03247     0.311752     0.232625     0.399226    -0.602793      0.59247    -0.213263     0.881566     0.961828     0.424273     0.798827     0.821645     0.812629     0.834495     0.430448     0.258308
   0.0643021      -1.3177      1.51151     0.920616    -0.247957     0.581141     -0.71259   -0.0227285    -0.662668   -0.0550965   -0.0631237     0.183277     0.481115    0.0384558     0.829374     -0.35205     0.663334      -1.4841        1.238     0.397252    -0.504055    -0.273522      1.17239     0.610667     0.122427    0.0147154      1.34902      1.00053     0.388734     0.194438    -0.251249     0.278623      0.75559    -0.596822    0.0821947     0.387286     -0.56381     0.619826       1.9909     0.423202     0.182368      -2.3075    -0.253208    -0.411678    -0.311697     0.199362    -0.511425      2.44819    0.0642801     0.259368    -0.155637  -0.00341704    -0.467453    -0.109372     0.867375      0.18686     0.103026    -0.564077     0.193449     -1.13729     0.777139      0.97457     0.239437     0.198643     -7.04937     0.771803    0.0647107     0.535361    -0.287819      0.36464     0.471906    0.0824601    -0.104312    -0.118645     -0.39145     -1.03886     -1.97125    -0.186694    0.0771612    -0.437385     0.260924     0.297079     -5.55266    -0.209914     -0.33497    -0.150352     0.120763     -1.33056      0.26781    -0.851045     0.177783     0.979924       1.3323    -0.526514     -1.79991     0.571846      1.00933    -0.608096      -1.7229    -0.124968
   -0.626325     0.444314    -0.549891      1.19178   -0.0468316     0.204841   -0.0166421      0.53775   -0.0657705  -0.00789256     0.979374     0.805663     0.531426     0.188973     0.298019    -0.647951      1.26791      1.62393     -5.61624    -0.392503    -0.296746     0.517257     -1.64721    -0.236975     0.553022    -0.177676    0.0985542     0.563983      1.62457    -0.103665   -0.0743747     0.571821     -5.94734     0.702097    -0.147898    -0.359295    0.0825637     0.130147     0.969701   -0.0849051     0.381973     0.434027     -3.56752       1.1589     0.789287     0.244202      1.76601     -1.57567     -2.26488    0.0249619     0.300361     0.132326      -1.1667     0.647959     0.337065     0.203379    -0.160993      0.53262    -0.382683    -0.032225     -0.20932     0.152166     0.290284    0.0917273      1.81824   -0.0669316     0.942879      1.26509    -0.490751     0.178325     0.509257    -0.998129     0.213118    -0.148373   -0.0379347      1.18112     0.234599      0.14509     0.805887     0.485433     0.865128     -0.36043      1.40812    -0.345028    -0.608202   -0.0715845    -0.123309    0.0453953      0.61621     0.211068      1.16889     -3.08709     -1.46904    0.0364798    0.0140196     0.453899     0.547237   -0.0621962    0.0880788       1.4898
    0.227927     0.635375     -1.72187      1.10616     -1.30924      1.07215   0.00865834    0.0219136    0.0736261    -0.186281    -0.355841     0.130796     0.533633   -0.0640745    -0.146148    -0.240226    -0.138349     0.062486    -0.391964     0.444866    -0.218005      2.55764    -0.564579     0.156344    0.0778636    0.0608598     0.476525      0.53231  -0.00582832     0.699951    -0.236314    -0.438492     0.781056    -0.199165    0.0118622    -0.980732     0.107853       0.4375    -0.790239    -0.134594    -0.406475      0.47557      1.63143      1.28371   -0.0225377     0.113534    -0.475577     -1.99316      1.73634   0.00404814   -0.0203565     0.576327      0.79786     0.554704     0.320168     -4.51728   -0.0599473     0.921873  -0.00379339      0.92298     0.845349     0.224003     0.618255    -0.221428     0.573662    -0.131273     0.859724     0.344926     -1.37252     0.474467     -4.80216     -3.65372    0.0775974    -0.190166     0.382638    -0.462755     0.987116   -0.0805573    0.0926915      3.17076     0.404154   -0.0789119       1.4891    -0.140728     0.453658     0.237078    0.0409873     0.740094    -0.298211     0.843311      0.36015     -2.85177     0.349134    -0.969156    -0.550727     0.386465     -2.35697     0.271724    0.0384534     0.319981
    0.139867     0.427112     0.211835     0.564053     0.444362     -1.55625    0.0420355   -0.0404796    0.0782102     0.143805     0.193737     0.707057    -0.881997    -0.770362     0.224027     0.032332      2.65162     0.712859     0.393108     -4.35522    -0.182392   -0.0439285      0.25067     -1.19198    -0.118802   -0.0114617     -1.15622     0.944885      0.10058      1.46174     0.170853     0.369952      1.19167     0.379057    -0.034287     0.230965    0.0410211      0.46076    -0.959912     0.248119      -1.3527     0.364003       1.6196     0.824492      0.17691     0.268994      1.14818     0.439033     0.558881      0.24792    -0.864916      0.55213    -0.970301     0.401237     0.342921     0.479396    0.0128606      1.23551     0.237903     0.900103      1.14145     0.302133     0.163531    -0.277003      1.73776     0.408754     0.786694     -4.74211      1.40358     0.150676     0.915026     0.364873    -0.328461    0.0236215    -0.678795     0.107742     0.416549     0.404676     -5.76483     0.125873      1.03364    0.0592104     0.381944     0.196852     0.152661    0.0977489    -0.444019    -0.169667     0.244255    -0.479794     -3.37675     0.258858    -0.166245     0.683886      0.87147      1.77723     0.887447     0.111104     0.174716      1.18297
    0.520056    0.0415701    -0.711429      1.56785    -0.792373    -0.252711     0.576897     0.120718    -0.138204   -0.0688326     0.919099     0.789551    0.0812364    0.0934561     -2.58221      1.26573     -0.64041      1.08077      2.09366      1.49242     0.123342     -2.76724    -0.139418     0.328931     0.536908   -0.0592223    0.0690956    -0.689615     0.286803     0.813379     0.612981    -0.840099      -0.0791    -0.480802   -0.0339139     0.061966   -0.0591254    -0.174388    -0.206569     0.157571     0.490671   -0.0115464     -0.33734      0.99926    -0.208277     -0.13875     0.541371    -0.273559      1.21388    -0.379741    0.0938685     0.137316    -0.711288     0.133111      1.08284     0.852549    -0.149027     0.147898    -0.322787     0.482552     0.575435     -3.88282     0.802874    -0.176716     0.540203    -0.183805      1.08692     0.248711     -2.12231    0.0175501      1.02005     0.648202   -0.0278906    -0.161803     0.214005     0.558248     0.642299      0.31625      1.21078     -2.76352      1.87786    -0.306797     0.526852    -0.132718     0.852033     0.344516    -0.159548    -0.318453    -0.177731      1.05862    0.0978627     0.715566     0.238338     0.174066    -0.046537     -6.55585     -3.71883     0.383044   0.00551128    0.0573817
    0.111253   -0.0616804    -0.544547      0.83452     0.322791    -0.377213     -0.12744    -0.146001     0.220356    -0.112841   -0.0874211     0.381779   -0.0760149     -0.10232    -0.600199   0.00720473      0.87807    -0.602876      1.48288     0.934781      0.12179     -1.94008    -0.765453     0.571932     -0.49649     -0.10304      0.45108     0.349106    -0.457581     0.628049    -0.328737     0.175955     0.142801    -0.748259    -0.215809     0.520966     0.376537     0.112561   -0.0579836     0.175833     0.541993    -0.678628     -1.35473      0.97579       1.0542    -0.049542    0.0417532      2.42191     0.167305    -0.149627     0.241216     0.777188     0.463419    -0.260249     0.203535     0.509839    -0.270294     0.411274   -0.0843348     -3.28761     -7.76002     0.762072   0.00347975    0.0454743      1.10581    -0.265302    -0.472221      1.18499     0.716872     -0.24819     0.752404     0.841968     0.784488    -0.682292   -0.0453897     -1.61636   -0.0363486    0.0760171      1.00645    -0.727506     0.341646    0.0109986    -0.412219   -0.0802915     -1.01876    -0.126257  -0.00440123     0.831579    -0.229961     0.925841      1.22674    -0.356295    -0.698858     0.257053     0.732228      1.01197     0.592098    -0.164307    0.0542656     -2.73761
   -0.600543    -0.642481      1.14868   -0.0305702     0.303182     0.259093     0.713857     0.309638    -0.139589    0.0499939     -2.06831     -3.65267    -0.677075     0.175263     0.101613      1.47295   -0.0438748    -0.112637      0.24803     0.187138    -0.481855     0.549267     0.593968    -0.206896     -1.44353   -0.0705579    -0.495376     -1.42676      1.04943      0.31097    -0.770222     0.257474       1.5996     0.394271    -0.263721    -0.122763    0.0324597   -0.0821224    -0.631592     0.399449    -0.527263     0.238722      1.02809     -6.29571     0.559981   -0.0567987    -0.130156     -1.59391     -1.58888     0.280282    -0.183673     0.579835      0.95313     -2.14289     0.247989     0.945746     0.420797     0.709097    0.0994009  -0.00144032      1.07177     0.507914     -2.70045    0.0893115    -0.285197     0.225494     -4.79474     0.608562    0.0618268    0.0647295      1.09995      1.07429   -0.0235292    -0.636879    -0.387604    -0.313523    0.0692001    -0.136295     0.855432     0.515739     0.142278    0.0518919      0.94289     0.504071    -0.934924    -0.814303     0.290626     0.859258     -0.78141      0.90457     0.260256     0.936269    -0.432782     0.401539     -0.53559      1.46378     0.572768     0.495551     0.416614     0.305682
   0.0812826     -0.12788     0.240854    -0.326878      1.32992     0.804462     -1.01135    0.0874257    0.0258489    -0.335107   0.00773445     0.757147     0.505344     0.121994      1.09802     -2.67948     0.455329    -0.680061     0.812238     0.630693     0.396271     0.234922   -0.0564831    -0.979446    -0.411032   -0.0832422    -0.542675     0.412316     -3.81842     -5.02402    -0.195344   -0.0713154     0.966627    0.0113401    0.0575403      0.28113    0.0391534    -0.643716    -0.416624     0.525997     0.828849    -0.136956     0.275532      1.26509     -1.46287    -0.952554    -0.884745    -0.471058    0.0500794    -0.453223    0.0801436     -3.47508    -0.139894    -0.020091     0.960807     0.896792     0.343894     -2.59408     0.242809      1.44009      1.40653     0.948293     0.346004    -0.136644     0.967049    -0.977289     0.547759     0.593259      1.02458     -1.01484     0.381384      1.41725    -0.635047     0.611728      0.63523     0.133595     0.186403    -0.122838     0.762922     0.906058      -1.0397       0.3829     0.380307    -0.260059     0.303617     -0.15333     0.149293     -0.64387     0.379619     -2.83668     0.353091      2.43229   -0.0212948    -0.251876     0.693495      0.46032      1.48183       -1.377     0.183617    -0.324657
  -0.0127639  0.000915856    0.0519977    0.0225657    0.0216903   -0.0396653   -0.0191721    0.0511791    -0.023954   -0.0580246    0.0153733   0.00817048    0.0411272   -0.0094993    0.0282823  -0.00123009   -0.0285423    0.0261983   0.00147797   -0.0260066   -0.0196107    -0.014793  -0.00192631   -0.0647478  -0.00321436   -0.0350802    0.0481633  -0.00845533   -0.0469307    0.0197911  -0.00303443   -0.0436493     0.037763   -0.0324205    -0.078524   -0.0536264  -0.00870432   -0.0276761   -0.0679678 -0.000574296   -0.0152782   -0.0336565   -0.0249433   -0.0332692    0.0496525   -0.0507455    0.0283609     0.037851   -0.0164296  -0.00889041    0.0131624   -0.0692065    0.0365989  -0.00333907   -0.0231042   -0.0371183   -0.0457218     0.006084   -0.0381098    0.0337187   0.00811499    0.0412236   -0.0133141   -0.0283793    0.0127969   -0.0228221    0.0192654    0.0422429   -0.0292502   -0.0286754   -0.0112408   -0.0133035    0.0432203    -0.014558   0.00523726  -0.00559328     0.016402   -0.0420891   0.00358111     0.022888    0.0619004   -0.0430894    0.0249865   -0.0340071   -0.0730294   -0.0111953   -0.0480393    0.0254469    0.0118356   -0.0335158   -0.0228704  -0.00931611  -0.00256101    -0.032257  -0.00889298   -0.0174743   0.00238162   -0.0527146   -0.0168423   -0.0208936
  3.29987
  0.01634
-0.116088
 -1.64942
  2.14791
  1.39563
-0.983453
  1.49255
 0.671235
0.0576624
