2 8 0.1 600
1
1
9 100
    0.706441     0.414516     0.966993     0.295627     0.131109     0.399191    0.0668094     0.629974     0.180625
   0.0555074    -0.665297    -0.116179    -0.653743     0.622485    -0.361159     0.091224      1.12458    0.0277841
   -0.462169      -0.1542      0.66327      1.79923     0.108121     0.133685    -0.494396     0.107226     0.418582
     5.20539    -0.531254     0.194758    -0.373913    -0.230804     0.732899    -0.642109     0.524727     0.170153
   -0.415184     0.165774    -0.232976      1.15322     0.106612     -1.45397     0.255369    -0.355334    -0.837089
   -0.844735    0.0350654      1.42414    -0.137725      1.91335    -0.374673   -0.0807733     0.032947     -0.61079
    0.460039    -0.533747     0.131964     0.079172     0.207014    0.0685362    -0.163718    -0.246435    -0.794002
    0.864114    0.0992024    0.0138121     0.280609  -0.00974308     0.177369      0.89732      0.94326     0.564219
   0.0725906     0.912772     0.150384    -0.138566     0.148864    0.0359522    -0.151356   -0.0683525    0.0468455
  -0.0147288   -0.0922554    0.0957367    -0.278513    -0.328024   -0.0219086    -0.237076    -0.291031     0.193681
    0.573464    -0.153502    -0.590501     0.338486   -0.0236054     0.305229    -0.884546       2.3055     0.280949
    0.646623    -0.587954    -0.061843     0.687873    -0.292011     0.207992    -0.232798      3.58675     0.216546
   -0.244238    0.0192303     0.922003     0.148245      1.59549     0.379486    -0.118432    -0.179959     0.582917
    0.137324     0.109681     0.293196     0.119489      1.22275    0.0882338     0.286335     0.130598    0.0788007
    0.449071    -0.816133   -0.0117045    0.0934077    -0.102212      2.88911     0.888721    -0.882907    -0.188375
    0.707903     -0.45503   -0.0393061   -0.0606989    -0.320801    -0.516771     0.357973     0.660656     -3.15893
     -5.3726       0.7705      0.45319     0.923325     0.949491     -1.06938    -0.888943    -0.889279     0.519548
    -1.17916    -0.562825      2.43768       1.7766     -1.11196     -2.57612     0.157515     0.941815      1.02459
    0.743708      1.54914     -4.69884     0.107938     0.326654        1.537      2.03536    -0.943013      0.81963
     1.79349      1.30167       1.0104     0.343806     -3.47332      1.54164      1.21649     0.430594      1.12627
    0.106807      0.65942    0.0663026     0.384487     0.417922     0.347913    -0.121489    -0.284993    -0.307663
    -1.67515   -0.0502327     0.689718      4.19272    0.0553849     -1.34805      -1.0079     0.485495     0.527824
    0.448955    -0.429847     -1.41503       0.6578    -0.191255     0.252764     0.883957    -0.394755   -0.0594544
    0.729434     0.381336    -0.478371    -0.631443    -0.327579     0.926362     -1.38935     0.337137     0.927591
   -0.016781     0.285104    -0.377818    0.0597796    -0.105047      0.21269    -0.507719      1.61826   -0.0687862
   0.0788933     0.218143     0.347296     0.043953     0.096864     0.493858   -0.0248713     0.130078     0.181673
 -0.00826037    -0.964673  -0.00468518    -0.212334       1.4005    0.0517577     -0.21734      -1.3423     0.887607
    -2.35044     0.204779    -0.335413      1.35565     0.833782    -0.965976      0.26753    -0.699515      1.23132
    0.470423      -2.1546     -2.19291    -0.850643      1.09364     0.393191      0.63273      1.70663     -2.48933
   -0.894027    -0.151394    -0.143963     0.428118     -1.00237     0.325306   -0.0398032    -0.353992      4.37546
  -0.0688355     0.283678   -0.0141942      0.71501     0.102648      0.33842     0.257064       1.0136    -0.414539
   0.0166573     0.112235    -0.279105     0.474473     0.396912     -0.83894    0.0495329    -0.314219     0.311869
   -0.664521    -0.199525      4.99263   -0.0139952    -0.620364     -0.44219    -0.614432    -0.429827    -0.337404
    0.169387     0.404504   -0.0835415   -0.0163831     0.543984    -0.730704     -0.92968    0.0262106     0.096687
  -0.0124473     0.123657     0.223153    0.0455156     0.189637     0.146964     0.274281     0.436378      0.16693
    0.624612     0.221542     0.436235      1.54475     0.339593     0.282138     0.477374    -0.224835     0.256388
    0.103698     0.790305      0.11702    0.0666261    0.0979251    0.0373806   -0.0368208  -0.00472296     0.179872
    -1.51217    -0.132633     0.907281    -0.137435    0.0459607     0.249964     0.186617    0.0416026     0.629667
      1.1283     -2.32326    -0.825315     -1.15953     0.985104      2.25221      1.37479    -0.593907     0.721414
     1.91773   -0.0408388   -0.0770051     -0.13225    -0.336425     0.187552     0.394432     -0.22734     -0.10703
     0.07557     0.372345    0.0621361      1.09114      2.03143     0.467229     0.216262    -0.459879     -0.43863
    0.321859     -2.11554     -0.35506    -0.922805     0.348318    -0.512626    -0.146684     0.191892     0.501319
   -0.674543    -0.344156      3.76806     -1.06014     -0.46633    -0.628228     -1.23056   -0.0317874   -0.0969878
   -0.104228     0.968142     0.380547    -0.691157      1.25128    -0.467722      1.38774     -5.00728      1.00142
   -0.451863     0.602502      0.13458     0.208335    -0.285485    -0.496651    -0.256436    -0.365859       1.0363
   0.0856034     0.170111    -0.280012    -0.356449   0.00440418  -0.00238037   -0.0961625      0.53441      1.15687
    -1.62489      1.21339     -1.36847     0.838849      0.55414    -0.609947     0.619594      1.04251     0.671025
    -1.48471      1.64271     -1.16807      -1.7297    -0.519483      1.88264      3.40196     -1.05758     0.259427
    0.926391     0.430442      3.00975     0.441658   0.00888473    -0.275495     0.659983      1.71212    -0.279694
   0.0867164   -0.0329171     0.182204    0.0549437     0.290546   -0.0773476     0.126268     0.151036     0.865404
    0.087356      0.40163     0.134074     0.136319      1.32247     0.287487    -0.158771   -0.0365221    -0.265918
    -0.16775     0.177378     0.152196    -0.128338    -0.462184    -0.170055     -0.20798    -0.056321      3.55991
     1.47645       1.0171     -0.52656      -1.2048      1.79661      1.73564   -0.0309497    -0.836606    -0.422627
    0.235605    -0.289653    -0.304776    -0.126479    -0.221458    -0.319638    -0.397777      2.00313    0.0567178
     4.31568    -0.394264     0.391865    -0.151616    -0.436657     0.430504     0.126953    -0.433331   -0.0877616
   -0.546408     0.051295    -0.904032      4.08766    -0.317969    -0.875552    -0.448405    -0.480862    -0.844772
    0.970873      0.22107     0.151266     0.157344    -0.039828     0.071188     0.750935   -0.0585125    0.0474327
     -1.7388      1.07177     0.491152     -1.09708    -0.503436    -0.441841      0.22638     0.438325      2.45445
-0.000238716     0.115644      0.49788    0.0165257     0.237953   0.00409886     0.201629     0.154448     0.131165
    0.158758     0.589695    -0.315505    -0.419611    -0.569936     0.194655      3.43336    -0.426136     0.229789
  -0.0131497     -1.75068     -1.47626     0.410334     -1.39172     0.164945      5.96067    -0.564456    0.0574009
    0.151443    -0.221085    -0.111366     -0.67906    -0.291659      3.77387    -0.152473    -0.232567    -0.526186
    0.628299    -0.265256     0.160296     0.431327     -0.41873     0.173865    -0.408989      2.58114     0.178861
    0.330803   -0.0156383    0.0461376     0.164018     0.519624     0.281935     0.194572     0.120825     0.532884
   -0.885674      5.95296    -0.367744    -0.554921    -0.633444    -0.146116    -0.433961    -0.823803    -0.573153
   -0.170675     0.112602    0.0808831     0.127927    -0.155804     0.307038    0.0112589     0.389298      1.25218
    0.506952     -1.26048    -0.577636     0.202857     -1.31593  -0.00598455     -1.37957      4.12256     0.650757
  -0.0403077    -0.819177    -0.109852    -0.384499      4.91259     -0.45163     0.155091    -0.563896    -0.368061
   -0.239331     0.953732     0.062132     -1.44953    -0.350369      1.89737    -0.437182     -0.21265     -0.39125
  -0.0719639   0.00894786     0.227637    -0.244189      0.23385   -0.0101602     0.309562     0.425104      1.47045
   -0.485476   -0.0826513    -0.509905      4.47804    -0.628855    -0.583221    -0.480985    -0.307684     -0.75544
      0.7451     0.287133    -0.110143     -3.55681     0.729375     0.589446     0.983239     0.638799     0.503141
    0.508656      0.64286    -0.431802    -0.265208     0.665726     0.497127    -0.694782    0.0196703    -0.342317
   -0.284229    -0.427841    -0.431402   0.00223288    -0.514388    -0.294177     -0.35898     0.350444   -0.0905653
   0.0156979     0.646489     0.466127     0.205793      1.28901     0.156607   -0.0225154     0.220238    -0.126008
    0.456705     -1.35036     -1.12628     0.139026     0.201947    -0.238795     -1.18658   -0.0675849    -0.199321
    0.229538      2.46786   -0.0121391    -0.201542   -0.0254041   -0.0104742     0.681143     0.209078     0.663123
    0.858751    -0.252386     0.215967    -0.331141   -0.0716026   0.00917262    -0.154702     0.239848    0.0542914
     1.33006      1.37292    0.0568938     0.628498     -4.92792        1.262     0.711718     0.444106     0.773542
    0.108869    -0.706878      1.65494      2.19507     0.747363     -2.86307     -1.34102     0.753645      1.08795
      4.1888    -0.135863    -0.498915    -0.659212   -0.0558355   -0.0128465    -0.612315    -0.597034     -1.32236
    0.109341    0.0394188     0.643619    0.0920514     0.205808     0.274258     0.295578    -0.169149     0.129562
    0.554898     -4.89335     0.917162     0.501443       1.5199     0.414077    -0.258803     0.895509    0.0638511
  -0.0269256       0.4913     0.291764    -0.162502    -0.243349    0.0975108    0.0152572     0.037863    -0.490564
   -0.472131     0.134931    -0.467961    -0.669241    -0.344376     0.578068      0.99657    -0.427893      1.10911
    0.233605     0.367512     0.296093     0.100033     0.169093     0.283587   -0.0153102      1.03097     0.109333
    0.143096   -0.0399935     0.652632   -0.0792629     0.752935     0.236168      0.29987   -0.0774906     0.306881
    0.206781     -1.30489     0.642291     -1.28141      0.70976   -0.0368886    -0.363216     0.612965    -0.243935
   -0.616803    -0.121175    -0.164222     0.515786     0.522762    0.0738973     0.588006      1.45668      0.34344
    0.760793     0.863039    0.0177374    -0.722642     0.799223      0.51257     0.172841       1.0428     -2.97783
   -0.169035    -0.636023    -0.635241    0.0129957      3.88921    -0.575397    0.0407411     -0.23934    -0.667875
   -0.355344    0.0864559      1.49995      4.01087    -0.668533    -0.147156    -0.810884  -0.00142078    -0.109852
   -0.241931    -0.507345    -0.781422    0.0991847     0.382834     0.506068     0.720819    -0.565339      1.06322
  -0.0451944     0.942124    -0.203785     -1.15953    -0.144142    -0.125612  -0.00741602     0.403363    -0.397152
   -0.070653      2.46294    -0.147314    -0.812386   -0.0748153     0.200699    -0.372485     -0.88102     0.297565
   -0.372706    -0.264587    -0.398461     -1.04125    -0.819242       4.9623    -0.328495    -0.150229    -0.947134
    0.401626      1.04833     -1.00923      1.60648      0.79497     -3.69363       0.3766    -0.264493   -0.0382404
 0.000242879     0.369953     0.198561    -0.269883  -0.00594402     0.134566     0.264037     0.305579     -2.00915
    0.155237      2.10693    0.0730819     0.034832    -0.481865     0.389757     0.461843    -0.314233    -0.312824
     1.22918    -0.526596     0.169336    -0.235942     0.208669     0.149514     -3.35194    -0.151647       1.0765
 -2.39106
 -2.56816
 -3.26258
 -3.58582
 -2.73864
 -2.99457
 -2.61706
 -2.51615
   -2.486
 -2.57204
 -2.41736
 -2.77054
 -1.92968
 -2.24248
 -2.58574
 -1.39013
 -1.64501
0.0877263
-0.425981
 0.149762
 -2.38441
 0.110324
 -2.42656
 -2.05437
 -2.51006
 -2.30305
 -2.27776
-0.468023
-0.887523
 -3.17119
   -2.657
 -2.70277
 -3.30824
 -2.59356
 -2.47946
 -2.40405
 -2.41328
 -2.73894
 0.511489
 -2.75349
 -1.98756
 -2.37506
 -2.89099
 -1.88401
 -3.18729
 -2.27073
  -2.4007
  1.50902
 -3.08314
 -2.54452
 -2.26512
 -2.83783
-0.727486
 -2.76495
  -3.1212
 -2.32189
 -2.39793
 -2.21353
 -2.45613
 -3.58534
 -3.27358
 -3.06899
 -2.73595
 -2.29684
 -3.43049
 -2.42423
  -1.9516
 -3.11905
 -3.22061
 -2.28059
 -2.78388
 -2.68261
 -2.43195
 -2.78992
 -2.35319
 -2.35026
 -2.63877
 -2.76827
 -1.48382
  -1.4544
 -3.27329
 -2.39092
 -2.61742
 -2.43124
  -2.6608
 -2.41614
 -2.28002
 -2.48881
 -2.39466
 -2.11333
 -2.79769
 -3.92695
  -2.7619
 -2.34605
 -2.32367
 -4.09314
  -3.0691
 -2.39474
 -2.36601
 -2.86699
1
4
100 10
   -0.183216     0.603971    0.0391148     -5.78535    -0.262804    -0.475892   -0.0539917    -0.749477    0.0882977     0.176089    -0.176216     0.168019    -0.674455    0.0162865     0.904222      1.00934     -5.97991     -1.09391    -0.291925    -0.105306     0.655174    -0.365545     0.933264      1.00215     0.587781     0.205859    -0.191683     -2.24416   -0.0562027     0.681431     0.672655   -0.0901546    0.0606227     0.376438     0.161715   -0.0550849   0.00907444     -1.08926    -0.378806     -1.49614      0.26402      1.26234     0.829053    -0.255493    -0.539119     0.379773      -1.6761      0.25615    -0.128817     0.313213     0.497204     0.689271      1.81458     0.355929      -4.4024    0.0343016    -0.542709    -0.982263      0.32675     0.628334      2.07258     0.450466   -0.0133156  -0.00200975     0.597208     0.283684     0.565897    -0.370231      1.15471     0.224213    -0.750749     0.939717     0.335366      1.00605     0.174167     0.717577    -0.564211    -0.689063      0.69039     -1.53563     -4.20341    -0.172568    -0.187112     0.312027      1.10349     0.240859      0.11241       0.1651    -0.776144     0.797035     -0.52091     0.743159     0.812832     0.471958     0.741173      1.40266     0.561104     0.873415     0.431828   -0.0123222
     0.17049     -1.24427      1.49348     0.479021    -0.196215      0.51004    -0.656098    0.0693897    -0.591771    0.0374209    0.0802039     0.275476      0.56665     0.154219     0.826029     -0.30717     0.678447    -0.728363      1.90263      1.16454    -0.396022      0.36558      1.29512      0.68704     0.229798      0.14507      1.41778      1.37773     0.465257     0.392145    -0.142811     0.373102     0.654008    -0.524563     0.195372     0.528956    -0.467511     0.669535      2.64264     0.236949     0.307094     -2.26332    -0.351944    -0.219964    -0.230731     0.344977    -0.323381      3.92593    0.0898457     0.374998   -0.0499655     0.158825    -0.202979   -0.0397338      0.45769     0.288874     0.119368    -0.344926     0.303333     -1.34394     0.821993     0.912748      0.33337     0.333446     -7.61223     0.926788     0.270288     0.475635     -0.56245     0.522898     0.489733    -0.330906   -0.0785224   -0.0261727    -0.293396    -0.940048     -2.09491     -0.14898       0.3563    -0.394141    -0.194456     0.415632     -5.87622    -0.138797    -0.294173   -0.0372355     0.243116     -1.31931       0.3874     -1.03276     0.138787     0.903048       1.4624    -0.588149     -1.95856     0.510109      1.04088    -0.624575      -1.8639     -0.16394
   -0.597676     0.633776    -0.709406      1.21208    -0.115499      0.13941     0.047285     0.576677   -0.0627417    0.0434195      1.17091      1.00836     0.494475     0.228262       0.3916    -0.536708     0.958283      1.77439     -5.70759    -0.355371    -0.297201     0.728417     -1.56376   -0.0658428     0.641568    -0.141941     0.216613     0.480615      2.48034    -0.064305   -0.0590704     0.579319     -6.27179     0.748271    -0.113229    -0.381278    0.0854112    0.0515158      1.87071    -0.055073     0.322488     0.933904      -3.7556      1.23119     0.790547     0.322959      1.80663     -1.71419     -2.30155    0.0730468     0.327471     0.183001     -1.03648     0.773341     0.363413    -0.117434    -0.144099     0.515617    -0.357766   -0.0836147   -0.0641385      0.15707     0.437321     0.154477      1.74347   -0.0190868      1.43005      1.45119    -0.518658     0.249326      0.17594     -1.02095     0.261438   -0.0751922   -0.0303838      1.42628      0.18045     0.216483      0.83579     0.907344     0.861801    -0.333182      2.36884    -0.343718    -0.601801   -0.0273988   -0.0824577     0.294048      0.67832     0.165851      1.34513     -3.41593     -1.37708    0.0302504   -0.0117501     0.418047     0.457545   -0.0889854    0.0134989      1.70853
    0.274765     0.665435     -1.66075      1.14494     -1.31558       1.2311    0.0271565     0.019591    0.0870915    -0.142692    -0.337459     0.174412     0.697686   -0.0530412    -0.204515    -0.293339     0.216191     0.563145    -0.264976     0.556855    -0.224908      2.92393    -0.588109     0.195378    0.0738885    0.0865706     0.651244     0.689777     -0.39311       1.0247      -0.2508     -0.41355      1.57245    -0.181458    0.0266466    -0.968888     0.126665     0.623229    -0.924864    -0.140669    -0.437627     0.610738      2.36966      1.47627    0.0618761     0.167999    -0.494822     -2.09786      1.85123    0.0553219   -0.0353509     0.862748     0.644575     0.577937     0.350361      -4.5723   -0.0614739      1.23004    0.0383704     0.984336     0.869865     0.180028     0.672202    -0.207885     0.711344   -0.0596638     0.987996     0.332156     -1.39074     0.573441     -4.84311     -3.69375    0.0531653    -0.168365     0.376441    -0.473733      1.06777   -0.0537662     0.231709      3.63032     0.410363   -0.0348424      1.86037    -0.130886     0.523308     0.249549     0.100468     0.928045    -0.303353     0.772171     0.334937     -2.76533     0.379013    -0.977181    -0.476046     0.343398     -2.32117     0.243539    0.0722796      0.65102
   0.0756038     0.411448     0.290139      0.47691     0.489765      -1.8579    0.0497646    -0.107415   0.00328037     0.123778     0.254514     0.814326     -1.18833    -0.896928    0.0609294     0.213524      2.93335     0.920275    -0.376634     -4.89507    -0.254205     0.430275     0.171056     -1.27843    -0.105657   -0.0744661      -1.3896      0.94725     0.181079      1.16003     0.163931     0.318645     0.942262     0.347898   -0.0740088     0.216802   -0.0341442      0.35123     -1.47341     0.153567     -1.60168     0.422132      1.45816     0.339012    0.0971997     0.181754     0.944022    -0.352914     0.554531     0.184332     -1.00248     0.272604     -1.51073     0.448194      0.24066     0.867089   -0.0670889      1.03662     0.188557     0.741345      1.00995     0.119911     0.232115    -0.351244      1.46229     0.336198      0.98004       -5.288      1.28629    0.0342408       1.2985     0.164609    -0.402902    0.0995052    -0.812236     0.281324     0.233266     0.380033      -6.0621     0.290864     0.943431  -0.00824687     0.693661     0.159747    0.0703281    0.0571082    -0.555363    -0.298424     0.203991    -0.606822     -3.80511     0.530866     -0.23594      0.61712     0.647839        1.631      1.00487    0.0805406   0.00499544      1.29019
    0.513476    0.0341353    -0.762788      1.69254    -0.822986    -0.228494     0.566738     0.146651    -0.144648   -0.0783746     0.748133     0.649482    0.0539325    0.0903157     -2.74396      1.34658    -0.748608      1.02345      1.81296      1.66155    0.0821097     -3.11495    -0.192315     0.218914     0.438052   -0.0802896    0.0288941    -0.920972     0.302446     0.694079     0.567087    -0.882493    -0.120079    -0.544596   -0.0416975    0.0392554    -0.070711    -0.201541   -0.0999805      0.19268     0.439488    -0.046296    -0.400642      1.13091    -0.244374    -0.157105     0.405689    -0.427756      1.20114    -0.401066    0.0667191    0.0495763    -0.763722    0.0634954      1.21784     0.636456    -0.113402     0.169337    -0.327585     0.741007     0.829685     -4.12555      0.69616    -0.197688     0.565457    -0.221366     0.923378     0.300494     -2.16555  -0.00214291     0.883821     0.966924    -0.104187    -0.202021     0.198984     0.459414     0.733963     0.315733      1.31751     -2.92971      1.98734    -0.309558     0.360833    -0.124479     0.904125     0.313402    -0.161535    -0.330005    -0.211727      1.07236     0.126438     0.617421     0.214458     0.269467   -0.0317002     -6.85394     -3.88294      0.39743    0.0625869   -0.0660259
    0.122463    -0.064958    -0.554602     0.672398     0.346749    -0.443979    -0.141041    -0.157656     0.321843   -0.0841853    0.0193145     0.375506    -0.104147   -0.0908664    -0.898062    -0.198176     0.765206     -0.80153      2.18361     0.851226     0.210558     -1.91674    -0.799678     0.829536    -0.383716   -0.0687984     0.416395     0.432625    -0.650063     0.619887    -0.293847     0.215822     0.129183    -0.671518    -0.194799     0.537739     0.470716    0.0878924    -0.515303    0.0863352     0.585531     -0.71539     -1.36359     0.954873      1.09065    0.0470677     0.365875       2.9615     0.143903    -0.125375     0.281002     0.791894     0.828878    -0.227955    0.0240303     0.684773     -0.31754     0.404439   -0.0719944     -3.68901     -8.43853     0.593047    0.0104308    0.0786694      1.91181    -0.220659    -0.449384      1.01559     0.772727    -0.228296     0.782956     0.738758     0.928345    -0.663082  -0.00920448      -1.6072     0.214825    0.0875505     0.986263    -0.873182     0.203382   0.00943966    -0.462193   -0.0484329     -1.05378   -0.0784008  -0.00704763     0.801783    -0.204031     0.832513      1.09987    -0.387336    -0.704433      0.36168      1.15315     0.815569     0.629695    -0.231096     0.278297     -2.73801
   -0.625668    -0.648767      1.32618     0.286639     0.371057     0.514686     0.719831     0.329698    -0.169996  -0.00269785     -2.13636     -3.70025    -0.466396     0.209947     0.266206      1.75619      0.13573    -0.302901     0.223005     0.130481    -0.486527     0.391649     0.631694    -0.398573     -1.47679    -0.108519    -0.277358     -1.27091       1.4203     0.284926    -0.766209     0.290059      1.72671     0.416087    -0.285573     -0.12027  -0.00401326   0.00939302    -0.620146     0.595035    -0.349506     0.240756      1.10581     -6.45021     0.551816    -0.151694   -0.0947748     -1.90811      -1.6178     0.262578    -0.138613     0.538299     0.987685     -2.17502     0.545176      1.18288     0.477618     0.613252    0.0818297     0.204831      1.35798     0.683959     -2.74681    0.0643004    -0.162703     0.162092     -4.98594      1.05833     0.184751     0.024806      1.36448      1.24496  -0.00421959    -0.672256    -0.354615    -0.303412    0.0224589    -0.149423     0.860737     0.618568     0.475624    0.0298668      1.10434     0.509544     -1.05627    -0.836539     0.290505     0.856389    -0.756736      1.33281     0.657833      1.22425    -0.485175     0.437416    -0.645875      1.64837     0.709438      0.65792     0.480854     0.270164
   0.0431184    -0.158849     0.293029    0.0249492      1.41597      1.02349     -1.02498    0.0417032     0.019371    -0.342436   -0.0801398     0.709382     0.667858     0.160535      1.32206     -2.80069     0.631265    -0.700256     0.764831     0.501788      0.42195     0.185738    0.0790787     -1.00809    -0.492698    -0.104718    -0.407375     0.546648     -4.05574     -5.03714    -0.226658   -0.0248236     0.908432    0.0474453    0.0296385     0.291377    0.0327479    -0.568032    -0.416904     0.738883      1.02705    -0.192702     0.203604      1.82974      -1.4481     -1.01333    -0.854152    -0.481041 -0.000917219    -0.457686     0.140896     -3.48562    -0.191392   -0.0630125      1.33689      1.00124      0.42183     -2.71686     0.233192      1.46475      1.45339      0.98158     0.274558    -0.136395     0.851643     -1.01252     0.258462     0.960628     0.989489     -1.04462     0.458484      1.27859    -0.639667     0.581987     0.685578     0.107317     0.101778    -0.143403     0.694656     0.818357    -0.678514     0.385057     0.200365    -0.287663     0.302362    -0.206077     0.162921    -0.684611      0.40007      -2.9648     0.677795      2.45919     0.027292    -0.392811     0.759036      0.47607      1.62813     -1.42387     0.188367    -0.512715
  -0.0111657   0.00122049    0.0493041    0.0075373    0.0293285   -0.0464108   -0.0204971    0.0492233   -0.0232334   -0.0559462    0.0109152    0.0030944    0.0340408   -0.0105078    0.0225141  -0.00313179   -0.0254168    0.0175277   -0.0119161   -0.0204858   -0.0201535  -0.00937128    -0.011674   -0.0566268  -0.00569356   -0.0346388    0.0491559  -0.00597827   -0.0229322    0.0312842  -0.00721145   -0.0410317    0.0232479   -0.0276052    -0.077989   -0.0501444  -0.00885518   -0.0351192   -0.0347117  -0.00741295   -0.0170471   -0.0292327   -0.0360428   -0.0213395     0.051519   -0.0489835    0.0191494    0.0316072  -0.00816384  -0.00796712    0.0114503   -0.0622287    0.0488961   -0.0031727   -0.0362249   -0.0286455   -0.0493068    0.0103274   -0.0377059    0.0350988    0.0190169    0.0416097   -0.0160278   -0.0283418  -0.00282226   -0.0204368    0.0160899    0.0337896  -0.00164795   -0.0281998 -0.000812939    0.0115023    0.0446239   -0.0141856   0.00410106 -0.000637578   0.00638715   -0.0412566   0.00415287    0.0250197    0.0474125   -0.0427686    0.0107622   -0.0312534   -0.0654619   -0.0110041   -0.0492757    0.0167269    0.0102616   -0.0237293   -0.0272115  -0.00612647   0.00187537   -0.0233103  -0.00730238   -0.0201987   0.00294814   -0.0484449   -0.0184636  -0.00750304
  1.81211
  1.37251
 0.436535
 -1.46112
  1.87206
   1.2009
-0.588394
  1.14417
 0.485793
0.0683082
