2 8 0.1 300
1
1
9 100
   0.726407    0.389449    0.926782    0.267234    0.129134    0.456873   0.0822636    0.653932    0.157785
  0.0081022   -0.634186   -0.152911   -0.604545    0.692943   -0.385637    0.140406     1.12813   0.0735049
  -0.346279   -0.226206    0.740969     1.65017  0.00472369    0.189487   -0.545028    0.112264    0.413066
    5.22476   -0.191108    0.157222   -0.688583   -0.334685     1.21907   -0.417839    0.606388   -0.145012
  -0.299048    0.221577   -0.218427     1.02232  -0.0700472    -1.35321    0.377978    -0.37612   -0.789756
  -0.745894  -0.0659907     1.41848   0.0920753     1.75775   -0.533177   -0.157592   0.0762464   -0.726342
   0.423315   -0.491709    0.107421   0.0842763    0.208244   0.0925137   -0.145573   -0.271555   -0.749737
   0.834811    0.237621  -0.0186884    0.229683  -0.0448043    0.237804    0.929842    0.937784    0.571556
  0.0465475    0.852336     0.21131    -0.11214    0.159865  0.00812977   -0.140848  -0.0617803   0.0515687
  -0.012751  -0.0884033   0.0960849   -0.282756   -0.328397  -0.0313145   -0.235248   -0.326551    0.209791
   0.562372  0.00852205   -0.609255    0.336492   0.0419513    0.340529    -0.75776     2.29345     0.18072
   0.633713   -0.408663  -0.0963903     0.59219   -0.207868    0.283038   -0.094147     3.56327    0.149474
   -0.17705  0.00935988     0.89776    0.335314     1.54166    0.322787   -0.138698   -0.135718    0.470287
   0.195437    0.104146    0.265971    0.132861     1.14248   0.0684547    0.284579    0.146354   0.0546689
   0.388978   -0.626163   -0.107856   0.0364986   0.0251645     2.65172    0.877062   -0.851934   -0.119403
   0.842254   -0.822933   -0.179484   0.0201162   -0.383711   -0.461171    0.262701    0.397888    -3.01859
   -5.28755    0.932622     0.60633    0.380706     1.12245   -0.413331    -0.26502   -0.730871    0.432712
   -1.25876    0.385088     2.36357     1.73148     -1.1238    -2.53984    0.637619    0.791144      1.0483
   0.706105    0.451422    -4.68889   0.0367372    0.433032     1.68259     1.80617   -0.809344    0.980426
    1.88924    0.974014    0.980293     0.77623    -3.42171     1.17497    0.960536    0.605155    0.954131
   0.101136    0.572806   0.0913608    0.441402    0.392473    0.291678   -0.178961   -0.278833   -0.285432
   -1.53954   0.0541171    0.749768     4.18373  -0.0395619    -1.28065   -0.735346    0.362724    0.212946
   0.507271   -0.615619    -1.53375    0.652935   -0.121092    0.145665    0.739032   -0.457433    0.018404
    1.03958    0.162467   -0.483262   -0.593761   -0.369341    0.891212    -1.48458    0.144258     0.80972
 0.00691645    0.293093   -0.425568    0.146446   -0.029634    0.143849    -0.53991     1.61919   -0.117457
  0.0890152    0.190755    0.337089   0.0513229    0.101378    0.473926   -0.035076    0.118869     0.18483
  -0.016855    -1.16477  -0.0151357  0.00765552     1.43894  -0.0566418   -0.306463    -1.27839     0.76508
   -2.26677    0.470404   -0.247787     1.08585    0.967895   -0.656052    0.638556    -0.61825     1.15302
   0.537699    -1.67821    -2.04156   -0.489278     1.28483    0.188307    0.435472     1.34087    -2.46546
  -0.770011   -0.169444    -0.14798    0.437497   -0.844458    0.260034  -0.0163881   -0.570593     4.41642
 -0.0666868    0.260414  -0.0543837    0.772173      0.1242    0.295589    0.215064     1.01692   -0.385143
 -0.0237324    0.138449   -0.212015    0.454612    0.425461   -0.866928    0.090404   -0.337584    0.317563
  -0.494266   -0.408574     4.84428   -0.196989   -0.692844   -0.268718   -0.653836   -0.375753   -0.317729
   0.158921    0.491468   -0.110804  -0.0298475    0.515764   -0.735447   -0.864404  -0.0231148    0.129022
-0.00794883     0.10021    0.212511   0.0538485    0.200142     0.12937    0.260734    0.439138    0.166026
   0.632029    0.173967    0.492593     1.51065    0.326634    0.276085    0.460389   -0.227576    0.279435
  0.0844295     0.73146    0.177855   0.0800193   0.0946667   0.0227579 -0.00969048 0.000471037     0.18126
   -1.58836  -0.0873137    0.958641  -0.0866929    0.211076    0.222831    0.155582   0.0531496    0.579403
    1.11038     -2.2005   -0.867297    -1.11342     1.16188     1.96594     1.36709   -0.535013    0.599855
    1.84532    0.121955   -0.155206   -0.303874   -0.403569    0.345441     0.49874   -0.143757   -0.107746
   0.237705    0.194062   0.0901568     1.16264     1.83799    0.450356    0.117526   -0.417749   -0.456654
    0.28384     -2.0595   -0.544566   -0.937591    0.372038   -0.555055   0.0157216    0.207097     0.61395
  -0.464291   -0.426252     3.48485    -1.33647    -0.48762   -0.360852    -1.21992   0.0069308  -0.0851373
    -0.1371    0.686056    0.603844   -0.345814     1.53828   -0.511757     1.23638    -4.94458    0.895216
  -0.494051    0.594814    0.192205    0.209165   -0.227037   -0.530801   -0.198984   -0.383151      1.0389
   0.110826    0.133088   -0.240843   -0.307775   0.0732573  -0.0648349   -0.119133    0.463413     1.15614
   -1.83961     1.14473    -1.08345     1.13181     0.71469   -0.749326    0.516264    0.947135    0.775265
   -1.37539     1.09992    -1.13586     -1.7593   -0.524368     1.79796     3.32331    -1.01805    0.295374
   0.956294    0.557012      2.7529    0.343162  -0.0187757  -0.0637395       0.858     1.76147   -0.245034
   0.075194  -0.0390358    0.179418   0.0470099    0.317171  -0.0948824    0.126445    0.133721     0.86778
   0.127388    0.331534      0.1271    0.185263     1.26244    0.232202   -0.179099  -0.0328663   -0.268331
  -0.089635    0.172731    0.143316   -0.120474   -0.407704   -0.163293   -0.157631   -0.208046     3.54375
    1.45808   0.0616953    -0.38047    -1.08063     1.76754     1.44379   -0.374704   -0.815254   -0.391679
   0.211521   -0.201059   -0.349061   -0.133435   -0.142647   -0.303909   -0.308547     1.98565   0.0214274
    4.25289   -0.105755    0.293642   -0.433934   -0.506379    0.775089     0.31213   -0.275602   -0.241311
  -0.604983    0.102829   -0.774931      4.0423   -0.526634   -0.983667   -0.414816   -0.611375   -0.555418
   0.893353    0.247978    0.152326    0.142376  -0.0271415   0.0726259    0.723962 -0.00205178   0.0856953
   -1.78565    0.976789    0.688464   -0.857326   -0.251453   -0.519205    0.124336    0.353603      2.4914
 0.00842397   0.0785192    0.485794 -0.00690666    0.233874 -0.00113353    0.199898     0.15444    0.142715
  -0.125373    0.506096    -0.26638  -0.0741202   -0.488228   0.0523629     3.10244   -0.238853    0.354351
 -0.0354508    -1.69611    -1.69294    0.488764    -1.24064   0.0425872     5.64083   -0.591874   0.0695743
   0.156639   0.0293596    -0.26312    -0.96876   -0.233024     3.66003     0.12246   -0.264304   -0.543104
   0.650051   -0.155029   0.0689703    0.353704   -0.367295    0.253732   -0.275826     2.58138   0.0804426
   0.342235  -0.0278781   0.0576851    0.160901    0.509509    0.260539    0.194592    0.110244    0.519586
   -1.12635     5.63456   -0.103125   -0.226992   -0.622818    -0.28703    -0.42063   -0.821412   -0.428597
  -0.170032    0.111841   0.0906579    0.124021  -0.0820041     0.25515  -0.0183902    0.330982     1.27142
   0.488906   -0.751236   -0.844124  -0.0810536   -0.990908    0.161622   -0.861194     4.11188    0.443402
   0.116497    -1.00604 -0.00288602  -0.0996821     4.67808   -0.803182  -0.0198921   -0.471615   -0.507478
  -0.409922     1.00743    0.075885    -1.47685   -0.298935     1.66195   -0.281008   -0.159877    -0.28572
 -0.0674638  -0.0169729    0.232159   -0.184615    0.318404  -0.0384129    0.265552    0.398556     1.43491
  -0.515018  -0.0887143   -0.312349     4.39795   -0.692788   -0.601985   -0.512993   -0.323409   -0.614069
   0.592642    0.258651  -0.0840839    -3.43578    0.677576    0.427181    0.984576    0.643115    0.705182
   0.551946     0.51692   -0.330023   -0.258965    0.676734    0.470163   -0.639007  -0.0583466   -0.375201
   -0.29117   -0.524553   -0.448057   0.0319427     -0.5066    -0.35834   -0.410269     0.36114  -0.0559829
  0.0919416    0.633735    0.397589    0.201566      1.1999    0.175957 -0.00842078    0.249363   -0.134051
   0.389729    -1.12593    -1.18644    0.233216    0.229648   -0.301649    -1.20517   -0.107543   -0.130016
 0.00368776     2.16586    0.175314   0.0466071    0.142918  -0.0712955    0.503755    0.372141    0.727742
   0.853863   -0.175799     0.21953   -0.373134  -0.0753911   0.0838987   -0.109362    0.240049   0.0301816
    1.37722     1.05978    0.209401    0.884249    -4.90198     1.10837    0.404886    0.561533     0.65336
   0.220189   -0.469178     1.65417     2.17435    0.874748    -2.71166    -1.08543    0.755947    0.761498
    4.15456   0.0854108   -0.578558    -1.00057  -0.0679105    0.505764   -0.392035    -0.46408    -1.58608
   0.125417   0.0210189    0.640593    0.057286    0.190726    0.289864    0.299448   -0.152151    0.115435
   0.496515    -4.54731    0.850788    0.505795     1.44927    0.443459  0.00476677    0.822151   0.0900957
  -0.052813    0.445787    0.327541   -0.121019   -0.233045    0.049753  -0.0334052 -0.00116219   -0.423967
  -0.500087   -0.184722     -0.3031   -0.295077   -0.166238    0.376201    0.630323   -0.339862     1.07951
   0.240446    0.343269    0.276892    0.131236    0.201398    0.271767  -0.0245101     1.03632   0.0967788
   0.182665  -0.0686352    0.615482  -0.0831925    0.703141    0.221106    0.309426   -0.063524     0.28846
   0.204667    -1.10891    0.444722    -1.30609    0.693416   -0.017392   -0.140681     0.61367   -0.259848
  -0.681034  0.00594253  -0.0846861     0.54436    0.581612   0.0595298    0.576725     1.41646     0.32418
   0.839543    0.559282    0.262803   -0.380903    0.886303    0.370428  -0.0422488       0.787    -2.88617
 -0.0136489   -0.857354   -0.460251     0.26057      3.6665   -0.869448   -0.175825   -0.159557   -0.836149
  -0.122859   -0.153259     1.69333     3.73803   -0.886336  0.00795227    -1.07093   0.0478746   -0.076409
  -0.172835   -0.841793   -0.783921    0.124955     0.47833    0.470646    0.586904   -0.552096     1.02232
  -0.124331    0.825579  -0.0463808   -0.995852  -0.0791288    -0.26623  -0.0885592    0.325621   -0.254231
   -0.29251       2.133    0.230301   -0.577613   0.0571782  -0.0844612   -0.394314   -0.817375    0.369953
  -0.387896 -0.00193084   -0.575343    -1.27856   -0.756461     4.81434  -0.0471708   -0.260796   -0.892795
   0.488697     0.83384   -0.671943     1.31392     0.59255     -3.6237    0.685646   -0.329559  -0.0145362
 -0.0888203    0.229164    0.302105  -0.0291635   0.0975077  -0.0718186   0.0978583    0.213702    -1.80698
 -0.0899123     1.82745    0.321266    0.337368   -0.400811     0.20305    0.292348   -0.248196   -0.163473
    1.06146   -0.227506   0.0927198   -0.387149      0.4104    0.207163    -2.98118   -0.204559     1.08667
 -2.41005
 -2.40877
 -3.28477
  -3.7494
 -2.84147
 -2.98887
 -2.58473
 -2.59231
 -2.44652
 -2.53084
  -2.5828
 -2.94251
 -2.23642
 -2.31506
 -2.76678
-0.858985
 -3.05806
-0.185866
 -1.27912
 -1.58585
 -2.28423
 0.263044
  -2.1991
 -2.08184
 -2.49597
 -2.28171
 -2.47387
 -2.03662
 -1.49926
 -3.21687
 -2.55662
 -2.75549
 -3.10692
 -2.45833
 -2.46605
 -2.46771
  -2.3894
 -2.90303
 -1.12509
 -2.82697
 -2.16681
 -1.93949
 -2.48735
 -1.95366
 -3.24066
 -2.30444
   -2.366
 0.622164
 -3.32405
 -2.51894
 -2.28576
 -2.85516
-0.163463
  -2.8278
 -3.31221
  -2.2589
 -2.45782
 -2.39553
  -2.4107
 -3.46716
 -2.95857
 -3.08814
 -2.85973
 -2.34167
 -3.01733
 -2.48141
 -2.53443
 -3.08967
 -3.08959
 -2.35006
 -2.91411
 -2.69937
 -2.51001
 -2.57704
  -2.3777
 -2.17365
 -2.62431
 -2.83325
 -2.32759
 -1.94003
 -3.37184
  -2.4261
 -1.91042
 -2.37066
 -2.66149
 -2.38717
 -2.31055
 -2.48889
 -2.54247
 -2.19285
  -2.7369
 -3.72771
 -2.64986
 -2.31702
 -2.22904
  -3.9943
 -3.35699
 -2.41232
  -2.1928
  -3.1557
1
4
100 10
      -0.091     0.838383     0.137984     -5.72503    -0.100367    -0.402761    0.0779521    -0.682816     0.182651     0.322884    0.0265315     0.358091    -0.467977     0.160691     0.650794      1.37936     -5.71254     0.122999   -0.0210974     0.142926     0.780152     0.924838      1.11951      1.14303     0.709172     0.320234     0.176285     -1.74256     0.511425     0.779111      0.75729    0.0677716    0.0955447     0.564711     0.273883    0.0972507     0.118938    -0.960464     0.214971      -1.4446     0.421851      1.86617     0.980926     0.194711    -0.440217     0.527719     -1.44752     0.983779    -0.140717     0.468841     0.616338     0.801672       1.9635     0.514305     -4.31945     0.390767     -0.45288    -0.887787      0.45957     0.303313      1.96668    -0.124396     0.132708     0.155317     0.544159     0.421009     0.940609    -0.214742        0.758     0.395227    -0.553939     0.452829     0.410503      1.19344     0.267819      1.11941    -0.627144    -0.584265     0.773687    -0.820809      -4.1771    -0.047314      0.80857     0.395397      1.04323      0.34108     0.259854     0.398341    -0.599058      0.57923    -0.310174     0.803673     0.975222     0.431686     0.791569     0.710264      0.77124     0.840991     0.421977     0.246073
    0.050104     -1.32249      1.51442     0.908646    -0.247585     0.586596    -0.714758   -0.0252458    -0.672146   -0.0583001   -0.0416327     0.186923     0.490046    0.0392931     0.905451    -0.396173     0.676431     -1.56004      1.38336     0.381318    -0.504353    -0.317425      1.24348     0.666299     0.124339    0.0126151      1.37745      1.02247     0.442851     0.228668    -0.251978     0.286125     0.753876    -0.597512    0.0778042     0.389956    -0.571264     0.622544      2.09848      0.41163     0.196128       -2.297    -0.263887     -0.37916    -0.306697     0.203216      -0.4942      2.50652    0.0466406     0.260613    -0.153324    0.0149491    -0.419315    -0.114203     0.847683     0.205528    0.0876725    -0.551145     0.186963     -1.16327     0.826443      1.06901     0.239729     0.202645     -7.12352     0.776714     0.109176     0.574009    -0.313717     0.367572     0.483933     0.027035    -0.103043    -0.117511    -0.392987     -1.00379     -1.99115     -0.19458    0.0673308    -0.439798     0.257435     0.291388      -5.5564     -0.22467    -0.320909    -0.157164     0.118497     -1.33864     0.266358    -0.897924     0.209405      0.98217      1.36394    -0.554594     -1.82225      0.69216      1.03045    -0.629528     -1.75648     -0.11929
   -0.631554     0.476678    -0.574508      1.18819    -0.019016     0.277801   -0.0208154     0.534754    -0.069985   -0.0208653     0.995209      0.83352     0.541873     0.208076     0.287376    -0.646586      1.19274      1.58889     -5.65347    -0.391423    -0.304353     0.459257     -1.65508    -0.241863     0.556338    -0.192236     0.111839     0.590983        1.694    -0.130788   -0.0783417     0.595249      -6.0164     0.724312    -0.152933    -0.369455    0.0762814     0.095487     0.963089    -0.087911     0.402976     0.458752      -3.6266      1.24945     0.786355     0.240544      1.84177     -1.77383      -2.2667    0.0240738     0.318801     0.118065     -1.16769     0.658997     0.335112     0.182517    -0.166588     0.522824      -0.3876   -0.0422972    -0.228595     0.151423     0.307699    0.0887414      1.80179    -0.082014     0.969161      1.47396    -0.507278     0.177161     0.474119    -0.997535     0.213137    -0.156537    -0.018332      1.18514      0.23433      0.14268     0.812948     0.646924     0.861178    -0.372241      1.41393    -0.357636    -0.628263   -0.0742662    -0.125394    0.0550118     0.628461     0.227992      1.35772     -3.11932     -1.47638    0.0355339    0.0092366     0.459207     0.691629   -0.0618812    0.0662939      1.47911
     0.23559     0.660151     -1.70879      1.11062     -1.32573      1.13812    0.0177164     0.020089    0.0647497     -0.18458     -0.34072     0.156905     0.580595   -0.0576795    -0.148604    -0.217551    -0.148306     0.074832    -0.404723     0.434179    -0.225808      2.56886    -0.574959     0.160189    0.0794432    0.0627497     0.537865     0.501119   -0.0130525     0.706954    -0.239469    -0.448516     0.974091    -0.210224    0.0137449    -0.978399     0.100017     0.482188    -0.768852    -0.138759    -0.409371     0.556364      1.80464      1.27954    -0.027524     0.110262    -0.585012       -2.092      1.76524   0.00998201   -0.0248634     0.581695     0.787108     0.565791      0.31624     -4.54504   -0.0626508     0.906233   0.00573692      0.91817     0.839987     0.220602     0.637226    -0.219294     0.549014    -0.130403     0.888442     0.365602     -1.37616     0.482852      -4.8089     -3.65775    0.0726121    -0.187406     0.376395    -0.455144     0.969761   -0.0765224    0.0807414      3.22658      0.40467   -0.0687231      1.67294     -0.14358     0.451566     0.239959    0.0612888     0.804881    -0.301285     0.844366     0.374774     -2.83808     0.351553    -0.983388    -0.576568     0.383474     -2.42581     0.272926    0.0239087     0.342649
    0.119505     0.415044     0.163961     0.520977     0.423375     -1.64221    0.0222811   -0.0597118    0.0735243     0.141893     0.182116     0.696162    -0.949879    -0.799295     0.173477   -0.0369738      2.97776     0.850144     0.272585     -4.43944    -0.195323    0.0952673     0.213924     -1.23214     -0.11332   -0.0164245     -1.25073      1.05034    0.0603447      1.45756     0.174722     0.342329      1.09028     0.348073   -0.0348405     0.197337    0.0356213     0.501127     -1.07982     0.205602     -1.42491     0.317983      1.54651     0.708977     0.176761     0.264744      1.24408     0.603217     0.544112     0.235252    -0.895725     0.536973     -1.14528     0.398708     0.294817     0.407924   -0.0144517      1.34308     0.230468     0.856688      1.06752     0.248613     0.153361    -0.294997      1.73773     0.413613     0.780602     -4.91603      1.38443     0.144438     0.827654     0.311412    -0.347977    0.0330712    -0.701797    0.0617784     0.407595      0.38891     -5.81987 -0.000305592     0.985547    0.0479011     0.251603     0.199356     0.158418    0.0920851    -0.466111    -0.188442     0.265323    -0.512693     -3.53043     0.151759    -0.180695     0.687472     0.860274       1.7222     0.814624     0.110782     0.169157      1.13763
    0.523209    0.0308014    -0.723041      1.67256    -0.795796     -0.26399      0.57253     0.127738    -0.142733   -0.0645843     0.890697     0.759818    0.0660769    0.0833901     -2.64062      1.26931    -0.657871       1.0794      2.03398      1.61069     0.114685     -2.83509    -0.152919     0.336813     0.517284   -0.0634346    0.0574567    -0.712546     0.196996     0.815316     0.601312    -0.842696     -0.11722    -0.486968   -0.0383323    0.0663967    -0.061128    -0.183482    -0.272899     0.183144     0.474715   -0.0205986    -0.370667     0.978453    -0.208304    -0.137935     0.524816      -0.3367      1.20056    -0.381017    0.0806079     0.145432    -0.784992     0.118379      1.18742     0.829314    -0.137138     0.137415    -0.325811     0.453223     0.532081     -3.98119     0.783567    -0.179805     0.481537    -0.184028      1.06951     0.238378     -2.17325     0.015167       0.9942     0.598522   -0.0451164    -0.165282     0.202421     0.542367     0.631481     0.323707      1.34239     -2.80895      1.94948    -0.308091     0.469163    -0.136441     0.845646     0.336697    -0.165682    -0.330372    -0.189294     0.997486    0.0844301     0.684869     0.230085     0.158464   -0.0635674     -6.67047      -3.7281     0.361185  -0.00755656    0.0400993
    0.107631    -0.074107     -0.55228     0.847667     0.310612     -0.39918    -0.140147    -0.149911     0.233373    -0.112126    -0.080624     0.371297   -0.0937948     -0.11449    -0.614569    -0.080295     0.819205    -0.699775      1.54994     0.942264     0.120979     -2.03331    -0.814501     0.661721    -0.487975    -0.103074     0.434415     0.305635     -0.52984     0.619238    -0.340925     0.165589     0.133625    -0.751495    -0.222562     0.503085      0.38382    0.0981176   -0.0824592     0.191227     0.526254    -0.707943     -1.36931     0.965563       1.0515   -0.0389371   0.00422749      2.43331     0.159094    -0.157961     0.232183     0.775784     0.514467    -0.260409     0.211238     0.486963    -0.281206     0.392256   -0.0930555     -3.33096     -7.88701     0.845691  -0.00107902    0.0378242      1.29725    -0.268158    -0.468066      1.14671     0.835284    -0.256164     0.736759     0.976512     0.814425    -0.694244   -0.0534443     -1.64495   0.00831675    0.0793219      1.01883     -0.76616     0.371177   0.00262051     -0.43753    -0.078106     -1.02111    -0.126053   -0.0144675      0.82467     -0.24702     0.916718      1.19024    -0.364243    -0.714533     0.299057     0.816651      1.10452     0.577402    -0.180875    0.0970804     -2.72885
   -0.601415    -0.650211      1.19751   0.00329151     0.318683     0.295369        0.725     0.318906    -0.144006    0.0377002      -2.0873     -3.65818    -0.650631     0.175809     0.158561      1.60954   -0.0294168    -0.136939     0.254103     0.185917    -0.478319     0.514941     0.605227    -0.296617     -1.44932   -0.0784777    -0.465531     -1.41132      1.19933     0.295765    -0.762594     0.262152      1.66028     0.402518    -0.267874    -0.119039    0.0257189   -0.0818831    -0.607282     0.446312    -0.494389     0.225988      1.07268     -6.34892     0.556166   -0.0861027    -0.127113     -1.68043     -1.58088     0.271009    -0.174841     0.557291     0.961501     -2.14738     0.287491      1.03423     0.439617     0.676024     0.095034     0.112523      1.24883     0.568112      -2.7069    0.0793342    -0.209706     0.206252     -4.83699     0.658567     0.116107    0.0463256      1.19956      1.14537   -0.0197454    -0.641075    -0.382722    -0.299711    0.0681474    -0.137825      0.85843      0.56867     0.192434    0.0482946      1.00606     0.514539    -0.955462    -0.816884     0.284673     0.850261    -0.783498       1.0818     0.309009        1.047    -0.448393     0.423801    -0.558939      1.52535     0.603721     0.553847     0.449883     0.327198
   0.0812874    -0.142337      0.29915    -0.322782      1.34628     0.822726      -1.0051    0.0853574    0.0252996    -0.331698  -0.00138462     0.770193     0.530963     0.122934      1.15265      -2.6911     0.471955    -0.665211     0.831225      0.64427     0.403269     0.251009   -0.0183226     -1.01536    -0.423741   -0.0831872    -0.514144     0.434476     -3.86777     -5.01607     -0.19574   -0.0620795       1.0277    0.0205852     0.055172     0.301475    0.0402321    -0.639673    -0.381301     0.544926     0.863613    -0.147556     0.320224      1.38772     -1.45829    -0.961097    -0.882086     -0.48218    0.0642102    -0.451427    0.0877093     -3.47127    -0.138877   -0.0210103     0.973113      1.01368     0.360131     -2.61363     0.243381      1.54068      1.54681     0.955404     0.349708    -0.134096     0.990048    -0.977513     0.528355     0.609336      1.02716     -1.01871     0.506673      1.43157    -0.645979     0.615992     0.637982     0.162413     0.194065    -0.126264     0.776775     0.926625     -1.03925     0.387765     0.434545    -0.261519     0.324479    -0.160186     0.150361    -0.662708     0.377801     -2.86861     0.369785      2.56149   -0.0074339     -0.26828     0.720876     0.464617      1.49238     -1.38313     0.204542     -0.29773
  -0.0119452   0.00118584    0.0509245    0.0215853    0.0214325   -0.0420125    -0.018965    0.0507654   -0.0237609   -0.0579688    0.0174958    0.0115422    0.0402781   -0.0095009    0.0269492  0.000239161    -0.027886    0.0250235 -0.000482333   -0.0271269     -0.01966   -0.0149281  -0.00509747   -0.0647132  -0.00195706   -0.0348986    0.0483088  -0.00795666   -0.0441905    0.0227877  -0.00273433   -0.0436485     0.036536   -0.0326838   -0.0784367   -0.0539184  -0.00864262    -0.027862   -0.0680517   -0.0023641   -0.0156457   -0.0333597   -0.0258146   -0.0314817    0.0500694   -0.0504454    0.0289428    0.0366567   -0.0145594  -0.00881304    0.0130988   -0.0669456    0.0374326  -0.00178544   -0.0247764   -0.0383893   -0.0465112   0.00828999   -0.0380859    0.0330217   0.00554993    0.0421142   -0.0104121   -0.0284311    0.0141993   -0.0226381    0.0220939    0.0417091   -0.0267906    -0.028234   -0.0122345   -0.0101403    0.0436783   -0.0145717    0.0051706  -0.00638601    0.0166542   -0.0416796   0.00249997    0.0219291    0.0602313   -0.0429809    0.0252495   -0.0336722   -0.0722197   -0.0106095   -0.0479174    0.0262295    0.0116894   -0.0295235   -0.0237399  -0.00988044   -0.0017009   -0.0313211   -0.0077823   -0.0164257    0.0026278   -0.0514508   -0.0169442   -0.0197151
   3.59879
-0.0127586
 -0.210702
   -1.6564
   2.11643
   1.36907
  -1.05265
   1.43841
  0.684375
 0.0575136
