2 8 0.5 100
1
1
9 100
    0.566791     0.439422     0.842455     0.086851     0.262632     0.251151     0.167599     0.756959     0.163488
    0.176758    -0.551607     0.346005    -0.383841      0.60675    -0.505082   -0.0233951      1.27664    0.0240915
   -0.541351    -0.678939      1.04845      1.11553   -0.0521369     0.187182     -0.54724    -0.235228     0.892163
     4.17279    -0.524244   -0.0370783    -0.913792     0.584145     0.402583    -0.511678     0.813321    -0.303439
   -0.520857    -0.340004     0.129148      1.10448    -0.131113    -0.980621     0.459264     0.166122    -0.944435
   -0.994618     0.254591      1.23769    -0.380013      1.33654    -0.210881   -0.0785087      -0.1965    -0.600977
    0.364699    -0.483656     0.349671   -0.0986189     0.184987     0.258129    -0.462855    -0.493254     -0.84679
    0.883699    -0.080882    -0.346994   -0.0630959    -0.264073     0.395066      1.05049      1.17065     0.612362
  -0.0165772     0.819806    0.0865832   -0.0943572     0.194821    -0.060425    -0.176043   -0.0808708      0.04149
  -0.0280063   -0.0565815     0.178429    -0.247951    -0.397863  -0.00258819    -0.308811    -0.443644     0.240706
    0.234293   -0.0796043    -0.586852     0.603748      0.20207     0.304626    -0.233199      1.81416    -0.143444
    0.354021    -0.267177    -0.259442      0.94833    0.0219154     0.104709     0.401982      3.02739    -0.050133
   -0.404278     0.551169     0.148148   0.00483626     0.935586     0.526019  -0.00921107   0.00806515     0.801102
    0.204349     0.117841     0.235933   -0.0180778     0.893126    0.0398269      0.24462     0.095664     0.122544
    0.239653    -0.531996     0.220348     0.187115   -0.0230786      2.45068     0.595793    -0.763999  -0.00311208
     0.39929     0.137761     0.190408   -0.0337148    -0.309205     0.551417     0.158581    -0.280906     -2.05767
    -3.95865     0.654287     0.776172     0.587138     0.921158    -0.387979    -0.427993     -1.06723     0.493561
    -1.44302    -0.114414      1.07142      1.38601    -0.643431     -2.61875     0.101497    0.0745217     0.449278
    0.891708      1.32094      -3.7899    -0.290691       1.0274     0.836323      1.50569     -1.29691     0.641993
     1.14358     0.566858     0.932531     0.386177     -2.32732     0.296208     0.752455     0.576465      0.85875
  -0.0598361     0.653081   -0.0814246     0.386265     0.357142     0.232337        0.139    -0.286426    -0.295801
    -1.67738     -1.28559      1.71931      2.49583     0.272469       -2.234    -0.971516     0.496973      1.12756
    0.430505     -0.21805     -1.06081     0.266043      0.27833     0.555896     0.909858    -0.452399    -0.304187
      1.4342   -0.0706397    0.0751341    -0.870192    -0.327746     0.521199     -1.88956     0.219299     0.409697
   -0.126621      0.25983    -0.130663     0.531027    -0.120271   -0.0057376    -0.105887       1.5881    -0.212695
    0.103797     0.170014     0.392015    0.0102244    0.0380983     0.491506   -0.0393428     0.165335     0.160717
     0.14212    -0.780013    -0.451897    -0.215417     0.810544     0.293479    -0.296415    -0.612699     0.910213
     -1.7301     0.858196    -0.397685     0.981763     0.193867    -0.474089      0.61651    -0.424782      1.23215
    0.858918     -1.52738    -0.973034    -0.893102     0.770418      0.80936     0.687007       1.2528     -1.94028
   -0.792575     0.521363    0.0128545     0.485777    -0.753515    -0.166153   -0.0377333    -0.280429      3.62589
    -0.18671     0.245871    0.0317084     0.978834   -0.0493162   -0.0739955     0.437463      1.29529    -0.437038
    0.039857    0.0647662    -0.106037     0.541318      0.21361    -0.601441    -0.177752    -0.367278     0.372399
  -0.0666992    -0.523188      3.99883      0.18204     -0.34332    -0.680393    -0.768643   -0.0338079    -0.106466
    0.367677     0.435106  -0.00908052     0.220165     0.326289    -0.373983    -0.860839   -0.0311161   -0.0584695
  -0.0334522     0.076102     0.245034     0.058198     0.184173    0.0590575     0.319242     0.550464     0.166438
    0.654489     0.103208     0.323844      1.42657     0.230114     0.428739     0.631696    -0.436732     0.508023
  -0.0534602     0.719468   -0.0541974     0.153332    0.0905646   -0.0919901    -0.128641    -0.105572     0.259532
     -1.2749     0.182826      0.62299    -0.150536  -0.00386932     0.289319   -0.0812504    0.0149152     0.686779
     1.12479     -1.89759    -0.397509    -0.296244      1.12201      1.30385      1.22546     0.876268     0.378846
     1.47696    -0.342036    -0.220046    -0.113666    -0.267391     0.142969    0.0303723   -0.0247507    0.0289707
   0.0526407    0.0810601   -0.0470411      1.19221      1.20676     0.233262     0.495175     -0.14441    -0.276421
    0.433801     -1.36752     0.107652    -0.188803     0.198947    -0.461387    -0.332657     0.706127     0.449603
  -0.0282177    0.0511775      2.89702    -0.299465     0.190492    -0.791608     -1.10308     0.510138    0.0473792
   -0.396064      1.69325    -0.121744   -0.0132922     0.958845     -1.11629      1.15579     -2.20675      1.05699
   -0.526404     0.640114    -0.190096         0.24    -0.147541    -0.631155    -0.878149    -0.877419      1.03548
    0.164326      0.17078    -0.162241    -0.268295   -0.0592823   -0.0957942    -0.025857     0.619167      1.03829
     -1.2115     0.863225     -1.26161      1.39464    -0.332143    -0.538097      0.58278    0.0350523      1.09985
   -0.560978     0.933216     -2.15902     -1.65794      0.19273      1.14932      2.38415      -1.3751   -0.0909767
    0.704742     0.461944      2.62179    -0.232472     0.242448    -0.464517     0.645007      1.55772     0.157127
    0.037463   -0.0246302     0.311298     0.156715     0.283041   -0.0859496    0.0884011     0.183525     0.874029
   0.0301183     0.352176      0.14397    0.0413815     0.837543     0.296818    -0.178776   -0.0886521    -0.188768
   -0.361854     0.718997     0.122619     0.227117     -0.35794    -0.503064    -0.334099    -0.267802      2.69607
      1.8227    -0.122584     0.375502    0.0948563     0.712692     0.518584     -1.21239      1.37235    -0.517481
    0.297804    -0.166762    -0.141645   0.00288126    -0.204444    -0.527641   -0.0422994      1.86396    0.0480366
     3.26233    -0.525241     -0.18254    -0.508252    -0.271854    0.0572816      0.16195    0.0809819   -0.0485242
   -0.133881    -0.688182    -0.317128      2.65375    -0.334732    -0.165233     -0.18781    -0.633034   -0.0644639
    0.806145   -0.0027831     0.219546     0.115669   -0.0339918    0.0454808     0.426293    0.0554556     0.112663
      -1.288      1.10056     0.645936    -0.264131     -0.56655    -0.711467    -0.115324    0.0909084      1.94293
  -0.0419266    -0.052169     0.603418     0.165818      0.26976   -0.0814398     0.144894       0.3555     0.192218
   -0.209921       1.0352    -0.337866     -0.09243   -0.0813077    0.0309767      2.68604    0.0993606    0.0833949
   -0.383423    -0.278898    -0.366923    -0.305802    -0.379786     0.393669      4.90337    -0.773144    -0.186145
  -0.0100112    -0.309823    0.0124021    -0.750833     0.129252      2.88035    -0.173024     0.076648   -0.0851254
    0.390493   -0.0649077     0.211986     0.267324    -0.174416   -0.0339401     0.107047      2.25669    0.0676791
    0.385541    -0.112143    0.0146416     0.102957     0.374595     0.310303    0.0806588     0.109271     0.563332
   -0.609557      4.27095      -0.7943    0.0635791    -0.280699    -0.755971     -0.33331    -0.761703    -0.488999
    -0.28936     0.186516      0.31915     0.159872    -0.121963     0.291333   -0.0145338     0.400849      1.23728
    0.259942    -0.424862    -0.167899     0.234845    -0.204626    -0.238705    -0.246065      3.42411   -0.0250726
   -0.120238    -0.858675   -0.0477507    -0.265144      2.89188       -0.725    -0.180291    -0.838762     0.339643
  -0.0754153     0.732611    -0.211926     -1.27271    -0.180904      1.45733    -0.130517    -0.274225    -0.251819
  -0.0856769     0.131918     0.280986      -0.2409     0.280075   -0.0363244      0.29764     0.574691      1.30743
   -0.316122    -0.444561    -0.154587      2.75163    -0.427108    -0.040654    -0.362853    -0.883241     0.015048
    0.762187     0.266058    -0.481513     -1.86669      1.19873      0.10708     0.172858     0.559177     0.802064
    0.523684     0.430104    -0.172292    -0.132298     0.423779     0.332162     -1.05746    -0.207679     -0.41281
   -0.357244    -0.638641    -0.122844     0.410033    -0.495471    -0.385684    -0.272574      0.76801     -0.14906
   -0.212641     0.802086     0.271768   -0.0563768        1.093    0.0793925     0.169194     0.272112 -0.000375406
   0.0903388     -1.03501    -0.615053     0.558944    0.0448098     0.368565    -0.793516    0.0623444     -0.28116
   -0.322236      1.78996    0.0740181    0.0312803     0.360326    -0.487745     0.738613     0.481824     0.951178
    0.800487    -0.197489   0.00228651    -0.401029   -0.0369483    0.0626668    -0.144389     0.220183   -0.0807199
    0.823144      0.45781     0.238196     0.457424     -3.82779     0.276991     0.230877      0.37932     0.552878
   -0.970832    -0.236058       1.0616      1.90467    0.0343457     -2.32763    -0.727141     0.227079      1.31938
     2.69368    -0.373626   -0.0510426    -0.223988     0.302687    -0.112947    -0.608373      0.19756     -1.29372
    0.119307    -0.143215     0.650353     0.126004     0.118089     0.230818     0.221799   -0.0993295     0.159334
    0.783412      -3.4446       1.1792     0.254175     0.748238     0.322837    -0.484358     0.936551    -0.681189
  -0.0552085     0.415707     0.478853   -0.0337407    -0.279792    0.0251985    -0.165795    -0.105194    -0.369043
   -0.429698     0.300281    -0.243859    -0.690193   0.00253899      0.30387     0.766626    -0.486849     0.952066
    0.108461     0.446183     0.321728     0.227965     0.106926    0.0584571     0.202613      1.16638    0.0750984
    0.204985    -0.233635     0.673208     -0.17414     0.601576     0.155771     0.128775   -0.0929628     0.344289
    0.493671     -1.02208     0.706836     -1.21993      0.30214   -0.0538213     -1.10635     0.278012    -0.376867
   -0.484822    -0.173977    -0.278738     0.379273     0.491366     0.213195      0.83284      1.31369     0.175715
    0.490356     0.426884     0.620761    -0.379238     0.677384     0.155166    -0.223013      0.45196     -2.02084
   -0.130584    -0.359533    -0.580278    -0.299793      2.01096    -0.728118    -0.296261    -0.305944    0.0392091
   -0.403188    -0.951894      1.36184      2.52717    -0.357437    -0.228613     0.147978     0.434463     -0.10565
  -0.0275711    -0.342844    -0.823062    -0.283988      0.77783     0.814175     0.747517    -0.390169     0.829896
   0.0509412     0.768859   -0.0834624    -0.529533    -0.197059    -0.145648    -0.029259     0.237151    -0.422945
    0.103517      1.59961    -0.158685    -0.582262     0.140054   -0.0215301    -0.284237    -0.672502     0.366912
  -0.0541532    -0.252637   0.00585158    -0.887348    -0.809451      4.09778     -0.30093    -0.375986      -0.8024
    0.457905     0.422953     -0.11154      2.07383     0.425999     -1.99145     0.327451     0.251238    -0.123085
   -0.159434     0.312862     0.494181      -0.2954   0.00729842   -0.0789145   0.00282843   -0.0340635     -1.42319
  0.00144897      1.50033     0.118447     0.377976    -0.425885    0.0286378     0.119789    -0.277833    -0.248148
    0.917058     0.113996     0.255485    -0.265657     0.501232     0.356168     -2.64678     -0.63837     0.371522
 -2.04907
 -2.22985
 -2.61752
 -2.16899
 -2.51505
 -1.95929
 -1.95989
 -1.81441
 -2.04202
 -2.18299
 -1.94821
 -2.05388
 -1.61536
 -1.93051
  -2.3272
 -1.82006
 -1.80871
  1.83024
 -2.03472
 -2.36305
 -1.93886
  0.19026
 -2.58528
 -1.09177
 -1.95393
 -1.87795
 -1.84292
 -1.88765
 -1.81433
 -2.53322
 -1.93416
 -2.49995
 -3.18001
 -2.31908
 -2.18181
 -1.83074
 -1.78974
 -2.76424
 -1.47166
 -2.33045
 -1.63313
 -2.26814
 -2.97673
 -2.06313
  -2.2655
 -1.94972
 -1.92276
-0.544592
 -2.73274
 -2.27876
 -1.90162
 -2.18094
-0.718582
 -2.16233
 -2.30254
 -1.96377
 -2.08045
 -2.13149
 -2.13495
 -2.58074
 -3.61341
 -2.25735
 -2.22913
 -1.82441
 -2.30568
 -2.11925
 -2.71124
 -1.67455
 -3.17878
 -1.99748
 -2.15716
 -2.49562
 -1.57892
 -2.48938
 -1.85895
 -2.44551
 -1.89831
 -2.33923
  -2.5493
-0.441222
  -2.7592
 -2.05902
 -1.46647
 -2.06597
 -2.47975
 -1.84176
 -1.78219
 -1.71417
 -1.87405
 -1.80339
  -1.6025
 -3.49958
 -2.42066
 -2.24871
 -2.22243
 -3.20524
 -3.28669
  -1.9906
 -1.83859
 -2.70346
1
4
100 10
   -0.054437     0.607959     0.178399     -4.10358    -0.194135    -0.499757      -0.2176    -0.787816   -0.0446163    0.0265799     0.193851      1.05796    -0.391129    -0.109661      1.08968     0.385363     -4.08998    -0.480067     0.114705     0.342679     0.459493    -0.197362     0.661501     0.798747     0.656208     0.131778    0.0428475     -1.00473     -1.02797     0.200127     0.693722   -0.0456727     0.333537     0.232493     0.109956     0.214853    -0.060865     -0.67328     -1.00536      -1.0967     0.163034      1.11549     0.887526     0.688869     -0.56183     0.117481     -1.01509     0.144987   -0.0400168     0.309751     0.260579      0.23501      1.44823     0.522584     -2.83687      0.47528    -0.485446    -0.950771     0.309947   -0.0615697       1.5229      0.24241     0.552676   -0.0748625      0.88408      0.20145      1.41728    -0.278971      0.92771     0.177664    -0.242655    -0.224663    0.0674806     0.840516   -0.0498675     0.299333    -0.724899    -0.665148      0.74805    0.0119594     -2.82649    -0.154237   -0.0550491     0.237427     0.696483     0.286674     0.136687     0.204511      -0.5676   -0.0556182    -0.392156      1.09781     0.413106      0.15788     0.420143      1.22588      1.01965     0.310567      0.48091    -0.604437
   0.0668685    -0.997044      1.36124     0.790869    -0.440583    0.0400138    -0.748301     0.154043    -0.580949   -0.0935795    0.0947773     0.156277     0.328445  -0.00387557     0.944632    -0.364548      0.96247     -1.43529     0.760248     0.337559    -0.507945   -0.0400118     0.898814     0.389749     0.103327    0.0430799     0.961288     0.749106      1.03901       0.4223    -0.299626     0.193719     0.456378    -0.572878     0.102851     0.330671     -0.49916     0.665074      2.09709     0.410077    0.0713955     -1.61388    -0.429281     -1.53071    -0.220033     0.293632    -0.465776      1.57532    -0.136197     0.270704    -0.209166     0.193784     0.055043   -0.0878807      0.85492     0.137162     0.137639     -0.12693     0.175498    -0.686822      1.11782      1.15395     0.147602     0.239208     -4.73809     0.853622   -0.0256456   -0.0563899    -0.363172      0.48095     0.349779     0.618553    -0.202684     -0.12448    -0.393665      -0.7779      -1.2943    -0.127977   -0.0936681    -0.658541   -0.0493461     0.294615     -3.62022    -0.225013    -0.172353     -0.14632     0.080899    -0.962703     0.267915    -0.674664    -0.204476     0.778521      1.12349    -0.477969      -1.2277     0.886338      1.12033    -0.587231     -1.20807    -0.302477
     -0.4148     0.231766    -0.499292      1.13317    -0.141926    -0.163428     0.228145     0.723876    0.0339352     0.184555     0.553388    0.0360127     0.491468     0.173729     0.459623     0.038687     0.346225      2.19242     -3.84165    -0.417516   -0.0782033      1.85487     -1.24741     0.158454     0.304592    0.0441693   -0.0616824     0.028921      1.54063   0.00589208    -0.149797     0.465488     -4.35214     0.610402   -0.0566488   -0.0760831      0.21533     0.114442     0.928157     0.148938     0.319276     0.180541     -2.76147   -0.0221555     0.683635     0.384297      1.14552     -0.82125     -1.82628    0.0651279     0.312396     0.071709    0.0233213     0.284789     0.463554      0.48983    0.0578243     0.242495    -0.283407    -0.177702    -0.569732     0.505306    -0.177271      0.23288     0.854617   0.00948503   -0.0861848     0.157208    -0.353316      0.23408     0.706403    -0.809999      0.45318    -0.137246    -0.128819      1.23212   -0.0325327     0.287306     0.656376     0.621579     0.872199    -0.190992     0.616159    -0.133449    -0.471342   -0.0453558   -0.0246849     0.154273     0.470939     0.428786     0.372992     -2.40279     -1.35204     0.185634    -0.203983     0.801515       -0.323     0.187621     0.172686      1.27134
    0.249687     0.713568     -1.45664      1.07552    -0.983309     0.926215   -0.0501881     0.154546     0.132673    -0.170576    -0.550878    -0.176866      0.35003   -0.0354821     -0.64874    -0.579668      0.16565     0.834355     -0.91035     0.312518    -0.255757      2.43374    -0.563664    -0.195769   -0.0360785     0.049778    0.0662001     0.441265    -0.459235    0.0153053    -0.276588    -0.371701     0.466026    -0.191728    0.0506291    -0.956179     0.106862     0.240665    -0.883535   -0.0582173    -0.452677     0.389395      1.19799      1.32991    -0.209022     0.243993    0.0669001    -0.596657      1.83824   -0.0392509   -0.0226695    0.0722091   -0.0578632     0.489179     0.543869     -2.64915   -0.0490915      1.06535    0.0199617     0.344366   0.00119703    -0.184173     0.474275    -0.264864     0.266375    -0.147539     0.616544     0.303808     -1.17346     0.517544     -2.82193     -1.87939   -0.0265753    -0.124977     0.439578    -0.735679      1.05779    0.0647185   -0.0649499         2.13     0.554535    -0.127248    0.0777284   -0.0908273     0.339471     0.257402    0.0494766     0.479164    -0.271567     0.396023      0.22185     -1.86925     0.204397    -0.696134      -0.3817    -0.465121     -1.90741     0.190394    -0.125962     0.104586
    0.120426     0.225851     0.220261     0.605822     0.496176    -0.682206   -0.0997942      0.12318   -0.0332936   -0.0377998     0.285048     0.871123    -0.736109    -0.547764     0.286999     0.785437      1.15659    -0.761827       0.2047     -2.28438   -0.0280441     -1.42018     0.367858     -1.61293     0.129976   -0.0439004     -1.07888     0.732541     0.809705      1.29079     0.405013     0.281467     0.960394     0.349233   -0.0253201     0.213331   -0.0344327     0.292173    -0.151748     0.278571    -0.479306    0.0321506      1.31387     0.388839   -0.0736623    0.0979443     0.994984    -0.991405    0.0519537     0.225836    -0.517014     0.502848    -0.825522     0.424118     0.230076  -0.00549773    0.0457496     0.729907     0.230149      1.16567      1.71675     0.134431     0.183671    -0.294887     0.699829     0.361664     0.994456     -2.61982      0.82754    0.0288097     0.425937    -0.534052    -0.377632    0.0476887    -0.328905     0.149359     0.230691       0.2301     -3.39485    -0.693137     0.994124    0.0455314     0.429189     0.102947    -0.152776     0.202388    -0.467125    -0.831403     0.357496     0.157114       -1.721     0.180125     -0.26924     0.451087     0.252993      1.46928     0.973983     0.154797    0.0628582     0.527402
    0.183682    -0.201891    -0.661613    0.0993894    -0.493935    0.0643868     0.272527    0.0833944    -0.031326   -0.0732469     0.248267    0.0416749     0.117103     0.145576     -1.84407     0.302701    -0.481699       1.5224      2.27119     0.432961     0.192765     -2.37559    -0.074625    -0.406497     0.136302    -0.135732     0.254477    -0.202125    -0.655655     0.308384     0.524324    -0.610173    -0.129135    -0.443289   -0.0467307    -0.241633    -0.005954    -0.161546    -0.129616    -0.210424     0.578554    -0.113042     0.101501      1.20136    -0.080998    -0.217384     0.581696     0.245347     0.808122     -0.32108     0.165841    0.0443319     -1.08945    -0.320943     -0.25606    -0.315358    -0.220861     0.067035    -0.285559     0.785491     0.898751     -2.61588    0.0644532    -0.224181      1.21898    -0.257192   -0.0101446     0.274717     -1.58189   -0.0593669    -0.256487     0.438161   -0.0859837    -0.265245     0.347291     0.116888     0.600664     0.058658     0.069642     -2.08351      0.73033    -0.319173     0.226273   -0.0896626     0.807903     0.146846    -0.140341    -0.650714    -0.257001     0.570486     0.222337    0.0257251     0.231857     0.302892     0.229502     -4.66448     -2.49163     0.219137     0.171327    -0.331249
    0.187492    0.0851364    -0.655336     0.944774     0.171836     -0.36879   -0.0167249    -0.276919     0.351192    0.0283094      0.17232     0.143319    0.0170329   -0.0353292    -0.819678     0.425747     0.806246    -0.198509      2.34617     0.212815     0.238243     -1.80431    -0.469498      1.03413    -0.244124    -0.012052      0.43363     0.253257     0.367094      0.72056    -0.230331     0.330581    -0.346895    -0.316254    -0.135871      0.53079     0.553514  -0.00494912    -0.134217     0.164875      0.23503    -0.281013     -1.00356     0.226872      1.20469     0.136193     0.474977      3.03685     0.218754   -0.0630679     0.275548     0.861589     0.411672     -0.11207     0.245347     0.550387    -0.187818      0.29753   -0.0342368     -2.28132     -5.87568    0.0439775   -0.0207982      0.20873     0.814486    -0.187526    -0.508583     0.692027     0.198411    -0.185676     0.733163     0.560301     0.955184    -0.443355    0.0136576     -0.77333    0.0555117     0.159158     0.337088    -0.588126     0.115242  -0.00355497    -0.245268    -0.011452    -0.772114   -0.0275078    0.0605711      1.12744    -0.103167     0.824905     0.922095    -0.517225     -0.52876     0.282919     0.829488   -0.0136142     0.329062    0.0288246     0.162649     -1.40365
   -0.544077     -0.52266      1.08254   -0.0914147     0.105681     0.448561      0.98748    -0.168856    -0.135471     0.248484     -1.48921     -2.47732    -0.549124    0.0953868   -0.0152107     0.942469     0.664133    -0.494276    -0.351718    -0.104127    -0.509211     0.586221     0.305461     0.660975     -1.18369   -0.0494993   -0.0250563     -1.48764     0.439184     0.274896    -0.892739      0.31479      1.56123     0.536123    -0.362839    -0.236442    0.0172157   -0.0442708    -0.450215     0.257273    -0.597078      0.26042     0.825315      -3.0701     0.850656    -0.118503    -0.712962     -1.53987     -1.12356     0.238794    -0.157878     0.571755     0.759565     -1.52949    0.0744052     0.298265     0.256182     0.552349    0.0539289    -0.497776     0.395723     0.230072     -1.75834    0.0440266    -0.498986     0.125553     -3.12788     0.616366    0.0281455   -0.0561004     0.471858     0.447382     0.155148    -0.521661     -0.44634   -0.0299826     -0.19837     -0.10366     0.700402      0.94655     0.283528     0.125493      1.46693      0.49317     -0.71859    -0.853909       0.3019      1.08553     -0.94389     0.481495     0.161963      0.39106    -0.142102     0.187574    -0.239609      1.15163     0.276231     0.436165     0.124037      1.50155
 -0.00148552    0.0892413     0.184855    -0.250409      1.39065     0.647454    -0.820871     0.163713    -0.141418    -0.382402    0.0353268     0.822545     0.419556     0.136149     0.471272     -1.74662    0.0603251    -0.524908    -0.347371     0.678194      0.19959     0.590973    0.0879208    -0.644784    -0.354296    -0.168855    -0.127925     0.528002     -2.35847     -3.48251    -0.109702    -0.192572     0.652389      -0.1901     0.068035     0.309297    -0.144274    -0.494346    -0.186623     0.417173     0.718632      0.28209   -0.0373961     0.823441     -1.46369    -0.815241    -0.991279    -0.891638  0.000525737    -0.407446   -0.0207522     -2.49264    -0.154579    0.0428931     0.814425      1.02496      0.21833     -1.95168     0.228404      1.05775     0.705032     0.443173     0.429746    -0.130379     0.567028    -0.784046     0.710943     0.846862       1.2406    -0.784035     0.493991      1.67164      -0.5893     0.609214     0.482406      0.18669     0.200847   -0.0879924     0.953158      0.84599    -0.868566     0.311166      1.16714      -0.3758     0.340908    -0.144948     0.105637     -0.19309     0.464667     -1.76016     0.471167      2.22535     0.412658    -0.164133     0.498144  -0.00011969     0.830297     -1.05597    -0.171635    -0.336169
   0.0331425   -0.0784448    0.0613108   -0.0163832   -0.0031838 -0.000187724  -0.00555415    0.0234071   -0.0110262   -0.0605649    0.0330874    0.0150921    0.0210253   0.00383245   -0.0254994    -0.019091   -0.0452861    -0.137632   -0.0386238    0.0192679  -0.00181849     -0.10212     -0.10054    0.0224955   -0.0495321  -0.00426166   -0.0585988   -0.0612809   -0.0637473   -0.0279409   0.00566609   -0.0887975    0.0639682    -0.033372    -0.108422   -0.0801439    0.0171662    -0.085625    -0.107834   -0.0162821   -0.0510691   -0.0188991    0.0548301   -0.0717282   -0.0233512   -0.0348512   -0.0605175   -0.0628508   -0.0333306   0.00289164  -0.00223721   -0.0838013   -0.0399478   -0.0259013   -0.0674068   -0.0486447   -0.0232664   -0.0899024   -0.0566932      0.06008   -0.0179766    0.0414444    0.0208307   -0.0096584   0.00755535   -0.0433582    0.0397048   -0.0746265    0.0953372   -0.0529587  -0.00521256    0.0425727    0.0183297   -0.0140356   0.00787772    0.0289128   -0.0175497   -0.0358362   -0.0410767    0.0148641    0.0601446   -0.0243691    -0.137669   -0.0113912   -0.0107125   -0.0128517   -0.0230199   -0.0102078   -0.0347437   -0.0289549  -0.00437139   0.00695939    0.0755634   -0.0315424   0.00612636    0.0668206    0.0125817  -0.00760558   -0.0608718   -0.0191535
  0.216845
-0.0353891
   1.72497
  -1.29349
   1.29069
   1.44664
  0.885906
   1.58037
  0.458036
  0.379969
