3 16 0.5 600
1
1
9 50
  -1.89609    3.16669   -3.71855   0.960923    1.87186   -1.49659    1.27406   0.267432   -1.32305
   4.20707  -0.727101     1.2909   -0.32325  -0.168516   -2.25374    1.97177    -2.5018    3.30723
   5.28356     1.1866    -2.2603  -0.179899   -1.17256   0.399395    1.44541  -0.841963    0.13779
  -2.83611   -0.97117   -1.01104    2.91803   0.738045    1.26207   -5.14376   0.435438   -1.81135
  -1.59609     -1.062   -3.26571    3.16561   -2.15522    3.01956  -0.582191    1.31601    2.07083
   1.61398    -1.9576    2.57901   -3.10398    1.29561  -0.437173    1.06118    0.43064     3.0158
 -0.723808   -1.63895    2.64948  0.0882959   -1.31827    3.70878   0.570689   -1.01723   -1.78953
  -1.47741  -0.327278  -0.135801   0.388038   0.463045    3.66374  0.0489787   -4.81558  -0.292972
  -1.18011   -1.52129    1.91551   -2.93461    1.27854    1.31974   -0.17773    2.38872  -0.402356
  -1.05362   0.074068   -4.66529    3.17517  -0.975157 -0.0718279    2.14155    3.05143   -1.27974
   2.07677    2.31406   0.131894  -0.248302   0.892088    -1.3872    2.52499   0.291077    2.18426
   1.28763    5.25768  -0.366858   -1.38355   -1.26472   -1.15965   -1.99321   0.803281  0.0561945
 -0.505581     0.5161    2.34878   -1.27653   -3.42064   -1.68353   -3.16639   -1.29365   0.946868
   1.02214   -1.64071    2.94067    2.04839    1.79381   -4.64979   0.136292      -0.91    1.01758
 0.0225928    0.35943   0.354112   -1.09851    6.42559   -1.06227   -1.04395   -1.22456   -1.12745
  -4.59923    3.14168   0.277496  -0.651349   0.638074   0.754403   -1.31617   0.770328    1.02846
   3.17223   0.922532  -0.519431   0.279133   0.126911   -2.66396   -4.27698  -0.501009    1.76631
    2.1033    1.45288 -0.0714791     1.5026  -0.262593   0.455941   -3.96198   -1.49505  -0.884629
   1.03345    1.17446  -0.585677  -0.243108    2.37184  -0.315822    -5.1069     1.7778    1.25695
  0.890536    1.09094   0.905239   -2.24073   0.536335    4.92072   -3.11398    -2.2805 0.00253229
   1.25731   0.808305   0.940648    1.39223    1.31373   0.385428    1.09666  -0.666867   -6.08231
   2.86216    2.95089    1.27562    1.28626    2.20243  -0.281161   0.773231   -1.11152   0.177471
  -3.31937  -0.213412   -1.21456   -3.54033   -2.47136    3.54685   0.645459   0.103616   0.136315
 -0.201081  0.0396877   -1.93846    2.74844      1.838    1.07949    2.88143   -2.35948    1.04078
 -0.120992   0.583131   -1.45664    1.22974   0.275038    1.95141    -3.7303    2.57704    2.05805
   1.01113    1.05081    1.78606   -1.58375  -0.650533   -3.08677    0.59015    1.89701   -1.80561
  -1.33337    1.18811   -6.05395     0.6007    3.32157    3.28955   -3.02976  0.0922043   -1.27004
   0.80222   -1.17278  -0.435484    3.37402   0.164621    1.81545  -0.381508   -2.10829   -3.18295
   1.03773    2.51576    2.25146   -1.67532    2.38497    -1.7382   -2.27651    1.49322    2.14849
  -2.13602   -1.12381    2.28537   0.132619  -0.114393    0.30521    1.18297    2.60288     1.8805
 -0.131905    7.10149  -0.671437   0.313556  -0.269144   -2.07883   0.617959  0.0532604   -1.14768
  -3.02302   0.317521   -0.10272    4.34071  -0.250054   -0.35103    4.19323   -1.02476   -1.11026
  0.596857  -0.509063    0.39836   0.448085   -3.08694   -1.19668    1.34557    3.05475   -4.10086
  0.870913   -1.80146   -4.61938     0.6696  -0.489892   0.851068  -0.926945    3.10559    0.22181
  -2.05397  -0.494424    3.31868 -0.0809931  -0.409922  0.0897226   -2.01813   -2.18176    1.76855
 -0.112218   -3.13428   0.480488  -0.311353    2.15843    3.71049    1.27883   -1.51817    2.31145
   3.15863    2.67317   -2.97834   -1.41303  0.0447239   -1.05933   0.761078     2.0047  -0.333803
  0.542928   -2.66344   0.169163    4.58296  -0.129195    1.92679   0.460742    -3.2118   0.125695
  -3.02617    3.94024   0.922661   -1.27036  -0.984842   0.186148   0.504914    1.11206    1.50548
  -2.41948    1.33815   0.291007    1.99764  -0.571431   0.918408   -3.49495   -1.38616   -1.93514
    2.3153   0.963557     1.5197    2.97935   0.342056   -3.38419  -0.356147   -1.19046   -1.38655
  -0.55787   0.446542  -0.755151    1.51815   0.960488    1.10111   -0.78187    1.64271   -4.42716
  0.932407    1.82084    1.50416   -3.54957   0.597132    1.47903   0.591259 0.00471436  -0.812351
  -1.41209 -0.0289656     -1.392   0.174915    0.62021    0.83888    1.59358    3.63029   0.163011
 -0.840039    -2.3621    1.66828  -0.389976    4.28637  -0.347088  -0.753568     1.5059   -1.80114
  -1.35958    2.06967    3.14213    -1.3215    3.89396   0.217079   -2.90903   0.105876    1.57465
   1.81436   0.987121   0.339158    2.08461   -7.45358  -0.226483    1.57116   0.944008   0.278826
  0.032251   -1.62642    -2.7069    2.95018  -0.443171   -2.24296   0.768291    1.49999     2.5447
   1.25141  0.0994108    4.41632  -0.146115  -0.250673   -3.61108  -0.393779   -1.31537   -4.03492
  -1.92934   0.524548   -1.14617   -1.89948    2.78617   -2.50056    2.59811    1.42004   0.639856
   2.13231
   1.18433
 -0.226541
  -1.68116
  -1.32842
  0.357159
  -1.31217
  -1.64491
  -1.50069
   0.94529
 -0.930053
  0.779386
 -0.180544
  -0.10464
   2.77992
  -3.35098
  0.503561
  -2.45935
     1.386
  -2.20956
   1.46789
  -1.34438
  -1.09919
 -0.762565
  -2.33189
  -1.59964
  -3.47203
  -3.25918
  -1.66354
 -0.997373
  -3.93391
-0.0912255
  -1.20394
  0.827236
  -2.07408
  -1.18099
  -1.15598
 -0.951221
   2.88442
  0.276025
  -1.74977
  -1.53794
   -2.6592
  -1.72171
 -0.825253
   1.45165
   4.01479
  -2.44431
  -1.29755
  -1.68464
1
1
50 50
   0.676878     2.17903    0.366531   -0.314228    -1.90785    0.118309    -2.38924    0.723664    -2.46879   -0.241044   0.0126975    0.237286    0.322872    -2.36448   -0.899365     1.40889    0.644731    0.233645    -1.03459    -1.51401    -1.75293    0.638377   -0.869279  -0.0220944   -0.849378    0.753348    0.849782     1.72488   -0.676959    -1.61533     2.20564   -0.649437    0.308576     0.53515   -0.537989    -2.95073     1.51283   -0.660968    0.173497   -0.179553    -1.38748     1.34817    0.197398    0.848673     1.60255   -0.867423    -2.15045   -0.747575    -1.32962    0.480602
    1.46073     -1.0195    -2.43989    0.703851    -1.02421    -3.21305   -0.781009   -0.523496    0.188614      1.4342    -1.19107    -1.46985    0.885077   -0.508316    0.650468     2.27619    -1.05357    -1.20297    0.504236    -1.59049    -1.02621   -0.581174    0.532369    0.734026   -0.543374    -1.29137    0.025054    -2.79291    -0.40084    0.501886   -0.860495     1.79989    0.421145    0.285768    0.584837    -1.59792 -0.00533303   -0.897577    0.946235    0.995719   0.0710687    -1.98355     0.57916   -0.259092    0.364048     1.02633   -0.313765     1.04415      0.8348     2.53816
   -1.47975      1.5351   -0.605507   -0.702308   -0.598614    0.273449    -1.51498   -0.108856   0.0524827   0.0592668     0.91178    0.485226   -0.390469     1.42556    -1.58332   -0.031177    0.213983   -0.627257   -0.818383    -1.37618   -0.342174    0.240841    -2.13617   0.0190087    -1.61057    0.199497     1.10818   0.0430296    0.661183   -0.213606    0.342908    0.724494    0.989339   -0.285159   -0.328523   -0.603029     0.43904    -1.15807   -0.686162   -0.922121     1.16021    0.199324    -1.74305   -0.299512    -1.80215    -1.31067   -0.460209     1.08072     0.02013   -0.429786
   0.410845     1.22767    -0.66812   -0.995275    0.230758     2.38132    -1.26562    -1.66649    -1.88371   -0.841844     1.33419    0.653226  -0.0796767   -0.128266   -0.889869     1.23589    0.392241    -1.57825    0.257355     1.02189    -4.41683    0.802936    -1.64146    0.452816     1.25614    -1.25558    -1.51921    -1.58796     2.73201      0.6209   -0.280034    -1.09394    -3.43396     1.48753    0.970394    0.678941    -2.26696   -0.304103      1.5652    0.177141    -1.65896    -2.35267    -1.96152    -1.45767    -1.34536    0.587733    0.734651    -1.01644    -2.32537     1.23734
 -0.0180854  -0.0370432    0.105525   -0.022778   -0.399667   -0.633573   -0.223129    -0.38933   -0.380252   -0.527588   -0.297887    0.296697   -0.232834   -0.395138 -0.00897862   0.0254148   0.0531776     0.30632   -0.256587   0.0422309   -0.227077   0.0500909   -0.486309   -0.353225   -0.222797   0.0439754  0.00840462    0.547603   -0.343097   -0.358204   -0.131931   -0.592543   0.0214739   -0.404899   -0.406442   -0.289179   0.0664016  0.00779069   -0.572528   0.0365991    0.225188    0.196799   0.0681308   -0.215262   -0.175814   -0.272198   -0.039621   -0.349663  -0.0550691   -0.569493
 -0.0417482    -1.08153    -0.92202    0.206537   -0.361451   -0.628644    -1.31422    -2.20535   -0.112709    -0.41436    0.323852     1.13866   -0.955949   -0.682809   -0.531063    0.202745    0.456225   0.0861507    0.360082   -0.780807 -0.00536854    0.671201   -0.837268    -1.63371    0.760855    0.620627    0.142912   -0.655902     2.00184   -0.565872     1.90781   -0.642751   -0.881068   -0.058219    -1.41985   -0.888672     1.01544     -2.1518   0.0258594   -0.446998   -0.304617    0.150913    0.407138    0.101291    0.421978    0.482961    -1.87794   -0.761746   -0.166131    0.315887
   -2.39542    0.320024    0.198098   -0.107348    -1.47184     1.41245     0.50915    0.589423  -0.0641211   -0.651164   -0.868492   0.0346597    0.572919    0.799258    -2.39182    -1.34735   -0.826603   -0.178281    -1.29444    0.665097   -0.955633      -1.997   -0.550781    -0.60972    0.294397    -1.79492    -0.82523    0.880906   -0.851104   -0.546515    -1.66089    -1.30672   -0.587378   -0.149797      -0.936  -0.0251589    -1.00337    0.634544   -0.112295   -0.765971   -0.438055    -0.81174   -0.729898    0.825952    -1.66319    -2.17449    0.827047   -0.335928    -1.63012    -1.20938
   0.414687   -0.633018    -1.03215     1.11168     1.78807    -2.21908     0.32087   -0.555207    -1.13431    0.521054    -1.64922    -1.67754    0.047982     2.02201    0.270796   -0.754147    0.512845    0.860511    -0.60398    -3.33823    0.380391   -0.176942     -2.3481   -0.243372   -0.467352   -0.664935    0.689445    0.207713   -0.943488   -0.193812      2.3466     1.08928   -0.511086   -0.544101   -0.477006   -0.790392    -1.43691     2.73015    -1.00114     1.58823     1.63189   -0.234948    -1.56271    -1.40824    0.139696  -0.0886404    0.122963     2.16393    0.112284   -0.205218
   0.911975    0.774069    -1.18138    -1.45495    0.271532    -0.41497   -0.268193   -0.036578   -0.283491     2.86835    0.646846     1.04894    -2.11457 -0.00729544     1.92128    0.670509    -3.26459    -1.63219    -2.76867    -1.56393    0.669225      1.0838     1.09998     1.45329     -2.2768   0.0183396   -0.730562    0.248687    -1.48694    0.228721    0.835004     3.33912    0.419063   -0.174787   -0.557169      0.7194    0.559891   -0.215846   -0.700911   -0.842434    -2.86483    0.828681     -1.4356    0.275203   -0.847136     -0.6699     2.96913   -0.632889   -0.909766    0.996814
   -1.39914     1.24622     1.56721    -2.99583    0.237802   -0.219412   0.0464881     2.35263   -0.898103    -1.64316     1.45679     1.39339   -0.441136   -0.513995   -0.685702     1.40823    -1.08622     0.55581  -0.0260966       1.786     2.38202     1.84804   -0.992483     1.97573    0.630763    -2.27247  -0.0946796    -1.54457   -0.791102    -1.37315    -4.78026     1.41491    -3.18146    -3.07596     1.60084     -1.3855     1.22941     2.63988    0.252879   -0.302939      1.1089    -1.91438     1.17605    -1.37832   -0.802648     1.73187    -2.18715    -1.24499    -1.35251    -0.15334
   0.464404     1.36346    0.926644   -0.609773    -1.75419     1.41367     -1.6058    -1.11397    -1.03511    -1.30848   0.0489299    -2.02633   -0.732078    0.740165     2.51667    -1.75182   -0.974852    0.535073    -1.33492     1.16616    0.302495     1.48011    -2.38167   -0.282364   0.0528048    -1.35812    0.622671   -0.588892     1.96327   -0.320628   -0.277457    -1.45546    -2.75308    -1.88111   -0.747934     1.03714   -0.325987  -0.0294942    -1.13596    -2.13983   -0.567638    -1.64861   -0.655536  -0.0211166    -1.06238     1.46358     3.43673    -1.04241   -0.809817    0.181388
  -0.716499    -1.14417   -0.754849    0.125434   -0.349471   -0.982873    0.501494   -0.422149    -0.39894      1.7649   -0.734816   0.0617967    0.520831   -0.539389    -4.45493    0.482546    0.224127    0.118365   -0.952954     1.58784   -0.785418   -0.866394     0.97719   -0.782095    0.172217   -0.292738    -1.25589   -0.382003     -0.8916     1.00265     1.38838    0.100621     1.46614     1.65816    0.653047    -1.39968   -0.727365   -0.423816      -0.342    0.880243   -0.138684  -0.0328983  -0.0623162    0.779102    -1.88246    -1.73421  -0.0773403   0.0303274    0.493142    -1.29269
    1.56226    0.768455   -0.122438     -1.2621   -0.305466    -1.94714   -0.693959   -0.652794     -1.5098    -1.36156   -0.175899     1.01815    -0.28173    0.773739   -0.763739     1.47735   0.0356575    0.195821   -0.749866     1.11226   -0.340523    0.731637    -1.47097    0.813885   -0.732239   -0.288635   -0.214682   0.0947653   -0.146967    -0.70253     3.85621    0.458855    0.140965    0.374039     0.61614   -0.198677    0.257932   -0.192254   -0.667767    0.987655   -0.234761   -0.674262    0.952282    -1.25616    -1.20834   -0.941061    -2.05473   -0.129936   -0.999553   -0.304637
  -0.922629   -0.710115    -1.90866    0.962903     1.69226   -0.277532    0.780751    0.288916   -0.655145   -0.864839    -0.78638    -1.20071  0.00582983   0.0710949   -0.827393    0.188598    -1.14516     1.58107   -0.452539    -1.87601    -2.49641   -0.710902   -0.423926      1.1799     1.17842     -1.7341    -1.40933   -0.255551   0.0016766     1.56998   -0.325556     1.74936    -2.38292    0.241026    0.701579    0.533349    -2.18324     1.41301    0.806405   -0.832875    0.807908   -0.954004   -0.718526   -0.556333   -0.922337     1.04755   -0.224044     1.34316    -3.61776   -0.762491
   -1.86747     1.86168   0.0911711   -0.783828    -1.93667    0.604797   -0.220387   -0.610333    0.851161   -0.731622   -0.046259     1.47559     1.32511     -2.1611    -1.75953    0.735992   0.0116907   -0.927001    -1.34053    -1.65013    -1.19211   -0.220429     1.26011    0.226294     -1.2651   -0.022041   0.0853614    -1.05968    -1.02376   -0.189086   -0.840454   -0.101006     0.60294   -0.407022   -0.446274    -1.28263    0.481581    -1.68493    0.365874   -0.360189    -1.92083   -0.824123    0.361709     0.73195    -1.16805  -0.0275401    -1.83747    -1.25505   -0.213125    0.386407
   0.486366    -1.54187   -0.902162     2.02068    0.551673    -2.02983   -0.681674  -0.0901341   -0.945129    0.125639    -1.83589     0.23659    0.327258     -1.6996   0.0788285    0.929669    -0.29762   -0.194998   -0.209824   0.0687013    -1.67335    -0.23684    0.351542    -1.28842    0.535885  -0.0361744     0.56641    0.323003   0.0415799   0.0380195    -0.29871    -1.10949    0.966022    0.787621   -0.303433    0.208693    -1.06567    -0.73038   -0.979203    0.803362    0.255315    0.207535   -0.756096   -0.244668    -1.29565    -1.56189     1.05049     0.09092    -1.31551   -0.757546
   -0.29672   -0.190809   -0.323874  -0.0730835    -0.19242  -0.0855114   -0.258978    -0.42822   -0.173788   -0.265892   -0.201358   -0.171467   -0.553174   -0.151556    -0.40886   -0.194176   -0.111513   -0.237884   -0.308353   -0.107511    -0.46004   -0.233051    0.089919    -0.41238  -0.0744915   -0.276044   0.0372983  -0.0940231    0.105939  -0.0499996   -0.257274   -0.297294   -0.374697     -0.3188   -0.144298   -0.318035   -0.298307  -0.0787318   -0.432053    0.143617   -0.280195   -0.156566    -0.42298   -0.296604   -0.242284   -0.199502  -0.0947683   -0.422702    0.122964  -0.0912798
   -1.02403    0.907348   -0.354203    0.491534    -1.24786    0.544339   -0.249801    0.122995   -0.665347     0.38358    0.466363    -1.22222    0.565017     1.11428    -1.81815     2.54105    -1.13136    -1.35176   0.0542295   -0.673763    -2.13417    -1.31642    -1.10566     1.71998   -0.740574   -0.699204     3.24565    0.232077     1.46423    0.256201    -3.19659     1.15725    -1.14855   0.0100303   -0.446847     1.00551   -0.427088    0.241382     1.52468   -0.400554    -1.43276   -0.355883    -2.10828    0.818829   -0.374665    -2.10949    -1.17635    0.683183     1.41268   -0.920138
  0.0232716     1.59927      1.1077   -0.479079  -0.0225974     1.70207    0.319779     1.23071    0.667779    0.133162    0.787997    0.739027     1.11893    0.985865   -0.335262   -0.310593    0.139416   -0.474603    -1.13653     1.70329    0.716375    0.390863    0.597214     1.08262   -0.246921   -0.319314    -1.00373   -0.455582    0.619586    0.545727   -0.125555    0.518819    0.532951    0.633461  -0.0308947    0.427983   0.0619385     1.28711     2.48588   -0.239293    0.726297   -0.288149    0.300117     1.16617    -1.19095    -0.45201     3.50974   -0.303535    0.562729    0.504669
   -1.27137   -0.903888    -1.68481     2.05943   -0.697968    -1.64492    -1.90666    0.406995     0.50718   -0.156686     -1.4974    -2.18683    0.785475    0.134881     1.45539  -0.0320695    0.689667     1.09299     0.78542  -0.0765873     1.00274   -0.436273    -1.76549  -0.0370008     1.68527    -1.24607     2.87859   -0.170391     1.40167   -0.908532    -0.35751    -1.50436   -0.367157     1.17942    0.606273    0.241317    -2.31564     1.00957    -1.42221   -0.230654    -2.03856   -0.950101    -2.76097    -1.42542     2.06339     1.39709    0.913564    -1.13104    0.690514    -2.47734
   -1.78295    0.630057    0.751198    -1.69223   -0.688972   -0.576701    0.594656   -0.218582   -0.115738   -0.224179  -0.0621338    0.661794    0.131828   -0.979415    -1.60896   -0.384296    -1.35023    -1.81241    -2.35622    -1.15341    0.434392   -0.268794   -0.794033     0.81336    -1.90838   -0.486342    0.244291   -0.015225   -0.566424    -1.02456    -2.01327     1.31422   -0.679382  -0.0969411   -0.893126    0.576267    0.084596     1.34155     2.64377   -0.709954    0.297755    0.701779   -0.446929     1.35474   0.0872332    -1.93617    -1.10725   -0.779585    -1.66061   -0.133361
   -2.05436    0.946889    -1.60502     1.26054    -2.40017     1.41202   -0.285082    -1.47778    0.772474    -1.71805   -0.885862   -0.641408     -0.1122     1.40778    0.123957   -0.621955   0.0273609   -0.467786   -0.643185    -2.61429    0.515919    -1.11881    -1.35022     -1.0677    -1.14429  -0.0878088    0.174505    0.206509   0.0387669    0.168514   0.0398087   -0.185771    0.664445    -1.21358     1.03496   -0.197411    -2.23298    -1.05109    -1.50371    0.186137    0.878777    -0.74062    -2.34498    -1.10148    0.971387   -0.747539   -0.414398   -0.319907      1.5629   -0.365661
  -0.315045   -0.358454    -0.35851     0.19607   -0.184941   -0.426208   -0.236486   -0.169477   -0.199703   -0.287892   -0.364444  -0.0166907   -0.561875  -0.0849305   -0.348867   -0.230133   -0.398726  -0.0692151   -0.481469   -0.155586    0.099244 -0.00870904   0.0980961  -0.0758923   -0.291617   -0.146954   -0.047496   -0.271899   -0.332355    -0.69238   -0.283706   -0.175639   0.0512782   -0.154844   -0.210335   -0.203247   -0.189228   -0.156791  -0.0118014   -0.325286  -0.0835734   0.0138384   -0.104964  -0.0634253   -0.144717   -0.581048  -0.0382627   0.0101261   0.0378295    -0.11935
   -1.33066    -1.18713   -0.462582    -1.60341    0.427505     1.03241    0.931659    -2.38799    0.954787    0.180221   -0.258716    -2.65683    -1.52819     1.74346   -0.158597    -4.00454    -0.67432    -1.50283    0.759885    0.943352   -0.130606    -1.16562    0.703994    0.446109     1.25504    0.492952    -2.34074      1.4813    0.458574       1.414    -1.98144  -0.0143629   -0.318696    0.324054   -0.539744     1.72196   -0.456246    0.742575    -1.43116    -1.10223   0.0789631    0.450816    -1.62371   0.0668052     1.45413   -0.255187    -1.27571     2.43512    -1.52908    0.981594
   0.304985    0.409835    0.258137    0.117956   -0.838409     1.29331    0.868615    -1.46019    0.798324    -1.24132     1.25154     1.44386    -1.45698    0.214615    0.327926   -0.422849    -1.83083     1.20524    -1.87427       1.076    0.359994     1.29156    0.435956   -0.329759    0.114615     1.17546   -0.184486   -0.709359    0.997263    -1.64106    -1.31664   -0.715031   -0.760081    -1.14976     -1.3516   -0.515092     1.26472    -1.02648    0.262256   -0.615514   -0.717627    0.345146    0.287757    0.278726   -0.619431     1.35043   -0.753708    -1.24254    0.243422     1.03502
   -2.79587    -1.33346    -1.15372   -0.294076   -0.517434    -1.17197     1.67849    0.165782    0.456697    -2.19768    -1.45865    -0.38557     1.35037     1.85908     1.66764     1.45501    -1.12749   -0.283487      0.2763   -0.897134      1.2403    -1.24244   -0.306654   -0.444784    -1.25882    0.806721     -1.8686     -1.0455     1.85368    0.870412    -1.32863    0.520573   0.0606298    -2.03179    0.701923   -0.817564    -2.75433   -0.920198   -0.251335   -0.277037    0.575145    0.893696    0.592886   -0.631744   -0.046997    0.890493     4.97307    -1.54059     1.85847     -1.7475
    2.33497    0.210014    0.980892    -1.21531    0.355005    0.572912   -0.686457     -1.2757    -0.76354   -0.236182     1.95076     1.93691    -1.97991    -1.16989     1.22386    -2.45788      1.1719    0.159348   -0.207524    -1.03019    -1.06733     1.63799   -0.428033   -0.496799    0.198742    0.656285   -0.944194    0.344154    -1.16783    -1.43983     1.52808    -2.05586    -1.58285    0.716318   -0.989626  -0.0650719     1.85669    -1.88284   0.0403937    -0.99323    -1.02364    0.412317    0.954556     0.82272   -0.674551    0.125627   -0.874843     -0.5355     -1.1989     2.23743
   -1.57166     2.33035     3.52986   -0.879095     -1.5042     1.15589  -0.0905991    -1.68935   -0.949537   -0.673551    0.271569     1.30704   -0.867871   -0.499557   -0.613643    -1.58848     1.73319      2.1976    0.694565    0.790444     1.05119    0.819952    -1.67015    -2.07508   -0.567386   -0.569491    -1.36923     1.22168    -1.26264     -2.3019    -1.14851    -3.92987    0.563092     1.50139    -2.38426   -0.687779     1.21827    0.928074    -3.15873    -1.72598    0.375148     1.12379   0.0811988   -0.324803   -0.210197     -0.7898     1.80165    -2.21468    -1.24305    -3.00755
   -1.16008    -1.88432     0.21634     1.42262   -0.863646    0.375715    -1.13038    -4.21875     1.94608     1.38634  -0.0998259  -0.0586717    -1.10927   -0.320284    0.135006   -0.337551     1.18631    -1.32545     1.44062    -2.38867     0.63081    -1.54297    -1.20758    -1.06575     1.22692     1.57002    0.193805   -0.366352   -0.521632     1.53185     -0.9578    -1.52398     1.59318      1.2233   -0.262459    -2.03485   -0.197418    -3.11511    -1.01249   -0.848968    -1.36318   -0.270925   -0.781521     1.08543     1.51428    -1.25543      1.5459    0.637454   -0.377311   -0.034079
   0.432768   -0.804609   -0.944754    0.702033  0.00509817   -0.453777   -0.598629   -0.101724   -0.229699    0.110571   -0.910088   -0.240871    0.332634   -0.709435  -0.0202443    0.591121   -0.211186   -0.441531   0.0122332   0.0533773   -0.821671   -0.591152    0.514235   -0.298419    0.379475   -0.136291    0.216607   -0.436734    0.404146    0.324048  -0.0469785   -0.826962    0.223664    0.584854    0.257388    0.164489   -0.729911   0.0300508   -0.220711    0.159372      -0.136   -0.216113   -0.420935    0.161146   -0.728447   -0.751673  -0.0644196    0.358863   -0.174892   -0.350708
    -1.5437    0.901995    0.390374    -1.12524   -0.878136    0.248169   -0.589658    -1.76344   -0.213158   -0.874754  -0.0186252    0.680263     1.24948   -0.914079    -1.32606    0.177255     1.53388    -1.12804   -0.386517     1.31548    -1.27291   -0.869581     0.56621   -0.666406   -0.591824    0.426872   -0.805867   -0.562683   -0.800534    0.199121    0.601041    -1.19355  -0.0164075    0.856451   -0.407559    -1.58503   -0.868388    -1.44147   -0.888917    -1.29383    0.595721   -0.290519    0.190574    0.589524     -1.2537   -0.917506   0.0113899    -1.14119   0.0785826    -1.56889
     1.4775    0.610263    -1.01893    -0.70238    0.572506   -0.664881  -0.0878984    -1.96838    0.597153      1.1049     1.80541     1.87348    -2.23742    0.756402    -2.01514    0.778534   -0.443186    0.568268   -0.158366     1.16871     1.47348    0.405858   -0.309886     1.21026    -1.37899   -0.985264   0.0539272    -2.02326    0.343076   0.0524705    -1.85215     -2.2927   -0.316576    0.126728    -1.25201   -0.445732     1.49193   -0.670514  -0.0612028    -1.23274   0.0839982    -1.20451  -0.0701066     1.40947   -0.716512    -0.45267    -3.21141     1.81654    -3.11451    0.823044
   0.793624   -0.111206    0.618058    -2.33522   -0.798964   -0.283164   -0.678222    0.559617    -1.25791   -0.987779   -0.280906   -0.681068    -1.31338    0.654357     1.64658    -1.47301   -0.524121    -1.42126    0.277519    -1.23076    0.380721    0.379297    -2.04318  -0.0186402   -0.710746    0.545916    -2.37145    0.661081    -1.08862    -1.09792   -0.283987  -0.0373194    -0.82874    -1.25613   -0.530303     1.05569   -0.774194     1.89843    0.263045   -0.762967   -0.378987    0.263217    -0.79918    -1.49556     0.17404    0.800311     1.58972    -1.07036    0.114097   -0.652532
 -0.0502461     2.60786   -0.942322   -0.938557    -1.17983     1.43486    0.868359   -0.624179    0.504144    -0.26062  -0.0877207    -1.22918     1.03798    0.450254    -2.27237   -0.361102   -0.172927    0.127906    -2.15961    0.869941    -0.57333    -1.61437   -0.177514     -1.2336    -2.16498     -1.2905    0.821717     0.72906   -0.540098  -0.0674354    -1.10953    -1.39635   -0.316917       1.168    0.230157   0.0738997   -0.619612    0.795748    -1.65796   -0.549987   0.0826126   -0.310997    -1.20376    0.199959    -1.65103    -1.92318    -1.61241    0.738847    0.851118    0.700939
   -1.63667   0.0100816   -0.167264   -0.678815    0.166247    0.355434    0.772455   -0.590889     1.00699    -1.11309   -0.442475   -0.681973   0.0598049    0.161093   0.0689237    0.590281   -0.782875    0.458983   -0.117913    0.434009    -0.88138 -0.00494439   0.0991699   -0.572763    0.109299   -0.473229    -1.18599   -0.507997    0.387957   0.0325952   -0.626197    0.445475    -1.08863    -0.74972    0.430656   0.0463232   -0.595749   -0.265428   -0.381714   -0.475276    -0.55512   -0.762675    0.299044    0.222821    0.151064     1.52336    0.675134   -0.994562   -0.510304   -0.275676
    -1.7112    -1.18639    -1.04123     2.81464    -1.18653     1.11942    0.245115   -0.391794   -0.356291    -1.57336    -1.37323   0.0498476     1.38966    0.549829     -2.1467      1.7304    0.486824    0.111576     -1.0793   -0.578486   -0.815242    0.157746    0.180765    -2.45674    0.452449     -0.2297    0.812354     0.34806     1.16174    0.600443    -1.14605   -0.425728     0.60626    -1.05741     1.17019    -1.42325   -0.910272    -1.15069    -1.92291     1.60162    0.583856   -0.479466    0.541447    -1.14195   -0.316746   0.0981683       -1.54   -0.813342      2.8397    -3.12061
    1.98254   -0.420028   -0.112753    -2.04483    0.350309    -2.46454    -1.59413    -1.40093      -1.722     1.07906   0.0941546     1.39895    -1.62197    -1.90253    0.938976    0.932906  -0.0982564    0.639181     0.35975    -1.06936    -1.46673   -0.540876    -1.33197    0.479431    -1.12949   -0.687496     4.84754     1.36714    -2.63984    -1.92281    -1.69175   -0.420751    -1.76176    0.759554    -2.11847    -1.51811     2.82566    0.809005    -2.72576   -0.995327   -0.690251    0.205388   -0.181802    0.832592    -1.49032   0.0707524     2.90516   -0.302062    -3.14309   0.0808728
   -2.34098    0.238366      2.7611    0.854788    -1.28478   -0.710613   -0.442528   -0.785775    -1.29118    -1.01269    -0.45257   -0.584129   -0.471566   -0.610525    -2.40915   -0.739853     2.05296     1.97796     1.64473    0.418273   -0.411514   -0.962126    -1.78788    -1.24889     1.01822   -0.328116   -0.117145    0.238921    0.179634   -0.471058      1.3593    -3.06842   -0.762705     2.66696   -0.247632    -0.30216    0.154087     0.51606    -2.76063    -1.05099  -0.0209569   -0.974745     0.50033    -1.82405    0.613462   -0.634946    -3.55225   -0.362597  -0.0219326   -0.343358
    1.12385   -0.792829     -1.2097    0.863173    0.312396    -2.13959   -0.320785   -0.254941   -0.703829     1.38823    0.305238   -0.514755    -1.64106     -1.7223     1.81147   -0.793294   -0.012098    0.829556    -1.83909    -1.58168   -0.779378     0.85494   -0.981808     1.20202     1.96135     1.29347     0.81103     1.68868    0.265686    0.639414    -2.72118     1.08232   -0.172733   -0.516383    -1.30682   -0.122154   -0.454875    -1.22603   -0.100825     -2.0327    -1.16243       1.529  -0.0646814  -0.0566273    0.590362    0.790015     -4.3653   -0.325816      1.4878     1.25035
   0.802476    -2.18438   -0.333135    -0.81932     0.16353    -1.01668    0.984338    0.792145   -0.425801    -2.07387    -1.24358   -0.478714    -2.12465   -0.367278    0.894432    0.160059   -0.232826     0.75233    0.926624    -1.11704    -1.00609    0.707436   -0.574765   -0.412547    0.743212     1.53012    -0.81061     1.81789   -0.790413    -1.67029    0.589757    0.892322   -0.357733    -2.49831   -0.309399    0.396362    0.346885    0.438935    -1.22603     1.31422  -0.0817878     1.59863  -0.0950968   -0.771812     1.13993   -0.159455    -1.51995    -2.27323   -0.419606   -0.492475
   0.084963    0.325808   -0.653161    -1.43901   -0.165033   -0.562804     1.00771      0.3575    0.569749  -0.0294898   -0.826514     1.04419   -0.369905    0.124791    -1.55097     1.41699    0.908471   -0.505577     1.36599    0.056229   -0.679181    0.216695    -1.35378   -0.183013   -0.246332    0.161109     3.76921     2.26789    0.774878    0.374035   -0.909413     -1.3544    0.397951   -0.592644      1.4703    0.775209    -1.55586    0.524008    -1.75809    0.835871   -0.997841  -0.0265698   -0.471648   -0.172661     0.29282    -1.36508    -4.50212    -1.73032     1.48104   -0.563842
    1.03538    -1.17231    -2.96037   -0.963745    0.705824   -0.968426     1.78902      1.3517    0.609684   -0.454625    -2.06171    0.465332    0.337242    0.266706    0.940381     2.17667    -1.40325    -2.15005   -0.221504    -1.01679   -0.241892    -0.46988      1.7668   -0.572936   -0.577569    -0.54219   0.0996068     1.03803   -0.810967   -0.206326     1.83324   -0.364236    0.275828   -0.678673     2.06362     1.25177    -2.06098    0.590726    -1.21507     1.18171    -3.54104   -0.411518    -2.86465     -1.1324    -1.46398    0.501701    0.127173   -0.291945   -0.451322   0.0930793
   -1.27286  0.00390982    0.568547   -0.958523  -0.0958698   -0.215555   -0.427233     -1.1896   -0.711777    -2.10376    -0.02996     1.37552   -0.329004    0.149593    0.212302    -1.23442     -1.1415    0.764585   -0.406905    0.707139    0.695436     1.50373    -1.45156   -0.651413    0.473846   -0.206059    -2.37544    -1.10751    0.376673    -1.82262   -0.411644   -0.280946   -0.253347    -2.98284    -1.05545    -1.07248    0.636187   0.0151864   -0.284611   0.0952851    0.525735    0.217814    0.793366   -0.612324    -1.11173    0.302496    0.379876   -0.901866    0.793472   -0.319444
  -0.387812   -0.771997    -1.14399    0.613636   0.0653156     -1.6486     1.45855    0.190171    0.744598    -1.00494    -1.00896    -1.01755    0.303116     0.64012    -1.22543     1.02123    -1.44274   -0.472978    -1.33766   -0.939869    0.725851   -0.642988   -0.185172     1.54996    -0.62904    0.154407    0.971924    -1.50318    -0.26626    0.493168   -0.767286   0.0440928     1.45777   -0.613357   -0.235176   -0.403165   -0.208669  -0.0235161     1.31239   -0.243005   -0.814649    -0.22479   -0.181567    0.221089   -0.931123    -2.79259     0.80841  -0.0885523    0.595039    -1.24093
  -0.821069    0.840126    0.460329    -1.26084    0.950491   -0.699275   -0.467458    -1.02365    0.190879   -0.922057     1.12652     0.43738    -2.08784  -0.0272725   -0.347877   -0.798639   -0.114528   -0.695807    -1.84673    -1.55664   -0.117489    0.727996    -1.82663    0.679238   -0.588484     0.44742    -2.52546    0.786985   -0.172369   -0.898286   -0.693805     1.04514   0.0372008    -1.63112    -1.45989    0.190267     1.39232    0.646629    -1.74802    -2.29373     2.40275     1.28375 -0.00944654    0.539405   -0.368096   -0.898965   -0.762617    0.986366    0.576402    -1.19616
   0.364892  -0.0310366   -0.167259   -0.283921    0.144848   0.0765173   -0.374203   -0.357445   -0.121877   -0.175799  -0.0709914   -0.329458   -0.514153    0.186147   -0.502856    0.118562  -0.0776893    0.297724  -0.0421861  -0.0962981   -0.459556  -0.0534666   -0.292687  -0.0269293   -0.162693 -0.00423655   -0.244477  -0.0751864    0.066343   0.0087529    0.012863  -0.0549401   0.0859476    -0.33316   0.0203953   -0.172669  -0.0112946   -0.259782   -0.476393   -0.323902   -0.119513   -0.476211 -0.00843021    0.330227   -0.219313    -0.17757   -0.298616    0.155818   -0.155312  -0.0968767
   0.362464     1.83916    0.493912    -1.99365    -3.98919     1.25681   -0.615019    -1.20903    -2.16609     1.36071    0.807043   -0.348955    -2.53654    -0.28664    0.437427     0.43998    -1.36595    -1.83404    -1.50018    -1.77298    0.330582    0.409877   -0.759886    0.250942    -2.68825   -0.303661    -1.15076    -1.00943    -1.20226   0.0924913     3.08394    -1.06608    -1.25013   -0.912488    -2.43108    -0.64942      1.1318   -0.798716    0.138033   -0.887345   0.0175027   -0.512951     0.70876     1.13283     -1.9231   -0.181067     1.90229   -0.203447   -0.641066      2.4739
     0.7418   -0.927023    -1.37126    0.707163   -0.632688    -2.22238     1.37152     0.10392    0.558769   0.0582513    -1.22123    -0.12295    -1.26809    -2.27983   -0.562192   -0.845388    -1.42346    0.899277   -0.392836     2.47278    0.863792    0.786924      2.3697   -0.972581    -1.55518     1.43767   -0.211203     0.73752   -0.354549    -1.71584     1.20303    -0.94151   -0.427992   -0.431678    -1.08528   -0.216413   -0.999064   0.0837154    -1.69312    0.953031    -1.46402     1.71997    0.307378    -0.76937     1.35309    -0.19143   -0.607842     -1.6806    0.357664   -0.952606
  -0.785106   -0.880389    0.592093    0.527732     1.26684    -1.08708     1.93159    0.598844   0.0772429   -0.716534    -0.36183    0.215812   -0.858715    -2.18545   -0.577637   -0.365367     -1.7299    0.756898    -1.59949     2.80528   -0.111065     0.13222     1.66879    0.401022   -0.539405   -0.837277    0.843286   -0.389844   -0.827608    -1.31961   -0.425421   -0.651173    0.223776   -0.239487   -0.263971      1.6508   -0.146786    0.715495    -0.86936    0.746007    -1.07371   -0.242535    0.230548    -1.00563   -0.567518   -0.425664   -0.598177   -0.786014   -0.702474    -1.30686
   0.155693    -2.28413    0.593145    0.605927     -1.0358    -2.24706      1.0011     -1.2244    0.138216     1.49481   -0.960229     0.45182   -0.917531    -0.81921     1.04724   -0.595533    0.322359   -0.630003     1.30649    -1.88057     1.86176    -1.45321   0.0475234   -0.939398   -0.403576    0.955418   -0.502162    0.543758    -0.59255   -0.114819    -1.27733   -0.332706     2.47837   -0.473094    -1.72291    -1.50416    0.291705    -1.64768   -0.374575    -1.09393   0.0181085     1.78795   -0.262018    -1.06593   0.0483265   -0.742064   -0.319753    -1.21566     1.76232   -0.463465
   -1.31392
   -2.00479
    1.51851
    2.04563
   0.142856
   -1.36861
     2.1515
   -3.00081
   -1.73497
    1.40614
   -1.80423
  -0.404575
  -0.422829
  -0.419582
    0.32705
  -0.632369
 -0.0519839
   0.268427
    2.50976
   -1.55589
     1.0493
  -0.375279
  -0.213784
   0.124458
  -0.925348
   -2.49467
  -0.668297
    1.17678
  -0.873175
   -1.88294
   0.390816
   -1.68104
  -0.454989
   0.774554
   -0.40044
  -0.564923
   0.580602
  0.0620074
  -0.858345
  -0.503435
   0.778631
   0.273158
  -0.457037
   0.741496
  -0.657009
   -1.03253
-0.00717883
    -1.3584
  -0.295699
   -1.71516
1
4
50 10
   -2.64822    -7.20334   -0.329248     1.34899   -0.542745   0.0101408    -1.95525  -0.0732001     -2.0023  0.00432227     1.95805     1.43348   -0.237099     -1.7222    -1.10526   -0.323951   0.0514907    -1.41762      3.5809    0.849064     1.30231    -0.52349    0.156485     2.86988    0.153557     1.38476     2.94631     -11.069   -0.532422   -0.427981    -2.09689      1.5003     2.32995   -0.559964   -0.248371      1.4318    -2.80494    -4.37886     1.96014    -2.73837    -0.74078    -6.46065     -1.5339    0.301874    0.985463  -0.0791314       1.442  -0.0437974     3.46221      2.4608
   -3.49516     2.91015    -0.10504    0.356549    0.449038   -0.259888    0.781203  -0.0523781    0.198107      2.9046    0.438564    -1.17989    -6.87452     2.82898  -0.0416598     2.72861    0.121739     3.70457    0.442361   -0.140893     3.83217    -1.54467    0.513073    -6.68421     3.46254     1.39407   -0.788499     2.68088   0.0436189    0.208323   -0.671906     3.25023    -2.46287   -0.573466   -0.576157      2.1913   -0.553945   -0.323488     5.37353    -2.05091  -0.0302252    -4.09208     4.31353     2.56222     1.73048   -0.239276     -2.2023    -1.95187     1.22763     1.63253
   -2.36712    0.787715    -2.22233     2.72045    -0.04078    0.750989   0.0184823     2.16642     1.60789     1.10554    -1.83296     1.56178     1.88864      3.3689    -1.38088  -0.0479234   0.0202947    -3.12582    0.676811   -0.497541    -2.52715    -3.57399    0.152548     3.03736    0.933337    -7.12255    -1.04144     1.88745    0.962292   -0.241354    -1.47715    -4.88229     2.23822    -3.23394   -0.143967    -4.29674     -7.4639     3.40992     2.26234    0.445343    -3.24643   -0.219957     2.65055    -2.02948    0.616608   0.0499258     1.56181   -0.207334    0.630077       2.123
   0.780761   -0.311072     4.81027     1.33684   0.0542731    0.439836   -0.582483    -8.85775    0.849311   -0.237328   -0.219652    0.507137     3.98578    -2.38852    -3.20777    0.160195    0.351753     2.92928   -0.833293     1.99438     1.94622     3.61776  -0.0397816   -0.614822    -5.72719   -0.887225   -0.708796    0.588694     2.48812    0.611339     1.42626    -1.05733    0.660054   -0.193739    -1.14434      2.6629    0.139794     1.59528    0.503084     2.43499     1.79167     3.49745    0.879828    -2.56419     5.88388    0.190244   -0.805723     2.85854    -0.43246   -0.064289
   -0.24116    0.332836    -1.22454    0.878452   0.0633635   -0.875052    -2.62642      2.8352     3.24975    -3.77947      6.8714    -8.13212    -1.78296  -0.0718377    -1.78016   -0.347108  -0.0831054    -0.98123    -4.06971     3.18028    -2.35994    0.443422   0.0725385    -1.40133    0.639083     3.69945    0.649462  -0.0933611     3.08346   -0.533504    -2.53197    -4.38823     1.31229   -0.496694  -0.0823316    -3.96164      2.7358    -2.29813    -6.32642    -1.90329    -3.84161     1.76195    -0.94416   -0.751329    -2.29112   -0.350366     1.51932     2.88544    0.691754  -0.0683631
    6.57963    -3.41571    -3.83365  0.00400924     0.49529    -1.42472     2.95172     1.38904   0.0448036     1.66155    -0.89874   -0.104104    0.316585     2.46641     5.42025    0.961218    0.354337   -0.432043    -0.52215    0.504969     1.29328    -3.98571    0.131854 -0.00273978    0.565337     1.47464   -0.884609     1.76127     1.65202     0.18614     2.97371    -1.81299     1.12999     0.78976     1.91299    0.828932      2.7827     2.39287     2.01594     1.77532     2.92683     4.34368     -1.8927   -0.267346    -3.04912   -0.385589     1.15588     -3.7488    -6.51631     1.55829
   0.479951     2.76453     2.25125    0.304992    0.273583    -1.86523    0.621642   -0.249812     -4.7987     1.50905    -2.54269     3.11671     2.41497    -1.91353    -1.05595    -1.34806  -0.0104662      1.4314     1.96697    -7.37349    -3.82838     1.63206   -0.293336     3.06944   -0.648672   0.0389182    0.470481     2.81307   -0.642239   0.0672706     2.52439    0.354167     1.66626    -2.47146   0.0570668    -4.29277     3.42351    -4.46248    -1.88545     2.72905     1.65529     3.08444    0.353686   -0.577275 -0.00312853     0.25732    -6.59527     2.03465   -0.728608    -0.17264
     2.3014     1.86707    0.246176     0.36737 -0.00713169     3.78266     3.76024     2.68312    0.852456    -7.17026    -3.96025    0.200923   -0.759225      1.5774    0.876928    0.178184   0.0845956    0.616644    -2.10728   -0.438491    0.381783     2.53451  -0.0124059   -0.838856     1.38689   -0.428851    0.649437     1.54213    -7.41235    0.217634   -0.642117      2.2746    -2.52299     6.24625    -1.07992     3.53435    0.462697     2.28363     -1.3438     3.36321     1.74062    -1.12938    -1.64473    0.308402    -3.12103    0.271689      1.4746     2.90017    0.130805   -0.396665
   -1.48969     3.22927    0.303875    -8.05423   -0.541997   -0.773002    -3.46073    0.405243   -0.478844     3.76912     0.22525     2.84278    0.652041     -3.5891     2.43755    -1.96426   -0.101996    -1.88008     1.05496     2.21544   -0.109837     1.58576    0.037962    0.599155   -0.642556    0.247009    -2.13961   -0.599506    0.971638   -0.160452    0.738081     5.05906    -4.34438    0.966087     1.29855     1.83011    0.685505      1.4639      -2.462    -3.55118   -0.801434   -0.755466    -1.64154     2.75765    -1.36341    0.176134     2.42053    -5.32427    0.870927    -7.35289
   -0.20768   0.0371313   -0.157636  -0.0196333   -0.545514     1.34385   -0.222013   0.0381388 -0.00161015   0.0649689     0.58851    0.302301   -0.178585   0.0789404    0.216248    -1.75072   0.0470628   -0.174156    0.568727     0.12201    -0.10932    0.105485   -0.390165   0.0517764  -0.0403199    0.388538  -0.0297331   0.0427345   0.0592081   -0.995326   -0.233259    0.160406     0.14725   0.0293612      1.0726   -0.390956  0.00821729  -0.0119166    0.135294    0.505252   -0.103784   -0.040374    0.983755   -0.599297     1.56335    0.364658   0.0398117   -0.133242    0.105171  -0.0787403
 0.145532
 -2.95521
  1.13854
   -2.302
  1.40392
 -2.94959
 -2.39856
 0.394674
-0.570406
-0.428822
