3 16 0.5 1400
1
1
9 50
     -3.0559      3.03758     -3.97977    0.0851857      1.76724     -1.39691      1.61608     0.698936     -1.15561
     4.67787    -0.372472      0.54126    -0.809243     0.274344     -2.24147      2.24801     -3.04828      2.64967
     5.36566     0.823232      -2.3893     0.649635     -1.34669     0.314613      2.16369     -1.74756    -0.215963
    -2.57537       -1.263      -2.4824      2.68505     0.738723      2.39321     -4.71911    -0.159166     -2.63035
    -1.30427     -1.19646     -4.17419      3.56429     -2.35966      3.38695    -0.488782      1.95962      1.97798
     2.25052     -2.39167      3.21892     -3.34555      1.10402    -0.787273       1.9887     0.162847      3.78053
    -0.21242    -0.540776      3.45936       1.1205     -1.15553      3.72414     0.501144     -1.29938     -2.50149
    -2.51675    -0.375646    -0.341407     0.781395 -0.000578671      3.73569    -0.299397     -5.75499     0.107847
     -1.0826     -2.51916       1.7706     -3.45695      1.94542      1.83982     0.101888      2.39408     -0.10707
    -1.74522     -0.31502     -5.25963      3.22226     -1.50792      0.48866      2.39487      2.97874    -0.915782
     2.92885      2.48584     0.894271     0.194453     0.746847     -1.40297      3.39276     0.852167      2.09057
     1.51892      6.36316    -0.787949     -1.07812      -1.1295      -1.7092      -1.9454     0.824394   -0.0725769
    0.206346     0.744096      2.63033     -2.16448     -4.07619     -1.77535     -3.73131    -0.903722   -0.0929967
    0.774803     -1.25631      3.40676      2.22256       2.4806     -4.62165    0.0353401      -1.4646      0.70142
   -0.248559     0.435543     0.240981     -1.21605      6.93588    -0.962962     -1.16847     -1.15163     -1.21007
    -4.74673      3.70345      1.56058    -0.895439     0.998427     0.151598     -1.07846     0.672719      1.58532
     3.90631      1.25644   -0.0541782     0.625564    -0.614139     -1.88687     -4.61229    -0.176413       1.7129
     2.56762       1.9002   -0.0518873     0.752416    -0.983551      1.83948     -4.37975     -1.48883    -0.535398
     1.99583      1.65821    -0.798368    0.0284247        2.627    -0.973387     -5.12733      1.49485      1.44703
     1.60876     0.772351       1.5629     -2.91024     0.590669      5.09112     -3.37752     -2.07338   -0.0241716
      1.2041     0.110671     0.689769      1.07429      2.35607    0.0234574      1.05277    0.0903554     -6.22713
     3.92306      2.75914      1.36328       2.0988       2.6814   -0.0227965      1.75404    -0.277144     0.219964
    -3.47112    -0.929581     -2.22313     -3.75898     -3.26797      3.65247   -0.0329408     0.826839    -0.354271
  -0.0336403   0.00521745     -2.77267      3.49392      1.99645      0.81028      3.17786     -2.73183      2.26996
   0.0195109     0.620931     -2.41373      1.41024   -0.0238452       1.9894     -4.96637      2.92552       2.1861
    0.699391     0.898041      2.70934     -1.94109     0.183333     -3.69306      1.35793      2.16195     -2.64867
     -1.3846      1.35427     -6.40119     0.378369      4.22107      3.85504     -2.96274     0.932128    -0.916777
     2.01192      -1.9712    -0.340152      3.23422     0.582993      2.52217     0.270467     -2.72583     -2.99805
     1.42377      3.49378      2.80886     -2.06563       2.9739     -1.79305     -2.27956      1.96651      1.82804
     -2.4283    -0.682165      2.59394    -0.817179    -0.570385      1.01194     0.723256      2.74774      2.80138
 -0.00876027       7.5201    -0.469437     0.556479    -0.516113      -1.3999     0.462909   -0.0796736     -1.43059
    -3.20621     0.192236    -0.331102      4.70098      -0.6531    -0.707608       4.8096     -1.33869     -1.69587
     0.65436     -0.92795     0.243785     0.342074     -3.58142     -1.02959      1.06844      2.79963     -4.65287
    0.651891     -2.25254      -4.8792     0.158446    -0.418052    -0.187858    -0.830399       2.2472     0.543582
    -3.39222     -1.30265      2.92499     0.176855    -0.133487      1.33917     -1.24306     -2.23098      1.39865
  -0.0950676     -3.87381      1.37125    -0.451287      1.69409      3.11201      1.82023     -1.87755      3.09604
     3.62419      2.77383     -3.45986    -0.910394     0.519818     -1.03248     0.443689      2.88897     -1.22672
    0.956896      -3.1368    -0.518716      4.94458     0.480266      1.84251      1.10899      -3.1397    -0.116979
    -3.32847       3.4562     0.801673     -1.92653     -2.43898     0.120788      1.29788      1.34348     0.935721
    -3.19158      1.59291     0.244865      2.69615     -0.26981     0.978383     -3.76917     -2.16719     -2.02297
     2.42899      1.65257      1.24857      2.57533     0.219883     -3.44162     0.196853     -1.58059     -2.45753
   -0.691569    -0.743911     -1.63385      1.33888      1.97646      2.25201    -0.490725      1.49794      -4.8714
    0.898423      2.36893      1.75889     -3.77324     0.129965      1.76119     0.788577    -0.214604     -0.96088
    -1.86595    -0.487028     -1.82598   -0.0989202    0.0411474      1.41181      2.11481      4.33058     0.632239
    -1.13364     -2.64093      2.31281    -0.743995      4.78508     -0.17591     0.206527     0.777744     -2.38857
    -1.83626      2.26281      4.01924     -1.15435      3.70301      1.14351     -2.94589     0.786798      1.90895
     1.84449     0.894127     0.840972      1.97844     -8.13251    -0.130292      1.29359     0.870891     -0.22784
    -1.11322     -2.06405     -2.89394      2.72193     -1.15001     -2.70959      1.75771      2.25164      2.69857
    0.600192     0.701022      4.99807    -0.297293    -0.131148     -3.34852    -0.783567    -0.341577     -4.07751
    -2.70782    -0.154323     -1.69591     -1.87272      3.23165     -2.81255      1.86372      1.51009     0.324848
    2.2595
  0.552064
-0.0469784
  -2.57817
  -1.81121
  0.501919
  -1.23293
     -2.15
  -1.65012
    1.2131
 -0.957874
   1.55203
  0.349419
 -0.260564
    3.3847
  -3.15767
  0.572923
  -3.04572
   2.16891
  -1.79122
   1.40337
   -1.8727
   -2.0686
  -1.53811
  -2.17664
  -1.96267
  -3.64808
  -4.03638
  -1.71068
  -1.11217
  -4.26261
  0.142649
  -1.37653
   1.34907
   -2.3077
  -2.05847
  -1.68089
 -0.791174
   2.21769
  0.462853
  -2.48547
  -1.30689
  -3.35953
  -2.13471
-0.0228642
   1.82209
   4.55977
  -2.21346
  -2.47202
  -1.75345
1
1
50 50
    0.777898      2.46789     0.412641    -0.843493     -1.84846      0.76127     -2.86374      1.20686     -2.65076    -0.432907  -0.00314092    -0.463481     0.140134     -2.40021    -0.804154      1.71925      0.65179     0.393734     -1.08994     -1.78946     -1.55076     0.307814     -1.03333    -0.435559    -0.807913     0.737933      1.16545      1.73814     -1.24338     -1.48039      2.37472     0.130061      0.12979      0.18074    -0.352896      -2.7095     0.467435    -0.255382    0.0763078     0.191842      -1.9855      1.66745   0.00344168      1.00621      1.17418    -0.536932     -2.34711     -0.79107     -2.02826     0.781398
     2.18482    -0.739532     -2.65024     0.440445     -1.89479     -3.34145     -1.18935    -0.636901     0.327872      2.03383     -1.22524     -1.43054      0.20536    -0.484696      1.02977       2.0088     -0.59184      -1.6005     0.418739     -1.35188     -1.61853    -0.781431      1.31831     0.432458    -0.577268      -1.3695    -0.599822     -3.07814    -0.438728     0.771726     -2.01298      1.51186     0.480741     0.564262     0.876893     -1.31467     -1.15709     -1.07717      1.21375      1.65773    -0.150178     -2.19877      1.09863    -0.341115  -0.00486947      1.94507    0.0612832     0.865815      1.29076      2.49352
    -2.04339      1.28328    -0.650841     -1.19713    -0.910891     0.472775     -1.92365    0.0780683     0.167093    -0.340324      1.42798   -0.0384382    -0.531319      1.37284     -2.00986     0.244002     0.328094    -0.454963    -0.994518     -2.07696    0.0199468     0.763609     -2.79462     0.466777     -1.59521     0.271386      1.29886    -0.340953      1.24856    -0.716122     0.851703     0.762958      1.14461     0.150132    -0.398076     -0.74921     0.457815     -1.45224     -1.30262     -1.35612      1.43942    -0.155402     -2.76962    -0.408645     -1.85715    -0.781043    -0.469889      1.59998   0.00760562    -0.367225
    0.143669      1.15553    -0.958187    -0.519457   -0.0989061      2.57368    -0.621032     -2.53389     -1.82844     -1.51932      1.48476     0.940002    -0.684095    -0.336893      -1.3269     0.643961   -0.0371613     -2.16383    -0.721433      1.60115     -4.72967     0.327731     -1.48255     0.333388      1.56892     -1.70846     -1.29083     -1.77528      3.16972     0.529907    -0.355665    -0.128346     -3.69473     0.834492      1.24953     0.880554     -2.75025     0.656187      2.03829    -0.494928     -1.91771     -2.12353     -1.22308     -2.34224     -1.15842     0.433351     0.580756    -0.696868     -1.90822      1.23946
   -0.335346   -0.0321751    0.0251942    -0.063685    -0.810219     -1.21243      -0.7506    -0.215268    -0.860124    -0.620732    -0.493236     0.352707    -0.292276    -0.425969     0.673792     0.119741    -0.196343     0.355943    -0.151778   -0.0213765    -0.240728     0.148982    -0.920914    -0.308906     -0.51378   -0.0432672  -0.00799037     0.727169     -0.65361    -0.618182    -0.101742     -0.61251     0.323955    -0.799267    -0.367034    -0.327833     0.320494    -0.069629     -1.02656   -0.0111001     0.956285     0.502214    -0.196331    -0.304947    -0.488081    -0.432439     0.574449    -0.424092    -0.133079    -0.372599
   0.0811368     -1.49964     -1.37456       0.3233    -0.143886     -1.17252     -1.63746     -3.26786    0.0901537   -0.0487179     0.633502      1.46677     -1.50941    -0.815365    -0.773818     0.760251    -0.201464    -0.221352    0.0572944    -0.821284    -0.129909     0.651777    -0.874271     -1.71058     0.769135     0.596287    -0.103053    -0.865757      2.15503   -0.0976276      1.75553    -0.215043     -1.42392    -0.354301     -2.11885     -1.32887      1.39917     -2.53364     0.401525      0.16954    -0.247732     0.181851     0.460447     0.737141     0.474582       1.2758     -1.92663    -0.754981    -0.141488     0.204891
    -2.42184     0.424386     0.205908     0.310926     -1.72385       1.2614     0.470403      1.01468    -0.596096    -0.782346    -0.711432    0.0268152     0.861827       1.3739     -2.53714     -1.73331     -1.40831    -0.435226      -1.1478     0.740091     -1.30229     -1.90546    -0.467196   0.00228087     0.461865     -2.09309    -0.794394     0.883117    -0.989496    -0.322941     -1.85021    -0.252548    -0.920199    -0.220195    -0.350274    -0.657832     -1.15646       1.3209     0.187749    -0.231974    -0.226334    -0.832046    -0.985477     0.952629     -1.83247     -1.82854     0.921768    -0.385082     -1.67212     -1.40534
   -0.300866    -0.771259     -1.16711      1.90792      1.86273      -2.5801   -0.0530168    -0.192462     -1.45249     0.733802     -1.96675     -1.43855     0.014067      1.86985   0.00338741    -0.312167     0.967169      1.44004    -0.242129     -3.03133     0.136491   -0.0717703     -2.79283     0.272236      0.42703    -0.603399     0.586417     0.198879     -0.77833    -0.311789      2.21919      1.13037    -0.347924     -0.30698    -0.479269     -1.73038     -1.63834      3.16556     -1.25907      2.07565      1.68891    -0.387896     -1.77664     -1.07122     -0.37096     0.103747     0.224325      2.74133     0.717369    -0.357719
    0.324488     0.720523    -0.812417     -1.90907     0.166391    -0.213951    -0.273123    -0.218958    -0.651497      2.34856     0.779684      1.03061     -3.38444     0.419978      2.98871     0.718604     -3.32592     -1.92021     -3.14372     -1.52003     0.492995      1.54957      1.14781        2.075     -2.10843     0.915612    -0.902425     0.349769      -1.6457     0.232775     0.195906      3.17956   -0.0140244    -0.906631    -0.379667      1.05516        1.713    0.0513076     -1.55502     -1.34486     -2.86584      1.28272     -1.14973     0.619813    -0.895896     -1.22981      3.67946     0.431244    -0.743498      1.07839
    -1.97648       1.6549      1.77224     -4.06268     0.146494    -0.691333     0.639577      2.87518    -0.501165     -1.44609      1.93049      1.20546      -1.1622    -0.930241   -0.0727406      1.24653     -1.18018     0.678338     0.044056      1.43123      2.90428      2.56239    -0.983575      2.09484      1.09924     -2.69326    -0.665392     -1.37892     -1.46267      -1.5124     -4.53035      1.26506     -3.73664      -3.4901      2.07181      -1.3515      1.26222      2.82695     0.436523    -0.198125     0.839335     -1.99649      1.00003      -1.4957    -0.506522      2.40153     -2.27411     -1.57845     -1.84831     0.582311
    0.685233      2.07706      1.11751    -0.799258     -1.51627      2.03574     -1.57708     -1.25829    -0.869688     -1.80777     0.330932     -2.83731     -1.41843     0.966783      3.43779     -2.14961     -1.35345     0.510079     -1.61906     0.943862     0.500776      1.72958     -2.34592     0.163391     0.808798    -0.943238     0.868894    -0.841632      2.60386    -0.794191    -0.257069     -2.23278      -2.8898     -1.82765      -1.1566      1.46033     0.101984     0.219986     -1.75349     -2.65307    -0.609016     -2.42911    -0.681346     0.124633    -0.896889      2.12144      3.38893    -0.655358    -0.864323      0.91212
   -0.515399     -1.67879     -1.23633    -0.480737    -0.273913     -1.07471     0.762627    -0.250875     -1.16699      1.12041    -0.623421     0.150228      0.48934    -0.692065     -4.94398     0.407652     0.488212     0.244367     -1.19148      1.57898     -1.32967     -1.18027     0.633465    -0.266928   -0.0878859   -0.0744168     -0.97245    -0.922959     -1.09266      1.07213      1.64079   -0.0500301     0.663963      1.39861     0.443146     -1.59917    -0.961378    -0.586193     -0.12193     0.800065    -0.143308     0.428348    -0.342977     0.606706     -1.77718     -1.69893     -0.27668    0.0811124     0.881126     -1.29367
     1.36764     0.868179   -0.0172601     -1.50123    -0.466391     -1.88136    -0.902805    -0.627527      -1.4521     -1.82665   0.00783948     0.532369    -0.340596     0.631435    -0.993072      1.76093    -0.423636     0.881989    -0.387328     0.889201    -0.137016     0.918193     -1.59636      1.41469    -0.901636    -0.148152    -0.705159     0.394013     0.248012    -0.598178       4.0768     0.255288    -0.142697     0.352934     0.275796      -0.3813     0.699123    -0.493662    -0.495661      1.21706    0.0634837    -0.545866     0.980006     -1.27943    -0.815519     -1.11348     -2.91609    -0.100152    -0.985225   0.00976979
    -1.49727     -1.89488     -2.09465     0.464711        1.816    -0.203994     0.731342    -0.472975    -0.572947    -0.764472    -0.718595     -1.16991    -0.356986      0.29379    -0.370752   -0.0288793     -1.46817      1.60413   -0.0932547     -2.31615     -1.80754    -0.983022    -0.783276     0.693117     0.653091     -1.89689     -1.43384   -0.0252919     -0.17408      1.91648     -0.46264       2.3394     -3.15057     0.511672     0.421623     0.278478     -2.20711     0.668534      0.72601     -1.15432     0.935642      -1.0933    -0.240929     -0.61771    -0.852969      1.63873    -0.283546     0.666817     -3.46888    -0.573194
    -1.99873      2.29238     0.066614    -0.719723      -2.7185     0.688294     -0.12889    -0.589195       0.2687    -0.847146     -0.19914      2.04405      1.37758     -1.88818     -1.54841      0.12787     0.405736     -1.50075     -1.43724     -2.22305    -0.974017     -0.19077      1.32917      0.30334     -1.54402    -0.152303   -0.0426473     -1.10547     -1.04839   -0.0055008     -1.17903      0.31495     0.753046   -0.0956106    -0.433272     -1.61911     0.673149     -1.95579     0.609894    -0.235198      -2.0229     -1.01587       0.4622     0.473334     -1.21391   -0.0683507     -1.74742     -2.24794    -0.140819    0.0642947
    0.699879     -1.36744    -0.612326      1.80133     0.192859      -2.4166    -0.934443    -0.325824     -1.18388    -0.111118     -1.84489     0.443144     0.434237     -2.62168     0.417352       1.6235    -0.527522   -0.0822146   0.00613966    -0.559175     -1.98597     0.269331     0.828056     -1.58231     0.663949     0.746297     0.983575     0.781129   -0.0257942     0.559064    -0.149286      -1.3942      1.88429     0.128901    0.0827238     0.237066    -0.958382     -1.26253     -1.83796      0.60412     0.323592     0.321229    -0.852266    -0.366086     -1.60903     -1.91146      1.38439    -0.192436    -0.867597     -1.16448
   -0.308427    -0.215837    -0.329745   -0.0774656    -0.190006    -0.102004    -0.259223     -0.42492    -0.177901    -0.273369    -0.212211    -0.190061      -0.5558    -0.174528    -0.428498    -0.192171    -0.128242    -0.243545    -0.319205    -0.116506    -0.477423    -0.242475    0.0899728    -0.416255   -0.0790569    -0.290733    0.0236265    -0.090357     0.086037   -0.0610358    -0.251437    -0.294813    -0.383786    -0.319864    -0.151735     -0.33304    -0.304661   -0.0840653    -0.442034     0.135056    -0.296945    -0.162061    -0.432951    -0.301956    -0.254963    -0.217721    -0.100066    -0.434865     0.106453    -0.105536
    -1.43232     0.935278     0.722881    0.0545097     -1.71043     0.433592    -0.640599    -0.318798    -0.564629     0.484915      1.29744     -1.11895     0.811901      1.29792     -2.51601      2.63449    -0.229069      -1.7134     0.123549    -0.751918     -2.21571    -0.994492     -1.46879      1.73717     -1.17255     -1.05787       3.9886     0.057715      1.66881    -0.166316     -3.12254       1.2344    -0.992038     0.423139    -0.181686      1.20813    -0.136133    -0.481721      1.62455    -0.917286     -1.25757   -0.0636151     -2.35104     0.203535    -0.762025     -2.30504    -0.734711     0.491785      1.81188     -1.24582
   -0.358615      1.43846      1.08315    -0.619601     0.219058      1.42099   -0.0175836      1.21753     0.363158    -0.221562     0.671914     0.411037       1.1356     0.266742    -0.776197     -0.53057   -0.0119418    -0.523133     -1.54848      1.59512     0.276098      0.13695     0.790563     0.987335    -0.109201    -0.818679     -1.23962    -0.447279     0.476929     0.703309    -0.332486    0.0837222     0.186826      0.49542    -0.146134     0.462706    -0.103957      1.22976      2.20557    -0.446774     0.686275    -0.509883     0.312026      1.34092     -1.56647     -1.05313      3.52738    -0.104422    -0.126048     0.140616
    -1.53909     -0.69575     -1.86892      2.54875    -0.635529     -2.12376     -1.71949     0.352848   -0.0525509    -0.258242     -1.41295     -2.43682      1.03791     0.445028      1.53284    0.0733232      1.69194      1.63687      1.47443     0.107544      1.10102    -0.109501     -1.66766    -0.273497      2.52671     -1.81538      2.50497    -0.635476      1.92295      -1.5348      0.58255     -1.61508    -0.247751     0.761718     0.820445    0.0195206     -2.68736       1.2082     -1.76074    0.0371938     -2.27558    -0.990586      -3.1586     -1.55032      1.84927      1.50456      1.68492     -1.07937     -0.10272     -3.21748
    -1.74931     0.507077      1.23321     -2.53831    -0.404757    -0.776663     0.795019    0.0332215    -0.375176    -0.194242  -0.00822608     0.909949     0.118843    -0.623993      -2.1163    -0.693213     -1.69387     -1.94254     -2.76243     -1.10732     0.677023    -0.279545    -0.630074      1.07131     -2.73763    -0.746085     0.197786    0.0421285    -0.726868     -1.70094     -2.05568      2.21715    -0.557529    -0.337607    -0.857329     0.433476    -0.847721       1.7883      2.78452    -0.781575     0.330031     0.660621    -0.653247      1.03458    -0.182385     -2.81655    -0.999344    -0.013183    -0.924427    -0.353141
    -2.29592     0.770002      -1.8419      1.56267     -1.97449      1.43271    -0.205697    -0.976346      1.15244     -1.68877     -1.19689     -1.62087    0.0791931      1.16864    -0.287893    -0.360017    -0.714926    -0.419846    -0.607844     -3.14438      1.00862      -1.3273     -1.45778    -0.676488     -1.43301    -0.845631     0.245116     0.320983    -0.621931     0.577984    -0.044017    -0.099233     0.588168    -0.689677      1.43892     -0.14664     -2.84461    -0.606863     -1.90955        1.031     0.366271     -1.05656     -2.36175      -1.2111      1.78019    -0.525329     -0.22078    -0.106463      1.64208   0.00807417
   -0.279783     -0.33886     -0.43993     0.220068    -0.320326    -0.476324    -0.349783    -0.123882    -0.258715    -0.348716     -0.32253   0.00827412    -0.711855     0.142404     -0.18876    -0.230219      -0.4801   -0.0981599    -0.414554    -0.144039     0.147888     0.124944   -0.0561888     -0.01617     -0.37772    -0.112351     0.125375    -0.312056    -0.221862    -0.864127    -0.184038    -0.140027    0.0491941    -0.238754     -0.16868    -0.169501    -0.071801    -0.167004   -0.0691132    -0.324918    0.0566171    0.0773819    -0.140533    -0.118912   -0.0301906    -0.539884    -0.212093     0.100807     0.157112    0.0494632
     -1.3561    -0.639192     0.165639     -1.05059     0.113087      1.14813     0.592144      -3.2514     0.700366     0.555428     -0.46592     -2.88962     -1.73175      1.74605    -0.462471     -4.83792    -0.313974     -1.62455      0.39881     0.384191   -0.0481409     -1.10027     0.763223     0.794328      1.58444     0.234563     -1.44894      1.05498     0.304668      1.35794     -1.93995     0.149612     0.624746     0.296281    -0.943369      1.79071    -0.523856       1.2009     -1.67972      -1.0184   -0.0861848     0.847467     -1.59103      -0.5147      1.43457     -0.38867     -2.16731      2.30615     -1.36693     0.692157
    0.490046     0.368359    -0.865316     0.295601     -1.42583      1.57968     0.780212     -1.76277      1.77113    -0.533997      1.26688      1.49046     -1.60349   -0.0778152     0.114026    -0.190143     -2.34931     0.552822     -1.73032     0.925174    -0.336746      1.35496    -0.128506    -0.571323     0.680457      1.75703     0.278796    -0.966779      1.40734     -2.11051     -1.37794   -0.0317043    -0.736817     -1.21578     -1.68003    -0.790217      1.46491       -1.074      -0.2411     -1.15377    -0.691139    -0.154533     0.615995     -0.19488     -1.19283      1.79896    -0.953061     -2.15636     0.491813      1.71523
    -2.92693     -1.11248     -1.81979   -0.0815655    -0.391551    -0.753267      1.49872    -0.126704     0.754738       -2.333     -1.31782     0.259142      1.35947      1.65212      2.31607     0.749076     -1.55349    -0.576776     0.954548     -1.45921      1.27281     -1.34321    -0.672189    -0.922924     -1.41314     0.531958     -2.07298     -1.29578      1.33728      1.06926     -1.42069     0.648149    -0.139777     -1.25737    0.0729733    -0.871244     -3.04617    -0.581146    -0.907685    -0.536869     0.583191     0.335449    -0.112742    -0.534909    0.0611597      1.58816      6.13105     -1.55963      1.67774     -1.97127
     2.58631   -0.0081985      1.24934     -1.25905      1.21064      0.59898     -1.41183     -1.83179     -0.82703    -0.154817      1.94204      1.58088     -1.69077     -1.51222      1.20375     -2.92231      1.15876    -0.154599     -0.34925     -1.36125     -1.67222     0.873366    -0.117112    -0.023013     0.536615      1.10506     -0.76208     0.362947     -1.50206     -1.58512       1.4257     -1.97966     -1.65348     0.749137     -1.14213    -0.339541      2.10947     -1.73775    -0.415396     -2.00163     -1.09624    0.0376406     0.645559     0.935883     -1.15863    -0.686942    -0.451422     0.365997     -1.00566      2.61581
    -2.31477      2.11524      3.57103    -0.467958     -1.16114     0.451239     0.159376     -1.72394     -1.27493     -0.63093     0.458997     0.535233    -0.583956    -0.245533   -0.0709872     -2.31558      1.76443      1.89666     0.554954      1.33042      1.26321      1.26275     -2.49791     -1.40943    0.0437781     -0.63796     -1.63262     0.628598     -1.85504     -2.63118     -1.76552     -4.39232     0.143707      1.61555     -2.18505    -0.954918      1.48838      0.50236     -3.74384     -1.89862     0.498722      1.52995     0.464556    0.0782967     0.340871    -0.859998      1.74681     -2.00458      -1.3547     -2.92061
    -1.55285       -1.767     0.445369      1.79805    -0.491433   -0.0323815    -0.606362     -4.19249       2.8447       1.1999    -0.515499     0.199409     -1.21868    0.0144417    -0.464282     0.272109      1.45165     -2.12982      1.29637     -2.72267     0.707235     -2.23975     -1.14601     -2.07948      1.67443      1.22724     0.570635    -0.475995    -0.727117       1.6191     -1.65381     -1.54979      1.45207     0.927844   -0.0514264     -2.24692  -0.00441737     -2.89168    -0.753929      -1.2131    -0.785025    0.0675831     -0.39388      1.29599      1.23089     -1.78392     0.980537      1.18034     0.194581     0.518561
    0.330029     -1.05305     -1.12752     0.476648     0.317581    -0.354663    -0.623967    -0.197901  -0.00682545    0.0577667     -1.23516    -0.822677    -0.286932    -0.789867     0.432231      0.52052     -0.25904    -0.576542    -0.189704    -0.471878     -1.37299    -0.613944     0.528778    -0.281746     0.595135    -0.285526     0.578267    -0.585247     0.535666     0.731252    -0.394503     -1.36322    -0.091416      1.00463     0.208267     0.600456    -0.959937     0.164331    -0.736567    -0.110893    -0.306603    -0.555986    -0.539361     0.542723    -0.995954     -1.17751    0.0960061     0.978025   -0.0406666     -0.11674
    -1.66566     0.634778    0.0446074     -1.30809     -1.36846      0.14303    -0.581343     -1.84457  0.000418208     -1.58246    -0.200984     0.750165     0.998346    -0.880171     -1.70722     0.256812      1.23652      -1.6067    -0.523448      1.28285     -1.37863    -0.925931     0.867396    -0.575934    -0.271978     0.469648    -0.577784    -0.779066     -1.04228     0.400334     0.618238     -1.03476     0.159604     0.367491    -0.184096     -1.77395    -0.957781     -1.78305    -0.530047     -1.34049     0.162761    -0.251909     0.264883      0.82481     -1.58833    -0.542205    -0.232821     -1.71962     0.635692     -1.67917
     1.32369     0.526901    -0.801572     0.344664   -0.0639448    -0.927782     0.824291     -1.61522     0.748538      1.43744      1.71196      2.10847      -2.3251     0.733677     -2.26295     0.886286   -0.0999844      1.16879    -0.182209      1.88162      2.34392     0.742157    -0.620025      1.53347     -1.29295     -1.69126     0.128583      -2.7335     0.674838     0.554765     -2.71527     -2.77968    -0.181869    -0.301605    -0.937919    -0.573374      1.26083    -0.404763     -0.36032    -0.422301     0.695952     -1.12576    -0.252323      1.88886     -1.11422     0.178162     -3.62027      1.70137     -2.94348     0.943135
    0.543108    -0.294801     0.375739     -2.89932    -0.983473    -0.120893     -1.01672     0.086733     -1.54101     -1.19481    -0.739714     -1.26145     -1.70397     0.857459       2.2564     -1.96541    -0.615222     -1.97155     0.515253       -1.112     0.616105     0.197097     -2.07971    -0.500092    -0.991395     0.910614     -3.03182     0.792156     -1.33793     -1.10823    -0.375749    -0.600414    -0.644572      -1.4861     -1.06269      1.31427     -1.45805      1.57735     0.318112     -1.51046    -0.355752     0.564948    -0.765922     -1.57503      0.63255      1.12795      1.56127      -1.3584     0.156183    -0.799986
    0.361379      3.02975     -1.35039    -0.931143     -1.54946      1.78029     0.623612     -1.11994     0.809898     0.294911     0.251459     -1.70863      1.73362  -0.00567694     -2.12772    -0.173431    -0.722036     0.347693     -1.69587     0.512605    -0.686905     -1.87829    -0.148838     -1.41315     -2.70391     -1.60978      1.22702     0.219513    -0.714729     0.535938     -1.37193     -1.45904    -0.589461      1.73724     0.635985     0.217795    -0.320146      1.15537     -1.20499    -0.637698    -0.165599    -0.651386     -1.64937    0.0363176     -1.50391     -2.12953     -1.89464      1.50261      1.36933      0.92036
    -1.73649     0.361088      -1.1591     -1.53587     0.628254     0.784139     0.724453     -0.63832      0.92938     -1.73632    -0.423008      -1.2335    -0.210736    0.0992513     0.120397     0.561226     -1.34691      1.07527    -0.473921      0.29353     -1.30367     0.412893     0.440542    -0.330508     0.497681    -0.662858     -1.71283     -0.42382     0.638281    0.0221067    -0.755031       1.4389     -1.83745    -0.784148     0.625435     0.055105     -0.88411    -0.330207    -0.146142     -1.01551    -0.539026     -1.41106   0.00369404     0.547769     0.619682      2.02915      1.03522     -1.37223      -1.3072    -0.356742
    -1.99937     -1.66597     -0.82486      2.73472    -0.882803      1.71724      -0.1808    -0.438893    -0.785675     -1.32533     -1.31096    -0.318813      1.42997      1.21091     -2.30119      2.06913    0.0956642    -0.257071     -1.52479   -0.0652652    -0.482573     0.416114     0.248503     -2.72788     0.383066    -0.321886     0.365239    0.0164925      1.41577     0.599414     -1.05991     0.163998     0.367293     -1.23673      1.50844     -1.50181     -1.28827    -0.767277     -1.58013      1.65715      0.77263     -1.42418     0.261458     -1.36706      0.52024    -0.071597     -2.09499    -0.235706      2.55959     -3.09377
     2.32503    -0.726826     0.552153     -2.13163      1.20696     -2.81195     -1.02969    -0.628711     -1.49252      1.29054  -0.00262605      1.71159     -2.35965     -2.26741      1.80744     0.874032  -0.00403346      0.48598     0.355301   -0.0133758      -1.1278    -0.346635     -1.14768      1.03988     -1.06167     -1.05889       5.1607      1.85813     -2.74173     -2.26598     -1.05951     0.257479     -2.31831     0.529758     -2.54022     -1.30189      2.89284     0.532547     -2.55467     -1.08782     -1.11555     0.530476    0.0975628      1.28452      -1.7374    -0.375738      3.02557    -0.577295     -3.25733    -0.367985
    -2.51094     0.238464      3.26972     0.855902     -1.24521     -0.74835    -0.134218    -0.739399    -0.811386     -1.22968    -0.305679     -0.59317    -0.318308    -0.228622     -3.12084    -0.979203      2.27184       2.0719      1.71152     0.132132    -0.145099    -0.799756     -1.64793     -1.36985      1.15567    0.0401464    -0.505283    -0.473979     0.700158    -0.334976      1.56787     -3.27306    -0.595561      2.36296    -0.139832    -0.646843      0.20841     0.536473     -2.75341     -1.03061     0.206666     -1.24376     0.794008     -1.88104     0.988794     -0.59344     -3.82313    -0.710654     0.369553     -0.66162
     1.09883     -1.25329     -1.48253     0.905709     0.932933     -2.24582    -0.498377     0.135569    -0.923671      1.73708      0.59611       -1.474     -1.94335     -1.75081      2.04375    -0.796982     0.455788     0.781892      -2.2942     -1.92382    -0.242719     0.856196     -1.53107      1.53261       2.8604      1.59636     0.979939      1.87032     0.609834     0.663278     -2.23433      1.23853     0.248537    0.0260529     -1.02197     0.381777    -0.679189     -0.59585    -0.669976     -2.27976     -1.69324        1.931    -0.397493    -0.194117     0.403264    -0.211522      -5.2588     -1.36545     0.736412       1.3817
    0.363855      -2.4521    -0.637952     -0.55909      1.38243   -0.0248303      1.17106     0.844807    -0.400624    -0.983288     -1.32114    -0.810164     -2.83725    0.0718819     0.899432     0.184539    -0.365599     0.894704      1.02484     -1.48269     -1.16679     0.265265     -1.04706     0.255099      1.11209      1.75831    -0.984089      2.01755     -1.50219    -0.844514      1.20447      1.06949    -0.221911     -1.69721    -0.242249     0.918496     0.155237     0.819153     -1.11682      1.22828    -0.939133      1.58515    -0.465137    -0.265809     0.792467     0.116639     -2.11144     -2.30291    -0.954618    -0.547046
  -0.0435269    -0.515301    -0.232207     -1.09632   -0.0700693    -0.374033     0.990434    -0.188031     0.835444    0.0913937     -1.50292      1.30985     -0.38828   -0.0905162     -2.32389      1.39981     0.320841    -0.197719      2.58916     0.192463    -0.244999   -0.0273112     -2.37018    -0.450706    -0.567195     0.147295      3.84646      2.96453     0.610767     0.194715     -1.43413     -1.12233     -0.19978    -0.250138      1.53608     0.204583     -1.13225 -0.000256487     -1.89458     0.513469     -1.31389     0.305993    -0.356833     -1.03206     0.583936     -1.85547     -4.95078     -1.85034      2.00007    -0.795525
     1.31589     -1.41525     -2.82123     -0.34104     0.288777    -0.192137      2.44066      1.72387     0.255497    -0.440294      -1.5423     0.601731     0.195345     -0.44734      1.85892      2.31039     -0.86985     -2.46414    -0.125607     -1.38162    -0.938917     -0.58655      1.46281       -1.219     -1.52197     0.306898    -0.398971      1.28642    -0.807859    -0.407528      2.54713     -1.26749     0.825882    -0.279863      2.22323     0.424831     -2.58055     0.831134     -1.02116     0.791165     -3.30947    -0.524889     -3.26457    -0.738189     -2.07213     0.726434     0.121312     -0.06986    -0.159957   -0.0286065
    -1.23088    0.0684286     0.767822      -1.6154    -0.220757     -0.26193     -0.48159     -1.31151    -0.559951     -2.13613    0.0317103      1.52711    -0.397733     -0.23562    -0.218837     -1.38808     -1.35664     0.600603    -0.599122     0.786289     0.710218      2.19622     -1.96554     -1.05133     0.899967      0.22312     -3.23177     -1.26971     0.707347      -2.2564    -0.200203     0.505167    -0.376343     -3.33399      -1.3546     -1.18472     0.968161      0.14659    -0.242684   -0.0730523     0.537525     0.205339      1.14331    -0.748374     -1.28254     0.678542     0.377632     -1.31812     0.922518    -0.382057
    0.295387     -1.28942     -1.52956     0.947023    0.0194339     -2.30646     0.485185   -0.0348507     0.534015      -1.9512     -1.14371    -0.551056    -0.485578      1.12946    -0.184469       1.0191     -1.66505    -0.224483     -1.09302     -1.12817     0.853258    -0.598727    -0.564263      1.63531    -0.660856     0.103843      1.08523     -1.53556     0.127276    0.0943993    -0.337176    -0.566646       1.3132    -0.766364     0.151321     0.493828     0.477894   -0.0754459        1.073    -0.747102     -1.15765    -0.420652    -0.221344   -0.0417759    -0.455845     -3.80714     0.930064      1.23227    0.0309467      -1.0806
   -0.612962     0.728627     0.429193      -1.9155      1.73013    -0.615798   -0.0343854     -1.75636     0.167655    -0.346702      1.05259   -0.0206034     -2.54335    -0.744303    -0.107165    -0.895511     0.389979    -0.798375     -1.60203     -1.96809    -0.189491      1.04766     -1.99918      1.17316    0.0906959     0.235383     -3.24235      0.68409    -0.359022     -1.08767     -1.15624      1.15837     -0.17249       -1.946     -1.49553     0.610204      1.71553      1.07215     -1.92848     -2.82154      1.62301      1.10754    -0.717832     0.637102     0.702781    -0.493216    -0.684091      1.52748     0.827811     -1.56338
    0.453946    -0.536933     -0.81853    -0.780152     0.354641      0.17746     -0.68919    -0.702137     -0.18361     0.185479     0.620971     -1.26144    -0.698831   -0.0743535    -0.688218     0.565674    -0.166434   -0.0176042    -0.290288    -0.796595     -1.10436    -0.195321   0.00950465     0.319616    -0.296164     0.147961     -1.12744    -0.282616     -0.23615     0.988116    -0.627173    -0.521382     0.107512     -0.80265    -0.175924    -0.238165     0.343994     -1.05124    -0.198594     -0.63942    -0.466462     -1.04056    -0.355983      1.85159    -0.491747    -0.550464      0.36489     0.913864    -0.431764      0.71625
    0.113149      1.96497       1.2075     -2.21089     -4.21808      1.15938     -0.52928     -1.57525     -2.35784      1.87055       1.0006   -0.0468055     -3.49859    -0.657587     0.306503     0.655618    -0.756411     -1.31035     -1.48819     -2.09605     0.757941     0.362449    -0.285245     0.432618     -2.68349     0.143108     -1.28334      -1.7175     -1.30462     0.278235      3.21811     -1.59422       -1.502      -1.3472     -2.56977    -0.547352      1.10853    -0.722138    -0.246582    -0.754753    0.0237308    -0.254884     0.870968      1.26111     -2.41966    -0.404802      1.78545    -0.139262   -0.0828509      2.83784
    0.874532    -0.733386     -1.06362     0.308302    -0.522261      -2.8875      1.52586    -0.943433     0.204524    -0.204138     -1.43056     0.109688     -1.61077     -2.00292      -0.6058     -1.33786     -1.10214     0.820788     0.160093      2.64999     0.602479      1.01783      2.21541    -0.384364      -0.9576      1.48465      -0.2475     0.529149    -0.625613     -1.76722      1.25948     -1.51289    -0.670995    0.0409127     -1.88416    -0.427304     -1.28435    0.0356436     -2.39746      1.60405     -1.55721      1.93314     0.269129    -0.865789      1.72205     0.285612    -0.219687     -1.85527      0.38172    -0.996381
    -1.15925    -0.553256     0.705796     0.554074      1.47477    -0.900475      1.98657     0.372731     0.177783     -1.21922    -0.501761    0.0906363     -1.32469     -2.47127     -0.55826    -0.791789     -1.79546      1.04149     -2.04653      2.72852   -0.0810209     0.614395      1.87688      0.91139   -0.0367492    -0.519402     0.769807    -0.332697   -0.0268459     -1.10921    -0.102623    -0.561081     0.511786    -0.228091    -0.766007      2.17189     0.350116     0.954403     -1.13388     0.707181     -1.11134    -0.341252   -0.0938359    -0.975688     -0.79631    -0.385249    -0.550847     -0.42489    -0.815371     -1.70962
    -0.38602     -2.00871     0.665199     0.238216     -1.20259     -2.61788      1.28536    -0.987715     0.576926      1.11862     -1.06875      0.59014    -0.600325    -0.968146      1.03463     -1.26716     0.126829     -0.76134      1.04436     -1.73427      2.34929     -1.66268    -0.220149    -0.849147     -0.71073      1.06148    -0.734481     0.801571    -0.271975    -0.489085    -0.210724      0.47585      2.95668     -1.36308     -2.39881     -1.96864    0.0579807     -2.13941    -0.114518     -0.67534     0.258671      2.15988    -0.417104     -1.46266     0.352475    -0.520197    -0.649702     -2.26216      1.79965    -0.666468
  -1.30962
   -2.0864
   1.30661
   1.85799
 -0.104691
   -1.7329
   2.22051
  -3.14851
  -2.17634
   1.28038
  -2.15154
 -0.649937
 -0.699188
 -0.522013
  0.402828
  -1.01268
-0.0723571
  0.153945
   2.06795
  -1.82531
    1.0746
 -0.159842
 -0.208248
  0.320906
   -1.1668
  -2.60604
 -0.865926
  0.863247
  -1.01866
  -2.20868
  0.194045
   -1.5235
  -1.02336
  0.997798
 -0.664134
 -0.954404
  0.596173
 0.0727315
 -0.859648
 -0.536057
  0.676053
  0.248018
 -0.670066
  0.118711
 -0.863738
  -1.03795
 0.0388035
  -1.64961
 -0.372508
  -1.71543
1
4
50 10
    -1.55855     -8.56219     -1.53287      2.92353    -0.574844     0.604949     -2.73424     0.636569     -2.54988     0.575342      2.20763      2.31739     0.233313     -1.87018     -2.37351    -0.248868    0.0629276      -1.4722      2.64625      1.63946      2.61597    -0.879587     0.171152      3.33319     0.662538     0.633658      2.80395     -11.6507    -0.119326    -0.401927     -2.54711      2.07387      4.46073  -0.00776658     0.307687      2.34118     -1.63053     -4.33659      2.86936     -3.13182    -0.122173     -7.14626     -1.28693     0.815069      1.04276   -0.0395445     0.763934    -0.153665      3.25454      3.03094
    -3.99596      3.04865     0.422472    -0.320382     0.426378     0.331325       2.1503      1.19387     0.964242      2.63793      1.22228     -1.16947     -7.97592      3.24348     0.135292      3.09043    0.0980296       3.5763     0.106796    -0.373303      3.39711     -1.73566     0.491071     -8.04225      3.50472     0.896325    -0.422592      2.43285       1.2282     0.552199     -0.34101      2.52165     -2.24966    -0.474886    -0.957917       1.4704    -0.630557    -0.212851      5.50999        -1.01     0.187477      -3.3548      5.41613      1.52263      1.96839   -0.0925481     -3.03191     -1.79926      1.72449      0.78069
    -2.56505      1.08087     -2.16448      2.47489       0.1562      1.12736     0.605371      2.41838      1.57253      1.20686     -2.32352      1.31364      1.72732      2.35514     -0.67194    -0.927972    0.0172408     -2.94532     0.602664     0.592944     -2.83056     -3.26188     0.170162      3.03788     0.712689     -6.48491     -1.04143      1.56899      1.66882    -0.501342     -1.41938     -4.47584      2.00855     -3.74502     0.299343     -4.80233     -7.84015      3.05558       1.6784     0.286886     -3.88514    -0.208481      3.33624     -1.74443     0.901573   -0.0323268      2.46534     0.153198       1.7413      1.60087
     1.67208     0.790499      5.37272      1.11195    0.0865486     0.796328    -0.603434     -9.99901     0.334257    -0.426249    -0.908954      0.53125      4.49383     -2.03308     -3.00356     0.717809     0.348403      2.97066    -0.375255      2.43326       1.8666      4.27663   -0.0222402    -0.417424     -6.90666    -0.971526    -0.497331     0.452848      2.13426     0.849848      1.50662     -1.20555    -0.313028    0.0598015     -1.97097       2.2961     0.637605      1.75287     0.946038       3.2176       1.6722      3.42983     0.914136     -2.83848      6.07177    -0.114529     -1.33248      2.32172     -0.51662    -0.122707
   -0.837485    0.0658705     -1.11406     0.986788   -0.0533563    -0.955984     -2.60897      2.56222      3.78183     -3.86435      7.74021     -8.70216     -1.79882     0.156179     -1.93251     -1.17193    -0.117074    -0.974156     -4.53125      3.44558     -2.57502      -0.2154    0.0223987     -2.13844      0.81293      4.14328      1.57003     0.155326      3.35327    -0.723086     -2.68944     -5.09798       1.5545    -0.577791    -0.499856     -4.17621      1.96224     -2.49476     -6.52859     -1.89103     -4.84283      3.09111    -0.892322   -0.0722985     -2.55511    -0.554051      1.87514      3.28205      1.57846    -0.770645
     6.58278     -2.79217     -5.29579    -0.156558     0.386355     -2.26722       2.8589     0.972742     0.972322      1.26361     -1.41753    -0.600168     0.921691      2.23943       6.0112      1.30423      0.36809    -0.246912    -0.488262     0.149396      0.56814     -3.78129      0.15113     0.795269     0.890801      1.35363     -0.77845      2.43889      1.89964    0.0833767      3.56045      -1.7331   -0.0236619      1.25242      2.58374      0.71305      2.02983      2.54505      3.17954      2.54693       2.4614       4.6894     -2.45282    0.0722931     -3.47784     -0.62559     0.356296      -4.6147     -7.81429      2.46694
    0.413523      2.51096      2.65297     0.527051     0.402688     -2.56764     0.163127   -0.0769902     -5.12739     0.935397     -2.19236      3.37279      2.67781     -1.84112     -1.69129     -1.40117    0.0208223       1.2857      2.38903      -8.2516     -3.32456      1.30246    -0.269225      2.81418    -0.438523    -0.290284      0.48434      3.09345     -1.00453 -0.000182927      2.39487     0.286412      2.16666     -3.13246   -0.0650625     -4.07815      3.63717     -4.69352     -2.00477       2.2175      2.28357      2.63432     0.345522    -0.871845     0.391208     0.404644     -6.20048      1.95801     -1.40785     0.538155
     1.08113      1.74106     0.014068    0.0938479   0.00909585       4.2665       2.7969      1.70947     0.364883     -7.08989     -4.78286    -0.604321     -1.51423      1.63632     0.379162     0.869076    0.0889925      1.03717      -1.5527    -0.719482     0.365018      2.37976   -0.0209599    -0.571123      2.49732   -0.0731545    -0.641019      1.26919     -8.70951     0.270559    -0.755212      2.74315     -3.22769      5.77973     -1.65723       3.6895     0.422724      2.02476     -2.39035       2.3018       3.1902     -1.63539     -2.43838      0.41362     -3.73735     0.638586      1.28404      3.92489     0.174501    0.0767084
    -0.89206       3.0779      1.54173     -8.37768     -0.63617     -1.54987     -3.11953     0.828627    -0.790322      4.52847     0.494061      3.78776     0.839209     -3.32967      3.31021     -2.23469   -0.0987902     -2.38614      1.39231      1.37746    -0.152255      2.10063    0.0254484      1.22259      -1.6135     0.593203     -2.32476    -0.249181     0.163314    -0.202029     0.532609       5.1849     -4.36987      1.31881      1.95377       2.4747     0.818889      2.04209     -3.16224     -4.03371     -1.49077     -1.46974     -2.40101      2.44397     -1.21678     0.306308      3.79099     -5.66951     0.601503     -7.88117
   -0.241652    0.0091049   -0.0693363   -0.0122653     -1.39181      1.15044    0.0830975     0.057339    0.0995771    0.0663503     0.859841     0.308995    0.0159316   -0.0323287      0.23465     -2.33839    0.0429648    0.0909893     0.085541    0.0500938    -0.155385     0.182288    -0.585039   -0.0447826   -0.0887732     0.118845   -0.0226494    0.0769901     0.154404     -1.58158    -0.111601   -0.0479828    0.0495988   -0.0998666      1.55101    -0.419468     0.155575   -0.0192453   -0.0498205     0.497992   -0.0237427  -0.00918628      1.10516     -1.47928      2.56601      2.23091   -0.0703772     0.163418    0.0670819    -0.150804
-0.498386
 -3.57937
  1.60802
 -2.04755
 0.769302
 -3.10034
  -1.7615
 0.881585
 -0.36486
-0.259546
