3 16 0.5 700
1
1
9 50
  -2.47308    3.03125   -3.71767    1.02989    1.74251   -1.63467    1.39415   0.141332   -1.19231
   4.51301  -0.833056   0.551557  -0.300198   0.421823   -2.24047    2.37859   -2.39469    2.91658
   5.00897    1.46371   -2.44931  -0.179632  -0.821541   0.410679    1.51861   -1.24397  -0.197196
  -3.02498  -0.586539   -1.32837    2.88639   0.343423    1.46468   -5.07725   0.150653    -1.7401
  -1.91833  -0.975943   -3.11781    3.18294   -2.54015    3.47929  -0.653112    1.42063    1.71267
   1.82481   -2.12824    3.11977   -2.20186   0.508304   -1.18099   0.942976    0.17791    3.65751
 -0.662001   -1.53402    2.79492   0.500693   -1.43886    3.70021 -0.0904628  -0.947043   -1.97658
  -1.57332  -0.164387  0.0974243   0.562581 -0.0746691    3.40763   0.322216   -4.97878 -0.0862368
 -0.976317   -1.87128    1.66092   -3.01948     1.4667    1.36006  -0.568912     2.4358 -0.0386915
  -1.32375 -0.0174648   -4.90293    3.12915    -1.1928  -0.021504    2.27235    3.14727  -0.907905
   2.64479    2.21797   0.409755   -0.22698   0.852859   -1.23326    2.67179   0.224741    1.76504
   1.28864    5.47234  -0.479633    -1.2113  -0.986434   -1.68057    -1.9683   0.309912 -0.0937699
 -0.238703   0.907002    2.09833   -1.52196   -3.43048   -2.02901   -3.31249   -1.59414   0.996712
    1.3459   -1.63087    3.06658    1.96828    1.82413   -4.67523    0.31934   -1.02944   0.608543
   0.12997   0.316102    0.39059    -1.0622    6.55209   -1.01174  -0.967035   -1.39788   -1.21365
   -4.8183    3.55108    0.60276  -0.548221   0.900899   0.300439   -1.35405   0.586639   0.846111
   3.29356    0.71574  -0.633128   0.292427  -0.163941   -2.55526   -4.19479  -0.284885    1.85807
   2.07338    1.56516  -0.164005    1.03513  -0.332267   0.721506   -4.49661   -1.06589   -1.01523
   1.32305   0.862936  -0.565636  -0.139377    2.03002  -0.507782   -5.18718    1.88258    1.35899
   1.65486   0.876729   0.900998   -2.39731 -0.0113913    4.78477   -3.29735   -2.01435   0.345757
   1.47178   0.600989   0.568751    1.38652    1.47812   0.290893    1.16318  -0.509294    -6.1284
   3.09063    2.52064    1.43254    1.51405    2.54531 -0.0574783   0.609992  -0.683206  -0.339798
  -3.14791  -0.187464   -1.25305   -3.51717   -2.63005     3.4266   0.348406     0.7037  -0.283247
 -0.371761   0.268758   -1.90574     3.1732    2.00295    1.24736    2.66013   -2.46928   0.728561
 -0.465604    0.93099   -1.23318    1.41544  -0.465233    1.97241   -3.74574    2.72949    1.97687
  0.691958   0.994395    2.37029   -1.63056  -0.159008   -2.69034    0.40447    2.07081   -2.40628
  -1.33276    1.19493   -6.07657   0.159203    3.02649    3.88477   -2.59987   0.100087   -1.18079
  0.808403   -1.57254 -0.0901138    3.04967   0.193945    2.11742  0.0222475   -2.27427   -3.35161
   1.13815    2.80485    2.11434   -1.64077    2.84089   -1.54146   -2.61729    1.46283     1.9603
  -2.30654   -1.11683    2.64426  -0.294594   0.143864    0.58975    1.12019    2.63241    1.61142
   0.16062     7.0945  -0.653189   0.496824  -0.364036   -1.93555   0.486555   0.233255   -1.50986
  -3.06548  0.0912116  0.0332718    4.48749   -0.62236 -0.0476924    4.40909  -0.785692   -1.32349
  0.325212  -0.197797   0.558431   0.631566     -3.384   -1.05417   0.987178    3.07637   -4.17839
  0.745939    -1.8195    -4.3166   0.864418  -0.878241   0.116372     -1.361     2.9134   0.761939
   -2.2501  -0.619091     2.7789   -0.14296  0.0242631   0.069818   -1.56714   -2.54058    1.84755
  0.163122   -3.29887   0.953387  -0.251741    1.68069    3.40728    1.49485   -1.43211    2.75344
   2.97566    2.67467   -2.88319   -1.39389   0.384207   -1.40522   0.558113    2.22855  -0.252047
  0.859535   -3.03339  -0.417054    4.53634  0.0889007    1.90614   0.766625   -3.06176  -0.137453
  -3.24721    3.81254    1.19008   -1.12248   -1.44016   0.511226   0.777728   0.760639    1.85999
  -2.23466    1.29141  -0.262307    1.82644  -0.633421    1.27989   -3.62483   -1.51687   -1.70202
   2.37816    1.56531    1.13576    2.83938   0.578182   -3.11363  -0.511522   -1.51632   -1.91646
 -0.341735  0.0761134   -0.74546    1.71924    1.02761   0.994468  -0.388058    1.88829   -4.61015
  0.530588     2.0377    1.73912   -3.35821   0.299082    1.51636    0.43945  -0.106388  -0.362861
  -1.51164  0.0775421   -1.45898   0.101204   0.584803   0.657133    2.05579    3.64578   0.245084
  -1.14671   -2.17348    1.57456  -0.279419    4.66046  -0.331502  -0.844402     1.2258   -2.05851
  -1.06714    1.94922    3.29107   -1.60591    4.03496   0.509598   -2.97189    0.36952    1.71082
   2.03958   0.952296   0.357344    2.12329   -7.38805  -0.199049    1.52515   0.820272  -0.118184
-0.0807456   -1.84975    -2.4404    2.99056  -0.629072   -2.30127   0.925817    1.67432     2.1308
   1.18487   0.401469    4.51076  -0.641008  -0.709695   -3.31071  -0.249585  -0.954334   -3.98693
  -2.33962 -0.0452183   -1.12984   -1.70887    3.12497   -2.55165    2.54358    1.43445    0.81729
   2.55641
  0.936979
  0.745026
  -2.18824
  -1.92426
  0.402946
  -1.27812
  -1.57785
   -1.8612
  0.832351
  -1.21526
  0.912066
 -0.274982
  -0.47946
   2.91537
  -2.68162
  0.467942
  -2.14502
   1.77096
   -2.4481
   1.14774
   -1.6372
  -1.72266
 -0.621438
  -2.44416
  -1.32846
  -3.63806
  -3.21975
  -2.04733
 -0.657947
  -3.95184
-0.0194172
  -1.83763
  0.403531
  -2.72272
  -1.90923
  -1.01665
  -0.56313
   2.23948
   0.72925
  -1.97598
  -1.67871
  -2.93075
  -1.86149
 -0.603803
   1.27027
   4.26886
  -2.77532
  -1.77969
  -1.29322
1
1
50 50
    0.468353      2.38803     0.175019    -0.566299      -1.8401     0.144266     -2.48086     0.854481       -2.683    -0.480753     0.123125   -0.0987591     0.235834     -2.37839     -1.05993      1.51662     0.638465      0.17378     -1.37662     -1.77068     -2.04859     0.548913     -1.21623    -0.129292    -0.753311     0.659463     0.684506      1.32254    -0.898859      -1.5351       2.1696    -0.313379    0.0415951      0.28702    -0.438327     -2.91816      1.16627    -0.536919     0.403853    -0.196213     -1.64027      1.21976   -0.0126307     0.886016       1.3534    -0.687858     -2.12556    -0.527633      -1.4676     0.672129
     1.31397     -1.05525     -2.57761     0.524675     -1.24506     -3.04127      -0.6476    -0.347489     0.368304      1.24995     -1.19811     -1.84419      1.08022    -0.562549     0.182071      2.33969     -1.07822     -1.30542      0.15458     -1.12607     -1.17716     -1.07169     0.929794     0.419556    -0.479438     -1.22695    -0.276426     -2.93658    -0.488089     0.761581     -1.27121      1.69582     0.518997      0.37655     0.692862     -1.40993    -0.276161     -1.10066     0.965379     0.866818    -0.119769     -2.21111     0.690565   -0.0696141    0.0464409     0.877733    -0.447285     0.947372     0.863828       2.3561
    -1.60694      1.49109    -0.816502    -0.914567    -0.742986     0.304076     -1.80097     0.174937   -0.0142088   -0.0352047       1.1236     0.393975    -0.435006      1.46885       -1.378    0.0432973     0.153931    -0.869994    -0.917053     -1.51857    -0.539655     0.233936     -2.22624     0.351491     -1.76807    0.0283465      1.19579     -0.16358     0.866632    -0.263704     0.589179       0.8232     0.550574    -0.462037    -0.410951    -0.474388     0.454128     -1.30954    -0.868786     -1.07145      1.03666  -0.00589954     -1.94066    -0.429931     -1.76132     -1.18657     -0.54474      1.28728    -0.276446    -0.351892
    0.411692      1.17918    -0.617605    -0.619198     0.382955      2.12627      -1.2829     -1.80219     -2.18542    -0.714444      1.34981     0.959899    0.0689925     -0.22579     -1.14235      1.18148     0.510315      -1.5278     0.163011     0.809362     -4.47697     0.847941     -1.53345     0.264537      1.42755     -1.41155     -1.31407     -1.62368      2.80018     0.387757    -0.359745    -0.835915     -3.29962      1.62537       1.2159     0.453809     -2.32535    -0.039253      1.76377     0.175952     -1.54204     -2.24959     -2.08558     -1.58527     -1.48982     0.110125     0.859063    -0.940855     -2.20123      1.21864
 -0.00933225   -0.0368062    0.0803811   -0.0524676    -0.526202    -0.727006    -0.392415     -0.50875    -0.422071     -0.53712    -0.336863     0.351174    -0.277861    -0.429866     0.104234    0.0288131      0.10403     0.372428    -0.215249    0.0275509    -0.230696    0.0601273    -0.601127    -0.455294    -0.314618    0.0268199      0.11737     0.586351    -0.344836    -0.417555    -0.232375    -0.765132    0.0711267    -0.341602    -0.433891     -0.33189     0.176616   -0.0508511    -0.734784  -0.00962153     0.306206     0.270946   -0.0270449    -0.248234    -0.266608    -0.366039    0.0589157    -0.431469   -0.0777267    -0.581637
   0.0373784     -1.02746     -1.01444     0.147215    -0.422194    -0.786295     -1.44107     -2.44009    -0.205028    -0.378249     0.475437       1.3191     -1.15062    -0.613041    -0.589693     0.199778     0.507529     0.044505     0.252407    -0.785278   0.00439801     0.716028    -0.971792     -1.61634      0.77747     0.600798     0.140387    -0.681616      1.97207    -0.621237       1.8433    -0.611758      -1.0069    -0.140008     -1.63859     -1.05969      1.16834     -2.19616    0.0835839    -0.446764    -0.225278     0.236826     0.415119     0.159878      0.45972     0.558364     -2.05171    -0.716772    -0.212421     0.359971
     -2.2233     0.593433     0.255315    -0.115142     -1.77484       1.5053     0.494085     0.701611    -0.211124    -0.679959    -0.686951     0.362499     0.795627      1.04111     -2.39228     -1.37003    -0.831341    -0.110095     -1.21727     0.691825    -0.856617     -1.88857    -0.569027    -0.348014     0.181705     -1.68143    -0.771047     0.768546    -0.841297    -0.744355     -1.61609     -1.16978    -0.586987    -0.146753    -0.785782    -0.321553    -0.597883     0.756743     0.124214    -0.722592    -0.206124     -0.84719    -0.606241      0.83845     -1.71088     -2.18942     0.965206    -0.421238     -1.46087     -1.20595
    0.186655    -0.676983     -1.06982      1.19963      2.00141     -2.06087     0.334621    -0.446772     -1.00817     0.574327     -1.66118     -1.86519    0.0624458      1.97162     0.115001    -0.560069     0.522615      0.90058    -0.728732      -3.3859     0.268148    -0.337493     -2.10747    -0.254417    -0.375789    -0.623816     0.410334     0.136812    -0.969204    -0.128681      2.32423      1.04853    -0.483527       -0.395    -0.589064    -0.808195     -1.53293      2.77101        -1.04      1.53833      1.65991    -0.266535     -1.64376     -1.31364    -0.027834   -0.0962778     0.185052      2.32607     0.268973    -0.251403
    0.864599     0.949638     -1.18686     -1.66795     0.202668    -0.456863    -0.323669    -0.493781    -0.315134      2.65632     0.705166     0.836844     -2.49934    0.0950359      2.26383     0.499036      -3.1025     -1.68897     -2.87097     -1.74849     0.639721      1.05033      1.00604      1.20448     -2.34029     0.183709    -0.719961     0.361825     -1.48266     0.455013     0.565055      3.23182    0.0383922    -0.156533    -0.476848     0.775924     0.836911    -0.437751     -1.33948     -1.29341     -2.88786      1.21222     -1.38062     0.287681     -1.02035    -0.801651      3.19692      -0.2907    -0.956642     0.575281
    -1.69368      1.30423      1.60485     -3.36868     0.257285    -0.424281   -0.0389791      2.03224    -0.937224     -1.47369      1.57897      1.27302    -0.391116    -0.498087    -0.658477      1.28743     -1.04916     0.526614   -0.0302561      1.58243      2.11734      1.80479     -1.12354      2.03203     0.690855     -2.34602    -0.362778     -1.59015    -0.923097     -1.30098     -4.71489      1.45623     -3.63908     -3.01043       1.6667     -1.64093      0.99127      2.74374     0.109951     -0.28105      1.04205     -2.17494      1.06448     -1.55766    -0.924551      1.88029     -1.78968     -1.05812     -1.47307    -0.223542
    0.479412      1.74975     0.992996     -0.61329     -1.42371      1.98165     -1.66044     -1.24134    -0.874341     -1.23883     0.281134     -2.23728     -0.93709     0.809543      2.87242       -1.684     -1.03173     0.524228     -1.34288     0.995668     0.191107      1.60772     -2.22001     -0.21609     0.225233       -1.245      0.38623    -0.708634      2.13838    -0.284477    -0.371775     -1.42813     -2.59842     -1.77329    -0.683308      1.35606    -0.217459   -0.0756652      -1.2383     -2.41486    -0.699266     -1.93229    -0.380494    0.0500861     -1.05012      1.53765       3.6725    -0.744935    -0.780336     0.477461
   -0.544716      -1.2111     -0.86848     0.178591     -0.33324     -1.09855     0.436139    -0.343042    -0.361092      1.55711    -0.852504     0.094002     0.477471    -0.641075     -4.61929     0.547383     0.172834     0.238943    -0.875794      1.74766    -0.997507    -0.918724     0.944811    -0.590883     0.394694    -0.319312     -1.29457    -0.514344    -0.795048       1.2302      1.52345     0.170963      1.24311      1.48313     0.636856     -1.43382     -0.95528    -0.531185    -0.253015      1.03971    -0.189323    0.0624361  -0.00737971     0.655152     -1.83997     -1.52684    -0.121006     0.240282     0.403511     -1.28573
     1.68333     0.881892    -0.296872     -1.04234    -0.523474      -2.0472    -0.946587    -0.492113     -1.51598     -1.62108    -0.291466      0.80867    -0.164444     0.823192    -0.522527      1.58636     0.125555     0.436182    -0.498272     0.951026    -0.516525     0.767962     -1.74519      1.01594    -0.593361    -0.359623    -0.247596    0.0736075     0.158345    -0.638766       3.7233      0.35445   -0.0126067     0.310461     0.689425   -0.0153461     0.351069     -0.16323    -0.737823     0.818188    -0.212112    -0.731277     0.939993     -1.41902    -0.923021    -0.851614     -2.52008    0.0273317      -1.1662    -0.186473
   -0.841983    -0.949608     -1.80868     0.812431      1.52937    -0.337409     0.547118     0.199538    -0.784139    -0.979605    -0.820672     -1.18131    -0.032877     -0.12806    -0.622917     0.343385     -1.19892      1.40023    -0.277474     -1.96212     -2.20383     -0.78094    -0.308431      1.06508     0.704437     -1.80728     -1.45917    -0.353929   -0.0787236      1.60493    -0.347711      1.84639     -2.75504     0.146387     0.825865     0.370244     -2.26065      1.17912      1.03141    -0.895439      0.62529     -1.05205    -0.737444    -0.674541    -0.805784      1.23679    -0.348472      1.01939     -3.73179    -0.697078
    -1.99992      1.89096     0.102203    -0.826236     -2.35784     0.663736    -0.200413    -0.680956     0.912189     -1.15529   -0.0167687      1.49552       1.2689      -2.0188     -1.74106     0.533364     0.143876    -0.923941     -1.37386     -1.61586      -1.0754    -0.120425       1.1942     0.228509     -1.30931     0.166413    0.0844751     -1.08231     -1.05984    -0.123558    -0.713194    -0.198539     0.654841    -0.486561    -0.353029     -1.45335     0.573628     -1.78062     0.311831    -0.491239     -1.86286     -0.76095     0.550378     0.786946     -1.07916    0.0561354     -1.92115     -1.46208    -0.152562     0.258128
    0.564922     -1.50724     -0.94441      1.99864     0.456207     -2.15833    -0.785608    -0.164326     -1.08874    0.0696378      -1.8646      0.31461     0.271472     -1.87211     0.133966     0.980839    -0.430891    -0.218641    -0.305747    -0.136699     -1.68263    -0.123136     0.437588     -1.28355     0.499566    0.0451227     0.592521     0.395792    0.0241692    0.0542879    -0.247977     -1.20122      1.09431     0.771107    -0.323101     0.156615     -1.08641    -0.800491     -1.02761     0.808158     0.296949     0.188424    -0.768023    -0.247204     -1.46553     -1.65406      1.11329      0.10078     -1.22718     -0.74915
   -0.303237    -0.195889    -0.326951   -0.0780146    -0.192752   -0.0922411    -0.260208    -0.428441    -0.176261    -0.269873    -0.202728    -0.179836    -0.558231    -0.156995    -0.417961    -0.193374    -0.120288    -0.242706    -0.315629    -0.111744    -0.466838    -0.233927    0.0885867    -0.411949   -0.0784694    -0.279645     0.033817   -0.0932737    0.0977682   -0.0561431    -0.258507    -0.298888    -0.377195    -0.322947    -0.147765     -0.32281    -0.298223   -0.0797482    -0.439319     0.134316    -0.284372    -0.158633    -0.425529    -0.297479    -0.247548    -0.210009    -0.101078    -0.424744     0.117448    -0.094311
    -1.24401     0.971881    -0.231979     0.172446     -1.44335     0.789023    -0.137926     0.118716    -0.540809     0.316253     0.780189     -1.26028     0.656468      1.37601     -1.85221      2.31328    -0.911514       -1.854    -0.037133    -0.652355     -1.98792     -1.20974     -1.22492      1.80003     -1.19774    -0.457101      3.20608     0.294646      1.37426      0.38229     -3.10946      1.15397    -0.951578    -0.102374    -0.107277      1.15185    -0.375084     0.283602      1.48525    -0.424648     -1.54108    -0.596985     -2.18227     0.590233    -0.560147      -2.2905     -1.06169     0.501476      1.63112    -0.922822
   0.0231623      1.59713      1.10852     -0.48043   -0.0163309      1.69737     0.319896      1.23486     0.667047     0.135661     0.787018     0.734726      1.11763     0.980566    -0.336632    -0.309999     0.132348    -0.477499     -1.13808      1.70183     0.714826     0.390959     0.599029      1.08653    -0.251662    -0.324915     -1.00212    -0.449525     0.609633     0.544241    -0.125073     0.525517     0.531264     0.630357   -0.0292548     0.429897    0.0623573      1.29107      2.48422    -0.241054     0.726953    -0.285929     0.299914      1.16723     -1.19181     -0.45669      3.50943    -0.300086     0.559585     0.506024
    -1.37632     -0.67691     -1.58083      2.07127    -0.651954      -1.8026     -1.78426     0.401325     0.467776   -0.0195879     -1.33954     -1.92621     0.860643     0.333371      1.49027    -0.340824      1.06928      1.26258      0.80244     0.150193     0.953051    -0.199362     -1.62706    -0.161284      1.97877     -1.23564      2.85133     -0.26579      1.56669     -1.18268    -0.265609     -1.59889    -0.268237       1.0263     0.428291     0.268891     -2.33751       1.0701     -1.60345    -0.175688     -2.09935    -0.955525     -2.80819      -1.6247      2.01155      1.48127      1.21914     -1.07639       0.4427     -2.98954
    -1.84879     0.693016     0.931047     -1.84349    -0.602323     -0.53941     0.625118      -0.2968    -0.171702     -0.13725     0.209235     0.804961     0.204204     -0.92442     -1.82562    -0.472469     -1.39729     -1.66343     -2.41528     -1.30817     0.553345    -0.138336    -0.857524     0.790805     -2.05979    -0.367125     0.255046   -0.0757117    -0.616579     -1.14516     -1.93265       1.2843    -0.580781   -0.0199328    -0.770961     0.472183     0.214726      1.57338      2.59112    -0.860589     0.475391     0.571442    -0.575333      1.47766  -0.00313832     -2.13116     -1.02942    -0.751815       -1.524    -0.161354
    -1.96567      1.06577     -1.41554      1.34065     -2.39387      1.59983     -0.14572     -1.52003     0.890552     -1.59185    -0.751632    -0.898227    0.0442396      1.56351     0.197558    -0.660196    -0.151082    -0.616531    -0.495526      -2.7625     0.741905     -1.17012     -1.29374    -0.840043     -1.24042    0.0196329   -0.0196539     0.520085    -0.233483      0.28353    0.0564191    -0.135442     0.712477    -0.868866      1.02337   -0.0552226     -2.40077     -0.84337     -1.71557      0.31779     0.961015    -0.471809      -2.3644     -1.04883      1.34227     -0.99137    -0.199741    -0.145265      1.67723    -0.294073
   -0.331639    -0.370412    -0.374858     0.198331    -0.206812    -0.424639    -0.259782     -0.16385    -0.206267    -0.306002    -0.362142   -0.0260348    -0.583634     -0.06625    -0.330679    -0.236961    -0.409499   -0.0666499    -0.482395     -0.15819     0.107688    0.0107377    0.0767705   -0.0710919    -0.303294    -0.152197   -0.0191922    -0.271072     -0.31453    -0.701108    -0.270597    -0.194256    0.0406175    -0.161927    -0.194906     -0.18454    -0.177012    -0.153393   -0.0275322    -0.324689   -0.0761901    0.0137515    -0.110736   -0.0716061     -0.13444    -0.577313   -0.0660389   0.00456438    0.0361687    -0.117094
    -1.31737     -1.08658    -0.634001     -1.59316     0.438445     0.923562     0.879558     -2.46181     0.890371      0.15596     -0.32246     -2.79069     -1.65856      1.75374     -0.30072      -4.1908    -0.868645      -1.4991     0.461146     0.770886    -0.184729     -1.10216     0.588383     0.494345      1.34467     0.562525     -2.27266      1.30505     0.492565      1.45652     -2.02042    0.0277444    0.0870262      0.27799    -0.666217      1.69775    -0.595555     0.759675     -1.67305     -1.11838     0.191743     0.409434      -1.7112     0.161434      1.37915     -0.21056     -1.36727       2.3603     -1.19422      1.03247
   0.0307148     0.281563    -0.193141     0.375279    -0.926785       1.4501      1.38122     -1.65561      1.02653     -1.30549      1.41003       1.5384     -1.46825     0.228477     0.147538    -0.213784     -1.70551      1.36197     -1.93711      1.00699      0.19238      1.13349      0.28371    -0.721792     0.280009      1.42544    -0.255184      -0.6321      1.47677     -1.53544     -1.18596     -0.94827    -0.602814     -1.19716     -1.29481    -0.609279      1.23501     -1.18099    0.0739025    -0.555794    -0.703156     0.420087     0.356836     0.113215    -0.878243      1.33965    -0.924781     -1.33811     0.542837     0.684595
     -2.9576     -1.28416     -1.21323    -0.312392    -0.648278    -0.841128      1.72659    -0.128775      0.70991     -2.29313     -1.34691   -0.0641337      1.24224       2.0474      1.74794      1.38733     -1.04264    -0.204116     0.453875    -0.861477      1.32653      -1.2579    -0.426405    -0.609293      -1.2033      1.09006     -1.79633     -1.14479      2.00403      0.83883     -1.26067     0.376366    0.0955309     -1.80795     0.621217    -0.808512     -2.66182     -1.27832    -0.150018     -0.44728     0.457282     0.835034     0.711759    -0.547471     0.196286     0.967771      4.96257     -1.54736      2.03917     -1.69519
     2.29531    0.0933895     0.698006     -1.43659     0.352103     0.678111     -1.14365     -1.50544     -0.79386    -0.643785      1.74679      1.58818     -2.32736     -1.28411      1.33076     -2.38833     0.957023   -0.0237579    -0.427957     -1.27475     -1.61208      1.52673    -0.638245    -0.226138     0.252842     0.486841    -0.766549     0.255456     -1.22831     -1.69221      1.46816     -2.08335     -1.78657     0.376766     -1.05096    0.0868176      1.72611     -1.72584    -0.244346     -1.39522     -1.11807    0.0941465     0.860125     0.807649    -0.671508   -0.0274172     -1.25245    -0.583261     -1.37382      2.60786
    -1.83903       2.1197      3.46891     -0.57477     -1.48644     0.947934     0.162207     -1.85705     -1.11093    -0.583243     0.515408      1.40784    -0.495825    -0.299585    -0.577448     -1.72721      1.93328      2.24287     0.592499     0.954384      1.08774     0.832826     -1.63259     -2.11722    -0.335229    -0.354978     -1.09553      1.07746     -1.18507     -2.22088     -1.28664     -4.17857     0.622189      1.51566     -2.18819     -0.94001      1.46247     0.538824     -3.40027     -1.77381     0.775757      1.41795    0.0806193     -0.18611    -0.137375    -0.823285      1.69781     -1.78963    -0.829487      -2.6957
    -1.42099     -1.65857     0.346654      1.47873    -0.790335     0.359958    -0.921211     -4.25277      2.09355      1.38252    0.0159648   -0.0325736    -0.993451    -0.153402    -0.125647     -0.17603      1.24557     -1.37912      1.25378     -2.25542     0.858657     -1.60468      -1.2861     -1.22623      1.37874      1.79181      0.12378    -0.633511    -0.504692      1.44517     -1.01389     -1.80382      1.88415      1.09165    -0.189013     -2.12845  -0.00963154     -2.99868    -0.905532     -1.04191     -1.15742    -0.442785    -0.487282      1.02439      1.46207     -1.53745      1.55835     0.725328    0.0127126    0.0300018
    0.353957    -0.906684     -1.06244     0.747941    0.0402466    -0.365532    -0.591898    -0.202437   -0.0706334    0.0147271     -1.00349    -0.436667     0.207043    -0.655699    0.0734445     0.533704    -0.242862    -0.556351   -0.0139659    -0.045372    -0.950504    -0.589447     0.550391     -0.35133     0.489944    -0.144066     0.295046     -0.46343     0.499214     0.423244    -0.117336      -1.0595     0.243006     0.679549     0.233324     0.334761    -0.792761    0.0650438    -0.302213     0.126463    -0.217374    -0.283858    -0.418314     0.292723    -0.716027    -0.812878    -0.170827     0.465891    -0.186819    -0.267404
    -1.67941      1.07057     0.389664     -1.23886     -1.21639     0.416626     -0.36552     -1.72207    -0.109297     -1.30208   0.00109691     0.587454      1.24278    -0.860476     -1.40525     0.275317      1.53607      -1.2185    -0.566185      1.47506     -1.04306    -0.777245      0.70984    -0.566063    -0.686692     0.590784    -0.769324    -0.592619    -0.890197     0.324309      0.78138     -1.06627     0.238785        0.476    -0.254847     -1.56624     -0.87721     -1.32616    -0.932381      -1.2969     0.650893    -0.354684     0.211549     0.658575     -1.22004    -0.627491    0.0733912     -1.56919     0.392808      -1.6126
     1.58915     0.488912     -1.09611    -0.195017     0.357547    -0.624365   -0.0150084     -2.06134     0.725383     0.901939      1.69416       2.0716     -2.08776      1.21665     -1.86577     0.991476   -0.0658834      1.04852     0.211025      1.40006      1.54217     0.836607    -0.620257      1.19483     -1.36166     -1.04655    -0.182934     -1.84515     0.651299    0.0687638     -2.00896     -2.36548    -0.459772    0.0802312     -1.15885    -0.556395      1.35534    -0.444297     -0.32409    -0.862718     0.573128     -1.13758    -0.241934      1.15846    -0.504377    -0.329933     -3.51735      1.92025     -3.09766     0.617433
    0.813805    -0.515232     0.485177     -2.18288    -0.845016    -0.613437    -0.810022     0.440578     -1.34238    -0.986496    -0.504452    -0.967278     -1.69329     0.658147      1.70501     -1.53102    -0.891288     -1.70046     0.320067     -1.39851     0.426451     0.529492     -2.22396   -0.0203935    -0.813246     0.783245     -2.21705      0.87401     -1.18248     -1.28656    -0.393855   -0.0840627    -0.591649      -1.3537    -0.743258     0.952718     -0.74899       1.8976       0.1161    -0.912611    -0.333797     0.781059    -0.767616     -1.45885     0.615435      0.86003      1.16617      -1.0397     0.357096    -0.493456
    0.372484      2.76046     -0.83606     -1.09473     -1.28244      1.49619     0.750508    -0.616165     0.618957   -0.0800556      0.13338     -1.38266      1.16167     0.687745     -1.99291    -0.468161    -0.247386     0.142581     -1.96583     0.710092    -0.748779     -1.64468    -0.188283     -1.06251     -2.44918     -1.43879      1.08086     0.802486    -0.624506    -0.139721     -1.11565      -1.4773    -0.609468      1.63853     0.373044     0.143965    -0.356011     0.710782     -1.67851    -0.760177    0.0739677    -0.215658     -1.23308     0.418043     -1.59898      -2.2131     -1.63767      1.25392     0.650914     0.924672
    -1.61194     0.240702    -0.205517    -0.831802     0.304097     0.437183     0.804153    -0.661774      1.01339     -1.25607    -0.430994    -0.697436  -0.00472368    0.0647396     0.192444     0.567066    -0.829547     0.711189   -0.0348029     0.577606    -0.915755    0.0780532    0.0794311    -0.459138     0.155524    -0.531805      -1.4155    -0.500479     0.345954     0.123275    -0.637256     0.704276     -1.17411    -0.619641     0.316013    0.0218416    -0.595858    -0.342712    -0.564523     -0.58639    -0.534622     -0.82002     0.290374     0.218033     0.268155      1.70181     0.808285     -1.04139    -0.600897    -0.235514
    -1.70585     -1.38949    -0.961792      2.90369     -1.19998      1.27571     0.255117    -0.486403   -0.0262284     -1.73324     -1.44783    0.0756601      1.36518     0.544211     -1.91924      1.93694     0.367469    0.0320641     -1.03248    -0.335177    -0.690215     0.324981     0.483379     -2.54007     0.535682    -0.250735     0.828798     0.261842      1.47561     0.644059     -1.26898    -0.586112     0.612249    -0.886214      1.25812     -1.35262    -0.836494     -1.34661     -1.79549      1.62734     0.561177    -0.527952      0.50089     -1.14669    0.0223432     0.236505     -1.75148    -0.991332      2.59967     -3.08906
     2.19284    -0.130235     0.363244     -2.11179     0.470804     -2.01943     -1.19852     -1.22388     -1.62006       1.5137     0.296534      1.56021     -1.62754      -1.8302      1.38788      0.86642    -0.132354     0.294671     0.516549    -0.841145     -1.00711    -0.553997      -1.0355     0.715341     -1.29603    -0.798643       4.7118      1.42939     -2.82567     -1.85573     -1.48853    0.0496534     -1.92715      1.03057     -2.13092     -1.42888      3.01804     0.675278     -2.19378    -0.883022     -1.02373     0.389291     0.126545      1.04591     -1.45537     0.122542       3.6118    -0.250974     -3.19374     0.163704
    -2.41393   -0.0562312      2.62343      1.08135     -1.47023    -0.605472    -0.419398    -0.883418    -0.972564    -0.861908       -0.527    -0.628153    -0.451994    -0.343264      -2.3355    -0.764337      2.25388      1.82712      1.72274     0.225856     -0.19044     -1.12465      -1.9047     -1.50766      1.09743   -0.0572159    -0.192861    -0.236485     0.516077    -0.262202      1.31005     -3.22576    -0.579077      2.78009    -0.297197    -0.434662     0.198047     0.252151     -2.82363    -0.910404    -0.204846    -0.901066     0.459446     -1.73743     0.778269    -0.493218     -3.67166    -0.641885     0.163475    -0.213688
    0.967361     -1.28612     -1.46379     0.841186     0.103832     -2.51129     0.192128   -0.0141574    -0.246577      1.30994     0.338066    -0.660175     -1.69805     -1.78172      1.81393    -0.574096    -0.451602     0.728711     -2.07484     -1.59073    -0.402605      1.00934    -0.999989     0.913624      1.62243      1.48027      0.87637      2.05763     0.222793     0.867501     -2.62271      1.31443   -0.0475512    -0.725847     -1.19741   -0.0658316    -0.839216      -1.3148    -0.568916     -1.84457     -1.50565      1.90929      0.19129    -0.208937     0.758975     0.871245     -4.70406    -0.970331      1.45254      1.11482
    0.677417     -2.35536     -0.66699    -0.571524     0.445016    -0.774456     0.844367     0.498507    -0.538459     -2.12705     -1.40819    -0.809904     -2.23001    0.0153132     0.860288     0.339678    -0.227281     0.706988      1.02158     -1.49657     -1.13562     0.537192    -0.976582    -0.490864     0.918041      1.59697    -0.958244      1.78745    -0.895025     -1.54308      0.49972     0.974312    -0.215029     -2.40713    -0.253089     0.435805     0.130223     0.769927     -1.15371       1.2632   -0.0591156      1.57124    -0.515848     -0.74846      1.16218   -0.0878328     -1.58821     -2.19925    -0.280847    -0.546929
   -0.150699     0.444988    -0.223412     -1.64804     0.321959    -0.471719      1.01933     0.354697     0.562747    -0.204545    -0.896833     0.915396     -0.39303     0.119813     -1.89435      1.49939     0.906465    -0.651011      1.41808      0.17744    -0.614247    0.0946809     -1.52561    -0.369006    -0.389435      0.12496      3.50311      2.51068     0.646742     0.103568     -1.12951     -1.48689     0.158039    -0.461975      1.51745     0.586846     -1.33861      0.67714     -1.48624      0.88622     -1.28722    -0.284225    -0.636013    -0.569383      0.17058     -1.62469      -4.4277     -1.77646      1.63148    -0.637654
     1.23082    -0.995141     -3.36434    -0.831949     0.491264    -0.870276      1.64944     0.804901     0.298977    -0.874855     -1.79317     0.168691     0.356357     0.355154      1.11478      2.52755     -1.28325     -2.28418    -0.140543     -1.33109    -0.719151    -0.414135      1.56699     -0.74673    -0.739729    -0.208442    0.0847914      1.07502    -0.703191 -4.44869e-05      1.95246     -0.45345     0.397284    -0.743541      2.25045      1.04415     -2.12474     0.467032     -1.27945      1.01869     -3.38639    -0.399473     -2.95729    -0.978003     -1.41512     0.697074    0.0558685  -0.00346871    -0.308536     0.347588
    -1.39467     0.092652       0.4513     -1.20415    -0.125801    -0.343751    -0.216842     -1.05669    -0.884565     -2.05225    -0.221054      1.36359     -0.32943    0.0957399   -0.0905058      -1.3622      -1.1968     0.730372    -0.486037      0.68366     0.840142      1.50288     -1.55296    -0.633723     0.493441    -0.287584     -2.46141     -1.11649     0.213684     -1.86572    -0.387093     0.124634    -0.194987     -3.10975     -1.03136     -1.13805     0.503812     0.156638   -0.0900823     0.256755     0.593561     0.186752     0.735196    -0.648805     -1.22282     0.340606     0.327788     -1.04961     0.830823    -0.455766
   -0.299137     -1.35984      -1.4396     0.911354    0.0376238     -1.85488      1.36662     0.228973     0.816597      -1.2127     -1.09539    -0.859725   -0.0215776     0.539209     -1.08323      1.33033     -1.66532    -0.446628     -1.24045     -0.90191     0.819294    -0.587956    -0.226956      1.63916    -0.471907     0.154116      1.10839     -1.51549   -0.0591771     0.467857    -0.473188   0.00554288      1.35786    -0.795867   -0.0776842    -0.364089     -0.16416    -0.252035      1.30258   -0.0553017     -0.95627    -0.198098    -0.157957     0.386359    -0.809844     -2.55449     0.548069     -0.14423      0.42159     -1.18112
   -0.993404     0.778163     0.466346     -1.32509      1.33365    -0.805487    -0.368156    -0.970035     0.119713    -0.735241      1.07486     0.163392     -2.14464    -0.332563     -0.53467    -0.833135    -0.167043    -0.741891     -1.73012     -1.62242    -0.115486     0.645196     -1.77339      0.82255    -0.449424     0.255049     -2.67721     0.739027    -0.189217    -0.986251    -0.652941      1.12929   -0.0577587     -1.59268     -1.52051     0.530972      1.33893      1.01145     -1.87116     -2.35307      2.18625      1.19858    -0.231567     0.491544    -0.262447    -0.856078    -0.788579      1.11903     0.472983     -1.57132
    0.435251    0.0120638    -0.159171    -0.311937     0.209537    0.0923284    -0.387064    -0.342953    -0.138968      -0.1264   -0.0158176    -0.316678     -0.50719     0.142511    -0.525354     0.168429   -0.0782754     0.282991   -0.0493095    -0.119207    -0.499893   -0.0695804    -0.243329    0.0371597    -0.156236   -0.0471659    -0.283647   -0.0742757    0.0373034    0.0309016    0.0173418   -0.0017586    0.0568762     -0.32008     0.013837    -0.164918  -0.00557526    -0.270621    -0.455935    -0.349211    -0.159575    -0.504709   -0.0346962     0.365827    -0.248792    -0.192867    -0.251872     0.212483    -0.201964   -0.0516097
    0.514296      2.01275     0.879039     -1.92738      -3.9367      1.30238    -0.401244     -1.56129     -2.05649      1.65914     0.630984    -0.401642     -2.85536    -0.144199     0.587578     0.365568     -1.08081     -1.89851     -1.30234     -1.90655     0.585852     0.344243    -0.690969     0.170778     -2.57408    -0.125619     -1.33856    -0.972288     -1.26119      0.70803      2.77404     -0.86599     -1.07711    -0.726828     -2.46777    -0.721311      1.10784    -0.703761     0.222087    -0.672027    -0.310592    -0.141299     0.667985       1.3178     -1.91091    0.0189993      2.22587    0.0994727     -0.76479      2.38059
    0.925662    -0.852591     -1.13893     0.756274    -0.481396     -2.42616      1.23619    0.0761649     0.527252     0.172501     -1.35777   -0.0587128     -1.20024     -2.53787    -0.557517     -1.06411     -1.31327     0.914315    -0.193749       2.8205     0.751514     0.355775      2.61837    -0.930734     -1.30276      1.08089    -0.171728     0.599122    -0.443141     -1.71469      1.05805     -1.41428    -0.419405     0.118386     -1.19572     0.119236    -0.878734    0.0395906     -1.90267     0.844023     -1.85222      1.58725     0.317978    -0.564981      1.31281    -0.309399    -0.453499     -1.66884    -0.203922    -0.974881
    -0.93123    -0.597435     0.617407     0.444076      1.45122     -1.06095      2.12652      0.48408   -0.0826059    -0.998213    -0.399407     0.531544    -0.664821     -2.16108    -0.686092    -0.548719     -1.36829      1.05377     -1.73169      2.79453    -0.102632     0.472571      1.62571     0.308196    -0.260131    -0.677913     0.818842    -0.253122    -0.457727     -1.23695    -0.148681    -0.487282     0.437834    -0.429356    -0.265925      1.65919    -0.228902     0.714759    -0.959451      1.02012    -0.951161    -0.310954     0.172413     -1.46426    -0.799623    -0.561059     -0.47677    -0.775804    -0.418222     -1.70768
  -0.0850068     -2.15415     0.638208       0.5288    -0.923989     -2.43525     0.947487     -1.06648     0.340515      1.55292     -1.23398     0.499161    -0.799036     -1.05204     0.894995    -0.764909     0.350621    -0.566886      1.32545     -1.89686      1.76239     -1.53758     0.220304    -0.993298    -0.474353      1.05766    -0.476206     0.701159    -0.482654    -0.242028     -1.17321     -0.14318      2.66119    -0.668749      -1.8071      -1.7308     0.276823     -1.80156    -0.321275     -0.86218     0.120935      1.96821    -0.352054     -1.10509    0.0318948     -0.90699    -0.448733      -1.3117      1.85483    -0.453513
  -1.48658
   -2.1743
   1.36174
   1.99363
 0.0909079
  -1.48783
   2.28786
  -3.02664
  -2.00472
   1.20589
  -1.71603
 -0.459445
 -0.500949
 -0.440649
  0.276059
 -0.690099
-0.0623308
  0.337877
   2.50835
  -1.62845
   1.05046
 -0.201268
 -0.223701
 0.0448494
 -0.946222
  -2.37976
 -0.984253
   1.16744
 -0.892656
  -1.94471
  0.454963
  -1.66229
 -0.618501
  0.856258
 -0.421835
  -0.60109
   1.04279
  0.140247
 -0.912739
 -0.553429
  0.671547
  0.225967
 -0.510866
  0.633495
 -0.719197
  -1.01313
  0.286144
  -1.46655
 -0.258257
  -1.72109
1
4
50 10
   -2.59669    -7.45146   -0.711563     2.41386   -0.567046  -0.0469914     -1.9016    0.573666    -1.71248  -0.0972605     2.24908     2.00176  -0.0858222    -1.27191    -1.32497   -0.291618   0.0496937    -1.32783     3.34526    0.781763     1.50342   -0.481044    0.157252     2.37312    0.294197     1.52128     3.27356    -10.9737    -1.09785   -0.416599    -2.49807     1.49977     2.91283   -0.641237   -0.141352      1.8735    -3.28234    -4.38987     1.47323    -2.70337    -1.17662    -6.57535    -1.45001    0.366848    0.963776  -0.0496229     1.51952    -1.04073     3.50641     2.66315
    -3.7264     3.10942    0.289983    0.167104    0.436824  -0.0727345    0.982537   -0.138324    0.207514     2.84412    0.394158    -1.06569    -7.09826     2.75152  -0.0821246     2.89707    0.117278     3.99542    0.239435   -0.818022     3.74243    -1.60977     0.51204    -6.99858       3.738     1.00652   -0.794659     2.56607    0.353297    0.310879    -0.33737     3.09091    -2.62663    -0.53508   -0.725284     1.92012    -0.16469   -0.183217     5.42799    -2.10552    0.774298    -3.66766     4.38074     2.18922     1.68757   -0.254034    -2.40722     -1.2199     1.55613     1.26332
   -2.46545    0.660414    -2.03658     2.62587  -0.0383935    0.699482 -0.00841024     2.01561     1.58852     1.13053    -2.30478     1.61689     2.08355     3.14708    -1.18214   -0.393465   0.0285756    -2.94119    0.956167   -0.431354    -2.63742    -3.49949    0.150403     3.45608    0.493753    -7.36476    -1.32321     1.71952     1.29618   -0.382834    -1.28966    -4.94954     2.25171    -3.25558   -0.197562    -4.55857    -7.60035     3.27123     2.68754    0.466829    -3.16533   -0.408113     2.66408     -2.3244     0.77526   0.0578264      1.2502    0.126844    0.517457     2.12274
   0.984769   0.0169135     5.10806     1.13073   0.0201786    0.453171   -0.580506    -8.90746      1.0336  -0.0789287   -0.338043    0.572855     3.75932    -2.58946      -3.054    0.101584    0.342517     2.52037   -0.942502     1.85153     2.07415     3.40571  -0.0393342   -0.846013    -6.33637    -1.29352   -0.235015     0.50638     2.82338    0.745934     1.32916    -1.19612    0.561176    0.191471    -1.47505     2.41274    0.398739     1.58508    0.404916     2.18283     1.73651      3.4798    0.930569    -2.26254     5.87332    0.177609   -0.981438     2.57727   -0.311636   -0.453749
   -0.32911    0.346907    -1.21606     1.12926   0.0904252   -0.813147    -2.62124     2.86571     3.62659    -3.77484     7.06871    -8.23212    -1.86279  -0.0788847    -1.81157   -0.407478   -0.085723   -0.918365    -4.11561     3.60138    -2.39007    0.302945    0.077239    -1.51855    0.713161     3.98967    0.389247   -0.317067     3.21035   -0.679081    -2.59321     -4.5047     1.13551   -0.482065   -0.127211    -3.54757     2.56748    -2.29583    -6.46148    -1.87037    -4.04556       1.942   -0.791501   -0.456821    -2.30077   -0.354772     1.75183     2.73825    0.632366    0.149487
    6.41649    -3.40138     -4.1089   -0.361875    0.454666    -1.63219     3.07683     1.41721   0.0480878     1.54684    -1.33428   -0.368025    0.255583     2.60721     5.80483     1.16976    0.351113   -0.500866    -0.58119    0.695739     1.11498    -3.82356    0.131967   -0.122664    0.903152     1.61057    -1.05247     2.04478     1.69718    0.262601     3.33559    -1.48879    0.943274    0.915134     2.05026    0.890742     2.56637     2.62002     2.91721     2.54418     3.03523     4.34522    -1.90092   -0.076214    -3.14486   -0.395278      1.1358    -3.91771    -6.81125     2.05406
   0.710311     2.82563     2.25058   -0.322735    0.215773    -1.89742    0.468279   -0.219511     -4.9845     1.55597    -2.31435     3.16041     2.40562    -1.74143    -1.14464    -1.37577  -0.0047488    0.963403     2.23233    -7.57415    -3.72765     2.00999   -0.284834      3.1776   -0.750166    0.454626     1.10903       2.861    -0.65361    0.110633      2.3274    0.429346     1.82146    -2.91115    0.211767    -4.26675     3.64891    -4.53148      -1.996     2.41627       1.192     3.18784    0.305674   -0.518042    0.149424    0.238868    -6.42864     2.34199    -1.06091   -0.113734
    2.16175     1.80733    0.291979    0.422032    0.169732     4.09283     3.54899     1.93775    0.456858    -7.22941    -3.93455  -0.0598107   -0.755637     1.34571    0.693489    0.426507   0.0903516     1.08507      -2.195   -0.279837    0.406109     2.53189  -0.0138728   -0.487055     1.71501   -0.354511    0.247024     1.88126    -7.61353    0.236697   -0.738463       2.516    -2.67043       6.337    -1.16819     3.43812    0.259157     2.31674    -2.02889      3.2986     1.82812    -1.00465      -1.746     0.16496    -3.23776    0.289773     1.36142      3.0441    0.272685   -0.532229
   -1.25527     3.04767   0.0292693    -7.94082   -0.579264   -0.997262    -3.45646    0.701223    -0.74171      3.8701    0.553025     2.62043     0.90265    -3.61333     2.26418    -2.12969   -0.100415    -2.03091     1.25068     2.46667   -0.155491     1.34898    0.028077    0.999936   -0.648414    0.230338    -2.46076   -0.776566    0.598727   -0.260815    0.707022     4.90065    -4.32238    0.854339     1.56613     1.76592     1.01396     1.28995    -2.32714    -3.72529   -0.724728    -1.26909    -1.85207     2.65751    -1.37736    0.180581     2.76939    -5.24737     1.03477    -7.43327
  -0.161012   0.0426451   0.0185717  -0.0888237   -0.851406    0.885397   -0.156124  0.00907766   0.0683731     0.10596    0.667555    0.344133  -0.0968846   0.0951248    0.154069    -1.75058  0.00536864   0.0209802    0.400824    0.122911      0.0427    0.130888   -0.392442   -0.271821   -0.180482    0.059008    0.228196   0.0894247 0.000985498   -0.948937   -0.194851  -0.0399127    0.113367   0.0674737     1.10405   -0.325495  -0.0631898    0.105327    0.101689    0.395497   0.0142035    0.116166       1.296   -0.333812     1.81267    0.464782   0.0635301   0.0507989    0.148349   0.0234021
-0.0902307
  -3.15863
   1.43606
  -2.41315
   1.35775
  -3.02284
  -2.13243
  0.307317
 -0.376962
 -0.605665
