3 16 0.5 800
1
1
9 50
   -2.45048     3.21502    -3.84179    0.702036     1.44352    -1.19595     1.75561     0.40345    -1.30319
    4.22026   -0.683879    0.437742   -0.944189    0.827772    -2.27584     2.78998    -2.54226     3.02275
    5.30341     1.28186    -2.50411   -0.319276    -0.23448 -0.00513681     1.60993    -1.31397   -0.208398
   -2.74749    -1.15983    -1.61872     2.92636    0.359337     1.93845    -5.21026   0.0795532    -1.93024
   -1.91189    -1.34864    -3.12726     3.36511    -2.05128     3.55544   -0.626143     1.82351     1.10238
    1.32675    -1.89071     2.91351    -2.60941     1.10324    -1.01209      1.3124  -0.0591114     3.58243
  -0.717476     -0.7478     3.04482    0.411009    -1.54472     3.84293    0.124291    -1.78516    -1.96203
   -1.65126   -0.281445   0.0370467    0.606542 0.000356395      3.8604  -0.0918004    -4.87502  -0.0592353
  -0.987435    -2.17696     1.53855    -2.98674      1.7012     1.66625   -0.287205     2.26079   -0.433695
   -1.08507   0.0198489    -4.82047     3.21405    -1.48683 -0.00819807      2.0981     2.96863    -1.04053
    2.40514     2.43778     0.23123   -0.166276     1.04004    -1.55424     3.07137    0.305184     1.96283
    1.41199     5.45358   -0.669895    -1.53391    -1.33279    -1.33105    -1.74918    0.233217  -0.0320136
  -0.288182    0.529554     2.83184    -1.40481    -3.83738    -1.62565    -3.54165    -1.18177    0.219179
    1.18433    -1.38759     3.08174     2.10896     1.57754    -4.70954    0.574161    -1.27407    0.624937
  0.0329846    0.208181    0.293888    -1.07945     6.68427   -0.977085   -0.961218    -1.41308    -1.04973
   -4.16268     3.64789    0.806885   -0.590427     0.24765   -0.268568    -1.28566    0.739141     1.66478
    3.64074    0.553304    -0.81056   0.0683378   0.0988636    -1.96808    -4.19381   -0.126033     1.61331
    2.13097     1.76883  -0.0933508    0.990689   -0.749607    0.985091    -4.42119    -1.24423    -0.65177
    1.38085     1.08194   -0.555315    0.444818     2.52699    -0.66511    -5.17229     1.60069     1.42128
    1.95238    0.894462     1.39467    -2.59789     0.25533     4.85867     -3.2789    -2.21085  -0.0622724
    1.45749    0.271373    0.939002     1.17934     1.31244    0.096503     1.16625   -0.520383    -6.13076
    3.40339      2.3624     1.38412     1.38698     2.53307  0.00889902    0.958584    -0.45486   -0.321747
   -3.16641   -0.294716    -1.47214    -3.53437    -2.72318      3.4944    0.479818    0.525604   -0.554301
  -0.213715   -0.020056    -2.00861      3.3233     1.94786    0.862152     2.51178    -2.37292     1.33153
   -0.31892     1.18699    -1.50409     1.32599   -0.142945     2.11115    -3.89333     2.88224     1.77108
   0.920096     1.04444     2.30528    -2.10382   -0.146992    -3.04405    0.999297     1.99775    -2.33343
    -1.3882    0.608264    -5.94065    0.494589     3.84052     3.67841    -3.46549    0.624347    -1.52388
     1.0522    -1.83348   -0.228458     2.83876    0.417717      2.5671    0.129062    -2.24699    -3.10697
    1.38206     2.84962     2.22803    -1.71025     2.27805    -1.35033    -2.37829     2.02212     2.07286
   -1.95849     -1.0864     2.29411   -0.584185  -0.0538023     0.71931    0.822162     2.58428     2.50765
 -0.0251048     7.27806   -0.883044    0.465912   -0.315561    -1.70314    0.762113    0.140395    -1.28091
   -3.04471    0.374418   -0.475167      4.4774    -1.03762     0.10478     4.67224    -1.17546    -1.04964
   0.910396   -0.584706    0.394039    0.255059    -3.34994    -1.20779     1.27714     3.20694    -4.36352
   0.577394     -1.7652    -4.56959    0.365567    -1.26987     0.48403   -0.699305     2.98065     0.70299
   -2.29402    -1.08673     2.83004   -0.185585   -0.400514    0.204537    -1.67472    -2.23991     2.02155
  0.0704448    -3.06289    0.993537   -0.394532     1.80119     3.32629     1.46903    -1.60451     2.99678
    3.24836     2.23524    -3.46821     -1.3469     1.03965    -1.41009    0.674117     2.25679   -0.661664
   0.864742    -3.04505   -0.355007     4.53292    0.247317     1.92586    0.989836    -3.02678 -0.00343069
   -3.42722     3.42607     1.58954    -1.31444    -1.77604    0.583589    0.731816     1.26651     1.62116
   -2.13772     1.41511    0.330556     1.79401   -0.881107     1.51002    -3.62722    -1.83443    -1.75491
     2.4335      1.3328     1.39299     2.76119    0.367258     -3.2527    -0.19377    -1.75206    -1.91935
  -0.139392   -0.188996    -1.20719     1.91621     1.02242    0.933417   -0.371169     2.27396     -4.6701
   0.741978     1.95353     1.48608    -3.30399    0.562876     1.56529    0.779996   -0.437401    -0.30862
   -1.41488    0.124158    -1.62134    0.109101    -0.41997    0.748045      1.9195     3.74288    0.548056
  -0.853247    -2.57078     1.84212   -0.505269     4.47211    -0.28477   -0.516947     1.31795    -2.22483
   -1.49151     2.00954     3.54219    -1.18386     3.66817    0.737731    -3.11432    0.339332     1.93349
    1.56221     1.14866    0.537162     2.15872    -7.27422   -0.350987       1.439    0.612405   -0.229752
 -0.0944603    -1.77307    -2.71585     2.72201   -0.800627    -2.38635     1.04808     1.82194     2.12558
    0.90603    0.674963     4.56964   -0.509163   -0.452483    -3.66441   -0.538226   -0.900368    -3.92239
   -2.32007    0.195295     -1.6528    -1.27695     3.29826    -2.15985     2.09323      1.1647     0.88429
   2.08394
 0.0424495
-0.0727943
  -2.06876
  -1.69305
   1.02208
  -1.11807
  -1.47331
  -1.73477
    1.0235
 -0.854407
   1.46776
 -0.171916
  0.144193
   3.08172
  -3.38833
  0.524538
  -2.74558
   1.43627
  -2.22812
   1.31075
  -1.89318
  -1.53846
 -0.461548
  -2.63747
 -0.981648
  -3.40602
   -3.4266
  -2.33768
 -0.751195
  -4.06115
  0.780454
  -1.76633
 0.0224024
  -2.30426
   -1.9835
  -1.40313
 -0.365978
   2.05442
  0.481266
  -2.11829
    -1.689
  -3.13539
  -1.90058
 -0.416378
   1.78427
   4.84937
  -2.39881
  -1.16087
  -1.37827
1
1
50 50
    0.390746      2.58632     0.388621    -0.711318     -1.93337  -0.00687592     -2.59472     0.819638     -2.81559    -0.444379     0.226652    -0.236373     0.100966     -2.29313     -1.14899       1.3471      0.77648     0.463644     -1.41808     -1.59082     -2.00072      0.66421     -1.32419    -0.315351    -0.654122     0.611512     0.772133      1.50425    -0.997016     -1.65533      2.35645     -0.30119   0.00918949     0.211846    -0.563854     -2.99016      1.28186    -0.500988     0.180371    -0.224211     -1.41604      1.32152     0.125624     0.779041      1.03815    -0.861005     -2.06308    -0.543626     -1.68246     0.452383
     1.52342      -1.0714     -2.54245     0.808922     -1.13406      -3.2923    -0.493004    -0.404185     0.323495      1.44105     -1.51888     -1.65988     0.945744    -0.942134     0.767598      2.13161     -1.08901     -1.20237     0.189113     -1.44391    -0.875513    -0.992819     0.819219     0.580096    -0.582983     -1.48578    -0.729833     -2.75419    -0.646008     0.719724     -1.83893      2.04602     0.789268     0.345797     0.700856     -1.48195    -0.864873    -0.482249      1.24464        1.424    -0.212625     -1.95567     0.497167    -0.115062   -0.0662303     0.941614    -0.165765     0.695225     0.678426      2.29372
    -1.76684      1.46767    -0.876415    -0.980966    -0.596933     0.509336     -1.84429     0.137807     0.210366    0.0452409      1.09239     0.274254    -0.265533      1.56991     -1.46129   -0.0535046     0.555594    -0.877164    -0.810046     -1.71801    -0.490392     0.370236     -2.40697     0.323167     -1.71482     0.135187      1.28199    -0.177838     0.966772    -0.205809     0.684724     0.750782     0.741006    -0.310112    -0.349797    -0.509667     0.558804     -1.35178    -0.919215     -1.10735      1.18072     0.118365     -2.08114    -0.409669     -1.74975     -1.14173    -0.500546      1.44933    -0.356227    -0.396093
    0.323773      1.10777    -0.813945    -0.711967    0.0676728      2.24423     -1.28878     -2.11512     -2.05303    -0.794834      1.44154     0.911831    -0.319251   -0.0318404     -1.02121     0.925727     0.157688     -1.94929     0.130918     0.838768     -4.44739     0.811343     -1.74342     0.234984      1.29378     -1.45712     -1.75338     -1.63892       2.7935     0.252593    -0.162978    -0.542434     -3.74282      1.57017      1.01382     0.535366     -2.57675     0.190676      1.68735    0.0396309     -1.51686     -2.22556     -1.85218     -1.81749     -1.24209      0.42539     0.909457     -1.08805     -1.85358      1.07329
   -0.140855    -0.095205    0.0898057   -0.0436489    -0.611091    -0.842531    -0.449394    -0.451243     -0.48277    -0.545151    -0.405333     0.302381    -0.330132    -0.493767     0.103309    -0.013371   -0.0602438     0.298661    -0.313504    0.0172062    -0.289748    0.0719285    -0.656014    -0.464673    -0.344044    0.0271765    0.0909684     0.680108    -0.452935    -0.454016    -0.235928    -0.763792     0.118557    -0.451598    -0.475425    -0.342925     0.213524   -0.0931074    -0.873422   -0.0249968     0.401097     0.332159   -0.0501297    -0.261699    -0.296889    -0.446943    0.0354489    -0.456646   -0.0513636    -0.529524
  -0.0581523     -1.05815     -1.07705     0.166473    -0.392941    -0.985209     -1.52122      -2.5736    -0.429669    -0.264115      0.54396      1.31718     -1.29046    -0.641772    -0.637694     0.353171     0.385132  -0.00875933     0.182869    -0.847084    -0.116902      0.70902      -1.0335     -1.47111      0.78058     0.554225     0.129666    -0.697794      2.05147    -0.640085      2.04788    -0.457217     -1.11942    -0.171008     -1.78295      -1.1397      1.28567     -2.22088     0.171131    -0.347804    -0.113386     0.306639     0.335551     0.203868     0.316837     0.719256     -2.13835    -0.697269    -0.259279      0.36495
    -2.09137      0.61472    0.0802842    0.0834409     -1.69351       1.5558     0.412215      0.81225    -0.522847    -0.768921    -0.769657     0.568669     0.982121       1.2087     -2.35628     -1.29444     -0.72127  -0.00931857    -0.984318     0.762218    -0.944562     -1.83852    -0.668573   -0.0517004     0.301114      -1.7928    -0.704551     0.746475     -0.75458    -0.450481     -1.55064    -0.789301    -0.728991    -0.371101    -0.298551    -0.704905    -0.711776      0.75219     0.452985    -0.203999    -0.133095    -0.866445     -0.80712     0.802413     -1.63895     -1.79507      1.05532    -0.422323     -1.33702     -1.22417
    0.102802    -0.804127     -1.09311       1.5703       1.7913      -2.3107     0.329078    -0.353249    -0.992462     0.556186      -1.7501     -1.78451    -0.215548       1.9171     0.252441    -0.359756     0.632723      1.05474    -0.433368     -3.43364     0.528093    -0.129765     -2.26085    -0.162363    -0.281791    -0.438518     0.643684    0.0469942    -0.840797    -0.179434      2.45921       1.0912    -0.464317    -0.642719    -0.626067    -0.959667     -1.48266      2.73931    -0.941589        1.738       1.8579    -0.110032     -1.64383     -1.31643    0.0321639  -0.00965666    -0.046174      2.31719     0.562376    -0.101359
    0.908312     0.789183    -0.890536     -1.61454     0.137825    -0.643529    -0.284682    -0.640344    -0.625727      2.66794     0.821592     0.865743     -2.69928    -0.247169      2.49184     0.298894     -3.26283     -1.78657     -3.10321     -2.01017      0.50734      1.15014      1.26425      1.26442     -2.33494     0.414593    -0.836962      0.23962     -1.54858     0.186696     0.657279      3.43449    0.0754698    -0.338266    -0.622285     0.527856      1.15514     -0.46372      -1.3503     -1.15228     -2.94921      1.28256     -1.42138      0.23203     -1.09899    -0.808644       3.4412    -0.345744     -0.59205     0.710837
    -1.82216       1.2396      1.40515     -3.52696     0.475431    -0.565882    0.0067317      2.05801    -0.848379     -1.99615      1.48525       1.0807    -0.499738     -0.61811    -0.558322      1.22478    -0.920047      0.78386    -0.321516       1.5483      1.99147      2.02996     -1.27503      1.96457     0.849763     -2.62582    -0.303482     -1.49224    -0.835203     -1.42379     -4.58303      1.21908     -3.96942      -3.2326      1.79943     -1.66677     0.712564      2.83517    -0.440213    -0.291997      0.86887     -2.16731      1.10074     -1.60412    -0.746896      1.96512     -2.00796     -1.00449     -1.36989    -0.282793
    0.738657      1.79235     0.842852    -0.575387     -1.39849      1.98529     -1.82154     -1.45911    -0.677271     -1.47386     0.140347     -2.31344      -1.0276     0.853252      3.03812     -1.55377    -0.983566     0.633704     -1.15696      1.12059     0.190934      1.47268     -2.24183    -0.279114     0.471195     -1.12029     0.575248    -0.827894      2.46576    -0.154016    -0.384864     -1.51753     -2.68336      -1.7592    -0.657535      1.29329    -0.400467   -0.0929785     -1.05763     -2.35349    -0.872634     -2.04607    -0.424478    0.0652539    -0.882552      1.87052       3.6859    -0.745131     -1.01456     0.648907
   -0.426471     -1.40114     -1.06174    0.0686964     -0.36373     -1.28106     0.368095    -0.500162    -0.306777      1.55438    -0.745812     0.169137     0.419907    -0.695389     -4.68104     0.693008     0.191781     0.247008    -0.859859       1.5689    -0.982392    -0.906824      0.89832    -0.703989     0.289686   -0.0727533      -1.3256    -0.617869    -0.841044      1.20389      1.63325   0.00360632      1.22259      1.58975     0.550989     -1.43845    -0.837818    -0.625054    -0.271819     0.896449    0.0029893     0.352632    0.0962455     0.772386     -1.73157     -1.51221    -0.140502     0.344785     0.484245     -1.22986
      1.6606     0.840795    -0.322191     -1.09655    -0.751221     -1.86821    -0.822427    -0.255386     -1.36546     -1.81973    -0.239541     0.889945   -0.0146481     0.587581     -0.63256      1.95145   -0.0182676     0.442846    -0.563193      1.17451    -0.468859     0.766474     -1.52772      1.00584    -0.691036    -0.162596    -0.419536    0.0773414     0.190412      -0.5314      4.01812     0.331376    0.0452141     0.116227     0.475827    0.0627341     0.562578    -0.339976    -0.391123     0.839618    -0.385379    -0.690833      1.30458     -1.26563     -1.00509    -0.993172     -2.49806    -0.234483     -1.22299    -0.107847
    -1.18253    -0.934705     -1.80403     0.856944      1.80259    0.0743181     0.734856     0.139781    -0.673112    -0.944875     -0.83703     -1.09709   -0.0511049     0.225455    -0.636474     0.355599    -0.950568      1.60434    0.0782441     -1.90453      -2.2483    -0.901259    -0.411552     0.950093      0.91915      -1.8771     -1.29611    -0.188582    0.0927564      1.77232    -0.320284      1.83422      -2.8345     0.418896       1.0831     0.574785     -2.21767      1.22013       1.0747    -0.769568     0.542541     -1.18674    -0.660197    -0.690178    -0.831416       1.5844    -0.302165      0.91567     -3.66796    -0.648674
     -1.7324      1.88818     0.243556    -0.831526     -2.22905     0.607102    -0.082182    -0.428093     0.838223    -0.917109    -0.106787      1.82469      1.46489     -2.11453     -1.64566     0.548993     0.248447     -1.05156     -1.34149     -1.67548    -0.992596    -0.183392      1.56932     0.213084     -1.34958    0.0614828  -0.00211932     -1.07922     -1.09562    -0.214829     -0.58774     0.108556     0.707827    -0.288313    -0.384547     -1.56771     0.677769     -1.75199     0.630839    -0.296753     -1.92507    -0.612058     0.650387     0.810844     -1.00511     0.197438     -1.66882     -1.58077    -0.227779     0.218146
    0.536364     -1.50398    -0.949839      2.09013     0.333333     -2.20517    -0.726149   -0.0269493     -1.11313    -0.237206     -1.91299     0.369404     0.298107     -2.03981     0.150525      1.31455    -0.506912    -0.209303    -0.269712   -0.0190468     -1.72626   -0.0838495     0.703762     -1.32274     0.617736      0.26853     0.731916     0.485086     0.174986     0.167099    -0.150549     -1.44088      1.17719     0.545421    -0.118317     0.179698     -1.07596     -1.04952     -1.14306     0.803325     0.156936      0.20045    -0.753995    -0.343966     -1.51889     -1.60295      1.07223   -0.0675256    -0.953061    -0.865629
   -0.300473     -0.19768     -0.32857   -0.0712688    -0.190842   -0.0904976    -0.254889    -0.427479    -0.175436    -0.270199    -0.205293    -0.171181    -0.547821    -0.153871    -0.414607    -0.194573     -0.11315    -0.236632    -0.307836    -0.106132    -0.466991    -0.234856    0.0878781     -0.41303   -0.0703875    -0.279055    0.0359087   -0.0927372     0.100864   -0.0550048    -0.257179    -0.295235    -0.376847    -0.318102    -0.145278    -0.326926    -0.300174    -0.082546    -0.431648     0.146686    -0.285989    -0.158502    -0.427421    -0.299414    -0.245689    -0.198968   -0.0922273    -0.426336     0.120183   -0.0974738
    -1.23748      1.14815    -0.167512      0.21092     -1.27289     0.765625    -0.619566    -0.166769    -0.839789     0.523978      1.07779    -0.778754     0.816454      1.37376     -2.19589      2.29467    -0.465167     -1.85968    0.0737816    -0.696905     -2.47536     -1.22464     -1.22921      2.03354    -0.759954    -0.825001      3.44113       0.1242       1.6121     0.273607     -2.87959      1.16311     -1.22881    0.0992613    0.0186045     0.973966    -0.351613    0.0769663      1.62335    -0.530798     -1.30731    -0.716981     -2.14525     0.471812    -0.766401     -2.09732     -1.05923     0.824598      1.40918     -1.12339
  -0.0637015      1.59379      1.10697    -0.592138   -0.0166129      1.69702      0.25152      1.23938     0.565338    0.0271264      0.78383     0.719997      1.11576     0.907473    -0.453877    -0.325708    0.0537607    -0.493518     -1.24758      1.72489     0.602563     0.385631     0.598343      1.07309    -0.312602    -0.444671     -1.09504    -0.495986     0.568208     0.498567    -0.130881     0.488591      0.43812     0.521306   -0.0223228     0.438395    0.0477034      1.27232      2.45826    -0.354209      0.70755    -0.410044     0.302964      1.12247     -1.30817    -0.584367      3.50653    -0.313547     0.444552     0.404799
    -1.17068     -1.04996     -1.94729      2.61751    -0.768443     -1.94244     -1.82952     0.518176     0.324141    0.0245216     -1.51015     -2.07741     0.659778     0.438279       1.6936    -0.286627     0.883416      1.14353      1.01572   0.00204973      1.27635      -0.2635     -1.57447    -0.135714      2.12457     -1.22242      2.76929    -0.410371      1.71641     -1.37592    -0.177207     -1.29854    -0.236293     0.827475     0.656976     0.376562     -2.53219      1.28059     -1.70321    0.0212123     -2.28207    -0.908449     -2.94241     -1.60317      2.22757      1.94027      1.04732     -1.09277     0.496902     -2.55718
    -1.74948     0.538952      1.01942     -1.88354    -0.498594    -0.720636     0.790098    -0.252294    -0.145847   -0.0863543   0.00030045        0.933     0.215821    -0.955595     -1.89551    -0.604016     -1.47133     -1.81212     -2.43437     -1.26649     0.583209    -0.235259    -0.721215     0.842778     -2.09534    -0.520308     0.348914  -0.00447335    -0.631082     -1.41604     -2.05394      1.56358     -0.59592   -0.0147944    -0.673072     0.470998    0.0221958      1.73135      2.69847     -0.62253     0.384383     0.654971    -0.635515      1.27124   0.00278645     -2.23756     -1.18482    -0.792786     -1.70094    -0.275427
    -1.89909     0.644362     -1.87938      1.80467     -2.18862      1.09887   -0.0810914     -1.39562     0.890356     -1.50105    -0.991804     -1.18608   -0.0251589      1.41662    -0.108036    -0.735522     -0.48009    -0.438793    -0.459626     -2.89485     0.680578     -1.35267     -1.41718    -0.821701     -1.37153   -0.0618473    -0.134912     0.664807    -0.425476     0.262973   -0.0272953   -0.0552158     0.832905    -0.954902      1.18535    -0.266922     -2.75233    -0.787338     -1.84136     0.337002     0.840724    -0.447597     -2.36483     -1.02072      1.29966    -0.826937    -0.301285    -0.107797      1.91945    -0.243181
   -0.336715    -0.368543     -0.37561     0.210292    -0.229842     -0.42032    -0.271844    -0.152631    -0.199192     -0.32257    -0.367485   -0.0361282    -0.603735   -0.0465118    -0.314134    -0.252821    -0.429396   -0.0789658    -0.482277    -0.155411     0.108567    0.0264487    0.0642689   -0.0620005    -0.311144    -0.154431  -0.00269686    -0.267049    -0.305679     -0.71733    -0.269121    -0.205769    0.0332488    -0.173274    -0.180925    -0.162195     -0.16675    -0.148185    -0.054232     -0.33447   -0.0662507   0.00654846    -0.104633   -0.0852921     -0.11257    -0.572117    -0.102214   0.00716211    0.0415783    -0.105975
    -1.60189     -1.12633    -0.494732      -1.4728     0.508741     0.833037     0.765442     -2.70566     0.925963     0.418973    -0.461608     -2.87413     -1.60274      1.88633    -0.263414     -4.38378    -0.658189     -1.24584     0.404409     0.649623    -0.027803    -0.985338     0.463561     0.460014      1.35307      0.64028     -2.18539      1.19948     0.592534      1.41074     -1.99921   -0.0613875     0.365245       0.7057    -0.759323      1.65363    -0.366975     0.911547     -1.81787     -1.06196     0.339498     0.756891     -1.84692     0.211857      1.47467    -0.371487     -1.21965      2.52108    -0.863396     0.972935
    0.249246     0.363864    -0.188385     0.212008     -1.03615      1.56617      1.29231     -1.88172     0.973597    -0.954632      1.37395      1.55623      -1.6573    0.0601707    0.0797984    -0.379034     -2.00147      1.05957     -2.03234     0.945684     0.218517      1.00745     0.405029    -0.698592     0.197452      1.70201    -0.175336    -0.822945      1.38459      -1.6784      -1.2126    -0.602166    -0.411455     -1.21804     -1.47176     -0.49758      1.51322     -1.24128     0.228134    -0.684274    -0.593226     0.280576     0.536638     0.157961     -1.06754      1.37185    -0.887838     -1.35505     0.511208      1.09116
    -2.75683    -0.956212    -0.993697    -0.407462    -0.662824    -0.825375      1.78293     -0.21128     0.413117     -2.43986     -1.41876    0.0213205      1.24587      1.81177      2.01052      1.02204    -0.917149    -0.644014     0.647068      -1.0759      1.46487     -1.11533    -0.783928    -0.655729     -1.49681     0.759816     -1.75996    -0.968003      1.77722     0.850878     -1.40778     0.665022     0.109552      -1.8387     0.362544    -0.713668     -2.88432    -0.809949    -0.391181    -0.234477     0.713235     0.729499      0.32321    -0.795805      0.36984      1.29309      5.18844     -1.48183      1.81727     -1.90886
      2.4582   -0.0073994     0.767828     -1.22998     0.884001     0.423348     -1.12202     -1.47265    -0.926667    -0.120468      1.57717      1.60979      -2.2996     -1.33756      1.30443     -2.52367      1.04319    0.0620535    -0.253664     -1.32253     -1.53125      1.40067    -0.673411     0.118476     0.474659     0.206228    -0.606526     0.251479     -1.33404     -1.74957      1.37137     -1.86714     -1.73613     0.898503     -1.09896     0.179429      1.77017     -1.46346    -0.278453     -1.25955     -1.11797     0.158659     0.557177     0.978295    -0.724869      -0.2456    -0.965976    -0.311802     -1.47223      2.54222
    -1.98303      2.25536      3.56255    -0.590788     -1.66599     0.685755    0.0612271     -1.86681     -1.22415    -0.692974     0.631736      1.21156    -0.579514    -0.423298    -0.505874     -1.92465      1.56049      2.04978     0.299904      0.95637     0.951638     0.842464     -1.71019     -1.77543    -0.500843    -0.332724     -1.18748     0.960043     -1.34837     -2.42385     -1.43171     -4.39845     0.657865      1.35955     -2.22466     -1.08913      1.68707     0.368309     -3.56465     -2.23269     0.843942      1.41104      0.20355   -0.0615475   -0.0928264    -0.977085      1.53951     -1.67146     -0.98284     -2.44268
    -1.16048     -1.95957     0.321209      1.45067    -0.878437     0.146133    -0.885962     -4.30264      2.33399      1.10242    -0.114225    0.0291481     -1.12378    -0.254381    0.0793497    -0.134557     0.911891     -1.44078     0.895031     -2.42791     0.454232      -1.5301     -1.22529     -1.45069      1.42275      1.79342     0.171499    -0.382708    -0.428755      1.58726     -1.04696     -1.77557      1.60429     0.800679    -0.110796     -2.16631   -0.0376702     -3.00905     -1.05891    -0.941827     -1.23274    -0.325245    -0.336786      1.07261      1.46839     -1.48552      1.59547     0.766902    -0.272798    0.0427347
    0.311814    -0.925533     -1.09616     0.771188    0.0762375    -0.429387    -0.526163     -0.11048   -0.0579274   -0.0422634      -1.0499    -0.503703     0.091938    -0.581582     0.104208     0.519126    -0.297787    -0.607285    -0.122941   -0.0805858     -1.05383    -0.601073     0.507234    -0.295406     0.506744    -0.160803     0.394187    -0.465339     0.517267     0.427786    -0.128876     -1.15489     0.176459     0.754285     0.283518     0.491724    -0.823573     0.181929    -0.356064     0.138012    -0.239055    -0.295489     -0.44731     0.266208     -0.73784    -0.913391    -0.254403     0.480057    -0.128558    -0.286363
    -1.68769     0.804624    0.0839812     -1.20818     -1.15258      0.37383    -0.283021     -1.69514   -0.0763803     -1.37231    -0.363656     0.424503      1.11374    -0.766142     -1.59288     0.235068      1.42431     -1.42755    -0.627292      1.31751     -1.17176     -0.93492     0.702194    -0.521094    -0.515741     0.541746    -0.720852    -0.612076      -1.0108     0.588501     0.737218    -0.915015     0.264827     0.390285    -0.124714     -1.55875     -1.20651     -1.41799    -0.905224     -1.18144     0.620116    -0.259252   -0.0156924      0.81842      -1.1993    -0.559374 -0.000984353     -1.54718     0.510386      -1.6424
     1.67687     0.219224     -1.22207    -0.120335     0.691115     -0.68211    0.0862717       -2.051     0.760014      1.10824      1.68649      1.97462     -2.16464     0.964265     -2.07176       1.2678    -0.384813       0.8231    -0.252207      1.20442      1.36474     0.527327     -0.43596      1.45624       -1.295     -1.05085    -0.237041     -2.13231     0.532771     0.229771     -2.24174     -2.38019    -0.184436     0.035676     -1.05891    -0.532756      1.22153    -0.361387    -0.235364    -0.785402     0.456204     -1.20766    -0.373668      1.48266    -0.666667    -0.534732       -3.427        1.976       -3.206     0.848718
    0.910411    -0.202868     0.593982     -2.32367      -0.8643    -0.506016     -1.04772      0.48481     -1.52967    -0.853941    -0.407618    -0.729428     -1.47847     0.931042      1.95669     -1.38895    -0.573126     -1.92475     0.611026     -1.43743     0.724263     0.643834     -2.27597     0.067362    -0.857892     0.791699     -2.60087     0.782582     -1.11955      -1.3587    -0.106271    0.0701645    -0.639313     -1.30299    -0.715231     0.932507    -0.996879      2.06909     0.501106    -0.902504   -0.0901638     0.598491    -0.762312     -1.46093      0.68237      1.03385      1.49576     -1.04682     0.572464    -0.463674
    0.107509       2.7991    -0.739049     -1.19614     -1.45172      1.42492      1.04501    -0.599459     0.438476   -0.0719198     0.226508     -1.45722      1.43668    0.0682602     -2.22604    -0.513698    -0.292181     0.126021     -1.91765     0.961976    -0.488759       -1.791   -0.0117318     -1.41899     -2.67306     -1.56605     0.894596      0.73108      -0.6694     -0.15195     -1.32282     -1.60307    -0.281093       1.5925     0.357828   -0.0051472   -0.0803935     0.611443     -1.45382    -0.776682    -0.152557    -0.438431        -1.22     0.259436     -1.82171     -2.48724     -1.76308     0.912279     0.716614     0.652029
    -1.70122     0.205342    -0.416304      -1.0274     0.462146     0.455867     0.635259    -0.633114     0.851243     -1.27859    -0.444259     -0.94947   -0.0949487   -0.0869223    0.0596938     0.471469     -1.03427     0.629171    -0.330932     0.438432     -1.13883     0.135344     0.132271    -0.401425     0.162189      -0.8272     -1.62383    -0.565255     0.201947    0.0450221    -0.657401      0.86553     -1.45808    -0.734442     0.281345    -0.047468    -0.676518    -0.342249    -0.512703    -0.722429    -0.609903     -1.03731     0.175001     0.334585     0.212404      1.67311     0.794818     -1.00602    -0.964789    -0.216788
    -1.71466     -1.18012     -1.04611      2.64123     -1.39282      1.14763     0.215747    -0.671451    -0.321917     -1.63084      -1.3646   -0.0680221      1.50495     0.786152     -2.07666      1.81455     0.188267    -0.100879     -1.27126    -0.435702    -0.768542     0.325045     0.346224     -2.55671      0.27878    -0.114214     0.471518    0.0172598      1.44487     0.661094     -1.06787    -0.364009     0.565791     -1.03857      1.25726     -1.42204    -0.950253     -1.39168     -1.89709      1.55913     0.762942    -0.859956     0.418482     -1.12089    0.0519523     0.137348     -1.66156    -0.723561      2.81919     -3.10782
     2.16546    -0.278651     0.285943     -2.04326     0.437265     -2.31242     -1.32205     -1.09292     -1.51792      1.65041     0.239505      1.34926     -1.96368     -2.06142      1.27055     0.904349   -0.0628395     0.225359     0.485097    -0.889971    -0.844059    -0.430112     -1.50739     0.770959     -1.56857     -0.79555      5.05249      1.56871     -2.85426     -1.89769     -1.31224     0.159458     -1.80837     0.713286     -2.18436     -1.42325      2.93035      0.59529     -2.58782    -0.980824    -0.818753     0.440567   -0.0807788      1.15145     -1.49895     0.160267      2.96826    -0.329043     -3.14778     0.392346
    -2.63329    0.0664032      2.76038     0.880331     -1.43378    -0.759247    -0.579453    -0.948565     -1.18306      -0.9564     -0.32864    -0.568757    -0.419824    -0.343187     -2.59599    -0.840523      2.12546      1.91879      1.55993     0.083307    -0.407709     -1.02802     -1.93148     -1.51356      1.17248   -0.0434752    -0.569873    -0.380839       0.5399    -0.322292      1.47995     -3.24332    -0.695943      2.50571    -0.296721    -0.596507       0.3098     0.189839     -2.77135     -0.95494    0.0234298     -1.17496     0.561178     -1.84342     0.491997    -0.705966     -3.56712    -0.608864     0.251862    -0.456298
     1.20767     -1.01655     -1.19259     0.782528     0.333679     -2.43689    0.0331781   0.00467286    -0.401309      1.65333     0.616339    -0.690068     -1.81636     -1.96055      1.86287    -0.937901    -0.301626     0.551672     -2.15694     -1.94438    -0.304796     0.922082    -0.802843      1.27061      1.87256      1.25093      1.18606      1.72725     0.125254     0.425899     -2.56379      1.33815    -0.232522    -0.411572     -1.34071    0.0577092    -0.333309     -1.12494    -0.455472     -2.09349     -1.65931      1.68424     0.185438    0.0859905     0.743707     0.688365      -4.9676    -0.984671      1.04455      1.49634
    0.645587     -2.46572    -0.780592    -0.602608      0.59887    -0.626034      1.09828     0.322817    -0.303746     -1.64958       -1.387    -0.829116     -2.59538    -0.105066     0.832029    0.0209109    -0.444623     0.461257       1.0756     -1.34544     -1.07292     0.474559    -0.929446    -0.341168     0.819596      1.77585    -0.793888      1.83896     -1.09606     -1.44329     0.299753      0.93708    -0.191953     -2.31453    -0.575893       0.5062     0.234113     0.455529     -1.09877      1.27708    -0.256432      1.85852    -0.419364    -0.626885      1.18447    0.0733217     -1.68795     -2.23619    -0.433416    -0.262829
 0.000195165     0.307702    -0.368201     -1.59141       0.1554    -0.460373      1.06579    0.0394887     0.355931    -0.162356    -0.909868      1.12139    -0.494027     0.381752     -2.01194      1.29033     0.663099    -0.705383      1.78861     0.112458    -0.518722     0.269554     -1.88915    -0.347277    -0.429094     0.370724      3.70698      2.64872     0.673515    0.0352061     -1.22356       -1.168    -0.111789    -0.457883      1.51305     0.335064      -1.3877     0.261887     -1.58456     0.979459     -1.03699   -0.0178863    -0.629911    -0.760385     0.388159     -1.37549     -4.72383     -1.71742      1.89243    -0.445564
     1.01585    -0.999393     -3.33194    -0.998348      0.45296    -0.691578      1.91156     0.895013     0.143506    -0.738237     -1.84858     0.422989     0.582287     0.266884     0.846066      2.28469     -1.15304     -2.29866     -0.13577     -1.16501    -0.907415    -0.621048      1.35282    -0.917702    -0.785892   -0.0167018    0.0836748      1.11941    -0.774221    0.0826911      2.01605    -0.671826     0.722679    -0.805157        2.215     0.814525     -2.21568     0.239199     -1.22541      1.06745     -3.59243    -0.672772     -2.91726    -0.873863     -1.82041     0.541022     0.300971     0.199616    -0.281419    0.0180982
    -1.24928     0.110081     0.406797     -1.35023    -0.122224    -0.224006    -0.176375      -1.2053    -0.889838     -2.06727    -0.124289      1.49465    -0.308053     0.331963    -0.237192     -1.41871     -1.46263     0.659768    -0.625003     0.369943     0.858944      1.66711     -1.46754    -0.706887     0.607433   -0.0902717     -2.62029     -1.26268     0.282395     -1.81072    -0.284992     0.527611    -0.146656     -3.28659     -1.03862     -1.22021     0.509241     0.028228    0.0769659      0.28395     0.673952     0.262021     0.766636    -0.635139     -1.18656     0.413206     0.285095     -1.08421      1.05685    -0.423098
   -0.194736     -1.08039     -1.16515     0.878962  -0.00122036     -1.78612      1.30905     0.050207      0.70408     -1.11489    -0.933492    -0.804967   -0.0227014     0.820009     -1.11472       1.1564     -1.59169    -0.456731     -1.27015    -0.953418      1.09393    -0.571699    -0.459212      1.48967    -0.683413     0.249919     0.930501     -1.49941    -0.117977     0.372358    -0.522304    0.0503267      1.64948    -0.626923   -0.0979821    -0.185388     0.122368   -0.0453753       1.2478     -0.33246    -0.744216    -0.165477    -0.112931     0.277477    -0.745712     -2.95523     0.756475    0.0874062     0.503288     -1.22341
   -0.840166     0.768937     0.538868     -1.43072       1.5104    -0.730918    -0.206707     -1.15824     0.184495    -0.660295      1.14175     0.204326     -2.27082    -0.354291    -0.377001    -0.821511    0.0719984    -0.707317      -1.6894     -1.71207    -0.213009     0.710018      -1.8527     0.918166    -0.349286     0.301993     -2.94409     0.631163     -0.16573     -1.02098    -0.657304      1.33903    -0.015681     -1.65842     -1.49604     0.636487      1.43755      1.06304     -1.70615     -2.36712      2.06417      1.24442    -0.290281     0.478501   -0.0840252    -0.717634    -0.554984      1.20522     0.536945     -1.70161
    0.509429   -0.0165716    -0.215025    -0.339871     0.317732     0.133218    -0.396418    -0.355014    -0.158911   -0.0469521     0.015639    -0.387448    -0.528531     0.111551    -0.508341     0.218294   -0.0716375     0.290475   -0.0482852    -0.167546    -0.523243   -0.0849264    -0.226972     0.102253    -0.147459   -0.0859487    -0.348935   -0.0848456  -0.00265599     0.132441   -0.0489861    0.0726865    0.0536577    -0.262645   0.00366103    -0.173479   0.00274743    -0.273568    -0.373295    -0.352192    -0.211794    -0.496673   -0.0984537     0.502995    -0.253854    -0.194139    -0.195946     0.297505    -0.241859    0.0427377
    0.481841      1.89459     0.907147      -2.0666     -3.85334      1.04801     -0.75539     -1.40572     -2.37439       1.4489     0.824853    -0.234496     -3.39482    -0.279044     0.784603     0.507228    -0.798861     -1.56828      -1.1372     -1.57877    0.0664544     0.658742    -0.678088     0.249254     -2.56538    -0.366313     -1.01047    -0.923981    -0.992684     0.528536      3.32771      -1.3313     -1.59799    -0.992554     -2.47358    -0.709391      1.35103     -0.93726    -0.325944    -0.664924    -0.218093    -0.040735     0.770748      1.17859      -2.1967     -0.10648      2.05722     0.263945    -0.707348      2.27971
    0.895419    -0.816015     -1.27592     0.806559    -0.650529     -2.32789      1.51615     0.261273     0.221057    -0.199406     -1.50547   -0.0374598     -1.08285     -2.49467    -0.687377    -0.823531     -1.43675     0.886142    -0.299317      3.01783     0.681397     0.315543      2.62126    -0.671838     -1.57768      1.07678    -0.564625      0.64998     -0.42528     -1.58386      1.27032     -1.08622    -0.490458    -0.220082     -1.12729     0.112962     -1.31375     0.174617     -1.70695     0.910101     -1.72314      1.59007     0.327072    -0.746261      1.41711     -0.13927    -0.236688     -1.73057    0.0187471     -1.07781
   -0.997418    -0.770671     0.649442     0.416554      1.32289    -0.980422      2.07858      0.42688      0.20786     -1.08606    -0.354867     0.373287    -0.895242     -2.23881    -0.541369    -0.653036     -1.58815     0.924216     -1.82833       2.7926    0.0379134     0.378305      1.78505     0.525569    -0.255688    -0.503891     0.906058    -0.357012    -0.255589     -1.29656     -0.12384    -0.678846     0.471136    -0.450071    -0.459582      1.83135   -0.0239414     0.547536    -0.870902      0.70409     -1.04673    -0.294793     0.367479      -1.3781    -0.762304    -0.575205    -0.731382    -0.845315     -0.33722     -1.56573
   -0.540567     -2.08481     0.564427     0.304336     -1.18832     -2.09705     0.810274       -1.262     0.739535      1.14247     -1.31726     0.271664    -0.853583    -0.676564     0.860548      -1.1175     0.235879    -0.823539      1.44489       -1.855      1.74018     -1.68608    -0.184637    -0.949388    -0.418016      1.14548    -0.545112     0.493752    -0.418724    -0.365246     -1.01458    -0.343054      2.66117      -0.8211     -2.03706     -1.62971     0.360829     -2.21672     -0.49378    -0.992927    0.0193432      1.67953    -0.445587     -1.12466     0.213153    -0.398839    -0.868085     -1.55352      2.02318    -0.309002
  -1.62288
  -1.98836
   1.45176
   1.84092
-0.0207581
  -1.58982
   2.38498
  -3.04921
   -2.1001
   1.03367
  -1.70453
 -0.492651
 -0.495114
 -0.270569
  0.486758
 -0.790207
-0.0555348
  0.256759
   2.39095
  -1.61247
   1.03875
 -0.367463
  -0.23424
  0.146093
  -0.97897
  -2.43189
 -0.845575
  0.876251
  -1.02029
  -2.00934
  0.383513
  -1.70814
 -0.494213
  0.778802
 -0.596065
 -0.736694
  0.891526
 -0.059955
 -0.871359
 -0.512603
  0.702155
  0.217845
 -0.477342
   0.68397
 -0.626682
 -0.963054
 0.0681725
  -1.49853
 -0.352143
  -1.83203
1
4
50 10
    -2.73972     -7.74466     -0.81578      2.64024    -0.582473    0.0775504     -2.24392     0.182988     -2.01282    0.0121224      2.42038      2.30168    -0.126231     -1.77098     -1.58347    -0.353112    0.0495935      -1.3416      3.26345     0.652384      1.91141    -0.495155     0.160162      2.84468      0.26474      1.23551      3.17682     -11.2634    -0.946829    -0.442434     -2.41659      1.94579       3.7705    -0.438581    -0.186395      1.76826     -2.38669     -4.29324      1.61838     -2.99766    -0.870409      -6.5773     -1.45228     0.686148      1.12837   -0.0277628      1.27333     -1.02007      3.50663      2.44062
    -3.63456       2.9137    -0.162564     0.233331      0.26059    0.0610648      1.12747     0.293758     0.542719      3.05841     0.908136     -1.26879       -7.288       3.0855  -0.00180483      2.83788     0.117246      3.63506     0.540819     -0.48375      3.51417      -1.6633     0.516039     -7.24125      4.05131     0.914439    -0.900861      2.12749     0.455395      0.27856    -0.410942      3.33605     -2.54954     -0.72592    -0.805943      1.85517   -0.0424292    -0.114279      5.85298     -1.58315      1.02905      -3.9709      4.68014      1.87966      1.72566    -0.230698     -2.43367     -1.10849      1.63466      1.23212
    -2.42572     0.671071     -1.78903      2.13103   -0.0276923     0.764391   -0.0977064      2.00051      1.76597     0.938182     -2.13156      1.35443      2.20479      2.85795    -0.952837    -0.430814    0.0155552     -3.21221     0.418118    -0.536805     -2.96214     -3.58875     0.141515      3.19039     0.712834     -7.09244     -1.00299      2.53443      1.26417    -0.353969     -1.35481     -4.87351      2.22215     -3.23176    -0.237402     -4.52472     -7.85462      3.61427      2.12844    0.0190007     -3.78259    -0.411896      2.82289     -2.37382     0.945037    0.0200427      1.51904     -0.17264     0.462969      1.96025
     1.33521     0.337593      5.40253      1.42346    0.0504994     0.487267    -0.573585     -9.12683      1.09097    -0.589587    -0.634836     0.595622      3.81696     -2.57332     -3.08773     0.179022     0.355969      2.98959    -0.453891      2.95921      2.02565      3.36796   -0.0417809    -0.699038     -6.50991    -0.660434    -0.387327     0.264769       2.8858     0.627281      1.36936      -1.4842     0.274371    -0.042943     -1.66138      2.58724       0.2549      1.48253     0.815201      2.45227      1.62767      3.23465     0.951075     -2.43111        5.805       0.1605    -0.941103      2.33097    -0.486281    -0.449454
     -0.2862    -0.242023     -1.39155     0.766754      0.19529    -0.801876     -2.64213      2.92085      3.72696     -3.93312      7.11122     -8.35618     -1.84982     0.104288      -1.7091    -0.462148    -0.103623       -1.014     -4.54711      3.43076     -2.47918     0.195263    0.0682719     -1.75808      1.10573      3.74494      1.13863    0.0908963      2.98763     -0.62566     -2.53769     -4.66259      1.18802    -0.502632    -0.276737     -3.68103      3.31053     -2.38773     -6.50245     -1.66171     -4.10499      2.27269    -0.817758      -0.2187     -2.41909    -0.381434      1.42948      3.13702     0.948529      0.70508
     6.51018     -3.33197     -4.47361    -0.311278     0.527955     -1.80882      3.08934       1.2367   -0.0892471      1.62358     -1.28901    0.0528102     0.274322      2.69025      5.92272      1.28808     0.365574    -0.238699    -0.569342     0.665725       1.0655     -3.77124     0.133501    -0.316238     0.882147      1.67534    -0.852906      1.63398      1.40098     0.309233      3.01088     -1.48849     0.962991     0.739279      2.48671     0.951222      1.99899      2.49539       2.7813      2.64649      3.10656      4.26665     -2.03886   -0.0579728     -3.20862    -0.406348     0.928195     -3.86981     -6.92814      1.89541
    0.381245        3.063      2.23018    0.0260048      0.24798     -2.08133     0.610388    -0.380595     -5.58564      2.01892     -2.67135      2.93338      2.49955     -1.72837     -1.25399     -1.25172  -0.00157132      1.05277      2.02096     -8.16447     -3.96273      1.54369    -0.294146      3.34359     -1.42144     -0.20719     0.200176      2.97333   -0.0818638     0.139476       2.4598     0.456175      1.10464     -2.99614     0.305781     -4.37376      3.32159     -4.43462      -2.1378      2.24321       1.5079      3.61895     0.271725    -0.589205     0.189427     0.266287     -6.81423      1.98656     -1.22741    -0.212191
      1.9927      1.67838     0.244454     0.123134    0.0920484      4.32978      3.27091      2.04898     0.441158     -7.20517     -4.15613      -0.2481    -0.686291      1.35974     0.831553     0.454738    0.0864268      0.97571     -1.79553     -0.57918     0.525147      2.75507  -0.00569125    -0.576195      2.03826    -0.387976    0.0845015      1.73691     -7.79739     0.229796    -0.527893      2.27645     -2.92306      6.15245     -1.20518      3.45673     0.564086      2.13541     -1.78953      2.96983      1.85849     -1.13117      -1.8745     0.274378     -3.43737     0.269548      1.56837      3.46817     0.453692    -0.290721
    -1.23274      3.61636     0.652143     -7.76925    -0.561303     -1.24228     -3.03236      1.06952    -0.357577      3.84379     0.482121      2.88185     0.758934     -3.46855      1.99772     -2.26502   -0.0965288     -2.00152       1.3121      2.34985     0.292618      1.84211    0.0410663      1.24602     -1.00135     0.578029     -2.30331    -0.586753     0.446238    -0.234869     0.650288      4.79184     -4.04356      1.51908      1.57405      1.88915     0.240865       1.1849     -2.66915     -3.58414    -0.917759     -1.27169     -2.00187      2.57116     -1.33982     0.220813      3.44145     -5.34898     0.971382     -7.56135
    -0.17697    0.0719821    0.0351634     0.191948    -0.862357      1.29611   -0.0167455   -0.0263092   -0.0642875    0.0807996     0.811492     0.321173    -0.105625     0.119835     0.213456     -1.91443    0.0311782     -0.30911     0.389133     0.220328    0.0407988   -0.0249054    -0.370222   -0.0127857    -0.273036      0.26262     0.139665  -0.00741282     0.123546     -1.13378    0.0153963     0.365737    -0.158077     0.134702      1.13225    -0.381089    0.0215438    -0.189429     0.128499     0.281955   0.00688538 -0.000976433     0.924029    -0.473881      2.02825     0.637562    0.0652854     0.128087   -0.0442995   -0.0221357
-0.169559
 -2.84782
 0.896359
 -1.94117
  0.92423
 -2.98858
 -2.35458
 0.708957
 -0.32094
-0.636148
