3 16 0.5 1465
1
1
9 50
  -2.94569    3.08367   -3.67018   0.439626    1.15431   -1.81016    1.67522   0.411472  -0.954423
    4.8055  -0.314243   0.418711  -0.797389   0.492907   -2.38949    2.00312   -3.04771    2.76428
   5.30284   0.851333   -2.19732   0.639868    -1.6933   0.269881    2.06558   -1.88357   0.303806
  -3.04729   -1.27579   -2.49051    2.74412   0.673051    2.16225   -4.66396  -0.178015   -2.48172
  -1.07231   -1.53323   -4.08892    3.69579   -2.05091    3.74995  -0.910786    1.91434    1.76711
   2.96251   -2.16736    3.23887   -3.18153    1.15596  -0.756148    1.67429   0.415384    3.43303
-0.0895627   -0.46028    3.27361    1.03422  -0.756636    3.94643   0.291354    -1.4377   -2.43114
  -2.46736  -0.296703  -0.274544   0.609996 -0.0122926    3.85871  -0.271896   -5.81745   0.187685
 -0.887692   -2.50731    1.87723   -3.58838    2.13451    1.90569   0.126665    2.22088 -0.0450051
  -1.96848   -0.14395   -5.31047    3.42564   -1.71269   0.241572    2.33894    2.89422  -0.685228
    2.9419    2.89957   0.861838   0.210479   0.839693   -1.46152    3.25765    0.64039    2.11013
   1.76474    6.39703  -0.771652    -1.3671   -1.14776   -1.46561   -2.03621    0.76834  -0.103136
  0.200543   0.726486    2.45957   -2.12677   -4.44907   -1.49638   -3.86976  -0.579929  0.0699444
  0.603127    -1.1698    3.28197    2.32602    2.57468   -4.65533  -0.062525   -1.56722    0.85616
 -0.216978   0.423624   0.201266   -1.15636    6.85426  -0.847489   -1.21187   -1.17705   -1.27095
  -4.74015    3.51495    1.76499   -0.96556   0.994034   0.159836  -0.932051   0.701934    1.55645
   4.00862    0.70115   0.126589   0.663387  -0.440073   -1.90905   -4.50023  -0.016105    1.77529
   2.55408    1.78698   0.135705   0.756947   -1.07148    1.87516   -4.40798   -1.63774  -0.300747
   2.01039    1.67877   -0.83008 -0.0235528    2.80384   -1.31168   -5.17875    1.50112    1.92257
   1.27178   0.712141    1.82029   -2.61053   0.517841    5.21342   -3.07952   -2.33467  0.0771721
   1.26535   0.203136   0.942346    0.73001    1.82699 -0.0185163    1.24992 -0.0249249     -6.238
   4.16342    2.91562    1.52718    2.05044    2.34547    0.13359    1.75176  -0.148777    0.22714
  -3.75711   -1.08445   -2.07768   -3.84863   -2.99042    3.66221  0.0492376   0.923489  -0.463473
-0.0975935  -0.185043   -2.94305     3.4281    2.37755   0.770811    2.99405   -2.77808    2.33992
 -0.290008    0.69743   -2.35766    1.18524  -0.033714    1.99487   -4.78705    2.92285    2.37244
   0.90985   0.705946    2.79529    -1.8777    0.14262   -3.70897    1.22346    2.18637   -2.80893
  -1.30467    1.30239   -6.32965   0.240569    4.29009    3.74168   -3.06255   0.907208  -0.670532
   2.14276   -2.03747  -0.126989    3.18755   0.733997    2.50326   0.159189   -2.71234   -3.08523
   1.37655    3.48011    2.92553   -2.09393    3.10731   -1.88567   -2.21824    1.95749    1.90379
  -2.64564   -0.73814    2.60688  -0.616222  -0.765623   0.888872   0.761904    2.68894    2.86559
  0.148811    7.64078   -0.60894   0.419726  -0.570914   -1.40469   0.502399  -0.124454   -1.39096
  -3.22785  0.0513435 -0.0841432    5.02508   -0.99454  -0.890571    4.62621   -1.24276   -1.75793
  0.608807   -1.01159   0.104694   0.396024   -3.65399    -1.3902    1.10303    2.84715   -4.71269
  0.625117   -2.64086   -4.79278   0.323894  -0.494865  -0.302399  -0.982129    2.14548   0.824784
  -2.90935   -1.62305    3.05224   0.135056   0.129477    1.39619   -1.35766   -2.14874    1.26806
 -0.127375   -3.94404    1.35878  -0.318444     1.7138    3.19778    1.36487   -1.96617    3.17253
   3.61792     3.1085   -3.42236  -0.669239   0.421706   -1.39584   0.328617    2.89349  -0.939508
   1.06222    -3.2081  -0.257245    4.79422   0.215687    2.14364    1.02537   -3.15126   0.121192
   -3.7957    3.28844    1.04907    -1.6449   -2.36553 -0.0560605    1.23987    1.40718    1.18047
  -3.14941    1.47995   0.125198    2.63749  -0.168029    0.86031   -3.92178   -2.02082   -2.04046
   2.43702    1.88923    1.24036    2.58751   0.274699   -3.51613  0.0912777   -1.60828   -2.40371
  -1.13331   -0.92036   -1.50588    1.54548    1.66924    2.10224  -0.468926    1.78041   -4.86643
  0.789004     2.5495    1.79971   -3.73335   0.302936    1.81204   0.834216  -0.388971   -1.13013
  -2.02019  -0.463003   -1.82505  -0.156978 -0.0953696    1.48761    2.15801     4.3989   0.566493
  -1.03972   -2.73457    2.44151  -0.621363    4.70732  -0.424635   0.159515   0.793698   -2.39607
  -1.46574    1.86037    3.83817   -1.43821    4.05087    1.08578   -2.97819     1.1289    1.80357
   2.09725   0.786019   0.858234    2.07294   -8.11088  -0.276191    1.45062   0.833092  -0.243728
  -1.28709   -2.28837   -2.84157    2.87708   -1.16597   -2.74349    1.72099    2.37559    2.46354
  0.414835   0.562442    4.89663   -0.45035   0.515962   -3.32393  -0.818431   -0.46788   -4.49899
  -2.71625   0.333004   -1.86158   -1.94179    3.15183   -2.68379    1.87315    1.23307   0.436799
   2.71217
  0.782057
-0.0700697
  -2.57961
  -1.64163
  0.530139
  -1.42494
  -2.17135
  -1.84916
  0.449359
 -0.706501
   1.55328
  0.370472
 -0.235214
   3.62295
  -3.45294
   0.58145
  -2.98459
   1.65621
  -2.18995
    1.8073
  -2.21022
  -2.06946
  -1.44426
  -2.66639
  -1.83661
  -3.94703
  -3.97963
  -1.72021
  -1.06893
  -4.22794
 -0.343578
  -1.28014
   1.20455
  -2.38641
  -2.08643
  -2.17012
 -0.405536
   1.92203
  0.701658
  -2.23194
   -1.6663
  -3.20122
  -2.08762
  -0.20348
   2.23828
   4.47026
   -2.1445
  -2.18682
  -1.77465
1
1
50 50
   0.915166     2.61068    0.633005    -0.71838    -1.76332    0.795183    -2.81443     1.27611    -2.76572   -0.265488   0.0768142    -0.30423    0.399075    -2.50275   -0.895758     1.74985    0.648042     0.48513     -1.1634    -1.77813    -1.40535    0.257956   -0.835832    -0.25689   -0.779792    0.672292     1.11276     1.80156    -1.47307     -1.3633     2.52855    0.246063    0.135393    0.187885   -0.373571    -2.73096    0.503584   -0.142075    0.145831    0.239086    -1.96964     1.75689   0.0578935     1.02208     1.15596   -0.618994    -2.09656   -0.773026    -2.05476    0.637767
    2.06997    -0.87444    -2.64098    0.287992    -2.04223    -3.44635    -1.04184   -0.742832    0.111508     1.80099     -1.4185    -1.46539    0.180319   -0.699596    0.906034     1.87036   -0.762483    -1.52985    0.203223    -1.32018    -1.76382   -0.828466      1.2379    0.548504   -0.760057    -1.44851   -0.624041    -3.03104   -0.588485    0.652504    -2.12485     1.52882    0.349971     0.42089    0.969338    -1.35723    -1.34565    -1.15484     1.29577     1.37989   -0.040137    -2.16632     1.30832   -0.402243  -0.0943794     1.67903  -0.0279295    0.817553     1.25255     2.38997
   -2.21305     1.24408   -0.664096    -1.31709   -0.977226     0.57367    -1.81924    0.149897    0.275109   -0.460249     1.38557   -0.135666   -0.492378     1.14675    -2.08561    0.221688    0.287804   -0.385851   -0.993754    -1.96825    0.257693    0.761922     -2.8286    0.406249    -1.62003    0.333735     1.36142     -0.3832     1.25553   -0.743101    0.830056    0.672799     1.22719    0.217612   -0.391948   -0.806037    0.480239    -1.50582    -1.26758    -1.48299     1.37494   -0.238249    -2.77181   -0.378658    -1.86253   -0.699405   -0.524556     1.30439  -0.0295414   -0.293594
   0.146783     1.20536   -0.929308   -0.562636   -0.182411     2.55925   -0.715213    -2.42437    -1.73965    -1.22316     1.51643    0.982868   -0.955765   -0.329952    -1.22484    0.672012  0.00697252      -2.201   -0.607993     1.38841    -4.56676    0.493625    -1.77933    0.427617     1.67338    -2.04428    -1.31859    -1.88462     3.06112    0.511193   -0.539211  -0.0933308    -3.74802    0.851071     1.20363    0.721705    -2.88681    0.842933     2.05856   -0.491089    -1.95221    -2.03992    -1.47866    -2.41393   -0.977223    0.549671    0.439719    -0.55069    -1.98716     1.35962
  -0.374155   -0.113674  -0.0657362 -0.00956062    -0.88008    -1.30775   -0.771832   -0.138927   -0.866783   -0.683175   -0.512381     0.36018   -0.343385    -0.34871     0.68635    0.120599   -0.262841    0.372453   -0.134087   0.0326429   -0.235672    0.123459   -0.922158   -0.282004   -0.556414   -0.027271 -0.00155887     0.71032   -0.625834   -0.629256  -0.0529152   -0.572739    0.296273   -0.908608   -0.323089   -0.322238      0.3318   -0.117798    -1.00578  -0.0257315     0.98864    0.601892   -0.148745   -0.301668    -0.45313   -0.348628     0.51658   -0.415529  -0.0381048   -0.337488
  0.0640296     -1.4584    -1.31421    0.192603   -0.227251    -1.28242    -1.57124     -3.1521    0.140509  -0.0204407    0.761519     1.47428    -1.58285   -0.977395   -0.775623    0.878929   -0.308222   -0.334309  -0.0206462   -0.858921   -0.150472    0.690761   -0.830047    -1.69559    0.573127    0.643306   -0.212225    -0.89264     2.16532   -0.145561     1.90085   -0.159148    -1.41808   -0.533854    -2.06752    -1.39312     1.44785     -2.6202    0.536638    0.065447   -0.202872    0.174404    0.525181    0.711961    0.429276     1.28074    -1.96412   -0.823711   -0.072492    0.290271
   -2.28922    0.560884    0.267849    0.331699    -1.73782     1.18255    0.407719     1.03533   -0.896127   -0.756893   -0.626716     0.16549    0.854208     1.60539     -2.5206    -1.73344    -1.36875   -0.513526    -1.12346    0.668943    -1.37427    -1.93081   -0.494507   0.0904218    0.484188     -2.0909   -0.793989    0.823647   -0.927938   -0.238529    -1.85463    -0.15325     -1.0199   -0.120358   -0.405507   -0.802394     -1.2529     1.28652    0.280286  -0.0639215   -0.246005   -0.850837   -0.997806    0.923158    -2.01025    -1.80091    0.976018   -0.279042    -1.54872    -1.41517
  -0.522794   -0.833195    -1.14189     1.89619     1.74259    -2.44355   -0.193152   -0.366426    -1.60329    0.475081    -2.00168     -1.3445    0.267124     1.87633   -0.118847   -0.541426     1.13562     1.70034   -0.298433    -2.84885  -0.0506152  -0.0604546     -2.9439    0.166682    0.534987   -0.808512    0.289371    0.118496   -0.809862   -0.277143     2.04693     0.92997   -0.555227   -0.292054   -0.525995      -1.773    -1.64657     3.18023    -1.39588     1.95926      1.6905   -0.589054    -1.81313    -1.19952   -0.513147  -0.0272809    0.408014     2.80982     0.50809   -0.667234
   0.319245    0.582433   -0.793663    -1.96261    0.107318   -0.611231   -0.159247   0.0211827   -0.625892     2.45346    0.863153     1.03738    -3.58828    0.389056     2.97693    0.760114    -3.33218    -1.88234    -3.15018    -1.56738    0.378548     1.59439     1.18791      2.1186    -2.19925    0.907456   -0.944628    0.338548    -1.63023   0.0607538    0.367586     3.28256    0.110377    -1.16626   -0.335097     1.13934     1.75207   0.0475392    -1.64665    -1.22041     -2.7197     1.32571    -1.24338    0.477368   -0.891297    -1.42466     3.38189     0.13108   -0.626812     1.09727
   -1.81554     1.71092     1.61786    -4.12291  -0.0533626   -0.521781    0.612609       2.763    -0.39674    -1.54018     1.85523     1.50499    -1.10625   -0.662453   -0.183879     1.06874   -0.933606    0.871355    0.152914     1.65537      2.9613     2.65129    -1.20131     1.82667     1.15658     -2.7056   -0.667002    -1.29407     -1.3824    -1.66627    -4.62716     1.09033     -3.7595    -3.51518     2.06647    -1.53784     0.87714     2.60963    0.531039  -0.0317155    0.651163    -2.22163    0.891187    -1.77893   -0.642909     2.51713    -2.20978    -1.88675    -2.02478    0.046374
   0.677393     2.08353     1.05902   -0.817137    -1.59986     2.04986    -1.60327    -1.38013   -0.661525    -1.94123    0.329039     -2.8815    -1.34155     0.83857     3.54061    -2.22713     -1.4485    0.561711    -1.71424    0.874882    0.495267     1.70982    -2.31611   0.0240762     0.85885   -0.886889    0.922369   -0.953878     2.59842   -0.855199   -0.259678    -2.25193    -2.98594    -1.87519    -1.18323     1.44487    0.112659   0.0338723    -1.74146     -2.7213   -0.648879    -2.55226    -0.65103    0.162806    -0.73097     2.24183     3.34441   -0.836783   -0.826034    0.902875
  -0.389306    -1.81268     -1.3049   -0.482765    -0.16696    -1.06816    0.787875   -0.301993    -1.04233     1.25871    -0.66234   -0.196673    0.373084   -0.683241    -4.96435    0.542686     0.27954   0.0269468    -1.30409     1.53636    -1.37434    -1.18658    0.630579   -0.200095  -0.0563382  -0.0145179   -0.918787   -0.928035    -1.14492     1.27404     1.57544   0.0415074    0.685312     1.42678    0.513433    -1.35453   -0.996457   -0.424442   -0.181998    0.715647   -0.068364    0.417699   -0.394872    0.828842    -1.59144    -1.73262   -0.273523    0.252631    0.889174    -1.25452
    1.24713    0.831182  -0.0903302    -1.50612   -0.434501    -1.88189   -0.962191   -0.581643    -1.45055    -1.94185   -0.043235    0.430211   -0.463439    0.599242    -1.03402      1.7784   -0.581772    0.843066   -0.501953    0.889093   -0.211742    0.906307    -1.64059      1.4594   -0.968636   -0.178744   -0.678934    0.402987    0.142106   -0.627872     3.98039    0.246579   -0.186501    0.285952    0.249438   -0.305327    0.646123   -0.408327   -0.531951     1.19662   0.0471737   -0.494504    0.956465    -1.19033   -0.903856    -1.19383    -2.98743   -0.195051   -0.968818  -0.0125147
   -1.39971    -1.93602    -2.18184    0.541388      1.8555  -0.0538932    0.690367   -0.326956   -0.423401   -0.713795   -0.693511    -1.27251   -0.377574    0.525632   -0.175699   0.0860236    -1.44813     1.52519  0.00161086    -2.29789    -1.80127    -0.96525    -0.80118    0.791743    0.651875    -1.88827    -1.38284  -0.0435701  0.00659077     2.05618   -0.321085     2.38299    -3.33204    0.624496    0.524652     0.41508    -2.18008     0.74961    0.729316     -1.1126     1.05273   -0.985783   -0.231297   -0.604823   -0.678944     1.77306   -0.426095     0.78774     -3.3869   -0.440169
   -2.10465     2.32365   0.0483381   -0.730032    -2.86445    0.744583   -0.166166   -0.600142    0.317999   -0.983291   -0.113471     1.91992      1.1758    -1.87976    -1.45874    0.154404    0.327256    -1.44975    -1.45555    -2.15568   -0.930986   -0.161406     1.23499    0.403273    -1.56265   -0.104431   0.0152701    -1.08593    -1.06842   -0.198596    -1.12863    0.217578    0.584069   -0.122812   -0.520659    -1.62939    0.845673    -2.02428    0.453494   -0.452276    -2.05484   -0.934471    0.595278    0.524639    -1.17472   -0.147234    -1.90693    -2.32945   -0.132071    0.155382
   0.796864    -1.47395   -0.778069      1.8113    0.225963    -2.47139   -0.774049   -0.246681    -1.20657   -0.065057    -1.84022    0.384939    0.487633    -2.74018    0.405765     1.64943   -0.703463  -0.0883644   -0.106968   -0.565971    -2.03454    0.225517    0.956408    -1.63435    0.571947    0.714717     0.94657    0.747442   -0.059741    0.614985  -0.0538912    -1.27903     1.98767   0.0403113     0.14557    0.240644    -1.02645    -1.28921    -1.69833    0.658728    0.277304    0.412935   -0.845798   -0.321796    -1.65014    -1.88257     1.40061   -0.241852   -0.918551    -1.11213
  -0.304897   -0.214005   -0.329385  -0.0759868   -0.191829  -0.0995926   -0.258637   -0.425109   -0.176821   -0.272774   -0.211553   -0.187318    -0.55603   -0.171163   -0.425135   -0.192248   -0.125125   -0.243513    -0.31573   -0.116407    -0.47238   -0.241756   0.0877883   -0.415825  -0.0773745   -0.289385   0.0260861  -0.0898079   0.0873476  -0.0612084    -0.25154   -0.294328   -0.383556    -0.31786   -0.151213    -0.33388   -0.304892  -0.0829219   -0.439587    0.138226   -0.296419   -0.159828   -0.434361   -0.303252   -0.251182   -0.213469   -0.100138   -0.436883     0.10805   -0.104341
   -1.38571    0.999836    0.713245    0.244326    -1.60293    0.265777   -0.646653   -0.453524   -0.697182     0.67307     1.33708    -1.04144    0.653103     1.13366    -2.42442     2.54157   -0.180816    -1.75329    0.250344   -0.780683    -2.03303    -1.01483    -1.42283     1.88976    -1.05326   -0.941241     4.00697   0.0677826     1.77382   -0.538837    -3.27503     1.30664      -1.079    0.735296   -0.325089    0.884906  -0.0117306   -0.324343     1.53084   -0.940469    -1.14619    0.134813     -2.3706    0.211163   -0.568518    -2.13304   -0.960739    0.783595     2.08492    -1.10361
  -0.548939      1.3783      1.0139   -0.601515    0.187071     1.45548 0.000957197     1.26107    0.461988   -0.533053     0.51904    0.454994     1.21343    0.170103    -0.91647   -0.558121   0.0390079   -0.320451    -1.66866     1.71689    0.209391    0.264952    0.813136    0.793113   0.0236882   -0.863895     -1.1636   -0.358256    0.569256    0.602787   -0.222716  -0.0768118    0.263743    0.437661  -0.0943114    0.451464   -0.211994     1.05757     2.04603   -0.484655    0.628007   -0.443178    0.420329     1.22319    -1.67561    -1.18447     3.52544     -0.3314   -0.157652   -0.173544
    -1.6658   -0.749063    -1.97406     2.51682    -0.65829    -2.05638    -1.76468    0.583908   0.0103613   -0.342631    -1.47099    -2.74597    0.929985    0.477905     1.39223    0.137776      1.5738     1.57892     1.48091   0.0421073    0.814489   -0.283904    -1.67494   -0.253786     2.55981    -1.90744     2.50624   -0.476123     1.88357     -1.4719    0.537619     -1.5521   -0.265623    0.806284    0.892646    0.361139     -2.8992     1.21117     -1.9066  0.00551446    -2.42363    -1.07193     -3.2049    -1.53012     1.70131     1.42602     1.43341     -1.1459   -0.283909    -3.24595
   -1.79365    0.529841     1.39471     -2.5976   -0.504255   -0.652622     1.03773    0.153784  -0.0906622   -0.394826   -0.131455     1.01855     0.24736   -0.719837    -2.13549   -0.729536    -1.72557    -1.92267    -2.92473   -0.832728    0.901094   -0.362496   -0.286296     1.06881    -2.81793   -0.665308    0.205532    0.199423   -0.737506    -1.77471    -1.95552     2.18761   -0.459547   -0.439608   -0.867382    0.420069   -0.827804     1.64034     2.88993   -0.772714    0.181347    0.945036   -0.408889    0.943848  -0.0900359    -2.76865   -0.945475   -0.126758   -0.844852   -0.392435
   -2.17122    0.877426    -1.81173     1.49683    -2.16286     1.10978   -0.400151    -1.08079     1.17364     -1.4672    -1.19641    -1.67188   -0.175072     1.07956   -0.193432   -0.269853   -0.641456   -0.291613    -0.31732    -3.18673     1.33617     -1.3163    -1.60709   -0.499971    -1.40689   -0.589308    0.427243    0.264541    -0.53795    0.103158   0.0295092   -0.113205    0.509796   -0.685069     1.14489   -0.511754    -2.88295   -0.791006     -2.0142    0.935827    0.620805   -0.992403    -2.31031     -1.1552     1.93451   -0.539656   -0.457021   -0.069571     1.92402    0.168757
  -0.254633   -0.323004   -0.447894    0.236034   -0.329167   -0.483054    -0.35876  -0.0922856   -0.273896   -0.343673    -0.31703    0.044389   -0.716883    0.189249   -0.174966   -0.228514   -0.485383  -0.0865952   -0.384295   -0.118374    0.168317     0.13895  -0.0518283  0.00271377   -0.387086   -0.096462    0.136069    -0.30818   -0.202337   -0.898843   -0.156722   -0.109783   0.0531546   -0.247943   -0.163086   -0.165337  -0.0645347   -0.154383  -0.0652571   -0.315187   0.0892838   0.0976189   -0.122172   -0.133601 -0.00824264   -0.518979   -0.224021    0.110105    0.192162   0.0821037
   -1.56765    -0.71939    0.120058   -0.936833    0.178869     1.14138    0.576168    -3.35743    0.575784    0.578005   -0.573211    -2.96248    -1.55463     1.73309    -0.69698    -4.87644   -0.291048    -1.62753    0.295537    0.352543  -0.0718855    -1.17918    0.836219    0.738078     1.56239    0.396486    -1.71105    0.910768    0.172379     1.49455    -1.91269    0.168206    0.838929    0.213304   -0.999814     1.83876   -0.620899     1.19789    -1.63546   -0.986621   -0.119533    0.901044    -1.58445   -0.497593     1.37841   -0.463837    -2.00741     2.39002    -1.18812    0.556731
   0.647391    0.438653    -0.74902    0.176829    -1.55014     1.60166    0.826564    -1.83296     1.48275   -0.525575     1.31526     1.85665    -1.44816   0.0672089    0.273424   -0.202497    -2.17695    0.736463    -1.78469     1.19418   -0.236576     1.50803   -0.039915   -0.507236    0.650548     1.70512    0.344726    -0.90009     1.52693    -2.28916    -1.31983     0.15163    -0.73902    -1.14651    -1.60962   -0.971533     1.73443    -1.11895   -0.122881    -1.10964   -0.556609   -0.227567    0.735458   -0.251969    -1.18021     1.76484   -0.619456    -1.96994     0.30849     1.69706
   -3.01534   -0.972468      -1.841   -0.223805   -0.357961   -0.518941      1.4216   -0.356941    0.895528     -2.4548    -1.34207    0.219559     1.24207      1.4755      2.3408     0.61703    -1.61172   -0.542837    0.881538    -1.44202     1.34766    -1.46088   -0.568527   -0.766764    -1.44166    0.520139    -2.17279    -1.28777     1.44568     1.01713    -1.49553    0.597928   -0.265455    -1.19869   0.0763951   -0.776804    -3.09071   -0.569312   -0.917281   -0.601546    0.339478    0.217612   0.0247766   -0.581933     0.18598     1.73487     6.17728    -1.37273     1.56286    -1.94336
    2.53404 -0.00463984     1.21241    -1.27707     1.28892    0.523158    -1.51436    -1.77121   -0.920596   -0.208314      1.9371     1.52022    -1.75459    -1.62471     1.12432     -2.8594     1.11233   -0.207006   -0.383932    -1.40754    -1.81375    0.877436   -0.127806   0.0836589    0.581106     0.95837   -0.752786     0.34715    -1.56058    -1.60198     1.51016    -1.99099    -1.89382    0.602649    -1.13539   -0.263818     1.98499     -1.7468   -0.489486    -2.03166    -1.15049  -0.0619377    0.591056    0.836563    -1.22094   -0.690745   -0.612408    0.420896    -1.04983      2.6194
   -2.42038     2.02074     3.52613   -0.305329   -0.958981     0.34446     0.16516    -1.70523    -1.20939   -0.660694    0.376927    0.572027    -0.56615   -0.390401   -0.198924    -2.34417     1.82701     2.04067    0.645372     1.49275     1.15407     1.30005    -2.39967    -1.35519    0.248496   -0.604812    -1.50076    0.567008    -1.72841    -2.57679    -1.79061    -4.58493    0.230284     1.69535    -2.16392   -0.905143     1.63222    0.465262    -3.78222    -1.88884    0.422424     1.67274    0.460994    0.134378    0.396054     -0.8109     1.60221    -2.09535    -1.37717    -2.85364
    -1.3267    -1.81321    0.328909     1.87244   -0.607166   0.0179745   -0.763258    -4.33961     2.99801     1.24619   -0.691555    0.493244    -1.39296    0.176637   -0.543357    0.239802     1.39093    -1.94563     1.18398    -2.49647    0.729089    -2.15311    -1.22677    -2.24006     1.95782     1.11738    0.953356   -0.436179   -0.658522     1.40652    -1.74393    -1.47906     1.38405     1.02479  -0.0130889    -2.23862   -0.181852    -2.84159   -0.859524    -1.10399   -0.831611  -0.0193503   -0.407237     1.08996     1.13254    -1.74566    0.970095     1.16818     0.16487    0.277222
   0.382606    -1.10983    -1.20713    0.483124    0.310442    -0.32051   -0.640563   -0.237692   0.0196609    0.096117    -1.25035   -0.814799   -0.323941   -0.765896    0.484335    0.516358   -0.280452   -0.575855    -0.18581   -0.531702    -1.33649   -0.614031    0.521798   -0.296236    0.599405    -0.25782    0.602598   -0.589695    0.570007    0.759374   -0.417518    -1.36094  -0.0942478     1.04552    0.198516    0.535261   -0.992721    0.117011   -0.771761  -0.0916726   -0.287366   -0.502272   -0.554725    0.615809    -1.00619    -1.13623    0.133205     1.03059  -0.0184995  -0.0557811
   -1.80248     0.74717  -0.0292421    -1.32831    -1.38657    0.229332   -0.635345    -1.91478   0.0574473    -1.74937   -0.234848    0.475464    0.958108   -0.833419    -1.74684    0.203235     1.21891    -1.73076   -0.528075     1.28537    -1.46883   -0.932025    0.865874   -0.585666     -0.1843    0.454326   -0.587526   -0.764738     -1.0544    0.534248    0.533991    -1.05975    0.156491    0.399588   -0.170517      -1.598    -1.06423    -1.79263   -0.604352    -1.40249    0.091838   -0.334544    0.151178    0.835516    -1.52026   -0.479596   -0.256854    -1.71713    0.647143    -1.68392
    1.25438    0.592505   -0.665733    0.259764  -0.0498751   -0.996462    0.758909    -1.61424    0.465556      1.5747     1.72277     2.01453    -2.40015    0.729988    -2.58925    0.706268   -0.269768    0.968066   -0.425228     1.60993     2.22785    0.682775   -0.706683     1.61096     -1.4445    -1.54362   -0.129966    -2.80678    0.535936    0.532853    -2.71667     -2.6688   -0.201848   -0.314915   -0.953027   -0.656273     1.28989   -0.374155   -0.438254   -0.539076    0.766094     -1.4572    -0.36073     1.90317    -1.37982  -0.0116487    -3.57384     1.81309    -2.91804    0.866806
   0.736312   -0.116837    0.514266    -2.94462   -0.911373   0.0496064    -1.06652    0.139278      -1.524   -0.923345    -0.52876   -0.975884    -1.64545    0.977846     2.51999    -1.98426   -0.467114    -2.04344    0.709969    -1.13534    0.785399    0.319242    -2.08522   -0.342778   -0.989867    0.728185    -3.10858     0.73479    -1.36587    -1.00939   -0.305055   -0.468506   -0.697777    -1.34095    -1.10712     1.36543    -1.52301     1.75588    0.585968     -1.3967   -0.391791    0.547936   -0.812655    -1.54109    0.656306     1.32923     1.87903      -1.412   0.0107393   -0.824242
   0.276409     3.15815    -1.30937   -0.890174     -1.6829     1.92803    0.711336     -1.1462    0.842104    0.134828    0.362601    -1.80143     1.59933    -0.26328    -1.98598   -0.145418   -0.712347    0.413851    -1.45368    0.693517   -0.616542    -1.84389  -0.0749907    -1.44428    -2.78994    -1.72359      1.4495    0.475623   -0.713972    0.340389    -1.38547    -1.72092   -0.775676     1.79186    0.585694    0.258679   -0.170781     1.24659    -1.33423   -0.750793   -0.169479   -0.588263    -1.61244  0.00762567    -1.44817    -2.11541    -2.15769     1.34442     1.28074    0.928633
   -1.87457       0.404     -1.1352    -1.51287    0.700797    0.809288    0.706515   -0.690188    0.958514    -1.86056   -0.422723    -1.38185   -0.294509   0.0120622    0.102766    0.494589    -1.28941     1.14238   -0.515339    0.406241    -1.38963    0.407614    0.387389   -0.271372    0.590053   -0.775074    -1.70991   -0.388492    0.679231  -0.0421275   -0.752891     1.36127    -1.87926   -0.790209     0.59974    0.180342   -0.891533   -0.319796   -0.223577   -0.998444   -0.593589    -1.43431   -0.017209    0.517729    0.600466     1.99321    0.874796    -1.45702    -1.48754   -0.384289
   -1.99785     -1.6922   -0.710043     2.65464   -0.922133     1.64723   -0.176646   -0.427569   -0.782754    -1.31199    -1.23936   -0.264961      1.4262    0.993451    -2.28499     2.20377    0.111798   -0.178274    -1.44822  -0.0617538   -0.464766    0.532292    0.265761    -2.67224    0.324797   -0.202389    0.253061    0.161978     1.47255    0.491939   -0.898115     0.19459    0.287654    -1.34958      1.3597    -1.66059    -1.28293   -0.792811    -1.72482     1.61697     1.01944    -1.35559    0.375489    -1.30799    0.548063  -0.0537152    -2.13026   -0.265654     2.65005    -3.10315
    2.23852   -0.944042    0.517554      -1.967      1.3837    -2.49765    -1.13507   -0.718718    -1.29132     1.21606   0.0484781     1.55235    -2.41407    -2.47082     1.81316    0.902922  -0.0240698    0.499708     0.34087   0.0777446   -0.907628   -0.400936   -0.959773     1.08825   -0.790976     -1.1151     5.10815     1.73979    -2.62116    -2.13161    -1.20019   0.0186137    -2.56289      0.6712    -2.47876    -1.08193     2.97268    0.555112    -2.40439    -1.25189    -1.30753    0.453511    0.180548     1.64415    -1.74118   -0.319431     3.14189   -0.499725    -3.51977   -0.356945
   -2.34367     0.29677      3.2495      0.9392    -1.22959   -0.628245   -0.103584   -0.768152   -0.787002    -1.35002   -0.420094   -0.638302   -0.429684 -0.00423914    -2.97827    -1.08294     2.33446     2.06571      1.8137    0.162193    -0.10694   -0.803405    -1.71689     -1.3343     1.31255   0.0677765   -0.361234    -0.32663    0.857309   -0.298858     1.57084     -3.2664   -0.633957     2.48043   -0.114097   -0.629887    0.220378    0.634056    -2.81733    -0.94993    0.235412    -1.03065    0.762403    -1.91377      1.2437   -0.457755     -3.8472   -0.706124    0.465655   -0.768764
     1.0656    -1.29887    -1.60127    0.793164     1.00929    -2.19307   -0.381477    0.148071   -0.906148     1.73618    0.647888    -1.45312    -1.93072    -1.91203        1.99   -0.662882    0.527336    0.757914    -2.48847     -1.7628    -0.41793     0.85219    -1.45334      1.4289      2.9867     1.60439    0.983607     1.92921    0.742454    0.529391    -2.12718     1.30359    0.261745  -0.0408465   -0.997525    0.354917   -0.725506   -0.561636   -0.620968    -2.32593    -1.71633     1.92129   -0.471607   -0.335607    0.321088   -0.210766    -5.38085    -1.34586    0.742209     1.35013
   0.305285      -2.411   -0.621982   -0.709814     1.47507   0.0997461     1.00437    0.688921   -0.557055    -1.17852    -1.26013   -0.800448    -2.82765 -0.00599523    0.855041    0.139577   -0.306038     0.86332     1.03386    -1.44473    -1.26601     0.24925    -1.13855    0.229781      1.2645     1.72992    -1.11028     1.90911    -1.44203   -0.715932     1.19629    0.765111   -0.310849    -1.69536   -0.322992    0.990847     0.16557    0.752107    -1.27285     1.00262   -0.930139     1.45678   -0.454924   -0.226012    0.778658   0.0186244    -2.19709    -2.28901    -1.03542   -0.570321
 -0.0633148   -0.536834   -0.247584    -1.13898   -0.113242   -0.465392    0.905349    -0.24937    0.734953   -0.251731     -1.5759     1.18758   -0.374306  -0.0957014    -2.40814     1.43807    0.156831   -0.338621     2.68084     0.22447   -0.295099   -0.141877    -2.49265   -0.474859   -0.553063   0.0790236      3.8224      2.7888    0.516084    0.252317    -1.55115    -1.31225   -0.426425   -0.505433     1.63751   0.0271104    -1.20355  -0.0727215    -1.81637    0.510052    -1.34455   0.0435642   -0.264465     -1.0568    0.633584    -1.80269    -5.05629    -1.83008     1.99805   -0.671379
     1.4171     -1.2699    -2.75061    -0.47077    0.324898   -0.268291     2.25824     1.75376   0.0617412   -0.492124    -1.43629     0.55494   0.0418422   -0.548371     2.03761     2.31571     -1.1713    -2.56703   -0.237932    -1.43622   -0.903895   -0.528976     1.30937    -1.12764    -1.54615    0.174267   -0.393337     1.32139   -0.902505   -0.469453     2.61488     -1.4275    0.620947   -0.190617     2.00695    0.508877    -2.46485    0.948611   -0.970977    0.665706    -3.39436   -0.581072    -3.31318   -0.721014    -2.01183    0.552398    0.262114   -0.391949   -0.355753   -0.163259
   -1.26813 -0.00766319    0.699897    -1.72511    -0.20971   -0.206181   -0.368435    -1.37912   -0.387115    -2.11887  -0.0706896     1.48518   -0.379495   -0.208105   -0.209741    -1.37846    -1.31438    0.621966   -0.594988    0.777393    0.702513     2.22706    -2.00445    -1.18015     0.95831    0.300502    -3.30764     -1.2762    0.725103    -2.26051   -0.272005    0.494821   -0.341004    -3.37954    -1.28448     -1.1603    0.904205    0.170555     -0.2719  -0.0874897    0.487997    0.332986     1.13876   -0.729163    -1.23837     0.76856    0.379327    -1.32126    0.965278    -0.37267
   0.327169    -1.34155    -1.62923     1.02593  -0.0216754    -2.26635    0.529762   0.0479049    0.551389    -2.08727    -1.16255    -0.58046   -0.493377     1.06441   0.0249502     0.99358    -1.79774   -0.188232    -1.08937    -1.08924    0.958431   -0.588411   -0.364924     1.59947   -0.693432   0.0934975    0.969445    -1.52588    0.147698   0.0475592   -0.311855   -0.488061     1.39769   -0.864398    0.186535     0.58069    0.462043   -0.189178     1.10508    -0.77415    -1.32571   -0.392853   -0.219226 -0.00272601   -0.261836    -3.74812     0.98653     1.11852  -0.0278033   -0.941574
  -0.501607    0.725312    0.413237    -1.95584     1.79038   -0.725774   0.0345516    -1.73355    0.133371    -0.17711      1.0159   0.0698261    -2.62908   -0.885317  -0.0479726   -0.892003    0.420407   -0.689544    -1.61838    -2.00621  -0.0453983     1.10828    -2.02992     1.32184     0.11015     0.12387    -3.18663    0.872699     -0.4646    -1.16191    -1.18245     1.26385   -0.174218     -1.8896    -1.50125    0.537601     1.87637     1.14708    -1.91022    -2.76338     1.59607     1.22814   -0.791478    0.647847    0.768565   -0.508565   -0.677488     1.51891    0.777613    -1.53037
     0.4207    -0.60105    -0.80765    -0.83409    0.450067   0.0265181   -0.726023   -0.655858   -0.159907    0.234806    0.654917    -1.42024   -0.710802   -0.134532   -0.772968    0.597762   -0.149525  -0.0497785   -0.363775    -0.81513    -1.15353   -0.198461   0.0389502    0.420946   -0.271743    0.108577    -1.19802   -0.287914   -0.324523     1.10492   -0.663699   -0.601341   0.0781139    -0.86226   -0.176898   -0.188779    0.412844    -1.00399    -0.12141   -0.514908   -0.393302    -1.07289   -0.377691     1.94796   -0.593557   -0.605999    0.425341    0.968479   -0.468663    0.659862
   0.265474     1.97395     1.18825    -2.16015    -4.11443     0.84797   -0.534921    -1.48868    -2.55105     2.03149     1.00884  0.00470548    -3.38618    -0.67608    0.188114      1.0323   -0.755169    -1.21122    -1.44333    -2.18803     0.44982    0.283105   -0.202312    0.580015    -2.50343    0.193472    -1.25682     -1.6501    -1.29234    0.450587     3.61783    -1.47188    -1.39869    -1.53376    -2.39343   -0.506428     1.15413   -0.898869   -0.199313   -0.574316   0.0800178    -0.23931    0.885328        1.22     -2.6009   -0.646468     1.89763    -0.11845  -0.0159529     2.80566
    0.73528   -0.628119   -0.929122    0.280534   -0.504854    -2.90093     1.59387   -0.936988    0.125566   -0.278371    -1.34272   0.0542212     -1.6862    -2.08507   -0.564434    -1.27699    -1.21148    0.690139    0.105825     2.74969    0.578823     1.02444     2.29344   -0.329439   -0.991174     1.41669    -0.22911    0.562582   -0.612418    -1.69149     1.40995    -1.72633    -0.56434    0.188799    -1.98962   -0.492869    -1.13843   -0.117198    -2.40342     1.39012    -1.54169     2.02875    0.441707   -0.737612      1.8202    0.251662   -0.149447     -1.8585    0.411871    -1.04175
   -1.10938   -0.473882    0.697779    0.609106     1.56871   -0.796364     2.08565    0.494385    0.356802    -1.09329   -0.657375    0.292167    -1.32385    -2.41365   -0.325845   -0.834766    -1.65979     1.14163     -1.7304     2.92602  -0.0460034    0.522854     1.91906     1.07102    0.188641    -0.56872    0.761911   -0.358145   0.0973336    -1.20424   -0.265846   -0.593606    0.364207   -0.140785   -0.672571     2.27282    0.328791     1.06444    -1.07264    0.780841    -1.15421   -0.298886   -0.188493   -0.926188    -0.71526  -0.0659014   -0.567682   -0.459133   -0.765744    -1.55053
  -0.330993    -1.87353    0.738625    0.185132    -1.17046    -2.58089     1.25578    -0.97013    0.451821     1.17156    -1.01548    0.742011   -0.454269   -0.862669      1.0192    -1.28262    0.262894   -0.762304     1.04594    -1.79807     2.39196    -1.60146   -0.203924   -0.819749   -0.681697     1.15031   -0.817415      0.8283   -0.208949   -0.455661   -0.123993    0.524368     3.07929     -1.2839    -2.43708    -2.00188    0.111094    -2.08766  -0.0518048   -0.607738    0.421293     2.14792   -0.452515    -1.51336    0.309162    -0.57215   -0.464067     -2.1621     1.83337   -0.778011
    -1.134
  -2.29495
   1.31306
   1.85375
 -0.140385
  -1.78197
   2.27363
  -3.27848
   -2.2649
   1.25887
  -2.22724
 -0.646098
 -0.810678
 -0.435157
   0.29349
  -1.00684
-0.0691547
  0.198647
   1.92762
   -1.9488
    1.1722
 -0.118127
 -0.186279
  0.318256
  -1.07409
  -2.60247
 -0.967546
   0.87877
 -0.987108
  -2.19873
  0.163815
  -1.69488
 -0.781717
  0.952197
  -0.74836
  -1.00557
  0.634433
  0.152616
 -0.932635
  -0.62499
  0.600654
  0.114783
 -0.678615
  0.107531
 -0.866406
  -1.05082
 0.0798582
  -1.71182
 -0.265906
  -1.64171
1
4
50 10
   -1.53853    -8.52577    -1.45308     2.68433   -0.587063    0.698168    -2.77733    0.743637    -2.81873     0.52446     2.13643     2.33829    0.248899    -1.95238     -2.3448   -0.290186   0.0616213      -1.484     2.72823     1.61923     2.84483   -0.828772    0.164442     3.21387    0.813865    0.614044     2.98547    -11.6447   -0.433964   -0.431238    -2.49912     2.10345     4.44494   0.0334701    0.343202     2.72419    -1.50968    -4.33548     2.35285     -3.0446   0.0865227    -7.00106    -1.27161    0.843585     1.12343  -0.0364808    0.886368   -0.255403     3.30731     3.09889
    -4.0493     3.60164    0.208829    -0.26221    0.392823    0.408882     2.27036     1.44301     1.08144     2.23726     1.30636    -1.15662    -8.02614     3.22561    0.224064     2.96328     0.10054     3.44716  -0.0220483   -0.217808     3.32782    -1.61951    0.508415    -8.12794     3.66178    0.901591   -0.441464     2.33259     1.28796    0.548254   -0.176937     2.71128    -2.43602   -0.518514   -0.983848     1.56774   -0.682379   -0.254132     6.10655   -0.813532    0.301322    -2.97351     5.43162     1.44119     1.98537   -0.137203     -3.2482    -1.78642     1.96057     1.03496
   -2.60407     0.67922    -1.79663     2.34274    0.253682     1.14579    0.580058     2.35013     1.67429     0.99747    -2.46608     1.37811     1.93362     2.27829   -0.787893     -1.1305    0.015087    -2.92373    0.634953    0.139839    -2.78575    -3.25036    0.144197     2.92688    0.710042    -6.48705    -1.04523     1.59733     1.64668   -0.599456    -1.54119    -4.41623     2.09568    -3.98478    0.283952      -4.849    -7.87393     3.19704     1.71589    0.206028    -4.23761   -0.158009     3.38911    -1.96122     1.01672   -0.137083     2.16655    0.084352     1.57505     1.54934
    1.75911    0.704488     5.40285     1.32487   -0.124774    0.753173   -0.655691    -10.0831    0.272602   -0.177394    -1.01099     0.39082     4.38324    -2.05716     -2.9336    0.587558       0.356     2.92292     -0.2473      2.5392     1.90896      4.1762  -0.0195917   -0.242821    -6.98706   -0.543704   -0.613208    0.325069     2.20407    0.808003     1.60544    -1.25012   -0.357664    0.102617    -2.06362     2.19193    0.875738     1.51369     1.33131     3.29055     1.63206     3.22236    0.859391    -2.88309     6.05353   -0.227032    -1.33953     2.12517   -0.650886   -0.150046
  -0.858173   0.0120607    -1.18199    0.908047  -0.0269716   -0.979678    -2.64598     2.48091     3.69278    -4.03648     7.95327    -8.75008    -1.78386    0.154051    -1.93479     -1.2672   -0.119159   -0.926454    -4.66649      3.6073    -2.62326   -0.160221   0.0157933    -2.00645    0.842533     4.06142      1.8185    0.171434     3.24431   -0.720633    -2.73425    -5.13379     1.39917   -0.514243   -0.486237    -4.27408     2.28622    -2.47906    -6.57159    -1.87466     -4.9431     3.01552    -0.83531   -0.040763    -2.51566   -0.570735     1.70834     3.30567     1.59272   -0.843814
    6.58915    -3.16699    -5.39665    0.227591    0.443558    -2.29577     2.89927    0.802722    0.668406     1.95066    -1.55643   -0.704148    0.906224     2.25546     5.92215     1.50596    0.374416   -0.365852   -0.554198    0.309662    0.658422     -3.8275    0.161377    0.489704     1.04597     1.01792   -0.868199     1.99067     1.92639    0.110959     3.53862    -1.90254    0.227165     1.08421     2.51427    0.949504        1.93     2.31649     2.94639     2.55727     2.61068     4.16983    -2.45847    0.145465    -3.50871    -0.65825    0.746682    -4.60176    -7.99298     2.48644
   0.408886     2.44503     2.61358    0.445138    0.375894    -2.62336    0.267681   0.0943907    -4.99833     1.31419    -2.12135     3.18498     2.86322    -1.69621    -1.72933    -1.37948   0.0253361     1.19833     2.71814      -8.343    -3.44736     1.25141    -0.24653     3.06233   -0.687309    0.158334 -0.00158414     3.30913   -0.924131   0.0941703     2.41653    0.284168     2.45416    -3.00172  -0.0830203    -4.12811     3.01821    -4.64098    -2.15099     2.06433     2.48743     2.67602    0.278853   -0.645709    0.363421    0.526309    -6.21744      2.1231    -1.44956    0.235619
     1.1077     1.95613   0.0939717 0.000788112    0.152677     4.22849     2.66201     1.62586    0.757927    -7.06001    -4.84085   -0.577432    -1.48506     1.68611    0.325494     1.02009   0.0787008     1.17907    -1.49835     -1.0031    0.327337     2.46462  -0.0016523   -0.589657     2.27487   -0.228233   -0.405471     1.61716    -8.68395    0.302676   -0.848392     2.87547     -3.1812     5.72307    -1.69497      3.4998    0.604468     2.29096    -2.60408     2.14883     2.85713    -1.58181    -2.43762    0.411924    -3.78576    0.696627     1.48891     4.12233    0.268957    0.288551
  -0.914383     3.25564     1.40588    -8.40787   -0.676929    -1.54997    -3.09195     0.78829   -0.807919     4.01696    0.638633      4.1428    0.564071    -3.33727     3.42175    -2.01262     -0.1039    -2.20237     1.09663     1.64239   -0.280548     1.97979 -0.00751515     1.30795     -1.5524    0.305895    -2.27609   -0.186968    0.346753   -0.185318    0.481699     5.02583     -4.6397     1.54873     2.16379     2.24628    0.758577      2.0741    -3.02894    -4.03009    -1.34051    -1.33932    -2.41542     2.42915    -1.34375    0.434799     3.77917    -5.71431    0.724845    -7.98017
 -0.0376241   0.0430099   0.0384011   0.0597043    -1.36848     1.32574  -0.0963009   0.0638748   0.0382449   0.0606313     1.07907    0.196063  -0.0688042   0.0149488   0.0853946    -2.39217   0.0294682  -0.0631774   -0.103575  -0.0117054  -0.0765134    0.189488   -0.644191   -0.137238  -0.0185193   0.0531496   -0.114429    0.143369   0.0963503    -1.61579  -0.0999078  0.00249705   0.0910332  -0.0247392     1.51597   -0.348029   0.0658732   -0.157309   0.0127653    0.802118   0.0789788  -0.0518911     1.28975     -1.3278     2.58319     2.25452   0.0296925    0.109188  0.00778814   -0.101103
-0.436192
 -3.40983
  1.35458
 -1.88344
  0.49684
 -3.11678
 -1.30762
 0.841621
-0.632267
-0.194484
