3 16 0.5 1000
1
1
9 50
  -2.82653    3.31602    -3.5119    0.60488   0.945159   -1.60206    2.07907   0.298748  -0.946061
   4.46639  -0.759879   0.298456   -1.03504   0.154642   -2.23231    2.26876   -2.85722    2.92867
   5.47605   0.815591   -1.97888  0.0643179   -1.34677  0.0748732    1.56224   -1.23948 -0.0290408
  -2.92648     -1.027   -1.72548    2.72465   0.309066    2.14938   -5.30635   0.359685   -1.89339
  -1.57276   -1.33799   -3.54592    3.50547   -2.34502    3.40905  -0.501746    1.97899    1.68975
   1.58597   -1.89092     3.0693   -2.97999    1.29597  -0.634422    1.10484  0.0902084    3.39528
 -0.489686    -1.2908    3.26045   0.525236   -1.08992    3.77894   0.165927   -1.44801   -2.34297
  -2.18651 -0.0534725   0.110787   0.873533  -0.139268     3.8146 -0.0927291   -5.21202   0.154228
  -1.11716   -2.16153    1.47251   -3.10834    1.72464    2.04004  -0.421244    2.28114 -0.0883242
  -1.07759   0.176368   -5.04525    3.03869   -1.88415 -0.0451204    2.57462    2.94156   -1.01776
   2.48947     2.6823    0.41228  -0.411584   0.634856   -1.59491     3.1922   0.418386    2.15685
   1.74398    5.47346  -0.734113   -1.79438  -0.862436   -1.35368   -1.65564   0.712856  -0.299166
-0.0956649   0.772784    2.71403   -1.48328    -3.7648    -1.5249   -3.91707   -1.24956   0.365878
  0.711422   -1.18271    2.84073    2.27682    2.37097   -4.69495   0.494092   -1.58691   0.682164
-0.0460103   0.336022   0.407489   -1.04146    6.77073   -1.23329   -1.02679   -1.43832  -0.928973
  -4.33398    3.60853    1.30689   -1.15896   0.795526   -0.07746  -0.846341   0.908081    1.18979
   3.43856   0.651163  -0.779373    0.88142   -0.30301   -2.06849   -4.61591     0.1108    2.18842
   1.77927    1.56408   0.202988     1.2548  -0.792953    1.01021   -4.58376   -1.27092  -0.596699
   1.95217   0.933877  -0.680898 -0.0589119     2.3714  -0.491867   -5.22527    1.80725    1.22882
   1.44912   0.699904    1.16218   -2.76624    0.66364    5.23232   -3.42875    -2.1518  -0.190415
   1.90654   0.144106   0.849564   0.879013    1.23533   0.516789    1.16694  -0.313349   -6.17758
    3.8089    2.73408    1.07603    1.48368    2.19722    0.18582    1.11519  -0.218537  0.0863862
  -3.32368  -0.310314   -1.88821   -3.44035   -2.69939    3.28549   0.632521   0.324667  -0.502523
 -0.273532   0.122031   -2.60032     3.1008    2.26452    1.19198    2.56597   -2.50454    1.14564
 -0.244153    1.43573   -2.35474    1.02501 -0.0849009    2.28122   -4.18731    2.75556    2.23658
   1.48674    1.20971    2.67821   -1.66525 -0.0693478    -3.3056    0.86928    1.94845   -2.66802
  -1.79647   0.923962   -5.90529    0.13593    3.69137    3.77463   -3.07862   0.983626  -0.947008
    1.0691   -1.60093  -0.556438    3.49356   0.101636    2.57227   0.124896   -2.67588   -3.22678
   1.29918    3.15326    2.30008   -1.87205    2.75755   -1.23239   -2.65325    2.09326    1.80522
  -2.53152  -0.894953    2.57489  -0.193502  -0.280793   0.350245   0.974978    2.45865     2.4248
  0.141021    7.40028  -0.579118   0.458695  -0.503757   -1.60446   0.693474  0.0307243   -1.38367
  -3.19552  0.0558161  -0.232813    4.40325  -0.680105 -0.0908181    4.79385  -0.700837   -1.64167
  0.883589  -0.828562   0.633128   0.390028   -3.40225   -1.04022   0.957781    3.03725   -4.69467
  0.702303   -2.14803   -4.52186   0.571814  -0.803022  -0.106387     -1.055    2.56597   0.967569
  -2.55676   -1.42936    3.07917  -0.182014   0.413842   0.729923   -1.67484   -2.12026    1.58375
  0.308338   -3.37141    1.10378    -0.2058    2.05799    3.24651    1.66931   -2.03499    3.10644
   2.97556    2.45395    -3.4522   -1.11808     1.0976   -1.33917   0.981683    2.56701   -1.08111
   1.43648   -3.18792  -0.167265    4.59627   0.236495    1.96727    1.06345   -3.25312 -0.0679384
  -3.56245    3.29684    1.28171    -1.4603   -1.66726   0.650976   0.930665    1.36506    1.48938
   -2.4228    1.34531   0.387048    2.57614  0.0322568    1.01424   -3.77065   -1.87482   -2.24254
   2.45351    1.39559    1.48444    2.61411   0.199586   -3.07323   0.125576   -1.54516    -1.9018
 -0.416155 -0.0274045   -1.40651    1.80663    1.41489    1.45823  -0.407945    1.88599   -4.57336
  0.997537    1.94719    1.65871   -3.48265   0.360304    1.50263   0.805256  -0.170744  -0.481233
   -1.7555   0.158602   -1.65371   0.258678  -0.499388    1.02113    2.00908    3.87267   0.381855
 -0.644891   -2.54381    1.66751  -0.834728    4.54307 -0.0114403  -0.140678    1.33946   -2.66533
  -1.58818    2.06193     4.0076   -1.07638    3.61733   0.798805   -3.26061   0.390159    1.71569
   1.85203    1.14033    0.71397    2.05587   -7.46779  -0.436443    1.24281   0.755761  -0.497564
  -1.06745   -1.72619   -2.50616     2.9066  -0.766826   -2.68656    1.50784    2.21007    2.21159
   1.03574   0.480099    4.76597  -0.343485  -0.224174   -3.82278  -0.436491  -0.885124   -3.85067
  -2.47527   0.409548   -1.78514   -1.42247    3.43138   -2.55771    2.48029   0.838456   0.630618
   2.49576
  0.969224
 0.0650576
  -2.03659
  -1.72705
  0.655527
  -1.05191
  -1.36173
  -1.55378
   1.16891
 -0.403123
   1.15138
-0.0704138
 -0.304761
   2.97819
  -3.16805
   1.04119
  -2.82131
   1.71302
  -2.11291
   1.91361
   -1.8044
  -1.61946
  -0.74377
  -2.30442
  -1.50207
  -3.88941
   -3.2892
  -2.15369
 -0.469993
  -3.96575
  0.252152
   -1.0238
  0.342969
  -2.22817
  -2.05323
  -1.20044
 -0.764091
   2.48863
  0.366183
  -1.99016
  -1.93759
   -3.1427
  -1.64417
 -0.243682
   1.72934
   4.69885
   -2.1444
  -1.74374
  -1.57555
1
1
50 50
    0.707344      2.65105     0.597496    -0.751669     -1.77281     0.188011     -2.55001      1.00368     -2.73841    -0.126255     0.181936   -0.0628454      0.36095     -2.48658      -1.0516      1.53123     0.712557     0.496127      -1.5286     -1.84527     -1.58089     0.674453    -0.829329    -0.393396    -0.798809     0.783935     0.982441      1.81299     -1.22002     -1.48606       2.5002    0.0801323     0.258663     0.156958    -0.498789     -3.00771      1.26846    -0.253752     0.312198    0.0750252     -1.33281      1.73385     0.178968     0.887648      1.22021    -0.713679     -1.82461    -0.608625     -1.64599     0.511125
     1.90001    -0.874788      -2.2849     0.595391     -1.58416     -3.00821    -0.528201    -0.596734     0.540267      1.59021     -1.35995     -1.54258     0.631625    -0.650044      1.14072       1.5707     -1.12916      -1.5308     0.296628     -1.13602     -1.25122    -0.973928      1.06799     0.585614     -1.01079     -1.25795    -0.703186     -2.54922    -0.427698     0.674619     -2.39602       1.9005     0.483218     0.434945     0.568762     -1.38596    -0.873667    -0.795198      1.08014      1.11424      0.01988     -1.65663      1.01964    -0.199961     0.106766      1.42285   -0.0632282      1.02236     0.944991      2.88479
    -2.00868      1.34032    -0.870336     -1.09967    -0.807592     0.225299       -1.952     0.142527     0.249159    -0.187052      1.05858     0.244131    -0.500073      1.04698     -1.67101     0.020002      0.69549    -0.693198    -0.775412     -1.77257    -0.284221     0.631152     -2.57638     0.408789     -1.69685    0.0929968      1.15944    -0.222309      1.16621    -0.691099     0.891523     0.568172     0.790643    -0.244739    -0.284337    -0.792361     0.631527     -1.49168    -0.946333     -1.12994      1.18502    0.0305347     -2.27776    -0.448091      -1.6134     -1.00959    -0.716792      1.15299    -0.208679    -0.454611
    0.240297       1.0982    -0.980558    -0.747556    -0.133991      2.13868     -1.15588     -2.13747     -1.86869     -1.22793      1.25308     0.688407     -0.30354      0.13312     -1.13843      1.23226    -0.122119      -2.0164    -0.307626      1.00739     -4.62189     0.466546     -1.46536     0.435575      1.38038     -1.66121     -1.51373     -1.65773      3.12177     0.161179    -0.082529    -0.248885      -3.9213      1.38354      1.25642     0.923171     -2.70837     0.293006      1.76696    -0.076199     -1.70852     -2.08346     -1.61961     -2.14672    -0.948216     0.277766     0.359281     -0.86613     -1.77957      1.33078
   -0.146119    -0.116941    0.0627147   -0.0576815    -0.692352     -0.91435     -0.53399    -0.413479     -0.54064    -0.585221    -0.421249      0.26375    -0.341328    -0.491743      0.23895   0.00561644    -0.136673     0.276406    -0.336653   -0.0181082    -0.303489    0.0829387     -0.70743    -0.403717    -0.415272    0.0559693    0.0670263     0.721597    -0.528704    -0.490431      -0.2146    -0.734638      0.14109    -0.501955    -0.486957    -0.311091     0.266796    -0.115833     -0.98397   -0.0194736     0.496082     0.424137   -0.0612085    -0.254422    -0.244473    -0.455497    0.0850362     -0.42075   -0.0654828    -0.447123
 0.000973912     -1.30476     -1.20486     0.199939    -0.415271     -1.19626      -1.4793     -2.80659    -0.281973    -0.145618     0.583604      1.36871     -1.40123    -0.514145    -0.744889     0.678307   -0.0690554    -0.147956    0.0910921    -0.979919    -0.155441     0.719093     -1.09094      -1.4572     0.570796     0.751782   0.00109717      -0.6577      1.95645    -0.450984      2.05845   -0.0499162     -1.35047    -0.546695     -1.88746     -1.22641      1.24927     -2.34991     0.275272    -0.130565    0.0505924     0.333009     0.349095     0.402725      0.42735     0.992156     -2.12063    -0.638635 -0.000932736     0.419545
    -2.20501     0.599035     0.234236  -0.00594896      -1.5368        1.448     0.391273     0.742929    -0.581739    -0.619664    -0.915881      0.17009     0.985888      1.27816     -2.56021     -1.45121     -0.79476     -0.16928     -1.02758      0.56862     -1.14191     -1.93697    -0.583787   -0.0984557     0.396828     -1.86692    -0.679632     0.859525    -0.995345    -0.397615     -1.64695    -0.678659    -0.743214    0.0966557    -0.382447    -0.565053    -0.826791      1.18292     0.278659    -0.308323   -0.0396011    -0.847749    -0.893783     0.842798     -1.68949     -2.06101       1.0416      -0.2527      -1.5848     -1.14504
  -0.0678188     -0.82923     -1.06125      1.57698      1.87619     -2.14596      0.10311    -0.572133     -1.03082     0.552866     -1.75176     -1.80885    -0.154703      1.98745   -0.0432485    -0.458836     0.635571      1.07181    -0.455683     -3.40348     0.226167    -0.206592     -2.44136    -0.125315   -0.0946295    -0.553865     0.648696     0.188497    -0.883431    0.0298517      2.38834     0.994467    -0.423539    -0.298872    -0.486709     -1.07029     -1.33854      3.06451     -1.32924      1.55586      1.78814    -0.170401     -1.70455     -1.20172     -0.20613   -0.0649853  -0.00766545      2.59789     0.442189    -0.162777
    0.729092     0.695133     -1.06092     -1.72187     0.123347    -0.399136    -0.345001    -0.565776    -0.564906      2.56854     0.815345     0.873554     -2.86065    0.0761686      2.29282     0.412757     -3.49657     -1.72342     -3.26358     -1.84588     0.196547      1.24274      1.34873      1.59062     -2.41005     0.688439    -0.825365     0.461606     -1.48093     0.349239     0.539917      3.64499   -0.0100816    -0.763024     -0.53992     0.762896      1.17484    -0.481172      -1.3779     -1.17053     -2.76469      1.35665     -1.20527     0.258275     -1.12806    -0.997071      2.90639     0.082335    -0.326685       1.1849
    -1.83013      1.70125      1.74555     -3.49736     0.673076    -0.135467     0.263234      2.11223    -0.606593     -1.69848       1.9523      1.49873    -0.572308     -1.13283    -0.563156      1.05196    -0.813946     0.743545    -0.131307      2.03728      2.56889      2.01656    -0.691398      1.98953      1.00517     -2.73051    -0.623572     -1.32087    -0.823859     -1.35483     -4.56217      1.32622     -3.54175      -3.0253      1.82277     -1.66234     0.956455      2.95928     0.171185    -0.243864     0.749822     -2.27474      1.36005     -1.43037    -0.765052      2.07253      -1.7079     -1.24806     -1.70271  -0.00228315
     0.76278      1.85319      1.03681    -0.748224     -1.54212      1.94912     -1.70264     -1.36034     -0.83745     -1.60577      0.12201     -2.46253     -1.23586     0.847123      3.11872     -1.87154     -1.06788     0.502653     -1.29916      1.14387     0.311262      1.53544     -2.30924    0.0623078      0.47915     -1.26052     0.720563    -0.775415      2.36908    -0.502472    -0.384234     -1.83217     -2.91252     -1.77916    -0.918949      1.31361     -0.15759     0.210422     -1.47285     -2.68039    -0.815995      -2.2649    -0.678697    0.0590415     -1.04378      1.68996      3.51184     -0.62716     -1.13575       0.7097
    -0.38113     -1.30782    -0.989405    -0.166654    -0.348174     -1.25274     0.460339    -0.593951    -0.645287      1.46118    -0.549144     0.182239     0.414257    -0.614386     -4.77978     0.330042     0.441436     0.233241    -0.835411      1.65297     -1.06638    -0.972272     0.749506    -0.607017     0.180239    0.0141128     -1.20743    -0.892627     -0.81255       1.1804      1.57224    -0.172198      1.18172      1.76585      0.39156     -1.49423    -0.596393    -0.644498    -0.143175     0.695012   -0.0889484     0.346412    -0.105175       0.8356     -1.78167     -1.62415    -0.151453     0.359512     0.550942     -1.27776
     1.83759      1.20772    -0.239087     -1.14721    -0.685188     -1.73862    -0.838758    -0.283535     -1.37655     -1.88852    -0.168291     0.737908    -0.136869     0.410825    -0.764872      1.97935    0.0518905     0.415522    -0.441049      1.01353    -0.430865      0.73904     -1.34077      1.10868    -0.652206    -0.215312    -0.377757     0.146384     0.176863    -0.496696       4.1186      0.48273     0.177501     0.192693     0.701142   -0.0120564     0.843969    -0.419152      -0.3241      0.91072    -0.360115    -0.745892      1.26141     -1.22087    -0.932491    -0.991742     -2.60204    -0.233553     -1.29761   -0.0192516
   -0.887769     -1.38601      -1.8833     0.564496      1.98149    -0.209477     0.735626   -0.0547757    -0.440437     -0.93781    -0.848197    -0.855963    -0.146779     0.356015    -0.638107     0.525493     -1.49242      1.68986    -0.226584     -2.17919     -2.01454    -0.952296    -0.456258      1.06822     0.874322     -1.71206     -1.26576   -0.0180567    0.0176529      1.62346   -0.0745333      1.94092     -2.72809     0.774266     0.694041     0.533093     -2.19074       1.1391     0.935307     -1.07694     0.621306     -1.14227    -0.388898    -0.606195    -0.831081      1.41026      -0.2639      0.98401     -3.76496    -0.418459
    -1.80417      1.98029     0.183267    -0.745036     -2.28395     0.540973    -0.263381    -0.469244     0.601558    -0.797675   -0.0999176      1.84598      1.52651     -2.05824     -1.60493     0.596209     0.340014     -1.16827      -1.2636     -2.06283     -1.13468    -0.193189      1.40701     0.155792     -1.36104   -0.0332549      0.07828     -1.11989     -0.99333    -0.215517    -0.735663     0.174519     0.775598    -0.154495     -0.53035     -1.60218     0.665758     -1.88166      0.49847     -0.30289     -1.85428    -0.727637     0.433246     0.564151    -0.986015      0.16735     -1.82025      -1.7065      -0.1104     0.238814
    0.619017     -1.62547    -0.872051      2.10838      0.27944     -2.30976    -0.762183    -0.119748     -1.13016     -0.27398     -1.92645     0.481005     0.349561     -2.11646     0.198545      1.53809    -0.496412    -0.173347     -0.23178    -0.340768     -1.79597  -0.00175724     0.730073     -1.18019     0.714359     0.580466     0.828988     0.614712     0.102989     0.194863     0.089832     -1.46698      1.48973     0.349732   -0.0557535    0.0864837     -1.08468    -0.995793     -1.46987     0.789221     0.171172     0.285659    -0.797667    -0.467546     -1.54655     -1.82118      1.12516    0.0379598    -0.712457     -1.05116
   -0.305956    -0.204828    -0.332257   -0.0774503    -0.191092   -0.0926212     -0.25639      -0.4284    -0.173596    -0.273367    -0.208785    -0.182661    -0.553305    -0.161708    -0.420995    -0.193149    -0.121896    -0.239935    -0.313893    -0.114208     -0.46858    -0.237598    0.0895323    -0.414183   -0.0734139    -0.282586    0.0335307   -0.0919829    0.0954149    -0.056658    -0.255932    -0.295745    -0.376328    -0.317431    -0.147419    -0.328347    -0.301197   -0.0838991    -0.438409     0.139593    -0.292314    -0.159407     -0.43033    -0.298193    -0.247875    -0.206387   -0.0990317    -0.429455     0.116636   -0.0998749
    -1.27832     0.970686    0.0581505     0.128103     -1.70927     0.580441    -0.462357     0.190344    -0.355354      0.59409      1.11116    -0.942876     0.709418      1.22503     -2.03738      2.51198    -0.703835      -1.8762    0.0432732    -0.626008     -2.10601     -1.18276    -0.979487      1.85131      -1.0784    -0.643775       3.8815     0.157484      1.66484    -0.135516     -2.70566      1.18898    -0.991806    0.0210757    -0.355268      1.17748     -0.43011    -0.297777      1.80887    -0.669634     -1.45519    -0.321225     -2.07605     0.540488    -0.489201      -2.0967      -1.1218     0.439667       1.8723     -1.03028
  -0.0935512       1.5782      1.09805    -0.654807    0.0128174        1.667     0.214202      1.29466     0.481957   -0.0669587     0.776121     0.735127      1.11161     0.780326    -0.547734    -0.292424   -0.0294179    -0.487735     -1.34729      1.72541     0.484309     0.349168     0.622396      1.09864    -0.318156    -0.584454     -1.14455    -0.563356     0.549732     0.488556    -0.142018     0.470839     0.248548     0.423169   -0.0169198     0.459971   -0.0175484      1.22222      2.49448    -0.425012     0.631181     -0.49815     0.302708      1.11218     -1.40483    -0.677699      3.49575    -0.327755     0.277971     0.376136
    -1.39395    -0.814787     -1.88561      2.38119    -0.421977     -1.85485      -2.1444     0.370031    -0.147565      0.21068     -1.35862     -2.12846      1.02525     0.250795      1.44781    -0.261747      1.43206      1.35927      1.13427      0.02392      1.26908    -0.235856     -1.50025    0.0182419       2.3368     -1.53683      2.34876    -0.690902      1.74764      -1.4852     0.018594     -1.44025    -0.265092      1.03425     0.570224     0.454677     -2.60749      1.32093     -1.50265    -0.213059     -2.25962     -1.12957     -3.00606     -1.52944      1.81209      1.58444      1.46317    -0.977174     0.126864     -2.91429
    -1.91589     0.735503     0.980129      -2.1657    -0.531776     -0.56494     0.788932    -0.457033    -0.300996    0.0338432     0.316534     0.947033      0.22497    -0.895508     -2.16609    -0.656446     -1.71773     -1.64686     -2.47654     -1.44917     0.843342    -0.164276    -0.841891     0.559601     -2.40784    -0.380672    0.0679956    -0.113567    -0.666928     -1.55948     -2.14187      1.44101    -0.145726   -0.0739052    -0.719438     0.440707    -0.213501      1.62145      2.72113    -0.873427     0.251206      0.21008    -0.781351       1.0878    -0.283747     -2.54409     -1.14345    -0.783853     -1.50151    -0.374821
     -1.7232     0.866404     -1.93087      1.28818     -2.19105       1.4314    -0.276668     -1.45181     0.804509     -1.58835    -0.897677     -1.23686   0.00514162      1.31809    -0.274863    -0.685298    -0.597792    -0.644016    -0.535771     -3.16892     0.523697      -1.3315      -1.4209    -0.738926     -1.47039    -0.106476     -0.28632      0.44703    -0.491325     0.313268   -0.0174476     0.086943     0.668508    -0.848752      1.30939    -0.351704     -2.73586    -0.897368     -1.86863     0.352618     0.697687     -0.84362     -2.31855     -1.06533      1.28392    -0.689164    -0.291532   -0.0123834      1.86147   -0.0792927
   -0.301586    -0.355628    -0.381697      0.22752    -0.249479    -0.426225    -0.318476    -0.124883    -0.215624    -0.316728     -0.35186   -0.0290909     -0.62505    0.0138623    -0.267092     -0.24678    -0.441306   -0.0809721    -0.470688    -0.157012     0.122207     0.039836     0.034241   -0.0176672    -0.325627    -0.151592    0.0345158    -0.264735    -0.287451    -0.747469    -0.254769    -0.194265    0.0230451    -0.181851    -0.170134    -0.140291    -0.133748    -0.126123   -0.0552669    -0.316868   -0.0341782    0.0149414    -0.109113   -0.0969586   -0.0802033    -0.573491    -0.140574    0.0518323    0.0507167   -0.0571921
    -1.31114    -0.830328    -0.125693     -1.69436     0.270653     0.850616     0.844161     -2.91588     0.788122     0.549437    -0.418646      -2.6244     -1.62217      1.68911    -0.334036      -4.4477    -0.681711     -1.62195     0.219309     0.714662     0.210856    -0.838083     0.926689     0.509322       1.0809     0.654549     -1.97309      1.23215     0.421733      1.51431     -1.91249     0.413355      0.60759     0.344767     -0.89085      1.80938    -0.214766      1.07259     -1.65602     -1.08891      0.26493     0.841014     -1.69144    0.0316969      1.48171    -0.467265     -1.36435      2.49592     -1.07288      1.02915
    0.370772     0.451159    -0.269801     0.298166    -0.908692      1.52739      1.11451     -1.72311      1.16016    -0.652492      1.66672      1.48535     -1.91613    0.0572093    0.0869473    -0.131429     -2.43763      1.02139     -2.06747      1.09575    -0.108974      1.10802     0.373154    -0.248089     0.482512       1.6937      0.14291    -0.732552      1.43348     -1.72319    -0.949067    -0.360989    -0.667149    -0.896678     -1.59137    -0.452106      1.76021     -1.06429     0.110865    -0.942397    -0.642205     0.112987     0.614949     0.171805     -1.28796      1.53421     -1.04463     -1.53653     0.303163      1.54769
    -3.02912     -1.18519     -1.42318    -0.161246    -0.658093    -0.976485      1.47243     0.120894     0.394693     -2.42394     -1.28375     -0.21628      1.09094      1.98827      2.34253      1.06823    -0.916372    -0.585004      0.68792     -1.26291      1.42824     -1.21765    -0.803521    -0.463134     -1.37914     0.381321     -1.68822     -1.13279      1.57029      0.80345     -1.56608     0.451122    -0.412617       -1.801     0.269352    -0.813877     -3.11307    -0.523975    -0.512855    -0.279313     0.644675      0.36439   -0.0572147    -0.621602  0.000747611      1.15617      5.46003     -1.38412      1.61126     -1.61776
     2.39279     0.258402      1.15902     -1.41886     0.913739      0.68578     -1.12237     -1.47104    -0.744782   -0.0990807      2.00286      1.81362      -1.8705     -1.28793      1.20582     -2.63237      1.23282     0.131503    -0.345385    -0.988108     -1.47537       1.3544    -0.310355     0.107701     0.501658     0.596668    -0.644674     0.392723     -1.37697     -1.80046      1.29638     -2.04549     -1.66094     0.970963     -1.09699     0.171105      2.14246     -1.49097    -0.332824     -1.61162     -0.96196     0.162527      0.87145     0.988823    -0.733171     -0.53205    -0.756505   -0.0234799     -1.19741      2.62655
    -2.18536      2.07022      3.63485    -0.515903      -1.3538     0.303935     0.107998     -1.53312     -1.47318    -0.512427     0.278369      1.11588    -0.509384    -0.335316    -0.411226      -2.1375      1.80973      2.08206     0.390993     0.946553     0.914781     0.998494       -2.016     -1.54954    -0.336704    -0.770681     -1.30394     0.912582     -1.74799     -2.64179     -1.64556     -4.17325     0.446197      1.49097     -2.11523     -1.04574      1.53642      0.45332     -3.65495     -1.74699     0.783718      1.36326    0.0908045    -0.114941    -0.197107     -1.01356      1.61782      -1.9956     -1.19471     -2.69669
    -1.11508     -1.90011     0.268101      1.37184    -0.738111   -0.0114306    -0.957936     -4.42864      2.29348      1.20646   -0.0170035     0.511034     -1.06595   -0.0904871     0.125585    -0.039151      1.18041     -1.45751      1.18011     -2.32527     0.444235     -1.46744     -1.37195     -1.62074      1.55458      1.66681     0.122406     -0.50494    -0.173853      1.66928     -1.10652     -1.64105      1.52279     0.672039    0.0132024     -2.40785    0.0382556     -3.14267    -0.782828     -1.04227    -0.713645    -0.347939     -0.48998     0.991602      1.32308     -1.38868      1.68808      1.03668    -0.182407     0.163102
    0.161195    -0.921084     -1.02844     0.740566     0.119194     -0.40211    -0.535043    -0.114572   -0.0119248    -0.125542     -1.10691    -0.655185    0.0116441      -0.5424     0.133454     0.492337    -0.250757    -0.546202    -0.133412    -0.192532     -1.19004    -0.597689     0.383359    -0.318483     0.456545    -0.172217     0.403456    -0.488324     0.517336     0.427484    -0.143769     -1.34945     0.112927     0.752428     0.318607      0.64513    -0.880482     0.303084    -0.526029    0.0718911    -0.234266    -0.383747    -0.471605     0.158079    -0.785144     -1.03561     -0.29954     0.500405   -0.0413424    -0.328069
    -1.72566     0.533584     0.224473     -1.32371     -1.25675   -0.0298832    -0.577367     -1.75398    -0.034343     -1.23544    -0.245549     0.664042     0.985314    -0.953338      -1.5799     0.249841      1.37879      -1.4627    -0.495882       1.4692     -1.35618    -0.836006     0.753819    -0.550534    -0.408785     0.550757    -0.637615    -0.677753     -0.99927     0.161702     0.691991      -1.2131    0.0252982     0.495516    -0.289959     -1.66477    -0.722723     -1.69238    -0.873928     -1.45804     0.452623  -0.00371254     0.189013     0.917845     -1.35715    -0.711484    -0.173321     -1.65627     0.372598     -1.65814
      1.6459     0.443454    -0.878309   -0.0972718     0.451885    -0.777656     0.323479     -2.14915     0.523448      1.38562      1.85618      1.85973     -2.54537     0.681996     -1.98155     0.958688    -0.363219     0.821868     -0.12782      1.42218      1.70281     0.612075    -0.383008      1.51845     -1.54536    -0.940622    -0.513259     -2.34619     0.572762      0.26295     -2.43951     -2.39195    0.0426637    -0.199087     -1.31337    -0.652088      1.28971     -0.46243    -0.213908    -0.979219     0.588103     -1.12877    -0.202601      1.72262    -0.908088    -0.337768     -3.35373      2.07184      -2.9611      0.78477
    0.455184    -0.265294     0.600618     -2.61681    -0.920068    -0.558104     -1.01212     0.223326     -1.58636     -1.04262    -0.517173    -0.993734     -1.50274     0.761419      1.79317     -1.63061    -0.611209     -1.93304     0.432941     -1.38804     0.523852     0.517101     -2.16537    -0.323945    -0.934696       1.0092     -2.75225     0.892419     -1.30796     -1.43481    -0.217426     -0.32693    -0.430641     -1.41572    -0.878602      1.08199    -0.952772      1.82429     0.221919     -1.24723   -0.0650996     0.662349    -0.745419     -1.49752     0.638958     0.682274      1.60293     -1.11976     0.587754    -0.713449
    0.247818      2.87885     -1.07104     -1.04527     -1.67073      1.49269     0.840456    -0.713923      0.57012   -0.0930155 -9.43187e-05     -1.64942      1.78483     0.282387     -1.93122    -0.262584    -0.176745     0.288431     -1.73549     0.654892    -0.491651     -1.72357    -0.107978     -1.49723      -2.6931     -1.53634      1.05394     0.815924    -0.667808     0.142298     -1.37316     -1.61279    -0.577084      1.76735     0.675283    0.0244231    -0.353634     0.808482     -1.48359    -0.507262    0.0324171    -0.237172     -1.40343    0.0327277     -1.56986     -2.26745     -1.85061      1.25689      1.19569     0.938085
    -1.81613     0.197167    -0.638048    -0.879191     0.631884      0.37008     0.867417    -0.742082     0.929255     -1.37047    -0.628115    -0.978425    -0.192729    -0.300453    -0.270759     0.445146     -1.18386     0.986533    -0.365302     0.577259     -1.00694      0.23549     0.449092     -0.45356     0.524435    -0.672413     -1.63827    -0.430819     0.270154   -0.0149061    -0.759251     0.997281     -1.27854    -0.492889     0.304698    -0.232634    -0.726354    -0.346145    -0.518704    -0.669049    -0.590136     -1.00883     0.161513     0.498338      0.26736      1.86085     0.921056     -1.25442     -1.07993    -0.425167
    -1.70352      -1.2903     -1.02373      2.72671      -1.1812       1.4584   -0.0160798    -0.623651    -0.277024     -1.61401     -1.35325    -0.304888      1.47925     0.854759     -1.90604      2.07915    0.0988735    -0.289993     -1.16636    -0.475388    -0.891129     0.335647     0.496872     -2.68843     0.361037    0.0321437     0.376674  -0.00980197      1.54511      0.93698     -1.22488    -0.463921     0.575921    -0.807891      1.35626     -1.37622    -0.890073     -1.49906     -1.95321      1.52194     0.686311    -0.868363     0.308338      -1.0942     0.180139     0.148192     -1.79677    -0.554125      2.59902     -3.05025
     2.04476    -0.334568     0.520352      -2.4408     0.731464     -2.07665     -1.37155     -1.20259     -1.34315      1.55138     0.268525      1.56658     -1.95052     -2.40501      1.20386     0.827266     0.138581     0.235795     0.493721    -0.566489      -1.2271    -0.640291     -1.02209     0.646265     -1.18619     -0.84319      4.76805      1.34453      -2.9018     -1.58258     -1.30685    -0.130759     -2.26178     0.856258     -2.35954     -1.32378      3.04245     0.261388     -2.31708      -1.4237     -1.17892     0.531152     0.177204      1.52528     -1.79726     0.170612      3.31689     -0.37807     -3.36459    0.0141322
     -2.8086   -0.0101861      2.90475      1.12966     -1.28866    -0.649486     -0.15912    -0.773295    -0.837374     -1.19444    -0.510119    -0.469006   -0.0360605    -0.427038     -2.65553    -0.941681       2.3532      2.28634      1.82502     0.579541   -0.0699269    -0.929164     -1.63447      -1.4915      1.37337    0.0603329    -0.526411    -0.401351     0.780702    -0.242962      1.37871     -3.32413    -0.595507      2.44669   -0.0684496    -0.543295     0.202026     0.323325     -2.74697    -0.656261    0.0378462     -1.27147     0.786682     -1.82016     0.632831    -0.295398     -3.52083    -0.765596      0.35684    -0.578124
      1.1004     -1.29641     -1.21689     0.694213     0.535325     -2.39014    -0.330567    -0.168664    -0.759242      1.70681     0.615562    -0.694877     -1.78284     -1.84759      1.89709    -0.969719     0.115784     0.672189     -2.07422     -1.93762    -0.339849     0.666114     -1.07166      1.54388      2.25286       1.2998      1.26666       1.6454     0.361244     0.305565     -2.51216      1.18435    -0.466083   -0.0187511     -1.09022    0.0512698    -0.124271     -1.09294    -0.489737     -2.41528     -1.78713      1.57875    0.0526666    -0.155464     0.677223     0.323134     -5.25063    -0.604169     0.865368      1.55619
    0.416025     -2.33066     -0.48449     -1.09043     0.804201    -0.383838      1.03643     0.123555    -0.509109     -1.56565       -1.287    -0.573384     -2.54549   -0.0284262     0.795629   -0.0836556    -0.303327     0.664252      1.07314     -1.58137      -1.1305     0.670894     -1.08259    -0.235956     0.967677      1.94733      -1.0683      1.92494     -1.25644     -1.36435     0.717371     0.976516    0.0200029     -2.26239    -0.600103     0.526483     0.560598     0.429353      -1.1544      1.30948    -0.323757      1.72161     -0.39958     -0.74658     0.983556   -0.0988636     -1.58047     -2.50023    -0.436031    -0.731804
   -0.291314     0.229762    -0.247983     -1.72045     0.438338    -0.300478      1.22717    -0.239262     0.422452    -0.107136     -1.05167      1.10693    -0.205401    0.0324433      -2.4006      1.21093     0.599694    -0.428842      2.00789    -0.105684    -0.435109     0.300343     -1.79317    -0.680907    -0.418679     0.542392      3.63278      2.82675     0.581714     0.342003     -1.31216     -1.62116     0.259041    -0.137532      1.58744     0.366281     -1.08322     0.279522     -1.66687      0.64841     -1.11377     0.153618     -0.58951    -0.649331     0.227943     -1.85412     -4.43078     -1.79617      2.00687    -0.896713
      1.1395     -1.12948     -3.07522    -0.783624     0.367647    -0.750742       1.9879       1.5506     0.446018     -0.87435     -1.74952     0.289372     0.418742    -0.302171      1.44727      2.34032     -1.13809     -2.25701    -0.251163     -1.01618    -0.772798    -0.610808      1.58082     -0.76297    -0.927166    -0.296834     0.154866      1.20354    -0.803569    -0.131216      2.25942    -0.866806     0.628371    -0.720098      2.19821      1.01757     -2.18777     0.347932     -1.20017      1.14059     -3.63399    -0.699023     -2.88288    -0.683976     -1.74397     0.433105     0.106883    -0.210768    -0.389497   -0.0415765
    -1.23533     0.261595     0.552131      -1.3021    0.0123438    -0.253163    -0.351786       -1.391    -0.610187     -1.99203   -0.0737844      1.56867    -0.296266     0.155376    -0.139404     -1.42879     -1.30327     0.746093    -0.300197     0.572676     0.938682      1.91789     -1.59972    -0.947407     0.905471     0.144927     -2.84383     -1.34717     0.676231     -2.01668   -0.0799202     0.501956   -0.0256224     -3.01996     -1.16988     -1.31024     0.823436    -0.139565     0.115442     0.151424     0.607766     0.323643     0.987067    -0.666698     -1.07178     0.685095     0.361254     -1.11682     0.939059    -0.236722
   0.0758608     -1.10304     -1.36539     0.937563    -0.110854     -2.07323       1.0108     0.225606     0.492917     -1.43342    -0.872749    -0.834774     -0.31003       1.0401    -0.847774      1.16188     -1.70864    -0.418174     -1.20222     -1.02604     0.914861    -0.541113    -0.720915      1.59748    -0.755528    0.0466103     0.964901     -1.53133    0.0167697     0.307392    -0.529184     -0.20458      1.25695     -0.87852     0.045179   0.00943822     0.140114    -0.049649      1.04316    -0.432318    -0.900636    -0.287486    -0.221211    0.0794067    -0.710729     -3.19697     0.612585     0.369581     0.255628     -1.12441
   -0.793626     0.794737     0.628288     -1.58829      1.70413    -0.592839    -0.259997     -1.47429      0.28139    -0.549871      1.13082     0.175219     -2.45459    -0.671672    -0.380912    -0.884442     0.291559    -0.746256     -1.57858     -1.83951    -0.243586     0.878174     -1.83987     0.961096   -0.0951001    0.0989807     -2.94377       0.5475     -0.11491     -1.05441    -0.722816      1.17555     -0.13809     -1.70845     -1.48291     0.609607      1.56124      1.03487     -1.72124     -2.63862      1.79654      1.15159    -0.449993     0.582879     0.074064    -0.682317    -0.633221      1.35545     0.429641     -1.71525
    0.681268    -0.139823    -0.377216    -0.494235     0.326993     0.250715    -0.417178    -0.419785    -0.183759   -0.0664397     0.121019    -0.472404    -0.683127   -0.0831154    -0.540835     0.386387    -0.115699     0.157542    -0.103402    -0.375271     -0.73375    -0.138414   -0.0423155      0.21828    -0.176536    -0.171979    -0.391981    -0.136677   -0.0280505     0.408372    -0.220417    0.0829357   -0.0940027    -0.330188   -0.0215439    -0.264518   -0.0111569      -0.5615    -0.288918    -0.463311    -0.383623    -0.604804    -0.200365     0.859024    -0.335123    -0.195593   -0.0861977     0.463085    -0.355359     0.295807
    0.459971      1.64379      1.01065     -2.03005     -3.97597      1.49144     -0.77777     -1.59187     -2.46833      1.58198     0.638381    0.0684229        -3.37    -0.277408       1.0223     0.497243    -0.591962      -1.6416     -1.03202     -1.89515     0.851107     0.560566     -0.80495    0.0412794     -2.90557   -0.0577154     -1.42195     -1.38278     -1.18922     0.428138      2.99458     -1.00537     -1.35657       -1.133     -2.55812    -0.827861     0.965144    -0.708106    -0.018302    -0.431129    -0.090675    -0.171075     0.392554       1.1108     -2.21643     0.228582      2.32527    0.0261432    -0.342763      2.49026
    0.963383    -0.758749    -0.929015     0.316512    -0.692294     -2.59162      1.32297    -0.268766     0.126802    -0.122824     -1.42819     0.157716     -1.39676     -2.33803    -0.687608    -0.917802     -1.34591     0.855546    -0.216586      2.73595     0.605907     0.648483      2.41377    -0.576109     -1.50226      1.20812    -0.505444     0.571711    -0.593396     -1.98495      1.28516     -1.31669    -0.734804    -0.233952     -1.65512    -0.018937     -1.15843      0.12804     -2.13587     0.971673     -1.56805      1.65468     0.490879    -0.821357      1.50501    -0.232126    -0.377657       -1.754       0.1529     -1.22169
   -0.953954    -0.671284     0.383889     0.720701      1.30068    -0.934718      2.12895     0.435757     0.151109     -1.37111    -0.433698     0.200499     -1.10783     -2.13274    -0.344833     -0.67761     -1.65064      1.13498     -1.74629      2.84816     0.117101     0.643445      1.47976     0.682086    -0.206676    -0.537702     0.930868    -0.240855    0.0218682     -1.19779    -0.109399    -0.658205     0.569443     -0.54177    -0.499837      1.93472   -0.0983873     0.853236     -1.15752     0.974809    -0.947318    -0.303758    0.0501209     -1.41931    -0.672989    -0.335142    -0.822983    -0.842687       -0.376     -1.69983
   -0.440675     -2.05757     0.477108     0.208381     -1.40397     -2.21614     0.972307    -0.983415      0.89124      1.06318     -1.36528     0.332231    -0.755807    -0.554216      1.18895     -1.11956    0.0209752     -1.00091      1.15098     -1.95685      1.94087     -1.70981    -0.151447    -0.877036    -0.672129      1.21435    -0.330662     0.658677     -0.47833     -0.34908    -0.776392     0.162549      2.70773     -1.16715     -1.97189     -1.66699     0.348562      -2.2541    -0.416375    -0.876997     0.150653      1.86081    -0.570257     -1.11122     0.416032    -0.399733    -0.830251     -1.67326      2.04221   -0.0722597
  -1.31016
  -1.92282
   1.27209
   1.82903
-0.0512793
  -1.69457
   2.36856
  -3.12276
  -2.20005
   1.41549
  -1.98246
 -0.507414
 -0.463601
 -0.310971
  0.454925
 -0.878623
-0.0630933
  0.249805
   2.29687
  -1.70075
  0.990023
 -0.374839
 -0.219226
  0.283186
 -0.961812
  -2.61666
 -0.733767
    0.8407
  -1.06263
  -2.12732
   0.22582
  -1.63774
 -0.813644
  0.941252
 -0.578616
 -0.748449
  0.790927
 0.0940834
  -0.92735
 -0.567266
  0.677175
  0.136975
 -0.411847
   0.40692
 -0.705686
 -0.988847
  0.252842
  -1.65265
 -0.350119
  -1.73557
1
4
50 10
    -2.47289     -8.11096     -1.38696      2.60435    -0.598085      0.30055     -2.34875     0.250239     -1.65923     0.392701      2.14535      1.73307   0.00170799     -1.70177     -1.66276    -0.378216    0.0568277     -1.66848      3.02388      1.33379      2.62525    -0.467326      0.16441      3.09899     0.866539     0.621463      2.84681     -11.3847     -1.23528    -0.430592      -2.3927      2.05699      3.41357    -0.150239   -0.0162225      2.24734     -2.58984     -4.36744      1.79889     -3.38228    -0.636137     -6.69206     -1.49471     0.909756      1.03939  -0.00218553      1.11519    -0.567626       3.8074       2.2208
    -3.86407      3.22982    0.0256101    -0.122473     0.235549     0.139601       1.5002     0.953706       1.0399      2.73273      1.16793     -1.00087     -7.53989      2.92718    0.0160525      3.18198     0.103728      3.47937     0.276814    -0.127174      3.81822     -1.89781     0.514616     -7.44587      4.07798     0.639839    -0.832989      2.35423     0.873627     0.396731    -0.433911      3.45337     -2.93752    -0.559504    -0.959303      1.54652    -0.592011     -0.15166      5.75675     -1.49398     0.588386     -3.30287      4.69278      2.09612      1.62263    -0.185034     -2.44392     -1.03746      1.81638     0.697164
    -2.58957     0.592754      -1.5553      2.41337    0.0305987     0.704821     0.460934      2.18742       1.6936     0.536982      -2.0382      1.22204      1.79163      2.94992     -1.01287    -0.943583   0.00860049     -2.46693     0.105691   -0.0284578     -3.15288     -3.24404     0.133436      3.18164     0.341916     -6.85647     -1.24721      2.47371     0.756356    -0.403414     -1.43993     -4.82156      2.24726     -3.25141    0.0915338     -4.59985     -7.71881      3.65129      2.17511     0.508127      -3.3715   -0.0979603      3.04501     -2.18761      1.02917   -0.0113367      1.38557    -0.425237      1.17748      1.47511
     1.63193     0.534413       4.9358      1.29818   0.00475968     0.577344    -0.588042     -9.43702     0.708665   -0.0866069     -0.76028      0.41054      4.08824       -2.345     -2.94164     0.208241     0.348409      2.63288     -0.42992      2.47771      1.89249       3.8586   -0.0343432     -1.03921     -6.60067    -0.768628    -0.436173    0.0760235      2.57391     0.749108      1.39926     -1.37611     0.078214    -0.269654     -1.78578      2.37142     0.429074      1.57749      1.13731      2.72894      1.60025      2.95366     0.980923       -2.457      5.93468    0.0742911     -1.22226      2.23494    -0.526317    -0.169991
   -0.460104    -0.165202     -1.07416     0.843218     0.127391    -0.843261     -2.55978       2.6405      3.57166     -3.76721      7.80148     -8.46593     -2.00511    -0.228221     -1.73682    -0.510762    -0.103991     -1.06568      -4.2882      3.22122     -2.47408   -0.0837815    0.0666925     -2.01721     0.785457      4.35231       1.4307    0.0197157      3.58341    -0.636906     -2.61336     -4.82726      1.74252    -0.515479    -0.434196     -3.87384      2.61959     -2.55015     -6.53945     -1.76546     -4.48045      2.35643    -0.756802    -0.325022     -2.47079     -0.39594      1.81327      3.10248     0.889368     0.397729
     6.52542     -3.38315     -4.63773     -0.61478     0.501249     -1.80117       2.7876      1.12588     -0.11071      1.67789     -1.39943   -0.0883075     0.586852      2.50301      5.71603      1.34456     0.369327    -0.321951    -0.798138     0.771087      0.77246     -3.67035     0.135714     0.538662     0.706921      1.59526    -0.709977      1.41881      1.78417     0.281453      2.97463       -1.712     0.564341     0.885295      2.69077      1.05427      2.03844      2.62515      2.79342      2.39381      3.34456      4.32252     -2.15094    0.0528289     -3.31334    -0.446824     0.814405     -4.25238      -7.2594      2.12367
    0.271276      3.07318      2.62226     0.437557     0.334533      -2.2979     0.506851    -0.101446     -5.12164      1.68787     -2.89245      2.81806      2.32562     -1.76689     -1.18694     -1.29228    0.0056228      1.42416      2.32378     -8.18782     -3.68396      1.41442    -0.286254      3.08434    -0.657806   -0.0328864     0.652708      3.34773     -0.32848    0.0365978      2.75223     0.535169      1.59483     -2.88954     0.134795     -4.25183      3.67794     -4.40981     -2.63033      2.21277      1.84358      3.70906      0.45179    -0.492989     0.330467     0.308624     -6.55728       2.3983     -1.20613     0.523797
     1.51794      1.84273     0.325231     0.395454     0.115704      4.49981      3.04127      1.90015     0.298147     -7.17302     -4.44103       0.1598    -0.690719      1.54445     0.904775     0.610578     0.091363      1.22875     -1.59871    -0.781473    0.0799836      2.92285   -0.0136707    -0.219431      2.25232   -0.0938621    -0.185982      1.44537     -7.82236     0.167525    -0.793566       2.0539     -2.82466      6.06744     -1.32012      3.59988     0.748414      2.25004     -1.59224      3.05568      2.14498      -1.3811     -2.06099     0.044831     -3.58023      0.36955      1.41126      3.48649  -0.00615068    0.0812663
   -0.659551      3.34787     0.642002     -7.99144    -0.548805     -1.49406     -3.29187     0.726456     -0.89791      3.76578     0.455593      3.45829      1.04588     -3.32617      2.06722     -2.22362   -0.0912458     -2.39701      1.57437      1.61483    0.0529546      1.35309    0.0383356     0.851957     -1.65034       0.3432     -2.36515     -0.23918     0.428776    -0.233086      0.78975      4.93502     -3.87203      1.15593      1.59203      1.83434     0.794434      1.05773     -2.80206     -3.75347     -1.57975     -1.83769     -2.16651      2.09961     -1.20337     0.179805      3.65461     -5.53678     0.643404     -7.62977
   -0.214951    -0.141854    0.0375245   -0.0415195    -0.985779      1.05827    -0.201318     0.086923     0.029071     0.103116     0.803659     0.143167   -0.0215989    -0.167067     0.302545     -1.99489    0.0494495     0.147536     0.389361     0.169477   -0.0908868    0.0418407    -0.444309    -0.173203    -0.266915  -0.00538927   -0.0999917 -0.000867876     0.218051     -1.12884    0.0727319     0.386755    -0.213164      0.16478      1.18478    -0.299443      0.19845   -0.0787894     0.179912     0.180336     0.130819    0.0800417     0.816049    -0.884072      1.97402      1.02318   -0.0403435     0.019809     0.179918  -0.00414371
 -0.403367
  -3.09513
  0.558764
  -1.95457
   1.17623
  -3.16222
  -2.05433
  0.904205
-0.0626844
 -0.559533
