3 16 0.5 1200
1
1
9 50
   -2.97812     2.85214    -3.65833    0.492176     1.85895    -1.32153     1.83443    0.172633     -1.5843
    4.40514     -0.3321     0.43946    -1.11231    0.425722    -2.15667      2.1516    -3.09213     2.67681
    5.48633    0.829811    -2.02271    0.534835    -1.05454   -0.220538      1.7776    -1.48141    0.164962
   -2.68662    -1.45728    -1.83185     2.94792    0.487009     2.09444    -4.97037    0.511406    -2.33016
   -1.57274    -1.19842    -4.28966       3.753    -1.65193     3.02877   -0.588492     2.03137     1.72521
    2.03545    -2.00321     3.29325    -3.00085     1.74094    -1.10808     1.47717    0.131042     3.55485
  -0.319315     -1.1534     3.04462    0.462775   -0.774458     4.04355    0.320724    -1.02204    -2.89062
   -2.50552   -0.278529   -0.191453    0.653375   -0.148639        3.86    0.118479    -5.62183    0.082918
   -1.28231    -2.17372     1.54704    -3.62761     1.73477     1.87609  -0.0535123     2.44561    0.106812
   -1.83005    -0.16418    -4.97016     3.14807    -1.32366    0.474023     2.51375      3.0884    -1.23007
    2.68117     2.69414    0.547453   -0.261284     1.43556    -1.44664     3.41882    0.747729     1.70339
    1.63643     5.99197   -0.862633    -1.63521   -0.885146    -1.26018    -1.51308    0.761442   -0.157876
   0.163534    0.722089     2.50843    -1.83615    -4.07298    -1.42499    -3.75742    -1.15461 -0.00871149
   0.492646    -1.07434      3.1538     2.26873     2.42337    -4.68391    0.315336    -1.63714     1.01909
  -0.232277    0.297913    0.213819    -1.13175     6.92946   -0.941867    -1.09767    -1.33751   -0.987649
    -4.6267      3.6546     1.56542     -1.2863    0.590935      0.2263    -1.17468    0.701859     1.50308
    3.58588     1.09785   -0.539623    0.863869   -0.405849    -1.91702    -4.48141   -0.325704     1.97263
    2.63284     1.73688  -0.0340383     1.15771    -1.12752     1.63739    -4.36461    -1.33944   -0.770193
    1.54023     1.62081   -0.822629  -0.0393114     2.87731   -0.782414    -5.06197     1.38298     1.47942
    1.97643    0.500833     1.82656    -2.16544    0.624798     5.01839    -3.75549    -2.13197   -0.559877
    1.81612   -0.038452    0.856749    0.828618     1.47053    0.113436     1.15878   -0.400154    -6.19274
    3.97246     2.87327     1.70048     1.63159      2.5676    0.315561     1.24997   -0.357405   -0.276666
   -3.26395   -0.936514    -2.07915    -3.57847    -2.90133      3.4494    0.362482    0.672225   -0.630228
  0.0150118   -0.156156    -2.54101     3.53718      1.8593    0.482612     2.91951    -2.53896     1.95764
  -0.408255     1.39889    -2.17066     1.36297   -0.530938     2.11434    -4.46076       2.719     2.72653
    1.11017    0.762815     2.49572    -1.81148   -0.486351    -3.47547     1.74871     2.17951    -2.53229
   -1.65233     1.32804    -6.18128    0.456692     3.80828     3.62313    -3.49049    0.644717   -0.400233
    1.52427    -1.93959   -0.963853     3.32257   0.0931351     2.59916    0.194101    -2.73337    -3.04246
    1.53786     3.11057     2.58438    -1.99191      2.6692    -1.70493    -2.12189     2.42486     1.85308
   -2.51501   -0.769591      2.3589   -0.429488   0.0384217    0.417567      0.4648      2.7067     2.68992
  0.0301092     7.27944    -0.62704    0.599439   -0.221802    -1.38787    0.565202    0.207525    -1.66747
   -3.35764  -0.0364836   0.0657197     4.78884    -0.73975   -0.542834     4.56195   -0.784097     -2.2427
   0.703018    -1.15593    0.238352    0.418176    -3.49734    -1.19176    0.939685     3.04993    -4.64552
   0.884937    -2.19851    -4.59663    0.255788   -0.441503  -0.0593707    -0.90382     2.54591    0.681319
   -2.57296    -1.47069     3.00747   -0.053688   -0.252737     1.23546    -1.66342    -2.31398     1.31026
   0.221635     -3.6706     1.02095   -0.568366     2.23707     3.08709     1.48166    -1.98762      3.1516
    3.74444     2.83697    -3.12901   -0.714866    0.689938    -1.25722    0.827503     2.28133    -1.26941
    1.30274    -3.38058   -0.317273     4.62083    0.289388     1.60851     1.04452    -3.24084    0.182153
   -3.17994     3.51821    0.905276    -1.41703    -1.87914    0.105538    0.898386     1.18411     1.61923
   -2.97513     1.44047    0.177406     2.89973   -0.453017     1.29558    -3.80417    -1.99285    -2.09885
    2.68314     1.23844       1.289      2.7722   0.0232766    -3.44842  -0.0984112    -1.32898    -1.94167
  -0.771447   -0.257662    -1.28455     1.54769     1.32265     2.10415   -0.275496     1.42357    -4.84619
   0.886634     2.44092     1.62569    -3.00981   -0.001461     1.45965    0.954641   -0.406927   -0.687884
   -1.69329   -0.481174    -1.58198   -0.175328  -0.0936636     1.50237     1.76868     4.38223    0.240295
  -0.805546    -2.72814     2.23634    -1.05529     4.40298    0.188614  -0.0897831     1.16798    -2.51976
   -2.08644     2.24718     3.72079   -0.896818     3.81491    0.933546    -2.87099    0.565189     2.02645
    1.96128      1.0665    0.745639     1.86096    -7.77902   -0.567367     1.33155     0.70412   -0.182993
  -0.933152    -1.57485       -2.95     3.02864    -0.82662    -2.58359     1.38071       2.223      2.4495
   0.586697     0.41898     5.01958   -0.369247    -0.19113    -3.83752   -0.667156   -0.566711    -3.67539
   -2.48114    0.210599    -1.73293    -1.85909     3.19197    -2.34524     2.16768     1.08662     1.07428
  2.53335
 0.992954
-0.139532
  -2.7151
 -1.53707
 0.662888
 -1.12941
 -1.73336
 -1.48635
 0.953611
-0.670118
  1.66074
-0.247132
-0.180691
  3.21047
 -3.13655
 0.752758
 -2.96846
  1.98168
 -1.97174
  1.86488
 -1.59926
 -1.71032
 -1.63487
 -2.21062
 -1.90184
 -3.68755
 -3.75245
 -2.03091
-0.463205
 -4.07233
  1.05678
 -1.16101
 0.678539
 -2.32828
 -1.74612
 -1.56562
-0.520798
     2.96
 0.184484
  -2.2242
 -1.87904
 -3.74682
 -1.87732
-0.351803
  1.64726
  4.71291
 -2.52139
 -1.83178
 -1.89365
1
1
50 50
    0.664259      2.15757     0.335028    -0.618216     -1.90238     0.489005     -2.84251     0.979294     -2.80934     -0.52315    -0.150918    -0.397938     0.253594     -2.47457    -0.946155       1.5295     0.785895     0.457761     -1.24368     -1.78944     -1.45164     0.488855     -1.17497    -0.609949    -0.890412      0.76837      1.08039      1.69103     -1.15129      -1.4915      2.40809   -0.0469254     0.183914     0.113231    -0.488153      -3.1198     0.863456    -0.300172     0.174196      0.18997      -1.5354      1.59141    0.0521967      0.90815      1.16725    -0.684976     -2.12431    -0.815687     -1.91809     0.574323
     2.05918     -0.77115     -2.53193     0.444277     -1.68439     -3.39645    -0.783687    -0.648281      0.38385      1.75094     -1.66982     -1.29688     0.614598    -0.743486     0.874844      1.73775    -0.791957     -1.46937     0.308488     -1.17892     -1.36832    -0.799774      1.24928     0.311207    -0.686546     -1.30014     -0.82211     -2.95951    -0.624885     0.639351     -2.16128      1.76653     0.562464     0.449026     0.802979     -1.43395     -1.26436    -0.918352      1.27634      1.43974    -0.416328     -2.24369     0.931681    -0.414878    -0.148223      1.65262     0.361132     0.602457      1.02356      2.22958
    -1.99136      1.25965    -0.811829     -1.12764    -0.986139     0.587155       -1.866    0.0421059     0.114287    -0.311049        1.205     0.123383    -0.347182      1.09367     -1.99082    0.0316328      0.52321    -0.480151     -1.00331     -1.96897   -0.0826328     0.635791     -2.61744      0.27316      -1.6849     0.374509      1.13214    -0.200109      1.16269    -0.632934     0.627711     0.735684      1.13509  -0.00688978    -0.213019    -0.701337     0.573597     -1.40949     -1.06969     -1.47622      1.28615   -0.0217007     -2.56597    -0.480044     -1.66268    -0.875851    -0.367058      1.20255     0.232698    -0.592479
    0.366513      1.09775     -1.01206    -0.858896    -0.247068      2.44336    -0.827758     -2.47375     -1.86713     -1.35524      1.28871     0.791217    -0.571793   0.00377937     -1.03833     0.917829   0.00579991      -2.2687    -0.348546      1.17888     -4.49934     0.368058     -1.74621     0.236032      1.20817     -1.72567     -1.35187      -1.7939      3.16893     0.457916    -0.325966    -0.238628       -3.951      1.09785      1.25133     0.945123     -2.76955     0.239872      1.92455     -0.46034     -1.83749     -2.03247     -1.35923     -2.30872    -0.935526     0.460206     0.186472    -0.846738     -1.89167      1.25745
   -0.153291    -0.137536    0.0400227   -0.0638021    -0.784989     -1.08003    -0.633506    -0.337402    -0.730137    -0.589062    -0.513274     0.344462    -0.338731    -0.475772     0.508584    0.0523377    -0.213647     0.218911    -0.278781   -0.0756077    -0.266183    0.0768537    -0.777909    -0.303175    -0.491583 -0.000160643    0.0367506     0.784609    -0.639684    -0.597207    -0.208709    -0.611754     0.244285    -0.589664    -0.497806    -0.322939      0.30676    -0.135095      -1.0542    0.0106873     0.687934     0.531633    -0.100911    -0.268293    -0.299218      -0.4666      0.30418    -0.368936   -0.0598717    -0.336374
    0.145945      -1.2651     -1.20033     0.318597     -0.39276      -1.0548     -1.56189     -3.28282   -0.0491823    -0.162188     0.583332      1.59234     -1.42113    -0.533326    -0.684761     0.623631    -0.111014    -0.137941      0.12804     -0.84766    0.0321767      0.91615     -1.05858     -1.72642     0.619465     0.748983   -0.0440745    -0.765927      2.14914    -0.285793      1.60478    -0.107769     -1.41315    -0.430322     -2.01906     -1.28918      1.41588     -2.34826     0.292736    0.0401648    0.0948782     0.243886     0.391433     0.464644     0.695347      1.19423     -2.05558    -0.732709    0.0867309     0.245144
    -2.27973     0.583267     0.220987    0.0404039     -1.51762       1.4333     0.358397     0.987836    -0.563674    -0.808258    -0.830867      0.09709     0.844064      1.37929     -2.49195     -1.55757     -1.12418    -0.494063     -1.12297     0.710443      -1.3995     -1.97398    -0.492322    0.0442688     0.556091     -2.08859    -0.713814     0.827739      -0.9496    -0.161768     -1.79884    -0.460778     -1.14026    -0.142336    -0.402861    -0.544831     -1.16743      1.13798     0.164371    -0.188367     -0.23514    -0.864862    -0.986029      1.01049     -1.83226     -1.78114     0.976742    -0.254818     -1.71239     -1.36071
   -0.412215    -0.779579    -0.961528      1.64307      1.82334     -2.29967  -0.00542326    -0.605053     -1.26069     0.761218     -1.81079      -1.5374    0.0603449      1.88225   -0.0259335    -0.463987     0.827367       1.3124    -0.432306      -3.2519     0.198519    -0.199738     -2.58488   -0.0524641     -0.17328    -0.585778     0.338022      0.18623    -0.796247    -0.212407      2.19958      1.11439     -0.54881    -0.443355    -0.631049     -1.51314     -1.49088      3.02714     -1.29455       1.7272      1.88127    -0.164967     -1.75839     -1.25026    -0.402906    -0.126381     0.267782      2.74503     0.537893    -0.390466
    0.721033     0.559061     -1.11809     -1.71888    0.0902093    -0.512588     -0.12291    -0.549517    -0.770738      2.44576     0.604638        1.027     -3.15308     0.375545      2.67991     0.309967     -3.46331     -1.86036     -3.09153     -1.83531     0.740862      1.21072      1.24173      1.58315     -2.48846     0.644301    -0.934179     0.275043     -1.48457     0.324436     0.244726      3.67354     0.114548    -0.750478    -0.376895     0.686246      1.06125    -0.364475     -1.22533     -1.05657     -2.91769      1.17367     -1.24402     0.280409     -0.93432     -1.06969      3.19771    0.0741375     -0.58188      1.20437
    -2.09369       1.8171      1.58157      -4.0333     0.202801     -0.25026     0.601876      2.86906     -0.51967      -1.9863      1.96074       1.1482     -0.65712     -1.08811    0.0374307      1.08203    -0.866046     0.956627  0.000854324      1.74168      2.74999      2.55636    -0.884156      1.95577        1.108      -2.6044    -0.564426     -1.40286     -1.14501     -1.62928     -4.32756      1.27014     -3.83116     -3.50286      1.95908      -1.1154     0.885311      2.89164    0.0625477    -0.266281     0.569743     -2.11845      1.18884     -1.85274    -0.547941      2.41134     -1.99724     -1.56602     -1.71083     0.061151
    0.798585      2.02729     0.967877    -0.831884     -1.52618      1.95492     -1.48437     -1.30972    -0.693514     -1.62197    0.0309066     -2.65325     -1.26307     0.728356      3.40852     -2.12305     -1.35667     0.493477     -1.44211      1.17997      0.44759      1.53664      -2.1178    0.0877159     0.652254     -1.10057     0.721115    -0.837659       2.4324    -0.621134    -0.349079     -2.08245     -2.92818     -1.78018     -1.07768      1.33442    0.0366738     0.188312     -1.53747      -2.6429    -0.778697     -2.34485     -0.64281    0.0458368     -0.92515      2.01276      3.56228    -0.689439     -1.13363     0.829297
   -0.498171     -1.46276     -1.11363    -0.279248    -0.376325     -1.06878      0.65756    -0.381468    -0.736319      1.36012    -0.520697     0.109943     0.526038    -0.721704     -4.83971     0.431776     0.409601     0.302093    -0.969143      1.70593     -1.17863     -1.12053     0.928917    -0.451808    0.0138521     0.118342     -1.04084    -0.813551    -0.939395      1.18078       1.6323    -0.189627     0.958254      1.74658     0.485823     -1.45853    -0.720937    -0.537742    -0.137053     0.668799    -0.158712     0.602847    -0.105572     0.801681     -1.54116     -1.62653    -0.126712     0.206312     0.746404     -1.21077
     1.51168      1.24621     0.178718     -1.48254    -0.500631     -1.83328    -0.697882    -0.240598     -1.44752     -1.95398   -0.0255217     0.838465    -0.106856     0.364922     -1.04503      1.72771   -0.0940438     0.835742    -0.550399      1.09403    -0.228856     0.974518     -1.35448      1.19751    -0.698378    -0.257232    -0.400044      0.50493     0.222595    -0.694877      4.21052     0.346745    0.0688678     0.423444     0.434262    -0.139165     0.920536    -0.468898    -0.559508      1.05826    -0.116523     -0.57234      1.09365      -1.1995    -0.945891     -1.25782     -2.55629    -0.502338     -1.10149    -0.231031
    -1.15066     -1.63943     -1.75597     0.877218      2.00139    0.0285779     0.691799    -0.401739    -0.546127    -0.904129    -0.682158    -0.954803    -0.142269     0.614515    -0.649948    0.0306315     -1.29044      1.38373       0.0195     -2.19234     -1.74017     -0.94959    -0.836066     0.988276     0.859511      -1.9155    -0.955557   -0.0843134     0.118428      1.95996      -0.3681      2.22465     -3.13316     0.816134     0.631072     0.420589      -2.2168      1.14892     0.753973    -0.957514     0.932205    -0.775244    -0.286297    -0.706055    -0.772382      1.54556    -0.792448      1.01641     -3.53216     -0.61455
    -1.74248      2.19816      0.16728    -0.684778     -2.61629     0.735755    -0.446804    -0.465458     0.489903    -0.785633    0.0245799      1.99366      1.50863     -2.10459     -1.39995     0.440701     0.325766     -1.35828     -1.31157     -2.32938     -1.05015    -0.101958      1.48533     0.201818     -1.42503    -0.085898   -0.0116092     -1.13787    -0.992261    -0.200277     -0.92792     0.251954     0.581777   -0.0556192    -0.613184     -1.49727     0.843768     -1.92593     0.632649    -0.312793     -1.85434    -0.955517     0.555647     0.423472     -1.08287    -0.050179     -1.73246     -2.10238    -0.274561     0.242592
    0.685592     -1.63196     -0.86637      1.94472     0.240939      -2.4463    -0.714282    -0.175741     -1.09506    -0.273231     -1.92837     0.433485     0.414233     -2.33965     0.283827      1.64903     -0.54353    -0.123594    -0.196003     -0.39576     -1.90405    0.0840976     0.829687     -1.37943     0.726005     0.560986     0.847641     0.700622    0.0395296     0.385515   0.00416301     -1.39697      1.65134      0.16823    0.0438611     0.190202     -1.19866     -1.09251     -1.57926     0.771214     0.166231     0.240565    -0.770412    -0.339735     -1.52665     -1.71687      1.23245    -0.152676    -0.831766     -1.14143
   -0.304511    -0.211686    -0.331907   -0.0769067    -0.191482   -0.0986301    -0.256382    -0.425258    -0.173957    -0.271684     -0.21111    -0.190041    -0.557198    -0.168208    -0.423839    -0.192701    -0.127443     -0.24411    -0.317702    -0.115614    -0.470972    -0.240895    0.0912799    -0.414197   -0.0769311    -0.285452    0.0293416   -0.0913604    0.0893532   -0.0584329    -0.254136    -0.293396     -0.37938    -0.319955    -0.149794    -0.330033    -0.304271   -0.0834208    -0.440781      0.13823    -0.297574    -0.160207    -0.431585    -0.296751    -0.249531    -0.212353    -0.101513    -0.431849     0.112039    -0.100269
    -1.27636      1.01706      0.52628    -0.030525     -1.80723     0.572451     -0.74762    -0.280179    -0.697631    0.0288636      1.30976    -0.969457     0.476446      1.31641     -2.25007      2.48997    -0.404061      -1.8464     0.145258    -0.729955     -2.18176    -0.987026      -1.4548      1.86106    -0.957341    -0.420801      4.01105    0.0423709      1.87146    -0.472931     -3.03938       1.0844    -0.991317     0.350863    -0.343624      1.27826   -0.0626303    -0.400917      1.42573     -1.09528     -1.21458    -0.394981     -2.23478     0.374852    -0.701085     -2.25347     -1.09504      0.82538      1.99194     -1.11091
   -0.124983       1.5606      1.11769    -0.606106     0.119364      1.67363     0.150868      1.27541     0.530071   -0.0590294     0.779273     0.730441      1.08846     0.687364     -0.51938      -0.3342    0.0368992    -0.498245     -1.31538      1.68712     0.492119     0.346387     0.593389      1.12464    -0.226656    -0.627456     -1.05596    -0.525957     0.590374     0.534262    -0.135992     0.431505      0.23526     0.519839   -0.0376147     0.480573    0.0353612       1.2126       2.4519    -0.386455     0.602626    -0.437258     0.280632      1.19343     -1.37867    -0.701854      3.50595    -0.257251     0.151234     0.366693
    -1.46986    -0.753298      -1.9737      2.60561    -0.724023     -1.92067     -1.77704     0.264659     0.224197    -0.188328      -1.4716     -2.29844     0.950924     0.474901      1.65889    -0.201062      1.52881      1.54825      1.50447    0.0983557      1.42375    -0.179388     -1.47207    -0.286135      2.57054     -1.60503      2.44909    -0.691335      2.05557     -1.33286     0.241522     -1.57121    -0.232129     0.902857     0.796516      0.35599      -2.5862      1.19608     -1.66266   -0.0749986     -2.28002    -0.833856     -2.98447     -1.40675      2.23185       1.9521      1.46019     -1.10827    0.0953569      -2.9273
    -1.55853     0.519454      1.14298      -2.5078    -0.328094    -0.894006     0.850698    -0.140633    -0.455531    0.0621254     0.163256      1.07771      0.27494    -0.685274     -2.10409    -0.714272     -1.66204      -1.9187     -2.64237     -1.27996     0.746043    -0.226549    -0.506766     0.900338     -2.59811    -0.773327     0.130637    -0.129983    -0.686346     -1.48336     -2.08249      2.22585     -0.33066    -0.197086    -0.773023     0.535836    -0.797492      1.74548      2.93744    -0.591946     0.350895     0.206602    -0.821401      1.11466     -0.28372     -2.67174    -0.916732     -0.33155      -1.2441    -0.291391
    -1.85145      1.00558     -1.83099      1.36972     -2.15538       1.4806    -0.104672     -1.08462       1.0636     -1.74635      -1.0896     -1.56914     0.145989      1.02147     -0.20989    -0.454726    -0.639404     -0.56204    -0.748409     -3.25275     0.746255     -1.40774      -1.2456    -0.758224     -1.38742    -0.234477    0.0364541       0.5035    -0.689229      0.44128   -0.0804398    0.0258527     0.984312    -0.823383      1.32835    -0.273631     -2.66093    -0.844627     -1.86317       0.5894     0.298405     -1.08626     -2.28386     -1.03347      1.49344    -0.608807   -0.0710628    -0.295167      1.96419    0.0442673
   -0.264121    -0.344416    -0.389685     0.238429    -0.282953    -0.450967    -0.352841    -0.116692    -0.257346    -0.331862    -0.337479    0.0267285    -0.672947    0.0788865    -0.188432    -0.235561    -0.440212   -0.0902381    -0.421507    -0.143381     0.155385    0.0875004   0.00206121    0.0227277    -0.340085     -0.13936     0.105831    -0.269589    -0.246851    -0.818018    -0.213706    -0.164322    0.0298588    -0.183255    -0.167872    -0.155386   -0.0647512    -0.131804   -0.0567724    -0.291686      0.02182    0.0664216    -0.111414    -0.115326   -0.0332604    -0.548419    -0.173535    0.0978203     0.101157    0.0103221
    -1.42572     -0.63935     0.192797     -1.35933    0.0924321     0.932596     0.750819     -3.31384      0.62592     0.660061     -0.43568     -2.59226     -1.66281      1.78097    -0.436826     -4.79632    -0.504703     -1.56233     0.129038     0.601539     0.310676     -1.08664     0.704091     0.651474      1.21385     0.445877     -1.72543       1.0809     0.331264      1.28796     -1.86666     0.175996     0.738792     0.296587    -0.913413      1.52533    -0.200257      1.12138     -1.48154     -1.17419     0.206362     0.909879      -1.4827    -0.288588      1.54403    -0.597554     -1.79969      2.46381     -1.24196     0.826048
    0.487529     0.230371    -0.512553     0.244568    -0.946884      1.61452      1.03829     -1.93883      1.49577    -0.680981       1.4187      1.85097      -1.7779    0.0574418     0.158904    -0.510139     -2.28868     0.862148     -1.64617      1.14461   -0.0547827      1.42224   -0.0286616    -0.522876     0.315178       1.8131    0.0724246    -0.811593      1.66813     -2.07215     -1.35496    -0.365054    -0.714007    -0.941983     -1.75469    -0.811968      1.78028     -1.01773    -0.269119     -1.15645    -0.313372    0.0897852     0.643028   -0.0719669     -1.31906       1.5419    -0.936633     -1.92146      0.33973      1.57682
    -3.07144      -1.5039     -1.73491   -0.0446221    -0.498336    -0.931845       1.3077    0.0269129     0.611311     -2.31213      -1.4113   -0.0962085       1.2097      1.63832      2.25928     0.956013     -1.20269    -0.705678     0.737728     -1.38631      1.22626     -1.42707    -0.314431    -0.718511     -1.31913     0.720336     -1.95625     -1.25031      1.62037      0.97076     -1.58101     0.419629    -0.250342     -1.43073     0.134331     -0.91752     -3.03642    -0.724616    -0.914013    -0.406339     0.655713     0.325862   -0.0261256    -0.539984     0.169269      1.20156      5.69262     -1.46115       1.7645     -1.61983
     2.72618     0.205949      1.06948     -1.54767     0.927197     0.637911      -1.3033     -1.77768    -0.982821    -0.251322      1.99891      1.52758     -1.90705     -1.18513      1.30668     -2.85082     0.889712    -0.256855    -0.565105     -1.37018      -1.5697      1.00381    -0.289359     0.131113     0.247928     0.987414    -0.899592     0.314901     -1.49037     -1.58262      1.19552     -1.64475      -1.6055     0.594241      -1.1818    -0.211035         1.76     -1.60747    -0.279831     -1.83181     -1.02418    -0.150273     0.608772     0.868865     -1.05487    -0.613584    -0.498638     0.333643    -0.993348      2.62282
    -2.29517      2.25237      3.76528     -0.49281     -1.18573     0.601358     0.147947      -1.4198     -1.33352    -0.499811     0.642349     0.950741    -0.292839    -0.254716    -0.484704     -2.09239      1.91815      2.11402     0.608764      1.34495     0.711517      1.28522     -2.02909     -1.59702    0.0592584    -0.724516     -1.42219     0.793559     -1.64523     -2.27849     -1.44692     -4.56744    0.0333609       1.5983     -2.17163    -0.853393      1.56328     0.280255     -3.66975     -1.99784     0.689584      1.49233     0.451186   -0.0901489    0.0542165    -0.941988      1.80474     -1.82365     -1.16954     -2.90135
    -1.26662     -2.20504     0.442349      1.85852    -0.520956   -0.0407699    -0.865126       -4.282      2.76882      1.06521    -0.489923     0.412448     -1.16897    -0.210402   -0.0451178     0.238082       1.2909     -1.73461      1.40424     -2.31105     0.444817     -2.08942     -1.05862     -1.94399       1.9589      1.43243     0.423407    -0.454228    -0.315429      1.74364     -1.26665     -1.61382      1.43239     0.765534   -0.0280061     -2.34119   -0.0505765     -3.13461    -0.583916    -0.804666     -0.97318   -0.0988695    -0.147071       1.0463      1.45194     -1.63475      1.31879      1.09042    -0.122068     0.435567
    0.330763     -0.98992     -1.03417     0.654329      0.33381    -0.466306    -0.525293    -0.161327    -0.028652     0.109046     -1.16285    -0.780859    -0.206278    -0.705296     0.358343     0.545364      -0.2354    -0.514246     -0.14304    -0.334056     -1.22026    -0.603226     0.470079    -0.222128     0.578853    -0.267992     0.545994    -0.532681     0.532143     0.549746    -0.239584     -1.24841    0.0105586      0.98509     0.198869     0.667973    -0.897722     0.320385     -0.62719    0.0334875    -0.298851    -0.365245    -0.503359     0.443309    -0.806754     -1.09674    -0.101224     0.821847   -0.0589866    -0.167216
     -1.7688     0.419634     0.156383     -1.28245     -1.36325    0.0380297    -0.483583     -1.78143    0.0622767     -1.46282    -0.296731     0.602716     0.993493    -0.989247     -1.69772     0.257114      1.26945       -1.521    -0.537763      1.44751     -1.31662    -0.878252     0.845324    -0.562046    -0.300172     0.554683    -0.611289    -0.682462     -1.04032     0.300227     0.683949     -1.19225    0.0553481      0.43523    -0.305571     -1.73774     -0.79336     -1.79414    -0.746044     -1.37888     0.305901    0.0551234     0.277071     0.924248     -1.38401    -0.671019    -0.231963     -1.75358     0.507703     -1.69433
     1.46396     0.474438    -0.863405    -0.179743    0.0387579    -0.831066     0.734997     -1.84223     0.734973      1.18189      1.95529      2.13669     -2.53434     0.338827     -1.97322     0.897543    -0.243557      1.00617    -0.109085      1.73317      1.78792     0.730386    -0.378095      1.34914     -1.34015     -1.23148    -0.135408     -2.47197     0.622342     0.420293     -2.87745     -2.79163    -0.203941    -0.362262     -1.30059    -0.480643      1.35864    -0.588321    -0.471654     -1.03069     0.335651     -1.19991    -0.256199      1.70764      -1.0782   -0.0353414     -3.35653      1.64028     -3.07204     0.810787
    0.467743    -0.165761     0.542969     -2.82033    -0.889242    -0.204358     -1.03157    0.0318185     -1.52076     -0.88907    -0.620984     -1.18519     -1.66769     0.650516      2.11236     -1.89125     -0.54218     -1.93192     0.538863     -1.16279     0.597045     0.331542      -2.0671    -0.550967     -0.95929      0.84399     -2.92247      0.80676     -1.44828     -1.12019    -0.375113    -0.708838    -0.606434     -1.26113     -1.00622       1.2641     -1.16222      1.67106     0.233652     -1.52521    -0.385302     0.578551    -0.688572     -1.52648     0.616444     0.933389      1.65517     -1.24967     0.162038    -0.865739
    0.361426      2.91046     -1.17128     -1.03697     -1.71526      1.55524     0.723462     -1.10046     0.589641  -0.00663987     0.191594      -1.6858      1.73538    0.0672473     -2.08355    -0.146405    -0.579577     0.221914      -1.8413     0.654315    -0.587791     -1.79824     -0.15469     -1.58625     -2.80282     -1.62152      1.10942      0.45894    -0.668654     0.252158     -1.36093     -1.39067    -0.499168      1.65292      0.56906    0.0751934    -0.366051     0.885453     -1.26505    -0.615747    0.0197314    -0.535853     -1.54926   -0.0436153     -1.67058     -2.17606     -1.88554      1.18329      1.26701     0.884977
    -1.82421     0.313581    -0.953969     -1.04646      0.56644     0.620822     0.763341    -0.606918       1.0083     -1.64597    -0.588715     -1.15693   -0.0645997   -0.0149087   -0.0236622     0.530176     -1.18515      1.05532    -0.298738     0.542435     -1.10728     0.362312     0.472898    -0.409837     0.519423    -0.738829     -1.71251    -0.384734     0.586815   -0.0464112    -0.753956      1.09422     -1.69439    -0.590585     0.523506   -0.0462845    -0.842255    -0.265011     -0.40028    -0.889909    -0.513944     -1.26852     0.109028     0.420444     0.486404      1.96606     0.921256     -1.38305     -1.09401    -0.483732
    -1.52811     -1.36221    -0.951001      2.71265     -1.08985      1.41604    -0.359062    -0.532923    -0.607758     -1.36835     -1.19869    -0.410229      1.45631      1.09882     -2.16604      1.97718    0.0553404    -0.230992     -1.42667    -0.199386    -0.650583     0.371957     0.301715     -2.73406     0.422174     -0.31177     0.265249 -0.000518912      1.36083     0.606694        -1.05   -0.0771426     0.191913     -1.13877      1.39996     -1.65473     -1.39655     -1.04391      -1.7092      2.00844     0.618103     -1.25217     0.224407     -1.20612     0.388093    0.0732594     -2.04167    -0.285743      2.50095     -3.00287
     2.10888    -0.737278     0.441039     -2.25887     0.869376     -2.70073    -0.973694    -0.554283     -1.51297      1.44969   -0.0128024      1.27074      -2.4286     -2.27176      1.62069     0.953565     0.053947     0.489431     0.181125    -0.151506     -1.11868    -0.474296     -1.08941      1.09364     -1.01783    -0.869125      5.09314      1.82989     -2.93917     -2.02839     -1.27033     0.137324     -2.15744     0.513633     -2.46062     -1.10545      2.97236     0.580992     -2.64782     -1.14651     -1.05068     0.597128     0.143619      1.45574     -1.73002    -0.369608      3.04636      -0.4599     -3.08682    -0.026294
    -2.69691    0.0909796      3.01789     0.937072     -1.22836    -0.722786    -0.174542    -0.761996    -0.885602     -1.34517    -0.310207    -0.568478    -0.260285    -0.303137     -3.11318    -0.945675      2.17929      2.17508      1.77267     0.382736    -0.303764    -0.834868     -1.66265     -1.46685      1.20502    0.0187443     -0.65549    -0.433703     0.666393     -0.35755      1.39529     -3.37185    -0.651212      2.15003   -0.0951553    -0.626371    0.0893161     0.451358     -2.68336    -0.895009    0.0588066     -1.42497      0.76034     -1.89316     0.722545    -0.554381      -3.8539    -0.672758     0.393059    -0.674327
     1.03455     -1.28279     -1.32007     0.793335     0.985517      -2.2489    -0.366892    -0.246803    -0.993661      1.58908     0.464721     -1.08308     -1.81537     -1.96417      1.91625     -1.01303     0.442348     0.670841     -2.29311     -1.89661    -0.525668     0.834548     -1.27554      1.45239       2.7803      1.46458     0.983869      1.74356     0.587512     0.534189     -2.43596      1.31237  -0.00896115     0.159929    -0.952826     0.255311    -0.705989    -0.740273    -0.722562     -2.50608     -1.83098      1.63768    -0.149446    -0.206991      0.34031    0.0467757     -5.18859    -0.891188     0.797882      1.30433
    0.326202     -2.46304    -0.589965    -0.802169      1.02244    -0.238618      1.24949     0.367681    -0.204923     -1.10715     -1.37753     -1.04925     -2.87167   -0.0386763     0.746398   -0.0804618    -0.374987     0.622626       0.8835     -1.67447     -1.18868     0.218811    -0.937475    -0.167137      1.09915      1.77615    -0.854368      1.91342     -1.52644     -1.08853     0.770663     0.885374 -0.000132194     -1.85638    -0.662481     0.578938     0.292886      0.45996     -1.34462      1.20833    -0.882298      1.60618    -0.532574    -0.247864     0.896456    -0.122748     -1.94081     -2.45485    -0.683127    -0.626291
   -0.035935    -0.377171    -0.332132     -1.31273    0.0990619    -0.250769      1.07417 -0.000483284     0.710938     0.175117     -1.38845      1.00942    -0.228854    0.0736783     -2.33167      1.50328     0.422955    -0.415118      2.36216     0.107714    -0.167132   -0.0772396     -1.98596    -0.481633    -0.694057     0.502796      3.68887      2.91412     0.476108      0.44763     -1.44511     -1.15327  -0.00677585    -0.332285      1.59169     0.228626     -1.24608     0.290305     -1.74006     0.754394     -1.27336     0.343711    -0.445573    -0.784044     0.581317     -1.84284      -4.7678      -1.9251      2.12062     -0.62112
     1.00378    -0.965078     -2.84912    -0.528013      0.12632    -0.536557      2.26753      1.51537     0.515811    -0.698643     -1.65955     0.355194     0.236948     -0.46432      1.72346      2.27852    -0.886425     -2.52333    -0.288413     -1.36157    -0.906828    -0.726098      1.59489     -1.20226     -1.26554   -0.0521149    -0.104948      1.34656    -0.753169    -0.471287      2.36916     -1.29908     0.756962    -0.544731      2.06102     0.593536     -2.13585     0.547672     -1.28161     0.996636     -3.51878    -0.526248     -2.98869    -0.922344     -1.99145     0.423129    0.0901872    -0.157841     0.211914   -0.0984864
    -1.27096  -9.3209e-05      0.43596     -1.40835   -0.0719876    -0.399814    -0.567975     -1.42692    -0.586032     -2.11816    -0.124161      1.42735    -0.352658     0.108042    -0.213406     -1.42865     -1.35699      0.60994    -0.405686     0.462432      0.67547      1.94988     -1.88932     -1.05646     0.949578     0.272688     -3.08167     -1.43154     0.840386     -2.06218    -0.197834      0.59629    -0.221078     -3.25966     -1.20516      -1.3326     0.734317   -0.0198615   -0.0978736     0.184127     0.662058     0.171568     0.893041    -0.735651     -1.19524     0.758472     0.315147     -1.13413      1.01822    -0.324896
    0.285651     -1.23252     -1.50537     0.817681    0.0527112     -2.25977     0.645296     0.130179     0.443837     -1.67693     -1.12804    -0.659901    -0.470365      1.17549    -0.328289      1.13928      -1.6186    -0.329262      -1.1512     -1.19457     0.895522    -0.561541    -0.609192      1.76415     -0.68979   0.00678549     0.867695     -1.51041    0.0774593     0.345674    -0.473927    -0.381843      1.23349    -0.610969     0.254063     0.439271     0.344729    0.0582319      1.12161    -0.452502     -1.06154    -0.383059    -0.233039   -0.0234015      -0.4924      -3.4949      1.00361      1.04417    0.0135277     -1.06864
   -0.580969     0.816697     0.535774     -1.77744      1.80336    -0.616399     -0.28718     -1.43742     0.137105    -0.389841      1.22046     0.222923      -2.4169    -0.792642    -0.287399    -0.885847     0.297075    -0.764579     -1.64362     -1.97649    -0.390277      1.04305     -1.93017      1.16782     0.055825     0.168518     -3.05413     0.553487    -0.249422     -1.00403    -0.874053      1.29033    -0.245272     -1.94627     -1.42713     0.547517      1.68968      1.07303     -1.72601     -2.78915      1.73177      1.04255    -0.650904     0.597342     0.283107    -0.562853    -0.590077      1.45104     0.579464     -1.67982
    0.470864    -0.336806    -0.614665    -0.703966     0.213666     0.360302    -0.574634    -0.720178   -0.0379594  -0.00257525     0.396862    -0.853355    -0.515782    -0.152706    -0.811594     0.375036    -0.295367    0.0521408    -0.350376    -0.593484    -0.880695    -0.189568    0.0542625     0.114766    -0.308153     0.122108    -0.929959    -0.244801    -0.140126     0.817534    -0.458516    -0.182836      0.13495    -0.695681    -0.152457    -0.341442    0.0336927    -0.979183    -0.201966    -0.798519    -0.432837    -0.939932    -0.285807      1.47378    -0.483211    -0.521144     0.265672     0.701825    -0.343804     0.525957
    0.116232      1.95008      1.06248     -2.02655     -4.09879      1.41343    -0.581377     -1.71825     -2.40267      1.92601     0.853643     0.123372     -3.30994    -0.457965     0.458326     0.560315    -0.728654     -1.53328     -1.27208     -2.16838      1.06497     0.312473    -0.433495     0.156593      -2.8095    0.0390871     -1.50881     -1.84904     -1.33348     0.292553      2.92608     -1.19759     -1.29995       -1.267     -2.49668    -0.902516     0.863719    -0.667253     0.230651    -0.625665   -0.0951149    -0.304438     0.580319      1.13034     -2.19197   0.00106143      1.86854   -0.0570945    -0.412137      2.92643
    0.807609    -0.665287    -0.751089     0.208067    -0.556494     -2.67716      1.52842    -0.377524    0.0178039    -0.112353     -1.44787    0.0817062     -1.42565     -2.17115    -0.873113    -0.894864     -1.38063     0.966033    -0.132387      2.70741     0.546126     0.759591      2.28593    -0.216837     -1.41313       1.4243    -0.687526     0.774022    -0.811413     -1.82374       1.5246     -1.16758    -0.722928    -0.235739     -1.68468    -0.170761     -1.28789      0.31438      -2.1909      1.13383     -1.37761      1.74704     0.365545    -0.861587       1.4973    -0.182684    -0.162457     -1.78611     0.319566     -1.20135
    -1.05065    -0.672763     0.532233     0.879249      1.43327     -1.06026      2.17602     0.153755     0.249881     -1.20501    -0.568874     0.138722     -1.27838     -2.34527    -0.407414    -0.716626     -1.71774      1.19252      -1.7407      3.01096    0.0400514     0.687777      1.79431     0.642591    0.0438328    -0.441142      1.07757    -0.110481    0.0162259    -0.927172   0.00161221    -0.634457     0.692776    -0.208809    -0.612478      2.03648     0.227511     0.806239     -1.19232      1.04764    -0.966626    -0.107558   -0.0571839     -1.12823    -0.681149    -0.170471    -0.670464    -0.634794    -0.513218     -1.73219
    -0.19442     -1.61388     0.739105    0.0718941     -1.42581      -2.0482      1.31134     -1.11836     0.572845       1.0166    -0.935423     0.382349      -0.8355    -0.582566      1.36633     -1.42808   -0.0282476     -1.06079      1.04463     -1.91727      2.40646     -1.74034    -0.284191    -0.712853    -0.971618      1.21049    -0.602542     0.736032    -0.395116    -0.339181    -0.659192     0.509307       2.8605     -1.31819      -2.2679     -1.74695   -0.0643132     -2.09682     -0.20294     -1.04115     0.285417      1.88422    -0.630307     -1.36582     0.506846    -0.369088    -0.719872     -1.95188      1.95992    -0.361621
  -1.42111
  -2.07802
   1.35153
    1.7864
-0.0643788
  -1.67345
   2.28321
  -3.20791
  -2.19224
   1.32674
  -2.08452
 -0.486139
 -0.548459
 -0.273298
  0.487774
 -0.966435
-0.0676835
 0.0682476
   2.32525
  -1.66001
   1.13734
 -0.243005
 -0.190117
  0.244128
  -1.08538
  -2.68662
  -0.94059
   1.00673
  -1.03824
  -2.12199
  0.179137
  -1.67187
 -0.912785
  0.914153
 -0.603616
 -0.862573
  0.624661
  -0.04819
 -0.943468
 -0.651663
  0.753829
  0.145959
 -0.645616
  0.298798
 -0.784592
  -1.03846
  0.194524
  -1.68386
 -0.308403
  -1.65669
1
4
50 10
    -1.98772     -8.29232     -1.31517       2.4349    -0.590641     0.533876     -2.60224     0.517749     -2.27459      0.27776      2.16645      2.22097    0.0637073     -1.67781     -2.21298    -0.322242    0.0573304     -1.62965      2.86912      1.56264      2.65834    -0.457399     0.164741      3.21091     0.532419     0.474847      2.48568     -11.5966    -0.660475    -0.378075     -2.51908       2.1432      3.90965   -0.0506449     0.213789      2.25029     -2.49568     -4.34348      2.34495     -3.09376    -0.547283      -6.7391     -1.45717     0.893035      1.10438    0.0281367      1.10921     -0.39485      3.59787      2.67602
    -3.98977      2.85307     0.181962    0.0691133     0.246321      0.22614      1.86442     0.826011      1.36273      2.91583      1.38884     -1.30543     -7.85356      3.05035   -0.0331595      3.09328     0.104346      3.36316    0.0489426    -0.459986      3.19994     -1.88605     0.497976     -7.75438      3.93419      1.05302    -0.725597      2.29664     0.681036     0.514259    -0.563159      3.26214     -2.38421    -0.632958     -1.11054      1.25735    -0.567984    -0.466362      5.81945     -0.94036     0.588761     -3.54493      5.07546      1.75415      1.78481    -0.144525     -2.60592     -1.13933      1.80443     0.446434
     -2.5095     0.600991     -1.92037      2.38085     0.146374      0.79942     0.696817      2.64456      1.53378     0.538792     -2.58898      1.28551      1.65805      2.56243      -0.8695     -0.96307    0.0117046     -2.83508     0.710599    -0.366527     -3.16255     -3.20877     0.149635      2.85589     0.702175     -6.69542    -0.869434      2.25051      1.11892    -0.457669     -1.40968     -4.58193      1.97436     -3.53562     0.117396     -4.67425     -7.42166      3.59176      1.81415     0.209076     -3.83673    -0.235957      3.19734     -1.84377     0.981278    -0.148228      1.42764    -0.301018      1.59932      1.31392
     1.68234     0.542873      5.21864       1.6218   -0.0162005     0.644656    -0.595517      -9.6441     0.745534    -0.187736    -0.714247      0.67744      4.36077     -2.23427      -3.0771     0.601335     0.345579      3.05417    -0.452495      2.63064      2.17782      4.19971   -0.0393355    -0.464959      -6.7744      -1.0097    -0.455293     0.580978      2.47354     0.827243      1.34079     -1.37538     0.109932  -0.00528185     -1.81002      2.38948     0.424278      1.57004      1.07445      2.97364      1.64644      3.38228     0.931972      -2.6281      6.01359     0.075884     -1.14489      2.42431     -0.30452    -0.229913
   -0.738512   -0.0524036     -1.06134      1.20397     0.077337    -0.916325      -2.6291       2.6965      3.19216      -4.0009      7.36999     -8.61831     -1.80525      0.28695     -1.74669    -0.951899    -0.113033    -0.957417     -4.48329      3.50634     -2.51114    -0.538037     0.048739     -2.44333      1.04008      4.37809      1.84232     0.097434      3.36061    -0.672267      -2.6577     -4.97599      1.54779    -0.653853    -0.540568     -3.73681      2.08609     -2.43783     -6.60268      -1.8911        -4.68      2.63333    -0.881068    -0.235461     -2.57525    -0.502667      2.07806       3.4166        1.262     0.135121
     6.66516     -2.58493     -5.17955    -0.612408     0.400388     -1.91107      2.94576      1.06637     0.881553      1.62924      -1.1028     -0.41214     0.826332      2.26638      6.11119      1.37863     0.373274    -0.198197    -0.503463     0.710946     0.726793     -3.62935     0.171645      1.02121      0.54692      1.34795     -0.71829      1.69173      2.26995     0.134974      3.30376     -1.54062     0.228163      1.00063      2.73615     0.584511      2.60197      2.39385      3.32127      2.29678       2.7485      4.56725     -2.26289      0.18278     -3.43403     -0.50299     0.672834     -4.38269       -7.646      2.46223
    0.301383      2.62911      2.45027     0.388362     0.458946     -2.43685     0.155155    -0.238471     -5.09456      1.53482     -2.10277      3.17872      2.54946     -1.78027     -1.40501     -1.25795    0.0101881      1.29165      2.26034     -8.34385      -3.8385      1.50621     -0.29922      3.10179    -0.995759     0.211341     0.398963      3.37745    -0.706704    0.0627539      2.68598   0.00458503      2.02968     -2.95422     0.123715     -3.97179      3.74652     -4.50318     -2.53843      2.20593      1.73427      3.31291     0.513817     -0.65838     0.459693     0.312602     -6.39495      1.88102     -1.27602     0.574292
     1.19238      2.02557     0.349417     0.177742      0.05898      4.38132      2.98197      1.71826    0.0783924     -7.17135     -4.70705    -0.109856     -1.25144      1.46656     0.799034     0.574667    0.0944329      1.28735     -1.41411    -0.750477     0.556292      2.63044  -0.00979564    -0.622613       2.8296    -0.322307    -0.363043      1.02229     -8.43459     0.115398    -0.709042      2.69795     -3.10628      5.83161     -1.47704      3.90277      0.81295      2.00215     -2.14023      2.65702      3.19794     -1.93932     -2.28695    0.0222249      -3.6505     0.558111       1.3692      3.57974   -0.0234158     0.145622
    -0.71534      3.23948       1.1729     -8.40089     -0.57861     -1.53544     -3.30885     0.659005    -0.902533      4.23067     0.329544       3.3298      1.05614     -3.38383      2.59727     -2.15585   -0.0951802     -2.53088      1.15392      1.80399     0.123453      1.56889    0.0345518      1.12937      -1.6929     0.362407     -2.44257    -0.208777     0.511847    -0.219202      0.77054      4.66355     -4.30256      1.47317      1.74063      1.92669      0.22073      1.87567     -2.99554     -3.91308     -1.39798     -1.40648     -2.28994      2.25405     -1.29537     0.214626      3.45968     -5.68105      0.32237     -7.80396
  0.00419586    0.0587954   -0.0565264    0.0437524     -1.20065        1.133    -0.157969    0.0561065     0.079083     0.119312     0.586606     0.224215   -0.0562992 -0.000704561    0.0279812     -2.29768    0.0370189    0.0377351     0.401581     0.211711    0.0176993     0.134755    -0.551453  -0.00483575    -0.271626     0.108572   -0.0118188   0.00381277    0.0369334     -1.32398    -0.109808     0.106177    -0.109648    0.0506603      1.45902    -0.378807    0.0652949    0.0472924   0.00602909     0.367603    -0.047853   -0.0280615     0.833599      -1.2271      2.10473      1.92473   -0.0149891     0.179612    0.0798529    0.0266823
-0.496956
  -3.3242
    1.179
 -1.91198
 0.963404
  -2.9635
 -2.11018
   1.0743
-0.502987
-0.450022
