3 16 0.5 1300
1
1
9 50
  -3.01004    2.71402   -3.77583  0.0712395    2.12437    -1.3042    1.60087   0.501208   -1.67273
   4.70204  -0.509185   0.578852  -0.863779   0.255056   -2.25496    2.21295   -3.07411    2.38934
   5.59898   0.434983   -2.51305   0.421624   -1.24796   0.203122    1.72701   -1.46461  -0.165776
  -2.47578   -1.42089   -2.14124    2.67728    0.29694    2.32065   -4.88465   0.416126   -2.38299
  -1.58326   -1.32301   -3.99095    3.90829   -2.47288    3.10774  -0.507396    1.82593    1.98637
   2.11082   -2.14689    3.10498   -3.07328    1.31693  -0.904844    1.10503   0.115761    3.52142
 -0.227521  -0.926673     3.4234   0.814324   -1.03962    3.84067   0.385641   -1.14975   -2.70813
  -2.42042  -0.407934  -0.208395   0.396569  -0.275541    4.02116   0.148429   -5.65261   0.434375
  -1.45586   -2.00385    1.65997   -3.56268    1.82802    1.96813    0.15209    2.21339   0.209668
  -1.82518 -0.0240954   -5.12141    3.17584   -1.37566     0.6773    2.56065    2.74138   -1.20126
   2.78108    2.57857   0.796335   0.011473    1.03831   -1.39622    3.22631   0.772491    1.92386
   1.82883    6.15807  -0.841856   -1.51872   -1.01314   -1.41067   -1.47565   0.657616  -0.430516
-0.0551644   0.897025    2.27926   -1.93342   -4.38401    -1.5061   -3.49112  -0.931453   0.133221
  0.668023   -1.29333    3.49638    2.17201    2.22434   -4.63169   0.413577   -1.39415   0.786771
 -0.135674   0.323968   0.105695   -1.08129    7.00601  -0.945041   -1.15417   -1.25816   -1.05296
  -4.58548    3.82571    1.38852  -0.841417   0.844698 -0.0853504   -1.20329   0.567782    1.77849
   3.83065    1.05002  -0.140998   0.879309  -0.863722   -2.05118   -4.49737  -0.150562    1.88664
   2.27636    1.75763   0.149755   0.576903  -0.733963    1.97405    -4.4164   -1.63404  -0.767353
   1.50285    1.32351   -0.65833  0.0117257    2.94734  -0.954173   -5.17056     1.5364    1.61663
   1.77279    0.57263    1.69127   -2.78719   0.419094    5.13188   -3.27374   -2.42474  -0.102912
   1.56811   0.204276    1.04034    1.01627    1.48254 0.00149295    1.07704  -0.167075   -6.22033
   3.91251    2.77362    1.73079    1.93865    2.71814 -0.0487159    1.34087  -0.516663 -0.0579974
   -3.5372  -0.865739   -2.26287   -3.66191   -2.68686    3.46987   0.300058   0.551887  -0.414835
 -0.391585 -0.0918023   -2.46052    3.51697    1.93121   0.579182     3.0585   -2.61723     2.0895
 -0.327226    1.13601   -2.28827    1.37214  -0.270249    2.11554   -4.72192     2.7214    2.66054
   1.10609   0.690885    2.55399   -1.98891  -0.205938   -3.48805    1.52808    2.35178   -2.65636
  -1.37969    1.54255   -6.37156   0.598933    4.10119    3.39819   -3.41286   0.594761  -0.468138
   1.31526   -2.05271  -0.730421    3.10592   0.476152    2.98891    0.12964   -2.97869   -2.64319
   1.72668     3.5608    2.59036     -1.775    2.67986   -2.14118   -1.62043    1.72847    1.96444
  -2.52632  -0.724899    2.64679   -0.66224  -0.360428    0.48788   0.588689    2.58109    2.84482
 0.0847712    7.36828  -0.455785   0.784191  -0.478985   -1.58708   0.430542   0.114852    -1.8063
  -3.41097   0.182292  -0.138826    4.48475  -0.256813  -0.548978    4.91472   -1.16888   -1.98968
  0.544913   -1.18868   0.263742   0.269381   -3.55633  -0.881173    1.25498    2.98059   -4.63949
  0.376646   -2.36546   -4.58876  -0.113143  -0.312275   -0.11745  -0.964707    2.47363   0.356643
  -2.94327   -1.47168    3.07647   0.110449  -0.186074    1.18556   -1.78482   -2.11941    1.68514
 -0.140893   -3.84601    1.07432  -0.653714     2.6392    3.13157    1.25039    -1.8559    2.85617
   3.68601    2.70321    -3.4664  -0.693118   0.454864  -0.946598   0.483433    2.59338   -1.19362
   1.05014   -3.28293  -0.227996    4.83882   0.245236    1.75809    0.81692   -3.13556   0.218116
  -3.34967    3.43096    1.09801   -1.15698   -2.24692    -0.2849    1.04239    1.43547    1.45072
    -3.073    1.36699   0.472763    2.69909  -0.439185    1.19119   -3.89337   -1.69185   -2.31989
   2.51095    1.68339    1.32433    2.62846  -0.134718   -3.42251  0.0302097   -1.29558   -2.24894
 -0.824109  -0.495118   -1.33962    1.22716    1.54518    2.57023  -0.282311    1.23366   -4.75346
   1.11021     2.4486    1.65005    -3.3205  -0.227661    1.61715   0.857307  -0.375223  -0.611737
  -1.78009  -0.494315   -1.47265   0.184003  -0.328262    1.24715    1.94766    4.32943   0.127259
  -1.10496   -2.56521    2.31011  -0.930005     4.6518  0.0207633 -0.0129567    1.01301   -2.47825
  -1.72404    2.28029      3.906   -1.01058    3.83025   0.850751   -2.89481   0.612891    1.84792
   1.90178   0.975337   0.854908    2.00289   -7.83227  -0.479579    1.23148   0.908402  -0.300807
  -1.01812   -1.91637   -2.90101    2.96929  -0.888966   -2.65707    1.39018    2.06972    2.49447
   0.37847   0.661587    5.09576  -0.264564   0.228332   -3.59578  -0.956604  -0.598697   -3.93714
  -2.65465   0.439175   -1.60225    -1.7268    2.81794   -2.88509    2.23818       1.27    0.98497
    2.5355
  0.846451
  0.210795
  -2.69307
  -1.21734
   1.23842
 -0.981824
  -1.91781
  -1.69847
  0.576215
  -1.00697
   1.57707
-0.0428085
 -0.311983
   3.30974
  -2.98479
  0.508478
   -3.0178
   1.77677
   -2.2159
   1.71461
  -1.53407
  -2.00678
  -1.54133
  -2.12953
  -1.69045
  -3.55346
   -3.8713
  -2.16871
 -0.672161
  -3.86498
  0.555168
  -1.34154
  0.761715
  -1.94423
  -1.44794
  -1.86958
  -1.07001
   2.42369
  0.272909
  -2.35536
  -2.13908
   -3.6086
  -2.31129
 0.0715972
   1.86177
   4.65415
  -2.40118
  -1.73348
  -1.89601
1
1
50 50
    0.752191      2.46352     0.382322    -0.737018     -1.76167     0.646902      -2.8821      1.37961     -2.73946    -0.357516     0.051277    -0.380363     0.253825     -2.52731    -0.889553       1.7788     0.809342     0.434582     -1.21108     -1.76027     -1.66113     0.372489     -0.91054    -0.471236    -0.739171     0.898113      1.10258      1.73446     -1.21845     -1.49423      2.55424    0.0392265     0.250227     0.186469    -0.436051     -2.79608     0.633055    -0.328582     0.282892     0.322782     -1.78542      1.58067    0.0589879     0.963486     0.935921    -0.629353     -2.19826    -0.802711     -2.01934     0.671177
     2.09195    -0.814785     -2.80593     0.464601      -1.9994     -3.29944     -1.33301    -0.904728     0.161936      1.56884      -1.3767     -1.46396   0.00174888    -0.597711      1.22929      1.79777    -0.953969     -1.47468     0.245095     -1.33584     -1.47746    -0.745358     0.981619     0.298471    -0.738448      -1.3906    -0.667424     -3.14553     -0.46835     0.334738     -2.06475      1.49488    0.0719906     0.371448     0.735389     -1.54714     -1.09937     -1.08932       1.0642      1.15498    -0.234716     -2.34745     0.902633    -0.338093   -0.0147483      1.62642    0.0831153     0.754085      1.11784      2.58308
     -2.0454      1.30872    -0.795468     -1.17183     -1.08793     0.649208     -1.96006    0.0826452      0.17545    -0.565921      1.42989   0.00238928     -0.65876      1.36926     -1.76854     0.199059     0.341785    -0.535782    -0.914339     -2.02429    -0.093641     0.790884     -2.68659     0.379849     -1.64042     0.273048      1.30858    -0.381334      1.42573    -0.781724     0.872218     0.713434     0.990398  -0.00659407    -0.289166    -0.696122     0.431641     -1.44012     -1.16974     -1.51709      1.33745     -0.13401     -2.65031    -0.478462      -1.5864    -0.695043    -0.609252      1.31684     0.209193    -0.374468
    0.398726      1.15406     -1.04345    -0.676818    -0.153668      2.48679     -0.95973     -2.65349     -1.94484     -1.31659      1.29348      1.03658     -0.69956   -0.0109239    -0.903799     0.716194     0.268371     -2.33979    -0.197285      1.11415     -4.46413     0.325117     -1.85693     0.304473       1.3899     -1.77138     -1.22976     -1.79428        3.116     0.362952    -0.526086    -0.126779     -3.87095      1.11591       1.2033     0.817065     -2.71702      0.48521      2.06316    -0.209739     -1.71322     -2.01676     -1.38478     -2.37146    -0.897027     0.670983     0.371159     -0.82869     -2.08388      1.38975
   -0.250782     -0.14555   -0.0171454   -0.0629297    -0.813147      -1.1469    -0.719261    -0.358142    -0.762739     -0.61424    -0.540067     0.317146    -0.329157    -0.476487     0.531495    0.0723913    -0.235858     0.216828    -0.236532    -0.122326    -0.278916    0.0682875    -0.854125    -0.362367    -0.528713   0.00400807   0.00105348     0.717525    -0.626304    -0.634778      -0.1716    -0.634649     0.336689    -0.653966    -0.485473    -0.355919     0.293804    -0.153032     -1.05347   0.00558337     0.765605     0.499624    -0.183243    -0.271119    -0.389221    -0.448498      0.38136    -0.409276   -0.0671519      -0.3308
   0.0556903     -1.26741      -1.2245     0.203174    -0.307489    -0.944728     -1.60884     -3.20788    0.0605982    -0.176856     0.668111      1.57137     -1.44412    -0.685997    -0.756564      0.74719     -0.23552    -0.198182    0.0943307    -0.858511   -0.0583697     0.828566    -0.921288      -1.7494     0.609823     0.748376    -0.152486    -0.814235      2.22644    -0.180879       1.7418    -0.152299     -1.42759    -0.430715     -2.08621     -1.24243      1.49115     -2.51992      0.39565   -0.0423979   0.00516979     0.147042      0.47666     0.622541     0.598029      1.25247     -2.02954    -0.778107   -0.0117546     0.287768
    -2.45288     0.314531    0.0995219     0.220002     -1.40211      1.23582     0.521174      1.15339    -0.447497    -0.626359    -0.900897   -0.0255482     0.822793      1.33069     -2.54245     -1.67486     -1.31258    -0.410218     -1.15139      0.78993     -1.37923     -1.95903    -0.294494    -0.035108     0.580336     -2.15053    -0.715782      0.91693     -1.01148    -0.157885     -1.84242     -0.39979     -0.97926    -0.129589    -0.311667    -0.475674     -1.07142      1.26222     0.218805    -0.197515    -0.388201    -0.786629    -0.984671      1.09729     -1.72486     -1.83776     0.958423    -0.264126     -1.71013     -1.36666
   -0.437164    -0.733882    -0.947836      1.74255      1.86856     -2.30847     0.144243    -0.368159     -1.40782     0.620483      -1.9307     -1.59937    0.0585296      1.85981   -0.0512481    -0.357491     0.904075      1.43423    -0.412976      -3.0639     0.114569   -0.0216442      -2.6154    0.0196735   -0.0687857    -0.656851     0.347509     0.353732    -0.866685    -0.157506       2.1888      1.15865    -0.576572    -0.517133    -0.418659     -1.35863     -1.55942      3.30204     -1.38963      1.76579       1.9728   -0.0711274     -1.73512     -1.33466    -0.336171    -0.154655      0.21211      2.76051     0.698183    -0.397265
    0.553496     0.701505    -0.964957     -1.99441     -0.10097    -0.556128    -0.227232     -0.21982     -0.70289      2.31268      0.68863     0.911452     -3.36201     0.374102      2.94628     0.462987     -3.31717     -1.74731     -3.06779     -1.55576      0.40317      1.43621      1.06689      1.79932     -2.33155     0.765732      -1.0293      0.48748      -1.6166     0.190959    0.0978197      3.22069    -0.123031     -1.03739    -0.312293     0.869263      1.55292    -0.170073     -1.75836     -1.30418     -2.78148        1.329     -1.11844     0.351951     -0.99332      -1.1704      3.45509     0.389172    -0.683914     0.975499
    -2.26009      1.75518       1.5893     -4.04823  -0.00429428    -0.484701     0.564751      2.79258    -0.320824     -1.85777      1.95719      1.03413    -0.871816    -0.876938    -0.284291       1.0111     -1.22496     0.823547    -0.260431      1.78696      2.74304      2.46917     -1.02704      1.95683      1.10358     -2.55811    -0.762231     -1.59594     -1.24159     -1.50935     -4.42154      1.22798     -3.73896     -3.60488      1.93105      -1.1851     0.931053      2.73607     0.253571    -0.241321     0.683115     -2.12506      1.03845     -1.69071    -0.401967      2.39735     -2.36663     -1.80628     -1.69804     0.379349
    0.657388      2.16058      1.14454    -0.848182     -1.48929       1.8779     -1.49629     -1.12268     -1.06907     -1.71323     0.278924     -2.78808     -1.35898      1.02846      3.47069     -2.06442     -1.12783     0.633881     -1.40978      1.24594     0.520019      1.95258     -2.52355      0.41225     0.723141     -1.09217      1.00356    -0.743912      2.59394    -0.978781     -0.11864     -2.26017     -2.89868     -1.79857    -0.981208      1.37471     0.302432     0.414603     -1.83147     -2.61792    -0.510748      -2.3801    -0.756555    -0.120918     -1.03513      1.93071      3.40087    -0.605224    -0.874385     0.745671
   -0.384596     -1.31224      -1.0424    -0.454828    -0.383472    -0.867881     0.790537    -0.328464     -1.04871      1.29415    -0.457201     0.349491     0.651983    -0.616914      -4.8865     0.368918     0.511303     0.208647     -1.15964      1.65797     -1.07159     -1.14257     0.892363    -0.277714    -0.142072     0.216806    -0.996921    -0.864374     -0.95921      1.22505      1.62345    0.0463663      1.02375      1.67058     0.462512     -1.54981    -0.837734    -0.536563    0.0786259     0.864984   -0.0655957     0.494731    -0.182059     0.648531     -1.71046     -1.58043    0.0141428     0.211721     0.910233     -1.24469
     1.63335     0.880168   -0.0697205     -1.21899    -0.484364     -1.97196     -0.78201    -0.510359     -1.43298     -1.67003    -0.136125     0.576568    -0.550195     0.668402    -0.837352      1.81034    -0.613419     0.614206    -0.437113     0.902947    0.0537656     0.918528     -1.42102      1.48895    -0.926471    -0.176234    -0.480434     0.419568     0.181014    -0.713105       4.0998     0.475731   -0.0528621     0.481023     0.395103    -0.372655     0.815294    -0.416555    -0.440704       1.2986     0.021647    -0.351742      1.03989       -1.225    -0.653011     -1.05667     -2.91038    -0.162393    -0.878071     0.138758
    -1.45771     -1.80497     -1.98221     0.766056      2.03205    0.0859443     0.756288     -0.29244    -0.652831     -1.06403    -0.750545     -1.05222     0.088735     0.503063     -0.53593    -0.011437     -1.09439      1.55107     0.179797     -2.22031     -1.98947     -1.02572    -0.822387     0.576231     0.866926      -1.9197     -1.42724   -0.0211938     0.108641      2.08613    -0.205757      2.13676     -3.10695     0.470748     0.843228     0.469829     -2.22939      1.06562     0.584774    -0.953246     0.964086     -1.10781    -0.280467     -0.85796    -0.970296      1.63686    -0.431488     0.832177     -3.37808     -0.77946
    -2.08841      2.28289   0.00509279    -0.710761     -2.74653     0.788746   -0.0514358    -0.500271     0.331481    -0.999828   -0.0770511      1.92804       1.4662      -1.8156      -1.6304     0.289567     0.279833     -1.43098      -1.4836     -2.17016    -0.964088    -0.171269      1.27137     0.306363     -1.54734    0.0358013    -0.109083       -1.105    -0.986991    0.0838017     -1.05936     0.376177     0.747361    -0.340283    -0.339324     -1.60422     0.631732      -1.9131     0.619317    -0.287595     -1.91215    -0.978053      0.48327        0.436     -1.19668    0.0428991      -1.6945     -2.06874   -0.0336808      0.03474
    0.628275     -1.60287    -0.811958      1.86592     0.107062     -2.46169    -0.840494    -0.262866     -1.18224    -0.270366     -1.87635     0.397947     0.346728     -2.42306     0.324788      1.61653    -0.608031    -0.107481   -0.0786796    -0.522387     -1.91307     0.194001     0.758754     -1.44421     0.698321     0.697891     0.860593     0.771644     0.015731     0.429409   -0.0109767     -1.28696      1.79766     0.151096    0.0170319     0.180134     -1.13032     -1.20753      -1.6616     0.729492     0.259353     0.278701    -0.812215     -0.35694     -1.56049     -1.77273      1.29248    -0.199382     -0.77815     -1.11086
   -0.302134     -0.21466     -0.33221   -0.0729233    -0.191305   -0.0994624    -0.258515     -0.42671    -0.173606    -0.271897    -0.211738    -0.188554    -0.556461    -0.169712    -0.419557    -0.195541    -0.123658    -0.240276    -0.313212     -0.11301    -0.468953    -0.241642    0.0875652    -0.415613   -0.0729168    -0.288762    0.0291095   -0.0912306    0.0898211   -0.0604335    -0.253123    -0.297164    -0.383039     -0.31488    -0.153101    -0.331052    -0.304793   -0.0840698    -0.441917     0.140616    -0.297643    -0.159375    -0.431834     -0.29751    -0.247434    -0.210063    -0.100036    -0.434233     0.108507    -0.103081
     -1.4725     0.787258     0.506963    -0.122756     -1.60718     0.693877    -0.726954    -0.383817    -0.632482     0.175775      1.25088     -1.11452     0.649057      1.38283      -2.4135      2.71582    -0.352869     -1.80947    0.0514491    -0.859944     -2.39862      -1.0535     -1.28984      1.80346     -1.03212    -0.698465       3.8058   -0.0209699      1.84631   -0.0393025     -3.07081      1.25075      -1.1504      0.28306    -0.230921       1.1584    -0.225953    -0.555483       1.6564     -1.05844     -1.37181    -0.357683     -2.27434     0.524241    -0.781284     -2.20106    -0.667696     0.814534      1.98372      -1.2471
   -0.138319      1.51555      1.16705    -0.606042     0.105603      1.52696    0.0628279      1.32544     0.433463   -0.0874641     0.752494     0.732813      1.09216     0.501661      -0.5916    -0.309251   -0.0243351    -0.477746     -1.39201      1.70523     0.440673     0.298491     0.640586      1.13451    -0.293574    -0.705772     -1.03702    -0.470106      0.50854     0.444222    -0.143812     0.423921     0.221333     0.484782   -0.0455063     0.404896    0.0581136       1.2019      2.45275    -0.408967     0.565086     -0.43827     0.275637      1.16537     -1.43387    -0.868262      3.51694    -0.292007    0.0305358     0.342481
    -1.31867    -0.703183     -1.86578      2.39482    -0.764376     -1.99509     -1.91837     0.263169    0.0693934    -0.133135     -1.33306     -2.33982     0.905047     0.533845      1.77542   -0.0607608      1.61025       1.4976        1.541    0.0114693      1.48417   -0.0674618     -1.62314    -0.263548      2.41054     -1.74719      2.47175    -0.712032      2.00668     -1.38613     0.272692     -1.54034    -0.432665     0.761713     0.692294     0.121932     -2.65047      1.04198      -1.5544    -0.107059     -2.20592    -0.932977     -2.99786      -1.4502       2.1865      1.80411      1.60344     -1.05906   -0.0219719     -3.04341
    -1.82072      0.66235      1.40912     -2.54001    -0.293104    -0.587539     0.874974    -0.209072    -0.297341     0.112255     0.276713      1.10875     0.359313     -0.56459     -2.20004    -0.692792     -1.44538     -1.78396     -2.55457     -1.25223     0.979382    -0.120603    -0.827556     0.930723     -2.68099    -0.531854     0.178787    0.0090855    -0.723761     -1.72143      -1.9374      2.05993    -0.142411   -0.0572811    -0.898912     0.284961     -0.46613      1.87609      2.93594     -0.83267     0.629237      0.49893    -0.611329       1.2235   -0.0907848     -2.86714    -0.849476    -0.132451     -1.03011    -0.362338
    -1.98661     0.895346     -1.91763      1.32486     -2.00407      1.32645    -0.207368     -1.20068     0.891832      -1.4701     -1.10741     -1.40451    0.0842845      1.06589    -0.322335    -0.433577    -0.676391     -0.54752    -0.753325      -3.4024      1.06748     -1.32552     -1.39112    -0.733574     -1.38078    -0.513703     0.261842     0.369077    -0.576714     0.497489   -0.0393266     0.111458     0.856823    -0.797984      1.18534    -0.587252     -2.69958    -0.968954     -1.79516     0.895772     0.338707      -1.1797     -2.35835     -1.05196       1.5412    -0.467036   -0.0913654    -0.246946      1.91816    -0.090978
   -0.261622    -0.350724    -0.403534     0.243786    -0.303914    -0.464201    -0.351118    -0.134658    -0.253732    -0.325104    -0.329191    0.0181261    -0.687909     0.115656    -0.184178    -0.244106    -0.456705   -0.0826487    -0.420546    -0.132038     0.161534     0.108485   -0.0181191   0.00178492    -0.354967    -0.118406     0.112913    -0.279386    -0.238069    -0.846815    -0.199815    -0.158024    0.0635431      -0.1888    -0.177269    -0.162263   -0.0464624    -0.135226   -0.0704309    -0.304886     0.056081    0.0837505    -0.124819    -0.108196   -0.0209231    -0.533254    -0.192428     0.102854       0.1487    0.0366018
    -1.54573    -0.619835     0.157307     -1.29567    0.0352343      1.10178     0.609916     -3.33735     0.727452     0.468594    -0.449013     -2.79974     -1.66973      1.73641    -0.437244     -4.75395    -0.559159     -1.63992    0.0660521     0.334877    0.0713085     -1.11142     0.787339     0.634964      1.24973     0.437285      -1.8171     0.975778     0.382474      1.44376     -1.91881     0.291617     0.684424     0.202968    -0.818547      1.67225    -0.459375      1.12368     -1.48298     -1.16369   0.00275067     0.740563     -1.55532    -0.427782      1.40868    -0.558907     -1.90101      2.33236     -1.35724     0.907805
    0.587808     0.525393    -0.294945     0.225092     -1.15734       1.8625      1.10616     -1.83552      1.57847    -0.399059      1.48084      1.96777      -1.5411   -0.0431347     0.308927    -0.339668     -2.26827     0.922947     -1.61209      1.13583    0.0597727      1.63163   0.00323457    -0.438021     0.252672      1.86955    0.0449863    -0.734295      1.42788      -2.1906     -1.33869   -0.0743379    -0.660763    -0.964748     -1.78338    -0.771658      1.90524    -0.886718    -0.143895     -1.23369    -0.197973     0.138182     0.713464   -0.0997876     -1.32148      1.54211    -0.714813     -1.97828     0.660546      1.81715
    -2.93629      -1.0608     -1.76061    -0.292885    -0.566744    -0.628928      1.35349    -0.171532     0.591917     -2.24986     -1.16037   -0.0503301      1.05901      1.88552      2.39547      1.02866     -1.42568    -0.891867      1.02261     -1.60695      1.29052     -1.34626    -0.781346    -0.634356     -1.60049     0.684529     -2.09692     -1.28982      1.56893      1.06029     -1.51887     0.610713    -0.313042     -1.31992      0.11038    -0.852702     -3.03816    -0.619576    -0.806396     -0.61571     0.639215     0.178338    -0.129228    -0.544063     0.173297      1.39893      5.77661     -1.38961      1.81541     -1.62357
     2.71498    -0.106898      1.03631      -1.2438     0.943406     0.565242     -1.45907     -1.75633    -0.714534    -0.183075      1.87669      1.57632     -1.86436     -1.30725      1.50831     -2.80997      1.08611    -0.225516    -0.188721     -1.30662     -1.58084     0.906912    -0.239203     0.026616     0.403276      1.06268    -0.698153     0.373531     -1.43849     -1.70032       1.3794     -1.89532     -1.74651     0.786298     -1.17521    -0.193999      2.11155     -1.71931     -0.39625     -1.82811     -1.09669    0.0519287     0.712994     0.961461    -0.894107    -0.448245    -0.594103     0.317479     -1.01977      2.82677
    -2.38009      2.16246      3.67533    -0.530867     -1.06102     0.400216     0.203534     -1.43059     -1.34803    -0.870498     0.432849     0.817246    -0.395591    -0.502004    -0.344554     -2.30988      1.81158      2.05545     0.485602      1.56711     0.796131      1.12299     -1.98914     -1.36852    0.0923678    -0.688208     -1.45941      0.69531     -1.84401     -2.59777     -1.79748     -4.72729     -0.15218      1.59708     -2.23045    -0.994366      1.40408     0.313687     -3.70048     -2.05904     0.562596      1.45818     0.545255   -0.0563636  -0.00525222     -1.02233      1.74922     -1.81101      -1.1891     -2.96242
    -1.46337     -2.08981     0.415107      1.87221    -0.520537    -0.169747    -0.562274     -4.35406      2.71817      1.15467    -0.550317     0.229651     -1.18523     0.103006    -0.124384      0.20522      1.41692     -1.68078       1.2726     -2.34387     0.808666     -2.06052      -1.4982     -1.92817      1.98814      1.61089     0.544331    -0.538674    -0.490566      1.53013     -1.38539     -1.65875      1.70153     0.749157   -0.0744673     -2.41466   -0.0375798     -2.94524    -0.760243    -0.901325    -0.769992     0.115605    -0.382738      1.07093      1.39554     -1.71698      1.29573      1.06372     0.144223     0.281526
    0.341771    -0.994532     -1.06923     0.565816     0.308371    -0.431974    -0.537696     -0.13165   -0.0541698    0.0701704     -1.20087    -0.792608    -0.233095    -0.739946     0.376581     0.517137    -0.221559    -0.532224    -0.194022    -0.365065     -1.29241    -0.607346     0.472275    -0.197387     0.607212    -0.250636      0.55268    -0.550048     0.520348     0.663028    -0.322107     -1.23713    0.0212208      1.03392     0.213033     0.620299    -0.953255     0.291701    -0.652822   -0.0132192    -0.306166    -0.473657     -0.51357     0.485183    -0.929619     -1.12538     0.109086     0.909473   -0.0238432    -0.181506
    -1.75702     0.582527     0.104809     -1.29148     -1.38837     0.188382    -0.545591     -1.79657    0.0350766     -1.61119    -0.177194     0.668981      1.01763    -0.909961     -1.69564     0.242478       1.2606     -1.56693     -0.54266      1.40542     -1.34655    -0.885623     0.895711    -0.553212    -0.286923     0.511275     -0.58543    -0.738417     -1.05582      0.40395     0.647781     -1.11772     0.113164     0.349419    -0.201176      -1.7238    -0.883238     -1.74929    -0.587294     -1.37626     0.185291    -0.187324     0.354723     0.800555     -1.52693    -0.566406    -0.214506     -1.69361     0.535785     -1.67707
     1.33689     0.379573     -0.84053    0.0623043    -0.281621     -1.11327      1.04138     -1.84381      0.59956      1.20536      1.82501      1.99984     -2.28414     0.558271     -2.29753      1.00436    -0.506363      1.15819     -0.29788      1.91611      2.21007     0.789308    -0.389619      1.43599     -1.61252     -1.23368    -0.321349     -2.49316     0.556323     0.425992     -2.71606     -2.65632    -0.174994    -0.521589     -1.24145    -0.752752       1.1772    -0.457189    -0.213666    -0.721772     0.741109     -1.20901    -0.114029      1.57538    -0.943655     0.124944     -3.64779      1.64552     -2.67486     0.882261
    0.873216    -0.109874     0.475735     -2.79445    -0.919174   -0.0395601    -0.919915     0.174733     -1.43064     -0.85637     -0.61655    -0.930488     -1.60149     0.827565      2.53452     -1.88185    -0.484332     -1.98381     0.729763     -1.16276     0.914583     0.278849     -2.00756    -0.494668    -0.981562      0.89542     -3.05133     0.800497     -1.42821     -1.00644    -0.377396     -0.37567    -0.503831     -1.23597    -0.942119      1.27906     -1.29667       1.6258     0.609613     -1.30617    -0.335311     0.610849    -0.670982      -1.4677     0.786643      1.35041      1.91851     -1.33805     0.133417    -0.744733
    0.379379      2.95702     -1.28343    -0.988315     -1.68247      1.64075      0.77654     -1.05397     0.878977   -0.0487796    0.0916425     -1.80615      1.56265   -0.0948329     -1.94418   -0.0989123    -0.766757      0.24487     -1.88231     0.699445    -0.533175     -1.84159    0.0810729     -1.43164     -2.88253     -1.73702      1.23981     0.489392    -0.733901      0.36022       -1.403      -1.5312    -0.622659      1.73372     0.543566     0.219974    -0.331226     0.924646      -1.2903    -0.717338    -0.243594    -0.433235     -1.36695   -0.0853146     -1.42809     -2.15719     -2.01301      1.26957      1.12413     0.920672
    -1.80015     0.383121    -0.999705     -1.25991     0.560831     0.712776     0.746428    -0.643033      1.01491     -1.74592     -0.43509     -1.08112    -0.087263     0.024623    0.0452838     0.552512     -1.15585      1.07607    -0.303534     0.504152     -1.20549     0.437195     0.491486    -0.405475     0.478889    -0.770977     -1.72996    -0.406206     0.702806   -0.0709768     -0.72478        1.156     -1.83442    -0.723752     0.531217   -0.0131369    -0.824912    -0.367212    -0.294855    -0.976192    -0.496556     -1.34529     0.123306     0.453602     0.557178      1.96221      0.95176     -1.45581     -1.23269    -0.456602
    -1.71606     -1.35127    -0.822772       2.8416    -0.916552      1.52807    -0.347946     -0.61232    -0.687413     -1.35322     -1.26864   -0.0973782      1.71354     0.982827      -2.0664      1.52437     0.309861    0.0538137      -1.2514     0.217782    -0.319149     0.336479     0.213722     -2.84653     0.729027    -0.490167     0.378256   -0.0525068      1.49126     0.451129     -1.15751    -0.370418     0.121319    -0.741904      1.21269     -1.57681     -1.36278     -1.00874     -1.60608      2.00678     0.513905     -1.62705     0.285603     -1.23242      0.50488     0.112647     -1.76532    -0.440892      2.41645     -3.18956
     2.15142    -0.772508     0.503141     -2.08708      1.21837     -2.50999       -1.141    -0.630518     -1.55067      1.36166   -0.0808559      1.28669     -2.37933     -2.20208      1.60986     0.766109  -0.00394794      0.31887     0.211022   -0.0756046     -1.06329    -0.649466      -1.0857      1.35608    -0.866505     -1.20678      5.20701      1.68423      -2.8289     -2.14066     -1.30852    0.0753807     -2.34005     0.651155     -2.45515      -1.0306      2.75474     0.710667     -2.52334     -1.11224     -1.40833      0.38174      0.15309      1.41022     -1.80109    -0.398795       2.8857    -0.251511      -3.4248    -0.263916
    -2.56623    0.0594091      3.08428     0.829532     -1.28664    -0.853742    -0.248722    -0.772453    -0.795175     -1.39295    -0.319264    -0.783643    -0.366142    -0.190697     -3.05339     -1.00609      2.12869      1.96581      1.65856      0.10993     -0.34809     -0.82838     -1.68063     -1.39813      1.18721     0.114402    -0.541483    -0.480808     0.720481    -0.199311      1.60329     -3.27986    -0.791229      2.15344    -0.185832    -0.604453    0.0471493     0.347255     -2.92122     -1.06538     0.259476     -1.26268     0.782943     -1.80877     0.966273    -0.551837     -3.86195    -0.645244     0.494334    -0.616359
     1.02956     -1.28947     -1.50661     0.658934       1.0001     -2.08791    -0.377884    -0.074368    -0.841868      1.49842     0.505453      -1.2826     -1.84878      -2.0162      1.88812    -0.802679     0.346401     0.764387     -2.42093     -1.73587    -0.606746     0.807318     -1.22642      1.40375      2.81106      1.60937      1.04597      1.79087     0.518893     0.649146     -2.21018      1.27169     0.154015    0.0297507     -1.01471     0.377416     -0.80829     -0.85696    -0.685304     -2.46907     -2.03379      1.67215     -0.24601    -0.169106     0.238339   -0.0990599     -5.23287     -1.25753     0.637905      1.20653
    0.233297     -2.50983    -0.747685    -0.766952      1.19361    -0.158756      1.18307      0.63017     -0.36309     -1.15576     -1.32457    -0.957704     -2.85675   -0.0376818     0.727814    0.0146342    -0.292512      0.76234     0.862221     -1.54722     -1.25293     0.170844     -1.01486    0.0632945      1.26129      1.71707    -0.921693      1.85841     -1.41906    -0.871728      1.07262     0.765654    -0.195688      -1.8221    -0.500099     0.710303    0.0575871     0.457126     -1.24719      1.30162    -0.972394      1.49229    -0.474196    -0.272407     0.701289    0.0344319     -2.06438     -2.36842    -0.894807    -0.749152
   0.0621877    -0.393382    -0.285015     -1.34763    0.0172079    -0.289077     0.918016    -0.058947     0.724571    -0.127978     -1.33621      1.23803    -0.243765   -0.0599417     -2.29733      1.33177     0.366875    -0.317962       2.4909     0.170276   -0.0800219   -0.0980791     -2.22454    -0.477086    -0.693093     0.141417      3.56452      2.95003      0.54897     0.427579     -1.29982     -1.21084    -0.469348    -0.363123      1.55057     0.208779      -1.3122     0.110947     -1.80891     0.836674     -1.32499     0.162134    -0.316015    -0.980942     0.527624     -1.75531     -4.97914     -1.83497      2.08715    -0.695349
     1.05412     -1.43701     -2.93069     -0.57597     0.314144    -0.433189      2.30656      1.52726     0.355294    -0.677358     -1.54333     0.239989    0.0591175    -0.671904      1.65891      2.12654     -1.10463     -2.41641    -0.420955     -1.29632     -0.95601    -0.725521      1.57657     -1.12084     -1.21347    0.0703096    -0.194108       1.3025    -0.941937    -0.304945       2.1515     -1.31709      0.70527    -0.430949      2.11207     0.607693     -2.39832     0.460412     -1.11959     0.828379     -3.54548    -0.503583     -3.12894    -0.667621     -2.22907     0.653829    -0.106113    -0.206078    -0.293357   -0.0361328
    -1.27731    0.0981746     0.606877     -1.56424   -0.0798554    -0.295073    -0.546567     -1.37482    -0.609826     -1.93029   0.00821738      1.47855    -0.355629   -0.0315142    -0.230105     -1.45793     -1.18446     0.652023     -0.37861     0.482183     0.702104       2.1093     -2.03889     -1.05746     0.928448     0.207759     -3.19531     -1.36485     0.739849     -2.17963    -0.213648     0.505162    -0.261796       -3.203     -1.21759      -1.3265     0.893952     0.159832    -0.133521     0.016849     0.703572    0.0996624     0.839071    -0.729808      -1.2871     0.675671     0.417537     -1.22181      1.02672     -0.34698
    0.313726      -1.2002     -1.38105     0.839477    0.0627764     -2.29476     0.622555     0.120928     0.458202     -1.80598      -1.0176     -0.55083     -0.53967      1.04536     -0.25014      1.08951     -1.68261    -0.295387     -1.19804     -1.13293     0.844206    -0.583899    -0.496885      1.75739    -0.662035    0.0249981     0.920629     -1.50674    0.0983704     0.189524    -0.368899    -0.499483      1.31492    -0.688705     0.217558     0.464544     0.436599   0.00221085      1.11994    -0.604528     -1.15008    -0.476398    -0.197639   -0.0233644    -0.594924     -3.53702      1.01276      1.04848     0.035033     -1.06257
   -0.610806     0.773673     0.457423     -1.85874       1.7642    -0.579503       -0.102     -1.55614      0.18277    -0.440311      1.13929    0.0594738     -2.42553    -0.725604    -0.192577    -0.880517     0.289586    -0.770329      -1.6342     -1.95306    -0.316521      1.11349     -1.92668      1.18026    0.0576445     0.213606     -3.17059     0.623894    -0.224222     -1.01109    -0.936329      1.26566    -0.258717     -2.01395     -1.44174     0.599762      1.66085      1.09456     -1.79275     -2.74513      1.73741      1.13871    -0.682006     0.623007     0.563641    -0.468361    -0.697084      1.44165     0.775801     -1.60963
    0.455918    -0.415674    -0.684932    -0.730061     0.329527     0.218331    -0.659405     -0.70517    -0.157108    0.0926249     0.469235       -1.064    -0.635862    -0.158084    -0.817475     0.440635    -0.345952   0.00999812    -0.332913    -0.697568     -1.03377    -0.199126  0.000877566     0.218087    -0.312837    0.0661631       -1.008    -0.261396    -0.189604     0.825249    -0.502503     -0.28011    0.0799808    -0.806919    -0.201022    -0.323136     0.130676    -0.976286     -0.27939    -0.772641    -0.431661    -0.959692    -0.366133      1.56741    -0.558363    -0.660312      0.21192     0.746054     -0.49026     0.552878
    0.372168      1.99858      1.28357     -2.12146      -4.1263       1.1938    -0.402883      -1.6815     -2.28027      2.06649      0.96859     0.102223     -3.30189    -0.595886     0.399336     0.537948    -0.647061     -1.41184     -1.31003     -2.16248      1.04173     0.442511    -0.320842     0.126394      -2.6564     0.171158     -1.53739     -1.68958     -1.24825      0.46039      3.16867     -1.32614     -1.29247     -1.23049     -2.53555    -0.685234     0.999853    -0.747913  -0.00521023    -0.539177  -0.00276114   -0.0965797     0.760343      1.31226     -2.19386   -0.0635296      1.95534   -0.0918956    -0.117704      2.81833
    0.687777    -0.699187    -0.855977     0.347354    -0.642813     -2.70538      1.69926    -0.504023     0.204441    -0.289202      -1.6163     0.217367     -1.41372      -1.9636    -0.655219    -0.973021     -1.35522       1.0029    0.0589763      2.74922     0.652102     0.920254       2.2336    -0.357587     -1.39865      1.55917    -0.497564     0.781642    -0.701547     -1.87002      1.22229     -1.12321    -0.729986    -0.249138     -1.68724    -0.253233     -1.27203     0.249914     -2.23959      1.30324     -1.37917      1.95156     0.362283    -0.923167      1.72451     0.232952      -0.3237     -1.83503     0.532271     -1.08334
    -1.01125    -0.677158     0.707546     0.742484      1.49051     -0.88059      1.99123     0.165541     0.349336     -1.01095    -0.614572     0.163097     -1.45365     -2.54342    -0.355674    -0.806943     -1.79747      1.04175     -1.77599       2.8554 -0.000527373     0.587051      1.91255     0.765087   0.00804479    -0.452599       1.1296    -0.223227   0.00861168     -1.08494    -0.220062    -0.586491     0.575153   -0.0636073    -0.843441      2.05579      0.51234     0.902834     -1.21897     0.714339     -1.16662    -0.115315  -0.00847516    -0.895274    -0.736118     -0.23409    -0.702581    -0.468859    -0.767985     -1.62224
   -0.334275     -1.89391     0.748618      0.25001      -1.1922     -2.44368      1.14176     -1.09711     0.550198      1.10068     -1.08005     0.371846    -0.742733     -1.02018       1.1946     -1.40628     0.132731    -0.846408      1.20642     -1.91855      2.26239     -1.61676    -0.341329    -0.787652    -0.767343     0.913489    -0.717793     0.806017    -0.372765    -0.454163    -0.434856     0.355136      2.88324     -1.25183     -2.46538     -1.79053   -0.0699217     -1.99388    -0.408387    -0.860222       0.2478      1.95852    -0.659819     -1.48779     0.436275    -0.619042    -0.830361     -2.18194      1.63816    -0.509088
 -1.30052
 -2.35551
  1.31086
  1.85542
-0.105188
 -1.69725
  2.26102
 -3.23251
 -2.34262
  1.17023
 -2.08306
 -0.35535
-0.544134
-0.381088
 0.428257
 -1.01597
-0.067398
 0.109842
  2.25277
 -1.71652
  1.20098
-0.182914
-0.188978
 0.198938
-0.942742
 -2.65516
-0.854823
 0.805788
 -1.05302
 -2.11811
 0.211038
 -1.65244
-0.696638
 0.926452
 -0.63753
-0.752333
 0.645933
-0.103849
-0.997661
-0.676887
 0.680307
0.0740364
-0.651782
  0.22125
 -0.82322
 -1.11545
   0.2566
 -1.62441
 -0.32024
 -1.77168
1
4
50 10
   -1.75511    -8.46693    -1.25416     2.82507   -0.589434    0.517797    -2.82212    0.916417    -2.59158    0.599899      2.3868     2.40513     0.20423     -1.8709     -2.1964   -0.261374   0.0550444    -1.45015     2.84115      1.1842     2.35641   -0.709182    0.162599      3.0362    0.653181    0.882056     2.65044    -11.6586   -0.844012   -0.464795    -2.52533      2.3172     4.46141  -0.0371135     0.29861     2.42011    -1.87545    -4.31372     2.46256    -3.09292   -0.436335    -6.94689    -1.36037    0.839325     1.06706   -0.081305    0.756845   -0.201274     3.20841     2.94291
   -4.00959     3.13018    0.257511  -0.0680115    0.352432    0.362055     2.10533     1.15608     1.24634     3.00409      1.2968   -0.974974    -7.93163     3.44787 -0.00876087     3.15068     0.10518      3.6003    0.458006    -0.37602     3.63537     -1.8117     0.50919    -7.89188     3.98835    0.727181   -0.372168     2.73711      1.2456    0.598183   -0.499831     2.77773    -2.48501   -0.639646    -1.08819      1.5385   -0.500476   -0.372258     5.52963   -0.816487    0.781955    -3.23744     5.13541     1.61381      1.8508   -0.160313    -2.67311    -1.51283     1.91164    0.978881
   -2.53795    0.884632    -1.98597     2.01528    0.184237    0.875571    0.594363     2.35039     2.01966    0.661845    -2.60824      1.4662     1.56943     2.44848   -0.818076   -0.902187  0.00625196    -3.14961    0.525989   -0.186432    -3.11526    -3.21557    0.161015     3.08979     1.23255    -6.73287   -0.775308     1.67649      1.5329   -0.439631    -1.61071     -4.6332     2.03815    -3.77677    0.135489    -4.73068    -7.70564     3.42937     1.75658    0.120477    -3.95471 -0.00724557     3.27061    -1.76079     0.94238   -0.115532     2.04032   -0.359372     1.62906      1.5044
    1.61546    0.506075     5.28698     1.40063  -0.0310091    0.763699   -0.612996    -9.85294    0.554464   -0.302107   -0.787502    0.300069     4.29812    -2.40287    -3.15406    0.445827    0.355098     2.94985    -0.23058     3.23555     1.99748     3.96209  -0.0133916   -0.419512    -6.74571   -0.939794   -0.605149    0.577441     2.49341    0.793581      1.3591    -1.05804   -0.130911   0.0181859    -1.99915     2.07848    0.174564     1.52297     1.36727     3.06369     1.95414     2.74775    0.931568    -2.68495     6.05546   0.0513748    -1.26468     2.50327   -0.511895   -0.353241
  -0.852485    0.279158    -1.13463     1.05425   0.0014471   -0.933033    -2.59802     2.74086     3.38058    -3.88834     7.67048    -8.66819    -1.81865    0.272366    -1.97698    -0.97129   -0.119934   -0.887907    -4.76594      3.3575    -2.49149   -0.329295   0.0377343    -2.35483    0.663652     4.05512     1.53641    0.172537     3.30757   -0.644995    -2.67042    -4.93756     1.65538   -0.594618   -0.474103    -3.87782     2.39466    -2.50856     -6.5589     -1.8784    -4.74961     3.11319   -0.870402   -0.141371    -2.49954   -0.510385     1.94714     3.31107     1.40284   -0.260265
    6.79568    -2.84119    -5.24433   -0.304379    0.406749    -2.10066     2.84651    0.949779    0.577902     1.52062    -1.32528   -0.616469     1.06983     2.25873     6.00187      1.3181    0.370163   -0.264946   -0.615991    0.492901    0.616166    -3.61911    0.125765     1.04816    0.185114      1.4213   -0.850714     2.15716     1.91156   0.0683542     3.49657    -1.65923    0.266345     1.23166     2.65438     0.58889     2.36644     2.32717     3.09439     2.35774     2.48513     4.36202    -2.34104    0.133881    -3.45237   -0.528258    0.544384    -4.38468    -7.72603     2.04924
     0.3368      2.5015     2.57593    0.503497    0.405829    -2.49613    0.276563     -0.2711    -4.82172     1.19117    -2.32775     3.24307     2.52127    -1.85127    -1.36517    -1.27518   0.0180291     1.54368     2.25298    -8.14984    -3.60709     1.45225   -0.275667     2.93267   -0.924937   0.0284888    0.418555     2.62727   -0.588613   0.0204372     2.61887   -0.130773      1.6761    -2.95825   0.0871614    -4.00705     3.33933    -4.48807    -2.20285     2.31988     2.10771     3.10266    0.370988   -0.682259    0.378434    0.384881    -6.21197     1.60633    -1.36232    0.553476
    1.17064     1.93869    0.062619    0.223041   0.0697628     4.35395     2.89697     1.70174    0.121515    -7.13383    -4.73108   -0.465285    -1.30966     1.71177    0.507266      0.6727   0.0923477    0.827062    -1.39537   -0.906009    0.334691     2.44737  -0.0194461   -0.617766     2.93996    -0.22249   -0.325629     1.37349    -8.72633    0.219266   -0.636101     2.81116    -3.11268     5.80506    -1.53889     3.64342    0.930251     1.95487    -2.43721     2.41757     2.85872    -1.71054    -2.25569    0.163014    -3.69867    0.619796     1.21151     4.11492    0.329601    0.101983
  -0.863051     3.02934     1.33282    -8.38595   -0.597119    -1.55751    -3.17818    0.554662   -0.964686     4.11379    0.464755     3.55715     1.00127    -3.45767     3.17337    -2.18037  -0.0935384    -2.32318     1.11933     1.64187    0.204185     2.00879   0.0311383     1.21105    -1.86982     0.58123    -2.52371   -0.151265    0.282039   -0.222986    0.710258     4.81023    -4.36226     1.42433      1.9182     2.27441    0.283554     2.13086    -2.91407     -3.9874    -1.59307    -1.39353    -2.34051     2.25986    -1.25496    0.230691     3.62042     -5.6747    0.454721    -7.79761
  0.0060809    0.111957   0.0134032  -0.0253004    -1.28691     1.21347  -0.0408542  0.00462015   0.0555311  -0.0538245    0.974293    0.136652 -0.00225343  -0.0178294   0.0645338    -2.35742   0.0277956  -0.0145612    0.386191    0.132519   -0.142265    0.029113   -0.592265   0.0652093    0.050934    0.133568   0.0125325  -0.0512054    0.102411    -1.44748  -0.0358958   -0.028058    0.154565   -0.105642     1.29521   -0.283974   0.0582714    0.147293   0.0671893    0.560696   0.0541441   -0.131784     1.11384    -1.43126     2.31026     2.00444   0.0434662  -0.0296575    0.101101   0.0254003
-0.528406
 -2.85277
  1.05054
 -1.64708
 0.671766
 -3.20843
 -2.08002
   1.0439
-0.542597
-0.464062
