3 16 0.5 900
1
1
9 50
   -2.59876     3.22675    -3.64888    0.433423     1.51265    -1.17137     1.90062    0.336924    -1.30576
    4.18425   -0.476707    0.572014    -1.09679    0.728297    -2.16782     2.50685    -2.87722     3.00098
    5.43486    0.981019    -2.43862   -0.243328   -0.926746    0.293934     1.53699    -1.52234   -0.529799
   -2.93034   -0.895914    -1.76682     3.04499    0.407831     1.68728    -5.25012   0.0527401     -1.9229
   -1.77609     -1.3699     -3.4985     3.47876    -2.02306     3.28281   -0.966102      2.0286     1.57059
    1.34917    -1.77348     2.88144    -2.84535      1.1216   -0.836895     1.18417   -0.187554     3.95085
  -0.669263    -1.28602     3.16859    0.499003    -1.33485     3.79302    0.206877    -1.24984    -2.15253
    -2.1009   -0.202005  -0.0413406    0.891585     0.50305     3.64912   -0.069515      -5.025   -0.102843
   -1.06461    -2.25682     1.39098    -3.15358     1.75582     1.89407   -0.186144     2.24626    -0.25763
   -1.07094   0.0110108    -4.74812     3.09797    -2.15574  -0.0352167     2.08406     3.03252   -0.591015
    2.68719      2.5829     0.42421  -0.0404964    0.558241    -1.40486     2.96829    0.317277     1.93039
    1.17281      5.6063   -0.732157    -1.55561   -0.878746    -1.11939    -1.76482    0.505002   -0.280693
 -0.0946994    0.707588     2.65193    -1.69973    -3.85956    -1.74894     -3.4701     -1.3857    0.514811
   0.899916    -1.52002     3.13044     2.09498      1.6017    -4.65818    0.494912     -1.0672    0.936416
  0.0992966    0.270488    0.418543     -1.1196     6.73346    -1.09964   -0.959286    -1.42749    -1.06398
   -4.26718     3.59395    0.946086    -1.05531    0.659489   0.0893071    -1.23416    0.891089     1.46966
    3.71717    0.609469   -0.890793   0.0670036   -0.392404    -1.92197      -4.284   -0.132806     1.69738
    1.95078     1.91057  -0.0510482     1.03156   -0.858204     1.17339    -4.38968     -1.3655   -0.848166
    1.54402    0.765142   -0.654428 -0.00548785     2.56828   -0.299204    -5.14639     1.69785     1.00634
    1.82098    0.604568     1.46143    -2.55432    0.228096     4.95976    -3.33168     -2.3048   -0.107508
    1.51566    0.125042    0.986471     1.01124     1.22646    0.294839    0.975683   -0.370703    -6.14205
    3.56691       2.461     1.62892     1.50005     2.30044    0.144695    0.733098   -0.212054   -0.269533
   -3.17941   -0.551205    -1.63246    -3.28418    -2.90967     3.25511    0.507714    0.610085   -0.204789
  -0.152716   0.0136948    -2.10029     3.51023      2.1265    0.922896     2.30357    -2.50461     1.31461
  -0.471014      1.4423    -1.96492     1.68396   -0.356426      2.0047    -4.24722     2.65657     2.06948
    1.28295    0.982063     2.48985    -2.08385   -0.242438     -3.2688    0.814999     2.11297    -2.07907
   -1.78887    0.568252     -5.7823    0.250326     3.64257     3.57985    -3.52732    0.748489    -0.95216
    1.21398    -1.78884   -0.518913     3.24107    0.356037     2.55971   0.0243447    -2.42128    -3.15307
    1.15566     3.16248     2.38598    -1.43989      2.5816    -1.37269    -2.45613     1.75537     1.90256
   -2.12705    -1.13551     2.49333   -0.494196   0.0315702    0.403606    0.732925     2.73983     2.52303
  -0.105775      7.4367   -0.496656    0.321392   -0.454809    -1.67311    0.705026   0.0615251    -1.32174
   -3.05395     0.33138   -0.460299     4.36964    -0.40272   -0.175037     4.76861    -0.82626    -1.32653
   0.747757   -0.764106    0.209557    0.554502    -3.43919    -1.33837     1.34183     3.23071    -4.40191
   0.709458    -1.84729     -4.5648    0.174929    -1.10779    0.236482   -0.600661      2.9101    0.294525
    -2.2199    -1.40032     2.91882   -0.176941  -0.0514208    0.374021    -1.56219    -2.09664     1.93294
   0.526651    -3.21119     1.06217   -0.236891     1.81555     3.26058     1.64788     -1.8452      2.7863
    3.09016     2.34303    -3.46118    -1.29152     1.05697    -1.27391    0.814764     2.46139    -1.13837
   0.967805     -3.0943   -0.198817     4.73159    0.517654      1.9039    0.969846    -3.07799   -0.165937
   -3.28145     3.28933     1.44688    -1.44303    -1.62425    0.595372    0.904182     1.35885     1.48128
   -2.47949       1.734    0.188685     2.06523   -0.294493    0.921435    -3.65543    -1.83771    -1.70818
    2.34344     1.35156     1.17439     2.84953   0.0254888    -3.47931  -0.0650293    -1.45455    -2.01154
  -0.228769   -0.128975    -1.48977     1.92283     1.19955     1.07233   -0.405453     2.08228    -4.73326
    1.11992      1.8348     1.67473    -3.30148   0.0619434     1.49961    0.670226  -0.0676708   -0.206719
   -1.47647  -0.0263715    -1.45408   0.0841192   -0.321248    0.823209     2.03878     3.93465    0.331545
  -0.784114    -2.43353     1.70691    -0.44908     4.79201   -0.306237   -0.582444    0.991971    -2.44171
   -1.52239     2.38476     3.66857    -1.31285     3.89064    0.695539     -3.1124    0.174639     1.85422
     1.5788     1.07635    0.581426      2.0501    -7.55764   -0.212977     1.49953    0.646452    -0.27688
  -0.425203    -1.63557    -2.75469     2.69641    -0.75964    -2.65971     1.41478     2.06482     2.12562
   0.560165    0.566887       4.553   -0.467483   -0.241995    -3.89667   -0.244648   -0.823066     -3.9364
   -2.28441    0.148074    -1.50398    -1.25226     3.25313    -2.33168     2.37985     1.26872    0.666684
   2.26587
  0.624226
-0.0731744
  -1.66658
  -1.54835
   1.20682
  -1.09742
   -1.5499
   -1.3385
   1.07366
  -1.11085
   1.49209
 -0.451907
 -0.287337
   3.11008
  -3.23135
   1.01224
   -2.7164
   1.63126
   -2.2637
   1.64735
  -1.65356
   -1.8294
 -0.836872
  -2.34182
  -1.13169
  -3.86258
  -3.28911
  -2.06209
 -0.799557
  -4.01447
  0.994745
  -1.53623
 -0.217012
  -2.55844
  -2.15967
  -1.40635
 -0.864271
   2.68466
  0.438944
  -2.07857
  -1.54706
   -3.3839
  -1.68827
 -0.469033
   1.85011
   4.72536
   -2.2465
  -1.89751
  -1.69156
1
1
50 50
    0.482756      2.34509     0.258185    -0.583499     -1.91857   -0.0388268     -2.48201      1.06362     -2.74352    -0.302306    0.0260141   -0.0982453    0.0698752     -2.33004    -0.941241      1.81674     0.657751     0.328984     -1.39876     -1.68982     -1.79222     0.599019    -0.990335    -0.313731    -0.777493     0.687208      1.06355      1.69399     -0.98345     -1.54036      2.49397   -0.0092627    0.0942318    0.0536559    -0.465038     -2.93487       1.0988    -0.418865     0.388849     0.141906     -1.45135      1.60565     0.148891     0.761973      1.22064    -0.522046     -2.16203    -0.787047     -1.60015      0.73893
     1.48673    -0.968141      -2.6053     0.520366      -1.4414     -3.11579    -0.746389    -0.548137     0.509749       1.1573      -1.1238      -1.5698     0.883098    -0.785588      0.88128      2.11238      -1.1554     -1.47776     0.214203     -1.17007     -1.36204    -0.903466     0.958875      0.51105    -0.671086      -1.1946    -0.750463     -2.73062    -0.409744     0.893001     -1.88736      1.72617     0.501785    0.0871964     0.766012     -1.44502    -0.767923    -0.961747      1.09335      1.05228   -0.0747801     -1.94536     0.822903   -0.0428618   0.00364487      1.24535    -0.323991      1.01124     0.715755      2.66781
     -1.7098      1.48063    -0.997283     -1.02294    -0.692349     0.328739     -1.83514      0.22167     0.347944    -0.126729       1.0404     0.269279    -0.349125      1.44043     -1.54062      0.10193     0.636422    -0.698544    -0.779517     -1.72735    -0.331173     0.412073     -2.44748     0.466496     -1.67474    0.0815907      1.16643    -0.151783       1.0458    -0.389631     0.901119     0.681756      0.83843    -0.296517    -0.212931    -0.652134     0.449473     -1.43332    -0.846601    -0.904581      1.26922    0.0989282     -2.23595    -0.412912     -1.57176     -1.10344    -0.628023      1.33039    -0.246666    -0.422108
    0.238499      1.23514    -0.790596    -0.794304   -0.0813839      2.33112     -1.01337     -2.04716     -1.86281    -0.924005      1.37728     0.845025    -0.344876    0.0269192    -0.978083     0.842189    -0.044265     -2.12278   -0.0174044     0.858963     -4.31865     0.655269     -1.57116     0.301779      1.21711     -1.58788     -1.65324     -1.61329      2.71992     0.192805    -0.215272    -0.321636      -3.6921       1.5767     0.979701     0.888823     -2.69114     0.258232      1.76584    0.0969044     -1.83901     -2.20313     -1.78288     -1.98822     -1.15128     0.520585     0.864676     -1.15151     -1.89054       1.0135
   -0.149615    -0.126032    0.0586671   -0.0326486    -0.625265    -0.865927    -0.484596    -0.424398    -0.486225    -0.556844    -0.395816     0.282164    -0.354799    -0.478515      0.10235   -0.0091923    -0.108603      0.29473    -0.349801   -0.0024948    -0.313304    0.0610943    -0.690708    -0.436289    -0.364316   0.00895372    0.0947911     0.675404    -0.463839    -0.461459    -0.211004    -0.742492     0.054622    -0.478957    -0.481206    -0.341264     0.188232   -0.0986333    -0.880821   -0.0216883     0.419052     0.335248   -0.0634896    -0.261461    -0.298248    -0.456101   -0.0172837    -0.463067   -0.0623439    -0.500981
   0.0189934     -1.12168     -1.16738     0.161847    -0.380804    -0.985085     -1.53695     -2.64828    -0.251978    -0.113221      0.59877      1.33976     -1.38731    -0.573144    -0.541142     0.615402     0.188716    -0.234192     0.193285    -0.954858   -0.0889675     0.625512      -1.0067       -1.399     0.704682     0.659032     0.178358    -0.706577      2.03126    -0.508136      2.05827    -0.223146     -1.22805    -0.348836     -1.86373     -1.14848      1.28332     -2.26462     0.318866    -0.177517    -0.105311     0.371675     0.396727     0.302006      0.44933     0.946384     -2.20776    -0.602811    -0.183194     0.591203
    -2.12618     0.741054     0.223898    0.0152288     -1.40347      1.53098     0.285113      0.47823    -0.637848    -0.534466    -0.821192     0.527573     0.963918      1.16105     -2.47941     -1.40716    -0.713106   -0.0179517    -0.826416     0.573323     -1.02558     -1.79206    -0.627388    -0.133279     0.577796     -1.89377    -0.704958     0.758103    -0.820411    -0.511003     -1.66419    -0.804363    -0.715415  -0.00346798    -0.468467    -0.729372    -0.793363     0.973642     0.305184     -0.34541   -0.0605742    -0.875485    -0.900059     0.846474     -1.73693     -1.97694      1.05692    -0.209461     -1.62839     -1.20423
  0.00347699    -0.742351    -0.995904      1.46289      1.89574      -2.1928     0.115201    -0.558012     -1.20955      0.61504     -1.67946     -1.63365   -0.0634372      1.93032   -0.0565384     -0.43315     0.710175      1.13622    -0.543556     -3.44994     0.242176    -0.178387     -2.38872    -0.185485    -0.134344    -0.475069     0.435435     0.132938    -0.874123   -0.0352455       2.6134     0.942919    -0.358051    -0.449685    -0.555914     -1.04969      -1.3299      2.92635     -1.21078      1.48835      1.94656    -0.226042     -1.66724     -1.27001    -0.247352    -0.185153     0.170718      2.54751     0.505621    -0.250525
    0.664603      0.68383     -1.30211     -1.71301   -0.0815524    -0.252339    -0.163379     -0.68556    -0.544084      2.31694      0.72241     0.640263     -2.85941   -0.0180768      2.56074     0.314948     -3.57507      -1.8453     -3.21841     -1.92891     0.360976      1.17189      1.18368      1.14125     -2.35146      0.63807    -0.973688     0.226136     -1.47264     0.424708     0.494214      3.37674     0.122443     -0.72097    -0.402179     0.602585      1.01649     -0.59439      -1.2097     -1.36724     -3.11028      1.31431     -1.25171     0.425648     -1.18753    -0.718203      3.27336    -0.139279    -0.427488      0.73596
    -1.75091      1.02346      1.31307     -3.19538     0.295626    -0.730584   -0.0943379      2.26362    -0.719344     -2.08523      1.64679      1.14433    -0.588298    -0.775837    -0.351042      1.20974     -1.09197     0.736592    -0.216035      1.69069      2.13318       1.9401      -1.2479      2.09871     0.855158     -2.73716    -0.432823     -1.46404    -0.721562      -1.5132     -4.53835      1.31069     -4.08334     -3.37673      1.82286     -1.72385     0.713401      2.85763    -0.268332    -0.174336     0.912107     -2.00789      1.14019     -1.62251    -0.509931      2.03686     -2.15458     -1.19639     -1.52188 -0.000498111
      1.0217      1.90985      1.07641    -0.620302     -1.46765       2.0955     -1.68354     -1.31691    -0.885849     -1.39786      0.20052     -2.06538    -0.963683     0.963621       3.2502     -1.70215    -0.869291     0.563979     -1.01829      1.11881     0.423014      1.51938     -2.30825   -0.0220751     0.443702     -1.25633     0.617591     -0.81633      2.38291    -0.388916    -0.520155      -1.5106     -2.77646     -1.72252    -0.802146      1.21431    -0.323438     0.135916     -1.12798     -2.31776    -0.785115     -2.10714    -0.646917    0.0519847     -1.00365      1.95076      3.83705    -0.674526     -1.09725     0.547985
   -0.378803     -1.42158     -1.15805    -0.046648    -0.396785     -1.38298      0.42834    -0.433076    -0.295701      1.38056     -0.70818     0.114852     0.351615      -0.7082      -4.7315     0.541145     0.313401     0.367391    -0.757013      1.75592     -1.13637    -0.979484     0.876171    -0.652047     0.350151   -0.0911207     -1.26324    -0.751199    -0.759655      1.18109      1.82314    -0.245404      1.08807      1.70116     0.487956     -1.44304    -0.586989    -0.784115    -0.249176     0.764526    -0.120187     0.394813    0.0801676     0.788213     -1.68593     -1.55988    -0.215467     0.273595     0.517921     -1.24446
     1.68815       1.0178    -0.158751     -1.40515    -0.717701     -1.81507     -0.76573    -0.410611     -1.20627     -1.83982    -0.130223     0.868964   -0.0813458     0.372864    -0.666357      1.89506    -0.109583     0.425606     -0.53494      1.22425     -0.28972     0.865779     -1.32525     0.875426    -0.674838   -0.0700202    -0.505141     0.122973     0.270767    -0.460582      4.12206     0.246676     0.124498      0.16356     0.391019    0.0268686     0.842047    -0.716986    -0.354273     0.753871    -0.535618    -0.802209        1.452     -1.17719    -0.939025     -1.00024      -2.5097    -0.507417     -1.16691    -0.148146
   -0.808558     -1.07309     -1.81313      0.73297      1.78492  -0.00577046     0.687381    0.0655932    -0.561978    -0.789334    -0.729844    -0.870067    -0.171314     0.184652    -0.541982      0.48448     -1.15241      1.65685     0.114487      -1.9789     -2.08537    -0.866436    -0.342052      1.07083     0.993555     -1.81332     -1.17838    -0.225662     0.133321       1.7198    -0.150815      1.89919     -2.89044     0.619423     0.825175     0.613658     -2.20277      1.10737       1.1021    -0.973108     0.458578     -1.10492    -0.552435    -0.599294      -0.7987      1.65179    -0.453741     0.884795     -3.88617     -0.44813
    -1.79717      1.89603     0.115883    -0.818111     -2.47001     0.557942     -0.20893    -0.528654     0.760044     -0.95835   -0.0221724      1.75864      1.31119       -2.099     -1.51555     0.614492    0.0631693     -1.08541     -1.29393     -1.82544     -1.03532    -0.158747      1.35739     0.185658     -1.40635     0.135997    0.0728115     -1.08177    -0.975258     -0.26435    -0.649668    0.0165953     0.738039    -0.340628    -0.479281     -1.59736     0.741845     -1.83742     0.442352    -0.450857     -1.88225     -0.65052     0.584045     0.663428    -0.985834      0.24709     -1.87375      -1.6664   -0.0960233     0.318004
    0.576277     -1.56294     -1.00181      2.18543     0.295822     -2.27361    -0.789449    -0.110452     -1.13084    -0.173751     -1.96156     0.376922     0.382281     -1.87008     0.180717      1.39247      -0.5393    -0.241411    -0.250067    -0.249551     -1.76192   -0.0455746     0.454278     -1.23904     0.683525     0.438545     0.716037     0.465745     0.117707      0.17941   -0.0702215     -1.38439      1.35045     0.453685   -0.0576671     0.140238     -1.17854    -0.945835     -1.28785     0.792728     0.318468     0.204704    -0.790946    -0.442122     -1.52559     -1.71908      1.07349    0.0548017    -0.771342    -0.965366
   -0.302537    -0.199246    -0.328221   -0.0749886    -0.189668   -0.0896801    -0.254831    -0.428661    -0.175055    -0.270356    -0.207213    -0.174294      -0.5487    -0.159089    -0.417406    -0.195158    -0.115886    -0.237949    -0.309888    -0.109565    -0.465982    -0.236702    0.0910177    -0.414693   -0.0713465    -0.280845    0.0355321   -0.0931756    0.0989669   -0.0568083    -0.256592    -0.295973     -0.37384    -0.314865    -0.147852    -0.326999    -0.299989   -0.0830198     -0.43362     0.143932    -0.290356    -0.159399    -0.427876    -0.298873     -0.24853    -0.202785   -0.0945306    -0.427712     0.116921   -0.0982938
    -1.33089      1.18287    0.0521551    0.0466533      -1.6599      0.50037    -0.626754   -0.0760466    -0.908371     0.524423      1.31669     -0.75814     0.721759      1.39603     -2.23994      2.26049    -0.577944     -1.87282   -0.0130666    -0.688157     -2.17022     -1.04107     -1.36619       2.0427     -1.08498    -0.779344      3.51465     0.129022      1.59374     -0.23266     -2.59242      1.10523     -1.09573     -0.12327     -0.28271      0.89074    -0.406774     0.101383      1.53042    -0.553103      -1.1468    -0.591564      -2.1816     0.321954     -0.78622     -2.20919     -1.24907     0.626086      1.68872     -1.21112
  -0.0745013      1.58865       1.0969    -0.600363   0.00376748      1.66921     0.251977      1.26782     0.538091    0.0117589     0.781514     0.718645      1.11159     0.874488    -0.475278    -0.311518    0.0441257    -0.493877     -1.27094      1.72478     0.575576     0.371592     0.609063      1.09095    -0.297366    -0.491415     -1.10063    -0.510563     0.555754     0.490707    -0.142013     0.502401     0.393421     0.498816   -0.0186134     0.438368    0.0125369       1.2787      2.47283    -0.334584      0.69058    -0.431035     0.303208      1.10949     -1.32965    -0.597318       3.5057    -0.310108     0.405782     0.387698
    -1.38394    -0.797464     -1.91399      2.39265    -0.685714     -1.89259     -1.88265     0.639342    -0.133552    -0.108976     -1.44648     -1.94385     0.957635     0.240578      1.50071    -0.211277      1.16077      1.21624     0.973059     0.140209      1.39066    -0.202694     -1.49031     -0.04515      2.14873     -1.40627      2.58235    -0.594791       1.8509     -1.69326     0.223416     -1.37185    -0.277839     0.817581     0.668904     0.382983     -2.64757      1.34184       -1.527    -0.168873     -2.14895      -1.1449     -2.92494     -1.70738       2.0851      1.70633      1.17296    -0.995714     0.505031      -2.7708
    -1.84853     0.650319      1.03129     -1.95669     -0.61164    -0.572155     0.766664    -0.306066    -0.178469    0.0237723     0.164942      1.00702       0.3529     -0.77964     -1.88159     -0.57829     -1.45228     -1.65262     -2.29682     -1.32963     0.825176    -0.126308    -0.911406     0.815123      -2.2557    -0.546807     0.327183   -0.0470988    -0.621994     -1.43496     -2.06388      1.58803    -0.418006    0.0538603    -0.676334     0.495009    -0.140936      1.85193      2.69561    -0.571497     0.467572      0.39269    -0.817638       1.0983   -0.0485371     -2.27443      -1.1265    -0.811158     -1.61734    -0.241616
    -1.89321     0.832196     -1.88512      1.49916     -2.15279      1.31435    -0.183545     -1.36453     0.696205     -1.48259    -0.939186     -1.04346    0.0622085       1.4626    -0.245568     -0.63103    -0.410328     -0.49945    -0.599771     -2.98072      0.69584     -1.33684      -1.4511    -0.755239     -1.39756   -0.0206291    -0.201618     0.503269    -0.356757     0.313116   -0.0174007    0.0706796     0.884297    -0.962748      1.30195    -0.444123     -2.75735    -0.888198     -1.60796     0.522392     0.892528    -0.766553     -2.37062     -1.06447      1.23509    -0.698504    -0.204669  -0.00957228      1.94926    -0.245801
   -0.321676    -0.366131    -0.382103     0.225781    -0.245538    -0.421354    -0.288662    -0.144843    -0.205224    -0.316014    -0.361697   -0.0401894    -0.614826   -0.0128782      -0.2843    -0.256869    -0.434159   -0.0762415    -0.474296    -0.153594     0.120532    0.0337636    0.0328372   -0.0335605    -0.319149    -0.153039   0.00494756    -0.264512    -0.300298    -0.729045    -0.268681     -0.19961    0.0243216    -0.166279    -0.174314    -0.152399      -0.1551    -0.134454   -0.0586349    -0.334504   -0.0496287     0.010425    -0.112682   -0.0862466    -0.086246    -0.573084    -0.113487    0.0253149    0.0482029   -0.0850234
    -1.49979    -0.901016    -0.439668     -1.71728     0.425123       0.8579     0.917949     -2.57135     0.937713     0.322879    -0.388128     -2.91708     -1.59431      1.84652    -0.251549     -4.37785    -0.628945     -1.41496     0.216521     0.880114   -0.0713752     -0.91606     0.751974     0.576221      1.22754     0.693824     -2.06662      1.41014     0.469849      1.47766      -1.9749    0.0853234     0.213753     0.396661    -0.733088      1.91344    -0.386538      1.07702     -1.73965     -1.05711      0.35219     0.746745     -1.57595  -0.00477869       1.5339    -0.402679     -1.27781      2.36647    -0.824496      1.06757
    0.209937     0.448088    -0.105006     0.198747    -0.893198      1.77757       1.2763     -1.99774     0.981543    -0.780492      1.50031       1.7062     -1.58502   0.00314879    -0.176816    -0.538961     -2.03827      1.19292     -1.87364      1.08674     0.055572      1.14673     0.234923     -0.55749     0.260161      1.81382    -0.220815    -0.760178      1.36053     -1.58886     -1.13591    -0.544236    -0.340368    -0.937719     -1.49971    -0.585228      1.66639    -0.964454     0.117175    -0.882002    -0.512157    0.0475853     0.461427     0.124517     -1.34642      1.48703    -0.658723     -1.46778     0.414937      1.15875
      -2.657    -0.943288     -1.03978    -0.352691    -0.677328    -0.844279      1.64436 -0.000141125     0.342867     -2.24293     -1.29618    0.0283862      1.06076      1.80135      2.38863      1.06489    -0.932958    -0.745585     0.856648        -1.24      1.55034     -1.04397    -0.673407    -0.570754     -1.62249     0.342915     -1.82709     -1.08986      1.55637     0.971053     -1.71762     0.711647    -0.362033     -1.84556     0.329037    -0.801125     -3.00306    -0.656402    -0.407939    -0.115184     0.719046     0.439056    0.0283608    -0.713801     0.175459      1.41806      5.48361     -1.62644      1.46174     -1.82608
     2.46646  -0.00303391      1.01282     -1.19532     0.721518     0.359749    -0.934508     -1.36325    -0.764093    -0.185432      1.54115      1.74199     -2.27423     -1.41211      1.39017     -2.63542      1.09012     0.175614    -0.203192    -0.992485     -1.27119      1.49776    -0.511961     0.168044     0.405359      0.30098    -0.488915     0.415933     -1.43438      -1.9564      1.26852      -1.9914     -1.72811     0.849483     -1.16202     0.192443      1.98477     -1.42348    -0.336831     -1.23719     -1.13921     0.314272     0.803601      0.88011    -0.640365    -0.326833    -0.950472    -0.500087     -1.40443      2.45984
    -1.96589      2.27061      3.64396    -0.588661     -1.62045      0.59779     0.164567     -1.59945     -1.30663    -0.807445     0.609742      1.25375    -0.477237    -0.353071    -0.605731     -1.94403      1.56228      2.14716     0.223522      1.17626     0.857311     0.932531     -1.66386     -1.65915    -0.439851    -0.418148     -1.24653       1.0658     -1.45776     -2.52487       -1.464     -4.39355     0.599869      1.31088     -2.12302     -1.02781      1.67119     0.426839     -3.57444     -2.20128     0.940419      1.38216      0.23777   -0.0394286    -0.158843     -1.03394      1.55984     -1.70887    -0.942237     -2.56013
    -1.28847     -1.85246     0.571444      1.39225     -0.89419     0.107052    -0.770877     -4.35233      2.23627      1.22488    -0.039456     0.206519    -0.883909    -0.310318   -0.0552708    -0.210149      1.18018     -1.30159     0.907426     -2.29424     0.413891     -1.50787      -1.2109     -1.64795       1.5386      1.66824     0.173467    -0.399314    -0.380262      1.68587     -1.04693     -1.88479      1.77835     0.927804   -0.0553163     -2.10423    0.0197333     -2.91579     -1.08167     -1.08981     -1.05353    -0.403704    -0.360792        1.027      1.21343     -1.73449      1.97692      0.79056    -0.289299    -0.178568
    0.299674    -0.964202     -1.08109     0.868556     0.206318    -0.376406    -0.503544   -0.0351241   0.00479259   -0.0310156     -1.08201    -0.578677     0.059426    -0.504312     0.195684     0.537265    -0.244986    -0.567614   -0.0689773   -0.0773985     -1.09618    -0.602052     0.423863    -0.250071     0.563974    -0.138096     0.483224    -0.468336     0.545531     0.478732    -0.140786     -1.21607     0.182998     0.864303     0.354497     0.627429    -0.837123     0.293462    -0.360168     0.184803    -0.220737    -0.316367    -0.450339     0.274286    -0.738359    -0.907109    -0.235651     0.521322   -0.0696021    -0.283641
    -1.64131     0.493267     0.122035     -1.24044     -1.21782    0.0685381    -0.432099     -1.80569     0.023198     -1.24524    -0.334469      0.59279      1.04637    -0.833607     -1.53493      0.25318      1.40771     -1.46615     -0.46965        1.423     -1.25694    -0.924577     0.747918    -0.573704     -0.40198     0.648373    -0.671432    -0.691071    -0.973948     0.412719     0.714447     -1.10209     0.165795     0.450335    -0.231809     -1.66121     -0.92913      -1.6568    -0.828073     -1.35408     0.505534  -0.00459983      0.15354     0.987561     -1.23798    -0.623011    -0.112766     -1.59491     0.480337     -1.62916
     1.63557     0.383772     -1.05774   -0.0609561     0.570786    -0.547544     0.195792     -2.08419     0.733103      1.25783      1.78031      1.98822     -2.13997      1.03839     -2.15764      1.36722     -0.39979      0.84488    -0.219712      1.35167      1.47038     0.491399    -0.385744      1.50688     -1.45496    -0.957323    -0.537225     -2.32489     0.544326       0.4512     -2.35382     -2.26377    0.0179725     -0.22024    -0.989877    -0.600144      1.16274     -0.34215   -0.0192388     -0.63899     0.804863     -1.29214    -0.119506      1.57618    -0.796002    -0.410494     -3.26559      2.20361     -2.98973     0.810618
    0.485047    -0.341096     0.473521     -2.39482    -0.858133    -0.662948     -1.03067     0.327944     -1.54383     -1.03099    -0.631787     -1.10345     -1.54111     0.768888       1.7713     -1.48084    -0.634718      -1.8969     0.442125     -1.45122     0.615049     0.483557     -2.20785    -0.289747    -0.881623     0.841892     -2.72656     0.844416      -1.1666     -1.41778    -0.149635    -0.298492    -0.474902     -1.34033     -0.74529      1.05734     -1.11188      1.91746     0.242388     -1.18007    -0.183176      0.59497    -0.790349     -1.48621     0.741668     0.774186      1.41755     -1.17042     0.509935    -0.676088
    0.245359      2.66606     -1.00709     -1.15193     -1.60116      1.29805     0.914603    -0.664656     0.521032   -0.0363918     0.028119     -1.71356      1.38177    0.0572785     -2.02689    -0.465774    -0.539611    0.0682854     -1.84955     0.738553    -0.433676     -1.77178  -0.00422125     -1.54907     -2.68169     -1.60651      1.08608     0.771496    -0.685206    -0.135036     -1.35874     -1.57358    -0.371127      1.54784     0.436446   -0.0710242    -0.250158     0.717379     -1.57789    -0.738492    -0.151923    -0.325957     -1.38235      0.12242     -1.65713     -2.48509     -2.06819      1.09786     0.905141     0.722922
    -1.85078     0.251116    -0.498574    -0.932309      0.60716     0.487966     0.789238    -0.699276     0.938397     -1.28637    -0.561298    -0.926324  -0.00931912    -0.091371    -0.224614     0.430466    -0.985069     0.885917    -0.246441     0.488703     -1.12686     0.177589     0.297637    -0.513199     0.425373    -0.669973      -1.6833    -0.470232     0.259547     0.187114    -0.670842      0.89628     -1.22021     -0.64452     0.443366    -0.096011    -0.728268    -0.279286    -0.475726    -0.673836    -0.578065     -1.04553     0.164047     0.385799     0.210842       1.9092     0.955672    -0.979681    -0.911359    -0.401471
    -1.76269     -1.29607     -1.10073      2.69675     -1.08271      1.38312     0.137105    -0.691026    -0.325686     -1.51559     -1.44827    -0.187126      1.54931     0.759818     -1.91016      1.88496    0.0481065    -0.182375      -1.2092    -0.455976    -0.871182     0.326554     0.438914     -2.67406     0.356226    -0.113741     0.427452     0.052492       1.3937     0.825896     -1.33515    -0.415603     0.590102    -0.869872      1.29886     -1.33644    -0.856836     -1.40348     -1.92559      1.56139     0.697243    -0.927696     0.340456     -1.12494   -0.0261424    0.0185511      -1.5824    -0.634119      2.67715     -3.15883
     2.10179    -0.245752     0.462008     -2.10787     0.551869     -2.36561     -1.13522      -1.0779     -1.40914      1.75469     0.298809      1.49384     -2.03437     -2.09679      1.43595     0.870673     0.139488     0.526156     0.585417    -0.441407    -0.827843    -0.403376     -1.42207     0.733239     -1.44274    -0.797148      4.91428      1.65495     -2.88513     -1.77997     -1.40328    0.0118492     -1.91012      0.83798        -2.15     -1.31181      3.11152     0.658292     -2.61164     -1.18233    -0.706841      0.73961    0.0219712      1.34625     -1.60103    0.0388561      3.25122    -0.485321     -3.20796     0.104136
    -2.82702   -0.0570479      2.80664      1.02809     -1.35123    -0.648131    -0.354739     -0.81734     -1.04852     -1.17374    -0.499887    -0.658075    -0.362301    -0.366822     -2.52178    -0.836144      2.16662      2.02307      1.61604     0.284641    -0.292827    -0.983775     -1.78371     -1.49434      1.22878   -0.0927289    -0.529326    -0.321502     0.656282    -0.311358      1.36591     -3.29672    -0.743553      2.39412    -0.231294    -0.505614     0.187369      0.33154     -2.94702     -0.84642  -0.00510323     -1.23804     0.648717     -1.88678     0.590881    -0.430817     -3.69759    -0.685174     0.226629     -0.41942
     1.09264     -1.29363      -1.2342     0.662711     0.302098     -2.41881    -0.145244    -0.396351    -0.749582      1.65509     0.443374     -0.73538     -1.75207     -1.79782      1.74851     -1.23846    -0.109254     0.569738     -1.99001     -2.04831     -0.33614     0.814316     -1.08023      1.35976      1.99427      1.25594       1.0592      1.64655     0.266058     0.334479     -2.66301      1.27051    -0.330553    -0.185198     -1.23547    -0.076011    -0.328874     -1.02066    -0.637103     -2.35355     -1.73881      1.72848   -0.0325479   -0.0599069     0.742667     0.323558     -5.01911    -0.620142     0.994974      1.50165
    0.564538     -2.40326    -0.615144    -0.805803     0.783867    -0.493595      1.04226      0.13685    -0.293483     -1.46467     -1.33736    -0.715012     -2.69677    -0.132617     0.808224     0.009215    -0.317868      0.56828      1.25028     -1.41416     -1.09984     0.508428     -1.01675    -0.274835     0.873177      1.83538    -0.780309      1.84976     -1.26154     -1.34948     0.442184     0.965042    -0.121555      -2.1663    -0.626818     0.594318     0.508342     0.456424     -1.18135      1.14566    -0.364426       1.8106    -0.384047    -0.552958      1.07569   -0.0340728      -1.7726     -2.33262    -0.537741    -0.321486
  -0.0639897     0.258469    -0.460094     -1.70003      0.33829    -0.326729      1.08978    -0.122136     0.409286   -0.0151288    -0.920719      1.00094    -0.500696     0.209422     -2.03966       1.3366     0.562845    -0.675825      1.90688   -0.0933166    -0.519123     0.237423     -1.84343    -0.535539     -0.43904     0.502662      3.66464      2.67273     0.648446     0.288017     -1.24695     -1.36214    0.0145396    -0.273322      1.51967     0.345874     -1.20446     0.267092     -1.59224     0.842669     -1.06085     0.206851    -0.673663    -0.579753     0.400624     -1.51417     -4.72723     -1.66198      1.91444    -0.516281
     1.03416    -0.935551     -3.24819     -1.07464     0.397055    -0.804415      2.02626       1.1893     0.252529    -0.873856     -1.68619     0.359578     0.405626    -0.079623      1.27708      2.06478     -1.13655     -2.26187     -0.26879     -1.12584    -0.858656      -0.5262      1.44687    -0.800197    -0.895066    -0.102271    0.0825623       1.0806    -0.812775   -0.0510791      2.24996    -0.960189     0.701437    -0.678292      2.11171      1.03891     -2.07893     0.306767      -1.2924      0.81803     -3.79426    -0.721016     -2.80727    -0.690096     -1.93689     0.457872     0.118685   -0.0185529    -0.286469   -0.0531292
    -1.36074     0.143101     0.426417     -1.29613    -0.028192    -0.195872    -0.301977     -1.38993    -0.770274     -2.10326    -0.123972       1.5204   -0.0979022    0.0952316    -0.308559     -1.44637     -1.33178      0.76185     -0.47912     0.437244     0.859868      1.72869     -1.54166    -0.912417     0.819266   -0.0581822     -2.78743     -1.40218      0.46756      -1.8662    -0.182547     0.402661    -0.152964     -3.14964     -1.09575     -1.31489      0.56617   -0.0927275     0.127206     0.229246     0.534973     0.114635     0.858935    -0.669636     -1.27652     0.584765     0.458169     -1.09708      0.90442    -0.409888
  -0.0956451     -1.15389     -1.35491     0.891517    0.0470032     -1.98094      1.06802     0.242211     0.540893     -1.23627    -0.979087    -0.968018    -0.257193      1.01742    -0.951988      1.07057       -1.607    -0.415599     -1.34826     -0.98158     0.866923    -0.592538    -0.687129      1.72896    -0.616616   -0.0919168     0.927711     -1.48664    -0.117214     0.359936    -0.549775    -0.101722      1.19988    -0.592886   -0.0394317    0.0822168    0.0654722     0.115936      1.04448    -0.492472    -0.785423    -0.324399    -0.205277     0.212297    -0.702654     -3.22162     0.741374     0.401686     0.185171     -1.17337
   -0.906747     0.801058     0.562318     -1.48908      1.70743    -0.679086    -0.234632     -1.38182     0.242282    -0.666591      1.05602    0.0750718     -2.30193    -0.482035    -0.519256    -0.835996     0.285249    -0.681077     -1.54953     -1.77014    -0.334212     0.723758     -1.83186     0.802851    -0.163305     0.176141     -2.92602     0.607436    -0.158302     -0.97965    -0.704604      1.16529    0.0166037     -1.63175     -1.46118     0.632673      1.43269      1.10261     -1.80472     -2.42739      1.93917      1.17992     -0.41218      0.54547    -0.111318    -0.666791    -0.638468      1.38255     0.463136     -1.79686
    0.557437    0.0518716    -0.192674    -0.438225      0.42147     0.207156    -0.404861    -0.352563    -0.188627   -0.0377771    0.0702219    -0.344309    -0.512658   -0.0102126    -0.629902     0.289599   -0.0496412     0.222742   -0.0677117    -0.269037    -0.666689    -0.125893    -0.106054     0.124395    -0.125378     -0.14393    -0.353731    -0.109001   -0.0238173     0.195881   -0.0473526    0.0887916    0.0346809    -0.301731    0.0165072    -0.223909   -0.0142037    -0.345008    -0.332561    -0.340001    -0.282793    -0.565943    -0.143121     0.547905    -0.375575     -0.18209    -0.152771     0.402883    -0.279764    0.0577394
    0.433567      1.77584     0.970872     -2.10027     -3.94963      1.82494    -0.598991     -1.52547     -2.26326      1.56032     0.615279    -0.119777     -3.19485    -0.170251       0.9346     0.524347    -0.731937     -1.76267     -1.11807     -1.67419     0.432324     0.254721    -0.597863   -0.0237482     -2.88287    0.0292413      -1.3317     -1.33367     -1.01026     0.579334      2.89643    -0.992914      -1.3838     -1.02466     -2.48366    -0.642643     0.937716     -1.02409    0.0644448    -0.491355    -0.340171   -0.0568035     0.664835       1.2564     -2.08996     0.309581      2.29452    0.0946579     -0.36604       2.3653
     0.88421    -0.757535     -1.00098     0.576551    -0.753003     -2.32264       1.7326    -0.164882     0.537088   -0.0795728     -1.52532     0.179965     -1.13612     -2.28195    -0.668533    -0.985908     -1.30175     0.833688    0.0104086      3.06498     0.903215     0.688036       2.5737    -0.668668     -1.64182      1.46988    -0.543878     0.825317    -0.537768     -1.83757       1.0748     -1.06957    -0.377087    -0.315643     -1.37515   -0.0178263     -1.13597     0.211964     -1.80352      1.05544     -1.44915      1.89738     0.516266    -0.819631      1.58698    0.0212234    -0.160057     -1.77349     0.396943     -1.05108
   -0.974337    -0.637202     0.580287      0.65815      1.44706      -1.0047      1.93289     0.747656   -0.0225194     -1.20404    -0.384268     0.313674     -0.88091      -2.1291    -0.473336     -0.64747     -1.51174      1.03715     -1.85224      2.69622   -0.0571607     0.525164      1.59072     0.784822    -0.100043    -0.797842     0.913513    -0.256301    -0.139642     -1.26504   -0.0210076    -0.490194     0.366575    -0.503678    -0.350307      1.83059    -0.157704     0.954113    -0.995021       1.0254    -0.940472    -0.516578     0.090687     -1.47852    -0.880377    -0.533426    -0.620318      -0.6479    -0.465844     -1.74934
  -0.0858651     -2.08987     0.710838     0.377194     -1.02286     -2.25066     0.949912    -0.945202     0.767819      1.38398     -1.42945     0.612681    -0.648404     -0.77935      1.13278     -1.10746     0.260064       -0.993       1.3304     -1.88257      1.88128     -1.74319     0.221326    -0.849827    -0.506887     0.971639    -0.303885     0.597234    -0.427763     -0.46973    -0.791641    0.0943714      2.68438    -0.726619     -1.99772     -1.64269     0.387067     -2.24654    -0.137916    -0.633272   -0.0254986      1.84434    -0.348538     -1.07448     0.268556    -0.305746     -0.63799     -1.60171      1.88584    -0.171141
  -1.47708
  -2.07166
   1.42761
    1.9545
-0.0445902
  -1.55961
   2.38321
  -3.08664
  -2.27757
   1.02597
   -1.6545
 -0.568839
 -0.495672
 -0.213221
  0.369685
 -0.832502
-0.0574203
  0.118248
   2.36946
  -1.65293
   1.11211
 -0.296399
 -0.228742
  0.199238
 -0.926105
  -2.49573
 -0.806954
  0.860357
 -0.998548
  -1.99353
  0.280804
  -1.56869
 -0.778084
   0.70659
 -0.493453
 -0.756113
  0.878895
-0.0415861
  -1.00707
 -0.532932
  0.673814
 0.0942526
 -0.477885
  0.466431
   -0.6701
 -0.947807
  0.318937
  -1.35243
 -0.321517
  -1.57508
1
4
50 10
   -2.52256    -8.06793    -1.03221     2.26512   -0.579416   0.0270555    -2.18476    0.366946    -1.94208    0.285916     2.00833     2.17465   -0.213237    -1.91305    -1.51222   -0.343866   0.0567229    -1.64323     3.32045     1.05946     2.23127   -0.598809    0.167867     2.52885     0.35223    0.770407     3.09354    -11.4325    -1.19563   -0.446344    -2.35727     1.97372     3.40372   -0.332307   -0.200798     2.06548    -2.15663    -4.30858     1.67185    -3.09658   -0.649808    -6.65631    -1.47811    0.766017     1.07116  -0.0623626     1.08106   -0.653672      3.8723     2.20324
   -3.68067     2.98515    0.162902   0.0584936    0.257964   0.0491614     1.22558    0.921142    0.723191       3.214     1.10808    -1.33081    -7.37173     3.14775   -0.309037     2.95543    0.112653     3.58162    0.619909   -0.649863     3.33663    -1.84586    0.517878    -7.38287     3.91439     1.02442   -0.948661     2.40408    0.570302    0.285139    -0.56071     3.36996    -2.72056   -0.805388   -0.934712     1.78021   -0.385693   -0.119683     5.82217     -1.4394    0.842686    -3.92541     4.69275     1.92176     1.75049   -0.230404    -2.44581    -1.21728     1.43359     1.27081
   -2.54017    0.858037    -1.79161     2.35859  -0.0545116    0.711392   0.0975657      1.8983      2.1998    0.340531    -1.90605     1.48076      1.9718     3.04358   -0.875033   -0.433375   0.0171371    -2.88644    0.234186   -0.156922    -2.94134    -3.36272     0.14393     3.35822    0.388184    -7.03872    -1.24485     2.02858    0.687288   -0.346809    -1.52327    -4.93439     2.21071    -3.12074  -0.0136431    -4.53622    -7.98197     3.69621     2.28765      0.2995    -3.41324  -0.0604952     2.93365    -2.04749    0.904288     0.02684     1.26839   -0.358366    0.714856     1.71141
    1.69257    0.517058     5.08193     1.43946   0.0235335    0.570974   -0.239312    -9.31873    0.626542   -0.241928   -0.759331    0.284217     4.02975    -2.50067    -3.02664     0.12922    0.354374     2.98833   -0.376172     3.04606      2.0661     3.55055  -0.0343386    -0.65719    -6.44793   -0.949701   -0.307245    0.483981      2.8862    0.755033     1.40171    -1.39885    0.141073    0.119058    -1.69948     2.42184    0.464473     1.61827     1.32344     2.67249     1.75499     3.28929    0.935776    -2.38936     5.84192    0.118207   -0.878667     2.42524   -0.280356   -0.280271
  -0.405239   0.0488429    -1.15598     1.37275    0.179381   -0.818697    -2.54674     2.81065     3.66605    -3.61824     7.69199    -8.39589    -2.05131   0.0101335    -1.74358   -0.478958   -0.100426   -0.778959    -4.19514     3.08351     -2.4665    0.258306   0.0700624    -1.85626    0.816854     4.37126     1.32737    0.134485     3.14773   -0.636597    -2.60449    -4.70226     1.66549   -0.474359   -0.301183    -3.70045      2.9795    -2.47363    -6.50803    -1.72139    -4.26852     2.35986   -0.807959   -0.182692    -2.39611   -0.357654     1.61855     3.14868    0.859127    0.554657
     6.5194    -3.22715    -4.63763   -0.672453    0.499235    -1.76851     2.78511     1.13349    0.365386     1.60507    -1.43543   0.0980328    0.461812     2.44022     6.00393     1.30643    0.364455    -0.49996   -0.662062    0.699717     1.08964    -3.74032    0.131139    0.296963    0.872404      1.7016   -0.417115     1.35947     1.79586    0.248719     3.04292     -1.7045    0.753386    0.649927     2.61123    0.981613     2.17224      2.4132     2.45938     2.17521     2.80904     4.21951    -2.12129  -0.0636355    -3.28087   -0.412108     1.08292    -4.15716    -7.11039     1.72461
   0.365226     2.60101     2.32051  -0.0237936    0.323918    -2.16581    0.272302   -0.604257    -5.26811     1.64187    -2.83588     3.26891      2.6249    -1.84895    -1.14906    -1.40167 -0.00263242    0.986089     1.74219    -8.22392    -3.82156     1.47584   -0.296146     3.09488   -0.903049   -0.143764    0.378217      3.1065   0.0226242   0.0502607      2.7053    0.651866     1.35958    -3.15254    0.229611    -4.32329     3.31304    -4.46705    -2.23633     2.36964     1.55617     3.52151    0.397405   -0.810911    0.308513    0.283984    -6.70864     2.28016    -1.45765    0.387858
    1.66266     1.65559    0.135272    0.287517    0.107848     4.52085     3.31785      1.9651    0.101563    -7.23266    -4.34047   -0.169218   -0.738547     1.60379    0.886973    0.419815    0.087998     1.21222    -1.72487   -0.765776    0.452957      2.7206  -0.0140469   -0.417738     2.27203   -0.622604  -0.0627823     1.81848    -7.90286    0.212664   -0.598952     2.24223    -2.85474      6.0359    -1.28456     3.29274     0.74272     2.23996    -2.02407     2.90408       2.097    -1.18132    -1.85288    0.133589    -3.50449    0.318114     1.39864     3.31746    0.251508   -0.274364
   -1.19081     3.59084    0.813594    -7.82226   -0.555056    -1.34067    -3.21919     1.07324   -0.949862     3.77256    0.507737     2.83604    0.890772     -3.4263     1.88772    -2.15612    -0.10164    -2.11458     1.23108     2.20146  -0.0167358     1.72806   0.0325917     1.06902    -1.14279    0.687317    -2.66574   -0.391423    0.602629   -0.194651    0.737161     4.79972    -3.95214     1.55327     1.58704     1.94633    0.259546     1.08393    -2.69867     -3.6594     -1.2744    -1.53663    -2.15878     2.41325    -1.30629    0.206333     3.55441    -5.38233     1.05304    -7.57817
 -0.0711145    0.069051   0.0464303  -0.0106537   -0.832184     1.43059   0.0323823    0.154838    0.112634    0.139227    0.753507    0.395223    -0.16152    0.106179    0.144472     -1.9298   0.0702382   -0.184537    0.358104  -0.0125419  -0.0203571    0.364069   -0.391748   0.0648365  -0.0485028  -0.0708381    0.123524  -0.0703024    0.148213    -1.21238   -0.162301    0.147148   -0.195237   0.0580749     1.25382    -0.39598   -0.140759   0.0583377   0.0878049    0.296449    0.137672  -0.0374176     1.18377    -1.19631     2.07434     0.77844  -0.0974399 0.000179806    0.105327  -0.0817478
-0.115805
 -2.76012
  0.71369
 -1.84387
  1.27456
 -3.10573
 -2.63278
 0.780925
 -0.40397
-0.608044
