3 16 0.5 500
1
1
9 50
   -1.87624     2.94885    -3.49914      1.0898     2.18496    -1.20731    0.757826    0.238758     -1.0055
     3.8507   -0.577317     1.33296   0.0964425    0.465792    -2.72472     2.53164    -2.58758     2.55491
    5.22985     1.17716    -1.66519   -0.396512   -0.988886    0.532308     1.05541   -0.601827  -0.0212933
   -2.46421    -1.08655    -1.13169     2.41919    0.456883     1.47601    -5.37276    0.559036    -1.63139
   -2.04429   -0.727862    -2.72596     3.34269    -1.97957     3.13297   -0.651808     1.25083     1.38058
    1.55099    -1.77177     2.71758    -2.69461    0.736256   -0.564029    0.802352    0.286619     3.22072
  -0.762215    -1.69432     2.31634    0.137105    -1.55417     3.81716    0.418313    -0.87138     -1.4417
   -1.03812   -0.237043    0.474421     0.24908  0.00645291     3.72865   0.0330677     -4.7298   -0.128784
  -0.899188    -1.30462     1.65452    -2.88372    0.987846      1.2471   -0.344405     2.50102    -0.73874
   -1.14078    0.357839    -4.65356     2.77155    -1.18933  -0.0395592     1.85889     3.04225   -0.721421
    1.82244     2.06783   -0.067774    0.111953    0.777475    -1.92115     2.71945    0.599363     1.50272
    1.27086     5.08448    -0.33826    -1.49965    -1.00391    -1.40456    -1.29474    0.583057  -0.0644676
  -0.199131     0.81436     2.26454    -1.63355    -3.62843    -1.07655    -2.90492    -1.05415  -0.0206595
   0.225949    -1.55306     3.10929     1.72167     1.95349     -4.6276   0.0733557   -0.925836    0.673135
  0.0747088    0.167977    0.248887    -1.13929     6.23843    -1.14114    -0.94467    -1.23802   -0.925909
   -4.66181     3.08156     1.04916   -0.609412   0.0502866    0.601066   -0.587127     1.08762     1.19989
    2.89123     1.49618    0.151272    0.173563   -0.455199    -2.82806    -4.03055   -0.748853     1.68873
     2.1474     1.61987  -0.0569114     1.29517   -0.725171    0.885607    -3.68384    -1.65582   -0.933935
    1.10069     1.32853   -0.549694   -0.577622     1.84296    0.238881    -5.04036      1.7099    0.902652
    1.21312    0.279115    0.129588    -1.56701    0.317234     5.02344     -2.9628    -1.72353    0.401406
     1.6059    0.285811    0.957815     1.31842     1.09654    0.215443    0.552258   -0.873499    -5.95022
    3.08149     2.90684    0.927649     1.41197     1.79634   -0.446035    0.698601    -1.08113    0.119878
   -2.84828   0.0310098   -0.750578    -3.31903    -2.36965     3.38778    0.077391     0.32295    0.102658
   -0.19279    0.257735    -1.42045      2.6544     1.61326     1.02965     3.08642    -2.06721    0.515839
  -0.357719    0.862094    -1.45388     1.01422    0.155833     2.59372    -3.79101     2.19168     1.87849
   0.587645    0.696525      1.5315    -1.76623   -0.287067    -2.60009    0.810825     1.79434    -2.31689
  -0.977821     1.08547     -6.5569    0.775067       2.618     3.05234    -2.64837    0.473477    -1.14711
   0.859425   -0.920038   -0.879978     3.32187    0.134946     1.93576   0.0679121    -2.01298    -3.47892
    1.10035     2.62398     2.26818    -1.61213      2.1091      -2.043    -1.97454     1.18517     1.60494
   -1.96354    -1.26519     2.39718    0.188337   -0.274423    0.289255    0.926832     2.79359     1.51595
  -0.162028     7.12963   -0.880128    0.405724    -0.21554    -1.73747    0.488374   -0.478983   -0.705501
   -2.71613    0.116575   -0.455194     4.12101   -0.289804   -0.151338     4.01091    -0.73952   -0.932457
    0.34051   -0.328934   0.0800311    0.560065    -3.03814    -1.30631     1.15443     3.24525    -3.71771
   0.560127    -2.16938    -4.19781    0.609649   -0.344488    0.762104   -0.503335     3.10776    0.907513
    -2.5358   -0.165286     2.91042  -0.0430885   -0.229329    0.346662    -1.54355    -2.35932     2.08225
  -0.306659    -2.96931     0.35806   -0.211622      1.7568     3.46535     1.49813    -1.81633     2.84628
    3.20434     2.36423    -2.92822    -1.50368    0.409597   -0.714507    0.643829     1.64988   -0.385364
   0.647087    -2.72704    0.469781     4.59806   -0.094691     1.80412    0.374624    -2.95815   -0.191582
   -2.69776     4.35939     1.05727    -1.50423    -1.56663     0.59889    0.411148     1.13514     1.58214
   -2.38775     1.80528    0.722641     1.85698   -0.990574    0.935232    -2.98022    -1.19576    -1.95644
    2.45327    0.840176     1.47957     2.52196    0.204266    -3.10357    0.124104   -0.841222    -1.70574
   -0.15313    0.307685   -0.928036     1.19697    0.427505    0.915285   -0.443282     1.72444    -4.07452
   0.497245     1.86706     1.42321    -3.45088    0.627089     1.49684    0.659601    0.181796   -0.754549
   -1.25945    0.094606    -1.53053    0.119719    0.349499    0.801497     1.98039     3.12791    0.324738
  -0.849896    -2.37558     1.00736 -0.00767957     4.03954   -0.538966   -0.793968     1.69237    -1.64212
   -1.61906      1.9452     3.16095    -1.08967     3.42868    0.139536    -2.90114  -0.0107479      1.5886
    1.69522     1.07537    0.497288     1.77537    -7.35508  -0.0574087     1.13503    0.837281    0.563277
   0.250298    -2.15047    -2.61824     3.02408   -0.450868    -2.09381    0.281464     1.56078      2.2283
   0.569432   -0.337424      4.2905   -0.533711   0.0238299    -3.21062   0.0756639   -0.968425    -4.07372
   -1.68906    0.420004    -1.52797     -1.7128     2.80166    -2.21854     2.30397     1.44695    0.380219
     2.09966
     1.01752
   0.0367827
    -1.16388
    -1.72579
    0.444162
   -0.486594
    -1.38516
    -1.43624
    0.772177
   -0.203544
    0.902682
-0.000344664
    0.173973
     2.80918
    -3.46317
    0.507716
      -2.349
      1.2217
    -1.84956
     1.38824
   -0.695244
   -0.924991
   -0.837249
    -2.10686
    -1.49188
    -2.81351
    -2.75461
      -1.463
   -0.781454
     -3.9255
   -0.194303
      -1.318
    0.904213
    -1.95459
    -1.25347
   -0.971679
   -0.300772
     2.79425
   0.0639915
    -1.54728
    -1.79734
    -2.35838
    -1.61745
    -0.74195
     1.51238
     4.25075
    -2.35897
    -1.63873
    -1.25594
1
1
50 50
   0.664139     1.79177    0.208515   -0.320591    -1.80179   -0.297454    -2.37985    0.610308    -2.47471   -0.252601   0.0730332    0.157326    0.145098    -2.67679   -0.902037     1.44593    0.131018     0.14411    -1.43554    -1.56534    -1.71923     0.58821   -0.851256    0.167148   -0.831306    0.750308    0.583739     1.74319   -0.799594    -1.68224     2.00045   -0.781089   0.0512309    0.512018   -0.564517    -3.06886     1.24913   -0.583006    0.207865   -0.225516    -1.55371     1.26262   -0.122992    0.947033     1.55795   -0.897161    -2.09093   -0.904231    -1.26491    0.354591
    1.30149    -1.26477    -2.45901    0.915579    -1.24486    -2.78789   -0.573221   -0.740037    0.360802     1.13724    -1.46061    -1.41778    0.889905   -0.272084    0.820641     2.15964    -1.22519    -1.17802    0.649968     -1.5936   -0.841275   -0.851542    0.207941    0.685016   -0.537192   -0.959493    0.040335    -2.63647   -0.106992     0.79893    -1.15635     1.48766    0.940955    0.407459    0.466018    -1.74677  -0.0655854   -0.838373    0.792005    0.905728  -0.0093433     -1.9172    0.393045    -0.36241    0.412211    0.943111   -0.249093    0.902545    0.830986     2.24912
   -1.28375     1.60294   -0.617655   -0.861253   -0.809271    0.511785    -1.64919   -0.467608   -0.149639   0.0862847    0.855917    0.443501   -0.363976     1.38885    -1.21352   0.0103916    0.327778   -0.604834   -0.484869     -1.2874    -0.56585   0.0644524    -2.00348   -0.240036     -1.6317   0.0103183     1.01286   0.0402111    0.949866   -0.188682     0.12762    0.410927    0.896334   -0.256766   -0.508775   -0.622421    0.408098    -1.35964   -0.748641   -0.884526     1.11414  -0.0508662    -1.48637   -0.320103    -1.89792   -0.991653    -0.46485      1.0006   -0.053116   -0.448025
   0.186124     1.33047   -0.571721    -1.14084   0.0448745     2.19496    -1.23765    -1.91379     -1.6747   -0.648499     1.28189     0.28172    -0.11396    0.304382   -0.811527     1.51375    0.580623    -1.62183    0.140014    0.873037    -4.13506    0.869187    -1.76659    0.374015    0.955813    -1.03924    -1.87435    -1.50831     2.76157    0.891528   -0.544916    -1.30473    -3.43689     1.14189    0.905888    0.733114    -2.31287   -0.423999     1.26749  -0.0414517    -1.28314    -2.29829     -2.2146    -1.37078    -1.00112    0.461043    0.397107    -1.13921    -1.97525     1.18215
 -0.0449131   0.0325419   0.0804431  -0.0716348   -0.293859   -0.512553   -0.161273   -0.376551    -0.33234    -0.48203   -0.284948    0.135131   -0.319727   -0.394528   -0.126932   0.0307765  -0.0586641    0.119363   -0.333646  -0.0794177   -0.307203  -0.0126153   -0.386086   -0.309329   -0.157769  0.00459149  -0.0616866    0.450848   -0.357942   -0.292723   -0.123623   -0.520471  -0.0405464   -0.422084   -0.411262   -0.187238  -0.0273441   0.0518109   -0.494355   0.0176536   0.0481808   0.0461937   0.0850914   -0.177714   -0.177921   -0.297691   -0.190897   -0.269868   -0.174883   -0.541296
  -0.105842    -1.12237   -0.929204    0.157971   -0.350704   -0.504512     -1.2111    -1.96974  -0.0713013   -0.236096    0.184996    0.964904   -0.952383   -0.716297   -0.361475    0.417672    0.391217  -0.0220794      0.2506   -0.922025  0.00720707     0.57629   -0.678594     -1.4695    0.488786    0.680063    0.159086   -0.567161     1.73841   -0.572333     1.90291   -0.501411   -0.682104  -0.0815443    -1.23314   -0.820183     0.92137    -2.07135   -0.089128   -0.659085   -0.344121    0.231779    0.484129    0.127323    0.493881    0.271665     -1.8418   -0.648312   -0.105566    0.433221
   -2.43632    0.254773    0.246873   -0.133214    -1.36086     1.37501    0.437594    0.442218   -0.131137   -0.707741   -0.873219   0.0881837    0.729333    0.878548    -2.31529    -1.35361     -0.5112  -0.0578986    -1.24018    0.594959    -1.09602    -1.99628   -0.632902   -0.722386    0.301628    -1.79645   -0.833231     0.87282    -0.92957   -0.639992    -1.66484     -1.4404   -0.780294  -0.0705198   -0.887769   0.0546147    -1.10441     0.56584  -0.0741716   -0.650074   -0.431087   -0.789109   -0.837661    0.767052    -1.66242    -2.19992    0.827355   -0.215128    -1.66113    -1.22192
   0.495596   -0.881295    -1.15338     1.35611     2.20926     -2.2804     0.55626   -0.706448   -0.946439    0.619716    -1.32918    -1.45668    0.163324     1.89352    0.152986    -0.48399    0.388125     1.06953    -0.66456    -2.70961    0.250654   -0.336155    -1.92705   -0.362171   -0.206777    -0.36211    0.658899    0.331922   -0.658227   -0.108808     2.86585     1.07815   -0.684946   -0.443881   -0.308251   -0.692163     -1.2737     2.64075   -0.953154     1.17812     1.67631  -0.0693188    -1.35688    -1.06832     0.12652   -0.437519    0.110094     2.63022   -0.330842   -0.171021
   0.659383    0.650986    -1.28051    -1.22676    0.326606   -0.640545    -0.37479    0.332653   -0.188778     2.62696    0.729689    0.870303     -2.0868    0.275083     1.72569    0.542803    -3.11045    -1.36463    -2.82367    -1.67761    0.398955    0.791556    0.507081     1.57229    -2.23772  -0.0942478   -0.751797     0.21329    -1.49528    0.101121    0.721105     3.07239    0.210319   -0.333635   -0.652483     0.63407    0.605811  -0.0997479   -0.923119    -1.21671     -2.7561    0.770993    -1.57459    0.101701   -0.706056    -1.21792      2.8075   -0.280726   -0.941763    0.931368
   -1.49625     1.13459     1.17121    -2.90125    0.094936   -0.135712   -0.299256        1.98    -1.07608    -1.78721     1.39929     1.41382   -0.334839   -0.267378   -0.784309     1.47132   -0.813402    0.453892   -0.226242     1.30287     2.02533     1.45569     -1.2433     1.55996    0.641972    -2.12464   -0.423363    -1.73838    -0.72258     -1.2529    -4.77547     1.32991    -3.09576    -3.13627     1.52344    -1.47136    0.744619     2.44655    0.281994  0.00260504     1.05112    -1.94551    0.808162    -1.43824   -0.736609     1.63133    -2.18506    -1.17025    -1.42124   -0.397419
    0.37193     1.53715       1.111   -0.495744    -1.67918     1.51449    -1.34213    -0.76013   -0.840618    -1.14012   0.0965261    -1.77983   -0.455679    0.755535     2.28756    -1.95129    -0.85565    0.530207    -1.34208     1.32185    0.230445     1.31237    -1.80005   -0.250691   -0.194632    -1.26837    0.511755   -0.578592     1.88233   -0.270693   -0.396492    -1.39647    -2.61987     -1.4954   -0.742559     1.30787   0.0722798   0.0365361   -0.794675    -2.16619    -0.45616     -1.4605    -0.51198   -0.164146    -1.07786      1.3569     3.54696    -1.01276   -0.979209    0.205226
  -0.810177   -0.674861   -0.512534    0.112599   -0.212255   -0.607565    0.538415   -0.506707   -0.514494     1.94635   -0.657871    0.125961    0.494787   -0.584195     -4.2536    0.589386    0.368897    0.127109   -0.831761     1.45777   -0.643536   -0.853452    0.796655   -0.522374    0.235155   -0.478002    -1.24392   -0.501814   -0.819394      1.0372     1.14415    0.228626     1.37477     1.83045    0.569183     -1.3167   -0.731404 -0.00301001   -0.507158    0.591895   0.0261075   -0.242471   -0.231844    0.787739    -2.10856    -1.67601  -0.0174374   0.0318646    0.388743    -1.27743
    1.48255    0.740264     -0.2879    -1.54448   -0.318204    -1.72802   -0.778016   -0.734478    -1.50086     -1.2568 -0.00137585    0.909745    -0.11403    0.551821   -0.889641     1.53218    0.131462  -0.0685024   -0.888607    0.999846   -0.539239    0.854233     -1.3426    0.576248   -0.913911   -0.366409   -0.712224    -0.15884   0.0414821   -0.382044     3.77554    0.548323   0.0894866  -0.0757404    0.759179  -0.0508139    0.135967   -0.201748   -0.628342     0.88556   -0.381782   -0.823691     1.10989    -1.08049    -1.32715   -0.616138     -2.0331    -0.21148   -0.908467   -0.320984
   -1.08032   -0.884377    -1.66386    0.938345     1.77786   -0.351586    0.882214    0.690745   -0.652993    -1.02206   -0.749361   -0.992076   0.0855061  -0.0812461   -0.913446   0.0863788    -1.29767     1.54328   -0.838197    -1.32895    -2.40301   -0.841067  -0.0643638     1.14486     1.25923    -1.79368    -1.26467  -0.0825919  -0.0388601     1.13529   -0.381388     1.44859    -2.54551    0.022338    0.738961    0.893655     -2.0799     1.47643    0.931193   -0.595969    0.491336    -1.06646   -0.759827   -0.711675   -0.990856    0.830896    0.108721     1.09676    -3.59225   -0.862457
   -1.84002     1.92753    0.447509   -0.773066    -1.78905    0.706721   0.0158688   -0.773193     1.05393   -0.724327    0.200842      1.5006     1.30791    -2.16767    -1.82531    0.715461  -0.0969549   -0.781604    -1.26304    -1.54358   -0.816631   -0.206019     1.21564    0.199238    -1.14165    0.239475   -0.020981   -0.992903    -1.12977  -0.0773104   -0.886548   -0.120444    0.859673   -0.267749   -0.567458    -1.19278    0.655742     -1.3816    0.310935   -0.396246     -1.7693   -0.683518    0.396371    0.841316    -1.20142   -0.267244    -1.59626    -1.19778  -0.0818156    0.274674
   0.382923    -1.37062   -0.845681     1.92687    0.678606    -1.95659   -0.586136   -0.161051   -0.876054    0.107205    -1.72215    0.157401    0.465572    -1.42693   -0.124355    0.703995   -0.185048   -0.110791   -0.217402   0.0430717    -1.57845   -0.342622    0.152172    -1.25026    0.510429   -0.233222    0.300803    0.264339   0.0836741   -0.141722   -0.380769   -0.878804    0.724265    0.844332   -0.171927    0.083163    -1.13901   -0.404684   -0.712923    0.830157    0.225394   0.0240264   -0.829727   -0.335951    -1.14531    -1.54466    0.986796    0.188731     -1.4322   -0.851719
  -0.284673    -0.17454    -0.32226  -0.0722854   -0.194824  -0.0729538   -0.256104   -0.424587   -0.169601   -0.259565   -0.196188    -0.15542   -0.537786   -0.137799   -0.391938   -0.193767  -0.0974641   -0.234926   -0.299799   -0.101587   -0.445973   -0.228532   0.0940183   -0.413798  -0.0771534   -0.268954   0.0414014  -0.0946829    0.116551  -0.0393311   -0.252893   -0.292285    -0.36492   -0.315582   -0.130741   -0.310776   -0.298442  -0.0728359   -0.413139    0.154947   -0.272617   -0.154725   -0.418078   -0.298044   -0.231709   -0.183803  -0.0760373   -0.420295    0.138085   -0.089899
   -1.12438     1.07402   -0.434136    0.343472    -1.29003    0.479011   -0.313051  -0.0647033   -0.426651    0.206205    0.341098    -1.26562    0.349886     1.16084    -1.57546     2.54428    -1.57884    -1.64599   -0.226619   -0.564331    -1.97493    -1.33973   -0.943173     1.35402     -1.1483   -0.623131     3.36683    0.169026     1.15026    0.379311    -3.10371    0.761678   -0.953096    0.295205   -0.306452    0.975756   -0.214971    0.204483     1.42334   -0.295479    -1.57019   -0.567409    -2.08586    0.677917  -0.0376903    -2.15833   -0.948371    0.465953     1.41014     -0.7821
  0.0113585      1.6032      1.1111   -0.494131  -0.0270471     1.70192    0.314115     1.22387    0.661453    0.123615    0.789312    0.736382     1.11574    0.978679   -0.347443   -0.315525    0.137134   -0.477735    -1.14911     1.70245    0.703487    0.392345    0.596271     1.07472   -0.252601   -0.321865    -1.01727   -0.463982    0.617274    0.535335   -0.125813    0.512435    0.526734    0.619118  -0.0326939    0.428171   0.0637496     1.27798     2.48368   -0.252991     0.72566    -0.30277    0.301348     1.16049     -1.2028   -0.463617     3.51012   -0.300821     0.55456    0.499123
   -1.31704    -1.01888    -1.60194     2.14391   -0.604014    -1.22482    -2.09526     0.42389    0.673632   -0.169501    -1.45811    -1.85767    0.906466   0.0317474     1.53384   0.0622841    0.775671     1.24072    0.875152   -0.334799    0.403601   -0.536481    -2.01081   -0.146366     1.67122    -1.02836      2.6712   -0.136354     1.32714   -0.602483   -0.519521     -1.5397   -0.406334     1.28358    0.433825  0.00451665    -1.98196    0.694785    -1.31861   -0.413948    -1.80642   -0.631467    -2.69178    -1.51879     2.09846       1.472    0.865027   -0.738989    0.658463    -2.23379
   -1.68253    0.878119      0.7208    -1.41965   -0.569861   -0.849434    0.445299   -0.125193   -0.315552   -0.225408  -0.0520512    0.863424    0.394085    -1.03589    -1.77651   -0.137496    -1.20445    -1.84642    -2.11958    -1.29362    0.356494   -0.372479   -0.808598    0.665339    -1.72245   -0.402666    0.187854  -0.0230954    -0.62878    -1.03229    -1.86009     1.34232   -0.457032   0.0289423   -0.812605    0.280678    0.323194     1.35566     2.72185    -0.35024     0.20332    0.571708   -0.595229     1.09415   -0.167452    -1.88085   -0.761292   -0.888638    -1.54214   -0.563966
   -1.85318     1.08627    -1.55629    0.822147    -2.32322     1.43033   -0.308928    -1.48721    0.608353    -1.52017   -0.900283   -0.446024    0.102639     1.41853   -0.022701   -0.441148  0.00334747   -0.742144   -0.670625    -2.71829    0.461226    -1.21625    -1.43722    -1.12336    -1.33963    -0.10597    0.213716  -0.0346563    0.212187     0.34989   -0.143963   -0.178557    0.775575    -1.31021    0.902746   -0.374428    -2.02566   -0.999312     -1.2172   -0.135124    0.962211   -0.666466    -2.18492    -1.13192    0.699818   -0.907181   -0.598704    -0.45026     1.63263   -0.364057
  -0.310898   -0.346896    -0.35365    0.229006    -0.16084   -0.425336    -0.22842   -0.164348   -0.186468   -0.272893   -0.369652  -0.0100094   -0.548737  -0.0983809   -0.360079   -0.199817   -0.384134  -0.0753981   -0.447749   -0.152437   0.0705676  -0.0221666    0.101958  -0.0851858   -0.270544   -0.152645  -0.0670162   -0.267011    -0.35051   -0.682772   -0.293608   -0.161501    0.022401   -0.149565    -0.21821   -0.219942   -0.202605    -0.16252   0.0182774   -0.295531   -0.099215  0.00780469   -0.118049  -0.0694853   -0.143101   -0.552954  -0.0442028   0.0247007    0.036439   -0.116055
   -1.13637    -1.41788   -0.601327    -1.67914    0.846318     1.23256     1.28711    -2.04619    0.953962    0.311727   -0.402511    -2.42263    -1.23123     1.74835   -0.224815    -3.59032   -0.237347    -1.34295    0.824155     0.90757   -0.433044    -1.14094    0.639218    0.365331     1.71143    0.511925    -1.98365     1.93772    0.571469     1.37417    -2.02676    0.278622   -0.373659    0.539531   0.0147002     1.96331    -0.80351    0.684362     -1.4204   -0.940781  -0.0647779    0.386767    -1.70487   0.0495405      1.4332  -0.0986285    -1.27949     2.37473    -1.65609    0.852161
  0.0606613    0.228044    0.426224    0.542535   -0.760803     1.12733    0.734282    -1.51653    0.736233    -1.50669     1.21967     1.63805    -1.52165     0.49479    0.412196   -0.634654    -1.43298     1.59758    -1.69066     1.35706    0.179778     1.15433    0.374462   -0.497355      0.2727     1.25865   -0.404958   -0.580177     1.13118     -1.6758     -1.2814   -0.807247    -0.82478    -1.26513     -1.4126   -0.572484     1.15178   -0.995823     0.32917   -0.546539    -0.56315    0.400158    0.259784    0.287715   -0.405309     1.17174   -0.449243   -0.868208  -0.0228609    0.548928
   -2.36664    -1.09904    -1.08504   -0.350902   -0.389558   -0.944011     1.58026    0.142072    0.131766    -2.19341    -1.46126    -0.52306     1.49599        1.74     1.69483     1.14136    -1.06962   -0.356996   0.0789182   -0.983041     1.13639    -1.12647  -0.0635077   -0.280236    -1.39092    0.638095    -1.75664   -0.956493     1.61237    0.921278     -1.3985    0.441479    0.384632    -2.24679    0.732637   -0.594381    -2.98255   -0.875304   -0.282885   -0.147103     0.64786    0.708429    0.606982   -0.840291   -0.237673     0.64568     5.06113    -1.54042       1.862    -1.94133
    2.12942    0.277889     1.18271    -1.17248    0.471126     0.59539   -0.608975    -1.16543   -0.678254   -0.108491     1.89357     2.00505    -2.08978    -1.18437     1.17606    -2.45754     1.31914    0.377869    -0.16874   -0.913177    -1.03819     1.71448   -0.172316   -0.491214    0.192662    0.656949   -0.779311    0.651233    -1.26909     -1.2791      1.3172    -2.11953    -1.60387     1.04246    -0.97629   0.0369524     2.04966     -1.8155    0.130644   -0.860911   -0.814761    0.795632      1.0798    0.863389   -0.577388    0.232999   -0.896407   -0.489038    -1.05391     2.17102
   -1.70125     2.21306     3.39417    -1.06137    -1.50873     1.38144   -0.332528    -1.57218    -1.12202   -0.325441     0.33536      0.8215   -0.988841   -0.595575   -0.811587    -1.44818     1.72371     1.98373    0.408573    0.411067     0.88097    0.657841    -1.64833    -1.94651   -0.683893   -0.706737    -1.02878     1.44646    -1.41783     -2.1538    -1.01656    -3.67065    0.537861      1.6815    -2.48287   -0.291852     1.17033     1.09067    -3.65101    -1.86184    0.572676     1.03068  -0.0253133   -0.210102   0.0863395     -1.0686     1.20101    -2.04195    -1.01421    -2.63764
   -1.17891    -1.70201    0.331405     1.27895    -0.77075    0.517706    -1.06496    -4.16831     1.81152     1.42205    0.113989   -0.133728    -1.09495   -0.484879    0.196953   -0.663386     1.40132    -1.28646       1.249    -2.22783    0.529393    -1.51984    -1.15066    -1.09114     1.30005       1.671    0.109563   -0.378285   -0.425037     1.51774   -0.843297    -1.43491     1.61184     1.22304   -0.141688    -2.07005   -0.186172    -3.11496    -0.82332    -1.08818    -1.47072   -0.331494   -0.560615    0.901907     1.37654    -1.24708     1.48012    0.598748   -0.353114  -0.0525024
   0.373421   -0.759695   -0.842002    0.584876  -0.0390935   -0.496047   -0.552385  -0.0517748   -0.258618    0.190905   -0.801178   -0.272295    0.289448   -0.709928   -0.149819    0.553367   -0.268921   -0.353441  -0.0622003   0.0469383   -0.700588   -0.567189    0.441975   -0.270067    0.259715    -0.13349    0.153793   -0.387052    0.237839    0.177489  -0.0662356   -0.638251     0.15587    0.543327    0.179035   0.0617442   -0.681754   0.0730175   -0.190141    0.106277   -0.129967   -0.174768   -0.455259    0.151903   -0.729379   -0.784131  -0.0604169    0.249113   -0.162868   -0.348257
   -1.54929    0.988575    0.517089    -1.04715   -0.890157    0.383924   -0.528581    -1.78992  -0.0945181   -0.719431    0.170922     0.35518     1.09982   -0.972602    -1.21647    0.244289     1.34941    -1.12211   -0.572976     1.22606    -1.04378   -0.832229    0.478901   -0.716468   -0.763232    0.612546    -0.87116   -0.441542   -0.758698    0.206475    0.657922    -1.24382    0.259147    0.848559   -0.643317    -1.39985   -0.685651     -1.4552    -1.37407     -1.2755    0.753834   -0.191833     0.30992    0.718787    -1.09094    -1.04718   0.0460017    -1.13871    0.268024    -1.53589
    1.39924    0.465109    -1.15298   -0.640208    0.301591    -0.55889   -0.211005    -2.20675     0.48546    0.759603     1.35019     1.62974    -2.13081    0.617698     -2.0584     0.56374   -0.495699    0.411854   -0.406907      1.1801     1.48823    0.412156   -0.282283    0.869048    -1.35623   -0.944743    0.240511    -1.91903    0.495898  -0.0697622    -1.77171    -2.17412   -0.504505  -0.0168058    -1.20702   -0.788071     1.24883   -0.836105   -0.209111    -1.29394   -0.145876    -1.01302    0.203706      1.1036   -0.343274   -0.332498    -3.58849     1.33532    -3.00083    0.651822
   0.492385   -0.334612    0.499357    -1.86002   -0.836504   -0.534583   -0.267807    0.534803   -0.786217   -0.907348   -0.444993     -1.1003    -1.50227    0.602052     1.43794    -1.59411   -0.878343    -1.21919    0.151181   -0.911881    0.522249    0.465931    -2.03762    0.060244   -0.642053    0.405465    -1.90144     1.01155    -1.02813    -1.09869   -0.300476   -0.126233   -0.780516    -1.19098   -0.487054     1.20324   -0.703095     2.00014   -0.220257   -0.636096    -0.48165    0.700278   -0.594075    -1.25097    0.573856    0.641614    0.934365    -1.07764    0.518117   -0.419996
   0.087995     2.30059    -0.75513   -0.757559    -1.14146     1.32453    0.673726   -0.666543    0.628403   -0.120098   -0.210045    -1.05208    0.951933     0.72385    -1.92023   -0.542328   -0.038671  -0.0312202    -1.84654    0.796652   -0.690503    -1.63993  -0.0681097     -1.2866    -1.85869    -1.11852    0.726876    0.641861     -0.4893    0.203181    -1.09743    -1.70741    -0.36899      1.2782    0.161229    0.221638   -0.717892    0.470885    -1.66158    -0.49313     0.07897   -0.164456    -1.13512    0.270495    -1.60859    -1.70663    -1.31489    0.919646    0.559949    0.697343
   -1.43106   0.0269807   0.0524441   -0.674471   0.0948984    0.357124    0.423769   -0.492279    0.887105   -0.970041   -0.371568   -0.499968   0.0558941   0.0128217  -0.0694851    0.449379   -0.431668    0.182393 0.000267754    0.328258    -0.80125   -0.140266   0.0150186   -0.591641    0.119601   -0.459832   -0.926708   -0.458825     0.39382  -0.0503603   -0.504286    0.090655   -0.928626   -0.764187     0.31922    0.268788   -0.445006   -0.113994   -0.330837   -0.378234   -0.526553   -0.648716    0.353094    0.097453    0.008874     1.13806    0.383888   -0.853806   -0.531008   -0.393547
   -1.56558    -1.23132   -0.810945     2.73605    -1.35944    0.896996    0.139162   -0.423492   -0.464945    -1.68962    -1.45259    0.137465     1.47447    0.478567    -1.80526     1.61325    0.452706    0.365207   -0.881792   -0.548824   -0.926561    0.129172   0.0396858    -2.48448    0.434497   -0.139196     1.12884    0.507974    0.972388    0.532481    -1.36956   -0.340447    0.777184   -0.964024     1.25379    -1.46735   -0.778009     -1.1978    -1.99934     1.52405    0.396072    -0.35515    0.467572    -1.10724   -0.160108    0.237832    -1.23361    -0.81624     2.90841    -2.84176
    2.22944   -0.200992   -0.213859    -1.99881    0.188335    -2.03823    -1.47707    -1.20427    -1.55989    0.869372   0.0149327     1.31019    -1.36311    -1.54639     1.41738    0.680444   -0.342502     0.57691    0.378989   -0.933562    -1.24576   -0.587293    -1.08983    0.591576    -1.06252    -0.81017     4.71611     1.15825    -2.56497     -1.6988    -2.09639   -0.610829    -1.81211    0.705836    -2.07185    -1.04706     2.48789    0.923896    -2.65757   -0.973063   -0.785273   -0.103597   -0.213514    0.864852    -1.31136     0.52015     3.10135   -0.282833    -3.13043    0.114274
   -2.28846   0.0858858     2.61111    0.829514    -1.43372   -0.738781   -0.290284   -0.717864    -1.29672    -1.04114   -0.426716    -0.51596   -0.355717   -0.431811    -2.33573   -0.628289      1.8466     2.00329     1.53796    0.602916   -0.493439    -0.92088    -1.91918     -1.3141     0.82386  -0.0846401   -0.270315    0.468621     0.36247   -0.289436     1.44944    -2.94784   -0.810188     2.52829   -0.171987   -0.333269     0.25715    0.385363    -2.62079     -1.0399   0.0150527   -0.545959    0.515386    -1.69725    0.744739   -0.674437    -3.36485   -0.424334    0.199285    -0.44006
    1.01003    -0.43534    -1.26409     1.19335    0.677234    -2.25178   -0.511203   -0.400675   -0.633396    0.886074    0.266796   -0.923416     -1.9118    -1.79955     1.66048   -0.581132   -0.463351    0.586193    -2.03397    -1.45802   -0.720698    0.571843    -0.90626     1.23646     1.67111     1.07434     1.08253     1.49101     0.13505    0.315792    -2.84893    0.916912   -0.225858   -0.350977    -1.41979   -0.413567    -0.36617     -1.2999  -0.0570815    -2.08852    -1.12534     1.39173   -0.112483    0.160508    0.847174    0.834794    -4.24415   0.0698357     1.20128     1.29009
   0.998784    -2.00451   0.0623807    -1.22877   -0.170347   -0.910885    0.922352    0.566447   -0.244731    -1.97146     -1.1834   -0.613432    -1.84868   -0.466134     0.84127    -0.18576   -0.253309    0.655701    0.998332    -1.09703   -0.881763    0.904497   -0.513166   -0.512082    0.662413     1.56348   -0.686173     1.97631   -0.721506    -1.46721    0.368272    0.531427  -0.0757885    -2.22283   -0.597801    0.411119    0.707032    0.470467    -1.55336     1.03873   0.0517403     1.71521    0.124708   -0.579889     1.16494   -0.365866    -1.53885    -2.24842   -0.146923   -0.436153
   0.336941    0.262648   -0.591992    -1.52711  -0.0682834   -0.835515    0.883712  -0.0922491    0.239343    0.179125   -0.917584     1.11877   0.0492666   -0.209399    -1.62867     1.71069    0.852424   -0.218461     1.34449    0.152099   -0.898048    0.140521   -0.991906   -0.331195    0.142386    0.070452     4.10601     2.20851    0.538373    0.552375   -0.749912    -1.25169    0.706295   -0.357527     1.38842    0.585425    -1.47018    0.529189     -1.4014    0.883768   -0.800152    0.072992    -0.56671    0.115265    0.088357     -1.2592    -3.82822     -1.6039     1.52872   -0.520189
    1.00972     -1.2648    -3.02555   -0.946303    0.946951    -1.27869     1.44352     1.30034    0.575464   0.0224886     -1.9976   0.0345101    0.344263     0.26468     1.03744     2.05081    -1.26038    -1.62015   -0.567787    -1.09962   -0.530738   -0.295117     1.43331   -0.474284   -0.285023   -0.961666  -0.0518879    0.959463   -0.569317   -0.233783     1.53802    -0.17124   -0.212949   -0.787562     1.98738     1.37704      -2.162    0.676248    -1.28405    0.868088      -3.187   -0.417702    -2.93622   -0.912394    -1.50015    0.440073    0.242595   -0.364105    -0.63804  -0.0126163
   -1.03791   -0.208445    0.390741   -0.658911  -0.0409213    -0.34193   -0.636443    -1.20831   -0.729395    -2.00173   0.0994822     1.41811    -0.23832    0.113554    0.172821    -1.13419   -0.886064    0.757054   -0.331126    0.793375    0.539167     1.40125    -1.40859    -0.64706    0.281342  -0.0126811    -2.04361   -0.850272    0.474148    -1.84576   -0.276274   -0.379167 8.36479e-05    -2.83483    -1.01663    -1.19871    0.595097  -0.0983081   -0.248466    0.127128    0.815874    0.473871    0.810037   -0.594874   -0.863276     0.08468    0.297609   -0.700508    0.986237    -0.34548
  -0.304858   -0.830868    -1.13055     1.08468   0.0599282    -1.86078     1.15794    0.219889    0.697796   -0.994303    -0.91671    -1.11176     0.26454    0.328868    -1.10063     1.39703     -1.5288   -0.612804    -1.02264    -1.08091    0.345421   -0.584558   -0.300608     1.52369   -0.488239    -0.18004     1.07763    -1.54088   -0.455213    0.308173   -0.973727    0.226645     1.04404    -0.65225   -0.409878    -0.64683   -0.323164   -0.164379     1.28912 -0.00728036   -0.789186   0.0170354   -0.273936    0.209332   -0.804227    -2.43577    0.372979  -0.0964783    0.320937     -1.0917
  -0.722785    0.928979     0.42396    -1.25955     1.08525   -0.649947   -0.635329   -0.920654   0.0821522   -0.750698      1.3183    0.459742    -1.77246    0.115666   -0.666931    -0.79758   -0.293287   -0.834422    -1.96648    -1.56535   -0.201747    0.412389    -1.55337    0.724206   -0.800695    0.365284    -2.33762    0.513062   -0.119643   -0.728904   -0.765491     1.25142    0.206128    -1.20615    -1.44063   0.0432998     1.31696    0.554868    -1.46142    -2.34032     2.35571     1.09561  -0.0339429    0.588096   -0.578099    -1.08222   -0.659257     1.22518    0.322174    -1.20167
   0.353736  -0.0492404   -0.174634   -0.266291   0.0714019    0.068416    -0.35412    -0.35078    -0.12439   -0.181604   -0.115372    -0.28514   -0.498431    0.208491   -0.460263    0.101627  -0.0625768    0.280247  -0.0369928  -0.0703269   -0.411519  -0.0377642   -0.315471   -0.043898   -0.183767  0.00489079   -0.186055  -0.0790744    0.100758  -0.0170157   0.0231313  -0.0539649    0.107554   -0.349742   0.0465941   -0.186865   -0.026527   -0.246624   -0.472943    -0.30426   -0.095764   -0.448147   0.0261527    0.281716   -0.188523   -0.129432   -0.324087    0.110289   -0.131187   -0.117562
   0.292395     1.94144    0.702083    -1.61067    -3.74213     1.40079   -0.346455    -1.56339    -2.36546     1.59117    0.836191   0.0501599    -1.88059   -0.292863    0.271828     0.28506    -1.26751    -1.74245    -1.17314    -2.04032    0.463468    0.633834    -1.18221  -0.0973319     -2.6089   -0.249875    -1.41312    -1.08984    -1.17943  -0.0792827     2.83215   -0.597599   -0.842215   -0.511618    -2.49989   -0.939892      1.1508   -0.813883    0.575083   -0.949387    -0.18975   -0.592491    0.374228     1.06075    -1.61792   -0.274807     1.98209   -0.196123   -0.825536     2.26288
   0.674582    -1.18594    -1.33017    0.675174   -0.174241    -2.22239     1.40214    0.117713    0.468171    0.355679    -1.38371    -0.29885     -1.1541    -2.33182   -0.535519    -0.65231    -1.21728     1.13573  -0.0299293     2.33281    0.808431    0.375015     2.31285   -0.964884    -1.08244      1.2713   -0.148047    0.836422   -0.251114    -1.67037    0.992665    -1.15322   -0.190906   -0.194078   -0.953356   -0.138078   -0.840561    0.284601    -1.80867     1.20887    -1.59728     1.71917   0.0869998   -0.701427     1.02527   -0.436926   -0.620754    -1.62137   0.0683717    -1.19558
  -0.541714   -0.904179    0.485564    0.623509     1.22743    -1.08647     1.95165    0.608132    0.159411    -0.42441   -0.358208    0.321268   -0.921938    -2.09097   -0.524689    -0.28714    -1.84222    0.653244    -1.29698     2.77388  -0.0521763   0.0711356     1.56783    0.446919   -0.547044   -0.769556    0.897859   -0.431567   -0.855357    -1.36748   -0.631841    -0.63919     0.18901  0.00869073   -0.295933     1.58196  -0.0800348    0.670848   -0.855464    0.731812    -1.05433   -0.126405    0.232443   -0.825447   -0.363238   -0.407387   -0.651645   -0.755943   -0.761047    -1.26605
   0.704651    -2.17525    0.817307    0.640437    -1.01044    -2.16696     1.20999    -1.07672    0.393101     1.66801   -0.896123    0.718082    -1.57719   -0.876233     1.69374    -1.00705    0.320206   -0.771254     1.34625    -1.51566     1.79384    -1.43365    0.799973   -0.797824   -0.633614       1.017  -0.0730992    0.424861   -0.596902   -0.361379    -1.34098   -0.486307     2.12928    0.028749      -1.762    -1.06105    0.345877    -2.22103   -0.147496   -0.904175   -0.385596     1.75818    0.300365   -0.900856     0.22792   -0.370028    0.115617    -1.14391     1.51326   -0.227229
  -1.46397
  -2.03103
   1.42556
   1.93227
   0.12501
  -1.28609
   2.15421
  -2.99695
  -1.93737
   1.27317
  -1.52478
  -0.29686
 -0.409614
  -0.40829
  0.437889
 -0.568385
-0.0316785
  0.237173
   2.49767
  -1.44088
   1.08137
 -0.364675
 -0.209889
  0.298561
  -1.00115
   -2.4321
 -0.499865
    1.0567
 -0.879387
  -1.88526
   0.41869
  -1.85653
 -0.417001
  0.821654
 -0.318636
 -0.401165
  0.780751
  0.178998
 -0.928228
 -0.400018
  0.891381
  0.117582
 -0.399932
  0.609651
 -0.574261
  -1.02217
  0.273219
  -1.26856
 -0.224373
   -1.4689
1
4
50 10
   -2.64544    -7.32594   -0.370738    0.992879   -0.499716   0.0455007    -2.07427   -0.416104    -2.17621   -0.529177       1.803     1.50644  -0.0985267    -1.59902   -0.623753   -0.398269   0.0652096    -1.57815     3.78258    0.912885     1.15766   -0.728717    0.165538     2.76767    0.136895    0.936661     3.77645    -10.3943    -1.06885   -0.407494    -1.91437     1.26449     2.09788   -0.425333   -0.192251     1.58123    -3.09451    -4.33562     1.58785    -2.52302   -0.797529    -6.38563    -1.88172    0.260635    0.990655  -0.0661867     1.57109   -0.253227     2.92387     2.38265
   -3.61566      3.3604 -0.00519028    0.465612    0.385746   -0.384765    0.706207   -0.147836     0.22554     3.58849  -0.0409737    -1.41755    -6.56272     2.73496  -0.0357707     2.62056    0.128379     4.09257    0.552434    0.135621     3.92077    -1.59269    0.506947    -6.65879     3.34879    0.937281    -1.38981     2.44105  -0.0888113    0.184452   -0.648774     3.25869     -1.9086   -0.775248    -0.38607     1.95763    -0.46779   -0.451713     4.98309    -1.62652    0.371719    -3.78728     3.93712     2.76015     1.91639   -0.249018    -2.54012    -1.91653     1.37096     1.49431
   -2.43448    0.962734     -2.2221      2.5205  -0.0909289    0.607911    0.303129      2.0413     1.44826    0.987692    -1.93148     1.23844     1.79333     3.56891    -1.62938  -0.0936842  0.00677297    -3.25523    0.136256    -1.20743    -2.74484    -3.50929    0.147924     2.94213    0.934595    -6.99043   -0.976631      1.7249    0.614926   -0.253939    -1.64863    -4.90073     1.67223     -3.1133  -0.0154103    -4.03112    -7.62893     3.52752     2.47946    0.267073    -3.57626    -0.17937     2.69574    -2.01642    0.432548    0.039555     1.07792   -0.232434    0.716806     2.00535
   0.736743   -0.376861     4.76441      1.6588    0.127114     0.55009   -0.585247    -8.83538     1.46455  -0.0390534   -0.115539     0.94558     4.10735    -2.47128    -3.24628    0.190663    0.359938     2.99251   -0.681448     2.09369     1.82444     4.11754  -0.0387555   -0.461595    -5.97061   -0.783905   -0.502463    0.625891     2.27912     0.51796     1.47479    -1.19786       1.373    0.482983    -0.85632     2.50493    0.134081     1.52679    0.503542     2.36285     1.84983     3.59372    0.679189     -2.5573     5.67038    0.206993   -0.823847     2.75132   -0.453256   -0.127712
  -0.317703    0.480613    -1.01433    0.688024   0.0450285   -0.929803    -2.65645     2.80841     3.46425    -3.73768     6.48959    -7.92936     -1.8351    0.203384    -1.75291  -0.0503384  -0.0910742    -1.05459    -4.47474     3.13856    -2.19954    0.462155   0.0799783    -1.62695    0.800835     4.04362    0.299153   -0.568424     3.55594    -0.46814    -2.48064     -4.0723    0.449772   -0.894807  -0.0906558    -3.80683     2.72484    -2.29864    -6.28835    -1.78425     -3.6917     2.07052   -0.765396   -0.510358    -2.12205   -0.356131     1.90611     3.28026    0.767793    0.330318
    6.41947    -3.76097    -3.81986    0.134509    0.515891    -1.25465      2.8609     1.89174   -0.209475    0.903603   -0.308993   -0.109902   -0.026552     2.46264     4.99515    0.671262    0.360677   -0.630602   -0.516223  -0.0556993     1.19924    -3.71295    0.145871    0.105391    0.271966     1.74723     -1.1698     1.39101     1.39457   0.0824876     2.58193    -1.83805     1.03177    0.702755     1.57677    0.655041     2.21906     2.22332      2.5345     1.41912     2.52431     4.13714    -1.84272  -0.0233211    -2.91883   -0.368936     1.26623    -3.97918    -6.36781     1.89956
   0.468416     3.08238     2.18982   -0.063859    0.219263    -1.70061    0.637211   -0.142738    -4.75462     1.92045    -2.67358     2.94548     2.59424    -2.20362   -0.859378   -0.995061  -0.0129664      1.3269     1.96413    -6.69309    -3.79602     1.36757   -0.302219      3.4523   -0.556416    0.252309    0.408071     2.17743   -0.477223     0.19311     2.53686    0.692004     1.72218    -2.54152   -0.112536    -4.14793     3.44385    -4.33437    -1.81353     2.57984     2.09551     2.71494    0.534684   -0.895879   -0.125703    0.253371     -6.1228     1.92698   -0.918781    0.117384
     2.7822      1.6041     0.12955    0.617711  -0.0650164     3.37771     3.78093     2.55628    0.368413    -6.91556    -3.44807     0.33965   -0.893423     1.27207     1.05975   -0.300311   0.0891245     1.12678    -2.07825   -0.535795   0.0632159      2.3788  -0.0289149   -0.904413     1.40848   0.0482236    0.593751      1.8122    -6.94781    0.156572    -0.53003     2.20582    -2.44831     6.06405   -0.791775     3.76098     1.03723     2.13312    -1.82564     3.23611     1.48496   -0.894604    -1.53138    0.249681    -3.11115    0.246945     1.52972     2.74813    0.124966    -1.06482
   -1.49314       2.935    0.245213    -7.75075   -0.434485   -0.525644      -3.464    0.490223   -0.308238     3.58834    0.265009     2.72793    0.525606    -3.41155     2.25563    -1.64792   -0.117418    -2.17508     1.50483     2.50498    0.505527     1.40325    0.042568    0.418124   -0.252215   -0.390767    -1.88599    0.301952     1.35228  -0.0775938    0.871263     4.88544    -3.98339    0.973249    0.861758     1.45431      1.0394     1.69224    -2.06355    -3.42704   -0.806923    -1.23944    -1.28495     2.47333    -1.34364    0.184358     2.10657    -4.92259     1.17148    -7.31727
 -0.0300879  0.00526139  -0.0229141   0.0682741   -0.361705     1.60145   -0.218883    0.123157   0.0679708    0.157254     0.47897    0.158503   -0.160719  -0.0670452    0.140524    -1.48168   0.0837021   -0.253104    0.470243    0.189287   -0.197876    0.306085   -0.347134   -0.188969  -0.0140965    0.253057  -0.0381088    0.177477    0.212598   -0.905005   -0.182519   0.0840353    0.254981    0.128899    0.782724    -0.63507    0.174509 -0.00124773    0.239928   0.0453433   -0.152503   0.0506301    0.817459   -0.438438     1.37346     0.32923   -0.213687    0.178439    0.074075    0.049669
 0.344516
 -2.84756
 0.580806
 -2.14413
 0.999493
 -2.93347
 -2.39903
  0.42612
 -0.11985
-0.547183
