3 16 0.5 100
1
1
9 50
  -1.57096    2.31926   -2.31027   0.792476    2.96187   0.140713    0.10732   -0.26823  -0.889836
   2.32984   -0.57907  -0.387457  0.0106557   0.464004   -2.25091    2.40996   -1.53589      1.724
   4.27592   0.902299   -1.14449  -0.242462  -0.899005   0.842898   0.349181   -1.18033  -0.324122
 -0.666476   0.382928  -0.596847    1.92468  -0.370156   0.211095   -3.62733   0.712056  -0.768526
  -0.73588 -0.0773737   -2.19986    3.93315   -1.74949    2.30231   0.358028   0.885534   0.779257
   1.96093    -1.7457    1.51062   -2.24995  -0.024777  -0.940684   0.157376   0.285496    3.02962
  -1.73715   -1.35128    2.11589   0.229028  -0.836918    2.39702    1.00485  -0.375592   -1.48227
 -0.852141    0.31524   0.540663  -0.268454  0.0292326    4.01931    0.04576   -3.25547  -0.999783
 -0.967021   -1.54186    1.67105   -2.26454   0.904283    1.00455   0.621154    2.88943  -0.172668
  -1.29767   0.577254   -2.71026    1.42393  -0.797878    0.16851    1.52507    3.27105  -0.765945
   1.18199   0.457428    -1.1541  -0.956542   0.223664  -0.840475    1.36649 0.00960243    1.57796
   1.15398    3.06569  -0.826145  -0.771304  -0.605343  -0.495533   0.116736   0.131014  -0.181861
 -0.896855    1.14931    1.15501   0.209242   -1.82501   -1.77057    -2.4474 -0.0613176    1.50181
  0.883656   -1.23168    1.83717    1.21349   0.851007   -3.84617  -0.267289  -0.945385    1.46508
 -0.424568   0.152517   0.399402  -0.829639    4.35113  -0.367758   -1.28227  -0.725424  -0.261239
  -4.11212    2.31358   0.281111 -0.0626403   0.495398   0.298036   -1.23135   0.556699  -0.164042
   2.55658   0.925977  -0.672561   0.591688   0.146092   -1.88241   -3.30421   0.703722   0.527272
   2.41459    1.03199 -0.0486154    1.13476  -0.220864   0.471272   -1.40218   -1.81359  -0.768546
  0.240418  0.0390205   0.331201   0.465299    1.79492   0.638454   -3.15622     1.9762    0.18088
   1.57817   0.820077  -0.115897  -0.825958   -1.50438     4.8279   -2.87923   -1.65088   0.841408
  0.899426   0.605155   0.803205   0.528224    1.58446  0.0194667    1.03967  -0.905059   -4.40226
   1.48273    2.60731   0.403952   0.549656    1.26253 -0.0179736   0.668822   -1.37595  -0.188204
  -2.35851   0.269509  -0.217529   -3.13888  -0.867583    2.37718    1.08905    1.29955  -0.531218
 -0.982822     1.5424   -1.26114   0.700589    1.20631   0.946437    1.55668   -1.45505    0.80673
-0.0936424  -0.610722  -0.249951    -0.2758    0.49276     1.9582   -2.37214   0.784785    1.40677
 -0.107087  0.0211707     1.3403  -0.860347   0.379396   -1.03959   0.334285    1.35148   -2.53762
  -1.02412    1.45357   -3.65774   -1.30236    2.31246    3.11352    -2.2215   0.558274  -0.808565
  0.824278  -0.903879  -0.781827    1.21668    1.13941    1.04186 -0.0484934  -0.689133   -2.43389
  0.541221    1.17872    1.95819    0.43316   0.849308   -2.06895   -2.69603   0.534893    1.39839
 -0.788791  -0.775166    1.31618  -0.137377  -0.210391  -0.212778    1.22613    2.57824    1.13134
 0.0429296    4.83063   -1.24963    1.20365   0.156037  -0.409961  -0.110842   0.158881    -0.9744
   -2.6145   0.440521   0.512582     1.5085   0.464398  -0.235691    2.70284  -0.541945   -0.64665
  -1.29599  -0.465877    1.89811   0.794754   -1.81813    -1.2464    1.06024    2.22235   -2.09331
  0.737814   -1.10087   -3.52477   0.418691   -1.46478   0.802346  -0.496839     3.3753   0.655179
  -1.72926 -0.0690975     2.1246   0.492591 -0.0893816      1.065   -2.40172   -1.91991   0.877522
  0.230036   -2.38215   -0.28394  -0.192041    1.63207     2.8636   0.697579  -0.919566    1.31473
    2.2833    1.82106   -3.19575  -0.194437   0.902654   -1.18235       1.13     1.3769  -0.408619
   1.21664  -0.910681   0.997168    3.18895  -0.396918    1.11885  -0.441366   -3.06529   0.603621
  -2.06738    2.91326  -0.923608  -0.237665   -1.06263   0.562252    1.34311    1.33139   0.772706
  -1.66702     1.8161    1.45685     1.2383   -1.42018    1.49311   -2.46043   -1.41149   -1.95725
   2.42741   0.587172    2.17916    3.09533  -0.904108    -1.6869  -0.567753   -1.83997  -0.503518
  0.772468   0.301381 -0.0469193   0.608098  -0.254177   0.351349   0.417933    1.40606   -3.07189
   1.03048    2.39806   0.498991   -1.82497    0.51476   0.822255   0.731846   0.456344   -1.49928
  0.201671   0.272889   -1.74884  -0.576774  -0.515634   0.203847     1.8021    2.95367   0.607963
 -0.319227   -1.29786 0.00591395   0.449629    2.81688   0.585448   -1.87058    1.57554  -0.905026
 -0.207542    1.11047   0.626859  -0.130804    2.72745   0.558483   -2.15744  -0.922563   0.868228
   1.08874   0.749945    1.31686   0.511352   -5.80848    0.89769     2.0291   0.549328   0.877147
 -0.330114   -1.63184   -1.84982    2.97726  -0.981467   -1.68937   0.210969    1.97289    1.74585
 -0.900772    1.48998    3.16501   0.192543  0.0733897   -1.89196   -0.55484 -0.0285588    -3.5783
  -1.86223    1.28001   -1.32577  -0.927795    2.56001   -1.94644    1.09906    1.07102   0.595254
   1.6719
 0.810982
  1.00583
 -1.68708
-0.390732
 0.715612
-0.539702
-0.914687
 -1.14719
 0.719065
 0.299923
 0.504477
-0.542674
-0.722113
  1.56336
 -1.84856
   1.0521
 -2.11217
  1.58591
 -1.94651
  1.31674
 -1.00157
 -1.33439
-0.487897
-0.349986
-0.565542
 -2.56971
 -2.26616
 -1.12092
-0.239622
 -2.65189
 -1.16062
-0.208553
-0.392366
-0.988903
 -1.47117
 0.678729
-0.207751
   2.5127
  0.73097
-0.897806
-0.922161
 -1.21341
-0.295285
-0.122631
 0.931764
  3.15742
-0.832766
-0.918477
-0.427338
1
1
50 50
     1.01545       1.2384     0.531623   -0.0820003     -1.28899     -1.21234     -1.83674   -0.0851865     -2.36498      0.33028     0.256814     0.677132     0.608009     -2.71621     -0.26903      1.82693     0.738908      0.50904     0.256662      -1.0205     -1.53759     0.121825    -0.661678     0.197332    -0.391867     0.294305     0.730319      1.42758     -1.37485     -2.01779      1.31191    -0.638909    -0.150872      1.20304    -0.491557     -2.49919      1.50209    -0.497152    -0.563874     0.615492     -1.38942     0.758415    0.0214314     0.546465     0.583027     -0.25568     -1.13292    -0.807562    -0.814444     0.738214
    0.803785    -0.865578     -2.49402      0.37842   0.00708359     -1.89557    -0.448689    -0.496641     0.748069      1.42931     -1.05482     -0.87797    0.0217591    -0.585025     0.590508      1.85406     -1.46311     -0.73981     -0.04048     -1.77481    -0.314597    -0.497611      1.08582     0.997761    -0.377159    -0.460184    -0.185075     -1.26791    -0.250339     0.796597    -0.162065       1.0069     0.380134    -0.379016    -0.172452     -1.14506    -0.510379    -0.226078      0.53354    -0.561473     0.115205    -0.862817    -0.226034    0.0387807   -0.0448117     0.234887    -0.314644      1.21559    -0.120468      1.69229
   -0.825894     0.205985    -0.601666    -0.289989    -0.655265     0.351648    -0.657827    -0.308744     0.273378   -0.0992587     -0.41369    -0.256236     0.161408     0.772991     -0.74053     0.457086    -0.416265    -0.750831    -0.409878    -0.699192    -0.742965    -0.428043    -0.556622    -0.353762    -0.659347     -0.17177     0.260063    0.0461119     0.319949     0.280795    -0.267542    -0.120076     0.522451    -0.121523    -0.266928    -0.535396    -0.429084    -0.764655    -0.439049   -0.0654458     0.221084     -0.37639    -0.806876    0.0620378    -0.672676    -0.835734    -0.176512    0.0512617     0.271802    -0.306783
    0.311176   -0.0841225     -1.49378     0.253192     0.917522      1.34862     -1.23657      -1.2284     -1.13011    0.0565028     0.434863    -0.244419    -0.125578     0.666821    -0.563901       2.2052   -0.0631225     -1.17296    0.0553978     0.183958     -3.38651    -0.630522     -1.43271    0.0672504      1.08002     -1.15362     0.986212    -0.734412      1.21773     0.678418    -0.444828    -0.416705     -2.33212      1.56144      1.13371     0.842324     -1.32633    -0.701392   -0.0966867    -0.324954      -1.8637     -1.70565     -1.61784    -0.792067    -0.845574     0.171384    -0.123695     0.697627     -2.45571      1.25378
  -0.0473337    0.0225177     0.058951   -0.0939581     -0.18386      -0.3399    -0.101075    -0.377175    -0.243576    -0.463537    -0.235194    0.0722265    -0.337819    -0.396677    -0.197398    0.0785757   -0.0644942    0.0646187    -0.325496    -0.041599    -0.361737    -0.128884    -0.318186    -0.333467  -0.00159991   -0.0833975    -0.125302     0.258248     -0.31802    -0.248092    -0.098039    -0.478386   -0.0190938    -0.372805    -0.392783   -0.0454928    0.0233617    0.0107301    -0.405903    0.0237594     -0.12243    -0.164522     0.061708   -0.0977904    -0.181566    -0.211316    -0.260133    -0.164642    -0.238409    -0.439581
   0.0431123    0.0904391    -0.476333     0.070983    -0.170006    -0.280302    -0.238127    -0.136036    -0.139553    -0.178436    -0.245374   -0.0388786   -0.0906658    0.0736203     0.180243     0.100004   0.00272534     0.176579     0.174276    -0.330221   -0.0476579     0.151293    -0.552756    -0.311203    0.0660827    -0.284392     0.223702    0.0630872     0.210411     -0.25189    -0.114325     -0.32423    -0.299209   -0.0429594     0.149267     0.188757    -0.200186    -0.450241    -0.370293      -0.1111     -0.26934   -0.0943513    -0.230841    -0.236878   -0.0847785    -0.190052    -0.597721    -0.209584     0.137646    0.0461094
    -2.37106     0.297432    -0.234108    -0.382223    -0.763297      1.89806    -0.226793    -0.445128     0.165718    -0.646217    0.0711278     0.241411     0.750877     0.348035     -1.61214    -0.637628   -0.0327961    -0.376794    -0.725766      0.50683     -1.16123     -1.93201    -0.493413    -0.832384    -0.133257     -1.12488     -1.12304    -0.421095    -0.778852     0.298274     -1.72053     -1.00944    0.0500763     0.561589    -0.386615    0.0296378     -1.00727     0.563038     0.844908    -0.460502    -0.164895      -1.1481    -0.827256     0.537647     -1.46783     -1.47041      1.22883     0.502977    -0.991665    -0.644191
    0.729839    -0.697266    -0.366474      1.18244      2.11279     -1.78333     0.394136    -0.262378    -0.987251     0.438429    -0.913847     -1.05755     0.329866     0.866214   -0.0846493    -0.445032     0.474751      1.38234     -0.32223    -0.994726     0.257431   -0.0697633     -1.03665   -0.0351755   -0.0733228   -0.0845421     0.249008   -0.0823029  -0.00178142     0.296226      1.63899     0.767105  -0.00656492    -0.589803     0.455268    0.0170158     -0.50989      2.01686    -0.610466      1.23203      1.51866     0.165531    -0.491084     -1.42383   -0.0958394    -0.240474   -0.0638531      2.09124    -0.759113    -0.104684
    0.563906     0.977795     -1.01484    -0.658758     0.091049    0.0248096      0.70135    -0.720285     0.197637      1.34793     0.583689    -0.268055     -1.08339     0.848029     0.155062     0.564788      -2.4179     -1.37967     -1.92174    -0.724228     0.477626     0.191733     0.515692     0.643168     -1.40961     0.109301    -0.925551    -0.276865     -1.00658     0.165678  -0.00538297      1.31235     0.524228    -0.350054    -0.960597     0.588632     -0.19005    -0.550957    0.0868084     -2.32658     -1.50885     0.328592    -0.693724     0.743688    -0.787484     -1.71024      1.52358     0.472244    -0.208518      1.87247
    -1.53499     0.237177    -0.158412     -1.92674     0.533427    0.0743844     0.461851      1.94343     -1.03501      -1.9298     0.671033     0.613607   0.00821947      1.34717     0.190305      0.61231    -0.833376      1.45531    -0.640003      1.11159      1.05855      1.03227    -0.616314     0.734722    -0.175603    -0.690215    -0.735163    -0.718706    0.0805096     -1.45046     -1.84367     0.165524      -1.7883     -1.83108      0.67289     0.553951    0.0741376      2.11391   -0.0647859     0.418496      1.06945     -1.18754     0.261691     -1.27967    -0.241591     0.157871     -1.70927    -0.701946    -0.749866     -1.00582
  -0.0835023     0.902928     0.718952     -0.21211     -1.19203     0.586468     -1.42111     0.394222     -1.12358     -1.07891     0.115794    -0.622899     0.061146     0.202576    -0.509418   -0.0792375    -0.183752     0.342968    -0.321188       1.6817    -0.448678     0.640702    -0.918937     0.270811    -0.100967      -2.2153      1.23699     -0.19654     0.912191    -0.928168     0.311262     -1.82967     -2.60139    -0.777581    -0.156455      1.30282     0.516552     0.580619    -0.139488    -0.996734    -0.408943     -1.04352    -0.753946    -0.547685    -0.791067      0.22289      1.51589    -0.601759     -2.26433     0.140977
   -0.351682     0.208256    -0.148828     0.650384     0.222963    -0.406155    0.0784122    -0.387118    -0.359274      1.57024    -0.624618    -0.342583     0.329257    -0.334168     -2.09401     0.692395    0.0575756    -0.475399    -0.954403       1.1977    -0.781687    -0.617302     0.839538    -0.230366    -0.289859    -0.498186     -1.25255  -0.00900979    -0.542261     0.778183     0.402776    -0.323904       1.0037      1.78678     0.316447    -0.280378    -0.729855    0.0197685    -0.865183     0.260675     0.184969    -0.568778    -0.479999     0.425138     -1.68766     -1.45042   -0.0412451     0.244918     0.173259    -0.567565
     1.18134     0.352895    -0.222742    -0.907426      0.59003     -1.90934     -1.00206     -1.10656     -1.58738    -0.551583  -0.00707198     0.830042   -0.0409952    -0.157108    -0.525313      1.12277     0.255134     0.457076     -1.44326    0.0912309     -1.04875       0.8175      -1.1242     0.538573    -0.707361    -0.432236    -0.373641     0.303784    -0.429256    -0.847203      2.56627     0.337789    -0.571822   -0.0453704    -0.601427    -0.433576     0.614319     0.862294     -0.73402     0.519214    0.0558493    -0.670883     0.502128    -0.919896     -1.21832    -0.639445     -1.52317    -0.351328     -1.43308    -0.277052
     -0.5644      0.11914     -1.70407     0.272499      1.67991    -0.243841     0.388522     0.628679    -0.923833    -0.854661    -0.186344     -1.16182    -0.759585     0.153989    0.0911567     0.511512    -0.830698     0.501014    -0.516215    -0.439825     -1.46552    -0.959477    -0.525668     0.778073     0.447685     -1.41786    -0.954544    -0.166685     -0.63686     0.519994    -0.611895      1.01983     -1.55275    -0.797841      1.07863      1.18613     -1.55792       1.8224     0.349171    -0.554116    -0.318947    -0.744173    -0.822442    -0.907333    -0.455681     0.484879     0.466013      1.35327     -2.81426    -0.108914
   -0.836645      1.06022     0.175494    -0.585798    -0.924918     0.862171    0.0242157    -0.482418     0.780588    -0.601852     0.632639       1.2587     0.365094     -2.06925    -0.645906     0.775291    -0.669734     -0.80151     -1.36746     -1.52231    -0.954094    -0.613673      1.24875  -0.00703047    -0.676525     0.443307    -0.231752    -0.990019     -1.20803    -0.621138     -1.16704     0.199058     0.221274    -0.384596     -0.78982    -0.371982     0.788999      -1.3733     0.440201    -0.151035     -1.23816    -0.734646     0.434355     0.895682     -1.51592    -0.211811    -0.387148    -0.342873     0.380739     0.706429
   -0.143362  -0.00534479    -0.232495     0.128754    0.0895625    -0.726749    0.0440341     -0.22584    -0.392785    -0.258775    -0.415656   -0.0662522   -0.0432034    -0.331183    -0.182582     0.315751    -0.289867   -0.0690189   -0.0785859        -0.51    -0.475398    -0.338698     0.127723   -0.0869086    -0.238075    -0.153084   -0.0249202   -0.0340355      -0.2973    -0.320627      0.10923     0.237167    -0.423264   -0.0733294     0.252014     0.116641    -0.613471     0.193427   -0.0417597     0.346351    -0.128289    -0.137028    -0.669056    -0.577374    -0.361605    -0.160552       0.1091    0.0255651    -0.589123     0.091194
   -0.226751    -0.120349     -0.29217   -0.0541856    -0.222305   -0.0472659    -0.248359    -0.395276    -0.176654    -0.221502    -0.178987    -0.146962    -0.512703    -0.114508    -0.317509    -0.209818   -0.0705523    -0.221409     -0.27464   -0.0978158    -0.338833    -0.211023     0.125602    -0.404931     -0.10967     -0.22259    0.0897051   -0.0816671      0.11109   -0.0373339    -0.237522    -0.308743    -0.296053    -0.245834    -0.136213    -0.275213    -0.268963   -0.0262738    -0.401948     0.163438    -0.231333    -0.117548    -0.384206    -0.312468    -0.182403    -0.223831   -0.0686168    -0.386685     0.179994   -0.0645599
    -0.47647     0.805904    -0.806586     0.257377     -1.08137     0.412025     -0.61013    -0.521623    -0.776528    -0.164644    -0.184745    -0.663419     0.587962      1.03171    0.0272895      2.03143     -1.01902    -0.750481    -0.550396    -0.325681     -1.50531     -1.09599     -1.25706    -0.059088    -0.321122    -0.515977      1.94132    0.0297784     0.348308    -0.324888     -1.32392     0.275692    -0.678539     0.721857     0.166821    -0.380733    0.0476044   -0.0877969   0.00827587    -0.710575     -1.25686    -0.943708     -1.99394   -0.0500756   -0.0654224    -0.851069    -0.633434       0.6229  -0.00489445    -0.139427
  -0.0429599      1.62622      1.11669    -0.595654    -0.124123      1.71615     0.300907      1.14952     0.684443    0.0627333     0.793195     0.705168      1.12359     0.949035    -0.420248    -0.409541     0.107494    -0.504625     -1.22204      1.66584      0.65212     0.381465     0.593018      1.02873    -0.347732    -0.290272     -1.11382    -0.511211     0.562636     0.514465    -0.137393      0.44292      0.53459      0.56084   -0.0960175     0.402603    0.0608847      1.17582      2.41103     -0.34388     0.710199    -0.339038     0.317233      1.13904     -1.27677    -0.547263      3.51046    -0.365172     0.578771     0.453178
   -0.980635    -0.620137     -1.01881      1.58356    0.0952124    -0.789886     -1.09672      0.17566     0.568793    -0.114698     -1.42207     -1.11229     0.983321     0.247617      1.00975     0.763882     -0.06627     0.816022     0.434209     0.178741   -0.0792867    -0.936944    -0.153879    -0.548758      1.19784    -0.212946      2.75701    -0.145475      1.16645      0.12236    -0.235268     -1.40396     -1.02571      1.64061    0.0927373     -0.16734    -0.788262    -0.226635    -0.587952    -0.209252    -0.468341    -0.251348    -0.780118     -0.54118      1.74777     0.927225    -0.434309     0.165255    -0.529609     -1.35944
   -0.819767      1.16582     0.359036    -0.876142    -0.961973    -0.811241     0.619597    -0.246525     -0.49798    -0.286949     0.130308     0.850032     0.291282    -0.941508     -1.14057     0.508049     -1.08892    -0.760921     -1.50454     -1.47274     0.239893    -0.332413    -0.119499     0.205653     -1.31712    -0.319744    -0.380802    -0.124837     -1.01709    -0.926915    -0.218465     0.791514   -0.0229684    -0.537629    -0.682712     0.234486     0.584344     0.648057      1.10946     -1.02495    -0.297382   -0.0865585     0.270868     0.592508    -0.812614     -1.49518    -0.155005    -0.853347    -0.327265    -0.548184
   -0.866178      0.87827     -1.04983     0.567441     -1.25566      1.20717    0.0293735     -1.01015     0.941331    -0.970996    -0.762024    -0.573655     0.432585      1.20292      -0.2074     0.689424     0.145599    -0.914388    -0.237457     -1.86735    -0.518856    -0.991487     -1.57006    -0.297452    -0.738507    -0.244467     0.143221    0.0418672     0.501591     0.580884     -1.15586    -0.211536     0.571199    -0.660924     0.532437    -0.734196     -1.25392    -0.654808    -0.431422    -0.634888     0.718989    -0.243371     -1.07872    -0.271002     0.191993    -0.326342    -0.324062    -0.510718     0.725059    -0.127396
   -0.264602    -0.347678    -0.300221     0.246011   -0.0849708    -0.364048    -0.219254    -0.188842    -0.129182    -0.238067    -0.340293     0.041573    -0.565634    -0.125734    -0.375771    -0.109937    -0.283119   -0.0508195    -0.321719     -0.10664    0.0282404   -0.0456705     0.151339    -0.128226     -0.16679    -0.167866   -0.0708684    -0.239172    -0.346932    -0.680013    -0.232617    -0.140411   -0.0287743    -0.142061    -0.198875     -0.23587    -0.156309    -0.211146  -0.00518656    -0.253082    -0.156424    0.0104231   -0.0976307   -0.0272769    -0.126793    -0.417206   -0.0666778    0.0457495    0.0520872   -0.0525251
    0.012919     -1.26177     -1.51444     -1.12581    -0.132775     0.974965      1.09513    -0.967589      1.43487    -0.499682     0.246093     -1.15386     -1.35585      1.04427     0.912202     -1.35439    -0.779286    -0.676707     0.681609     0.273647    -0.407568    -0.760527     0.709921    -0.744448     0.903518     0.664576    -0.851328      1.26142      1.03038     0.800964     -1.90037    0.0028901    -0.526008    -0.250008     0.906721      1.31926    -0.609447     0.123933     -1.15485    -0.767128    -0.804382    0.0740597    -0.874361    -0.506714     0.618491     0.742838      -1.1562      1.05458     -1.22028     0.894638
   -0.563758     0.662102     0.445786    -0.227565    -0.245836     0.836241     0.931183      0.40269       1.0298     -1.36964      1.08043      1.13762     -0.76987     0.391319    -0.107778    -0.791219     -1.41219     0.704516    -0.909417      1.90194     0.256554     0.756674     0.880074    -0.254443    -0.332146     0.345854     0.318446    -0.139439     0.166805       -0.878     -1.52833    -0.831106    -0.160111     -1.23684    -0.440722     0.445545     0.465018     -0.86707   -0.0193874    -0.529444    -0.526238    -0.146145     0.332698   -0.0155467    -0.859222     0.232024    -0.143559   -0.0336185   -0.0511459   0.00342434
     -2.5948    -0.499644     -1.01159    -0.303855    -0.764472    -0.136317     0.577122     0.370492     0.140068     -1.69608    -0.998374    -0.851495     0.355018     0.828768      1.76001     0.306639    -0.841049     0.269478    -0.666162    -0.653494      1.60291    -0.853437     -0.35734  -0.00487185    -0.809326    -0.085776     -2.11158     -1.05639      1.05438       0.4577    -0.467779    -0.177119    -0.117391      -2.1063      1.04711    -0.042249     -2.08274    0.0769035    -0.154646    -0.132274      1.75134     0.104452     0.565939    -0.919294     0.051885     0.100143      4.58182    -0.999213       1.1576     -2.43356
     1.69725     0.325685      2.24066     -1.05571      0.23529     0.827061     0.291227    -0.868501     0.338832     0.491668      1.59223      1.51833     -1.63235     -1.37809     0.384206     -1.38172      1.02268     0.686853     0.583627    -0.601927    -0.339645      1.33708    0.0912793    -0.308797    0.0911707      1.79577     -0.44332     0.972898     -1.57596    -0.698685      1.07479     -1.47162     -0.23254      1.52346     -1.25242    -0.128898      2.37798     -1.08582    -0.579753   -0.0508729    -0.617246      1.51407      1.90341      1.27391    -0.125134     0.144674    -0.451297    -0.336689    -0.238679      1.46125
   -0.993409      1.83671      1.68577    -0.888032     -1.64376       0.5953     -1.10912     -1.94544     -1.41596     -1.12071     0.550307      1.03254    -0.930697    -0.956862     0.178089    0.0316135      1.25817      1.32147 -0.000458331     0.764097     0.223059     0.187507     -1.24736     -1.97703     -1.06536    -0.137352    -0.776417      1.49934    -0.791524     -1.47325     0.607093     -3.02458    -0.545571     0.860457     -2.10134    -0.899586      1.49867    0.0841427     -2.54488     -1.57673     0.810894     0.898676     0.322481    0.0571101    -0.111162    -0.182251      1.48246     -1.78807     -0.33433     -2.07623
    -1.19496    0.0511534     0.370752     0.212584     -1.06268      1.27987    -0.307912      -2.7925      1.55855      1.28932     0.283562     -1.08791     -1.32311    -0.348271   -0.0239886      -1.0147      1.47789      -1.2109   -0.0443972     -2.65154     0.398973     -1.50205    -0.340145     -1.14073     0.518559      1.02793    -0.281878     0.287881     -0.96861      1.14431    -0.618038     -1.42648       1.3977      1.39144    -0.548593    -0.163506    -0.526652     -2.46383    -0.527573     -1.07093     -1.69016    0.0504153    -0.298232      1.02789     0.572767    -0.664431      0.75442       0.3493    -0.594209    -0.237636
    0.118485    -0.200815    -0.180125   -0.0679595   -0.0937998    -0.250891    -0.391327   -0.0424589    -0.217786     0.268519    -0.305368   -0.0907289      0.22444    -0.330677    -0.211278     0.366057   -0.0654991    -0.133855   -0.0332729   -0.0885035    -0.341068     -0.39945     0.273456   -0.0179378   -0.0379196    -0.136579    -0.111461    -0.316814    0.0867144   -0.0618214   -0.0741384    -0.193174   -0.0930594     0.247086    0.0458831    -0.292627    -0.367391     0.311601    -0.163205     0.170414   -0.0481923   -0.0592274    -0.444218    0.0142086    -0.588249    -0.378182   -0.0465671  -0.00251255    0.0585892    -0.137666
    -1.30737     0.871709     0.758282    -0.824309    -0.275684    -0.014126    -0.603643     -1.61494    -0.539114    -0.627097   -0.0535755     0.452397     0.875272       -1.294     -1.15333     0.247627     0.862019    -0.565985    -0.947639     0.846641     -1.25871    -0.991927     -0.13296    -0.906369    -0.998831     0.128385     -1.68358    -0.656949     -1.04345    -0.614628     0.275972     -1.37241     0.253776     0.661114    -0.941457     -1.19206    -0.322559    -0.990897      -1.2963    -0.728975      1.02123    -0.454605    -0.464042     0.721604       -1.463     -1.34292    0.0274275    -0.549737     -0.44633     -1.30354
    0.874739     0.470782     -1.00858  -0.00053305      1.21355    -0.395045    -0.347501     -1.20565     0.192928     0.544077     0.442514    0.0653301     -1.15925     0.247263     0.175972    -0.351479    -0.242859    -0.412216    -0.565324      0.94814     0.357044     0.399431     0.282581     0.569263    -0.560434    -0.255744      1.12327     -1.11803     0.802516    -0.185366      -1.0875     -0.85464    -0.398252      1.11935     -1.09601   -0.0800893     0.906565    -0.853782     0.488701     -1.57279    -0.856569    -0.581981   -0.0894491     0.612536     0.060122     0.337292     -2.16226      1.04631     -2.07482     0.890736
    0.528418    -0.104746      0.54484     -1.47179    -0.594644    -0.875261    -0.367904     0.491132     -1.12951   -0.0158778    -0.146018    0.0857088    -0.351574    0.0953848     0.686585    -0.891352    -0.406466    -0.148227   -0.0188661    -0.950149     0.108346     0.491215     -1.35276     0.288296    -0.354251    -0.542131    -0.938595     0.469886    -0.762145     -1.03217     0.263485     0.246862    -0.656552     -1.08016   -0.0409689      0.07438    -0.200001      1.53322     0.843389      0.59321    -0.394716  0.000568239    -0.745078    -0.960969    -0.287777   -0.0001335      1.44837    -0.782927     -1.08865    -0.583424
 0.000365835      1.50479    -0.288019      -1.0316    -0.289789     0.757646    0.0503544    -0.493994      0.24592   -0.0211429      0.24418    -0.802653    -0.523435     0.595162     -1.13129    -0.868014     -0.81822    -0.415938     -1.93053     0.988831    -0.572441     -1.11578     0.522696   -0.0878774     -1.40321    -0.836557    -0.651224   -0.0226516    -0.688743     0.271131    -0.953996     -0.74498     -0.88793      1.36208    -0.818651     0.721582    -0.808605     0.127111     -1.16189     -1.95287   -0.0608188    -0.555995     -1.39695      0.45969     -1.13836     -1.38505    -0.127127     0.744293     0.249572   -0.0868263
   -0.509936   -0.0924278    0.0399878    -0.404492    -0.181652   -0.0631979    -0.119856    -0.407967    0.0197454    -0.326013    -0.115232    0.0876114   -0.0116486    -0.249714     -0.15948     0.179028    -0.458674    -0.176374  -0.00853184    -0.246148    0.0538794    -0.154219    -0.156684    -0.345946    -0.239388    -0.319897    -0.270397    -0.261788   -0.0421392    -0.519869   -0.0837767    -0.321769    -0.477646     -0.38275    -0.116453    -0.154639    -0.194054     0.119038   -0.0901511   -0.0210206     -0.17303    -0.195782     0.126515   -0.0290105    -0.168649    0.0244877    0.0097196    -0.469919    -0.205949    -0.370357
   -0.988834     -1.09137    -0.492034       1.7666      -1.7789     0.675536    0.0138377     0.513157    -0.765241     -2.23966     -1.04435    -0.241942     0.383056      0.57111    -0.501464     0.381705      0.20173     0.923943    -0.256601     0.103933    -0.731918   -0.0212811    -0.483215     -2.23879     0.584538     0.699615      2.17008     0.517347      1.12107   -0.0713346     -1.50088    -0.604475      1.05389     -1.13179     0.931634     -1.23598    -0.600055   -0.0965573     -1.59734      1.06411     0.284861     -0.26279     0.505936     -1.48712    -0.347802   0.00267655     -1.39547     -1.56022      2.25991     -1.71452
     1.14641      1.20415    -0.197509     -1.95858     0.312258   -0.0446997     -0.22518    -0.570449    -0.437012     0.572877      0.34646     0.825187     -1.00853     -1.73634     0.923362     0.793296    -0.690817    -0.739771     0.396926     -1.66965     -1.10534    -0.458262    -0.714396     0.127503    -0.794291    -0.293859      2.36553    0.0432787     -1.98113    -0.213799    -0.697081    -0.216775     -1.10369     0.439214    -0.920447     -0.25723      1.76244      1.03407     -1.01086    -0.206737     -1.15075    -0.268519   -0.0534318    -0.100024    -0.924061     0.530087      2.75181    -0.142672     -2.32862     0.111174
     -1.3356     0.155421       1.6451     0.855203     -1.13888     0.102534    -0.727925     -1.39766    -0.997079    -0.443492    0.0753499    -0.545356    -0.338483     0.329041     -1.32553    -0.563511     0.752593      1.07996     0.562711     0.916464    -0.385504    -0.411731    -0.967606     -1.20223     0.636223    -0.085058     0.403988     0.943744     0.318445    -0.189301     0.825999     -2.15155    -0.311755      2.36503    -0.468214   -0.0384766     0.341892    -0.599831     -2.08288    -0.949309    0.0977692  0.000573298    -0.325601     -0.40852    0.0791867    -0.481818     -2.25267    -0.591267    -0.368157    -0.250578
    0.485286    -0.254919    -0.765128     0.491746    -0.310943     -1.63287     0.961238    -0.396484    -0.721259    -0.150182     0.266918    -0.589421     -1.55076    -0.960256      1.49696    -0.508046    -0.487786    -0.435817     -0.63318     -1.55409    -0.378253      0.55138    -0.144944     0.135096     0.422143     0.717161      1.48932      1.20018  -0.00379912    0.0596102     -1.33229     0.523454     0.141131    -0.627668    -0.218812    -0.118576    0.0628929     -1.36728    -0.751575      -1.4742     -1.31967     0.869612     0.011318    -0.339909     0.403283     0.628112     -3.01858     0.816261     0.571773     0.852581
    0.703903    -0.541261     0.408544    -0.568924    -0.528354    -0.504342     0.579883     0.655513    -0.262546     -1.69284    -0.120079    -0.929629     -1.40433       0.2126     0.861812    -0.500469     0.155657     0.304382      1.40221     -1.30855    -0.522444     0.271402     -1.13321    -0.332372     0.184489     0.389007     -0.53615      1.43674    -0.706892     -0.75427    -0.518142     0.435303    -0.345356     -2.34951    -0.481664     0.311123     0.486183     0.920396     -1.01428      0.74068     0.281522     0.382307    -0.215858    -0.859374     0.734652      0.26725    -0.788871     -1.11563    -0.297003    -0.183858
    0.149533     0.172726    -0.330518   -0.0261964    -0.749402    -0.353748      2.17102   -0.0653084     0.852039   -0.0254456    -0.589731    0.0437462     0.326521      0.53475    -0.956102     0.874899   -0.0398799     0.335219     0.796608     -0.20118    -0.431359    -0.797515     0.530108    -0.316016   -0.0866315    -0.256458      3.09863      1.12726    -0.120777     0.505572     -1.13783    -0.158979      2.03535    -0.315937     0.706832   -0.0195133     -1.40789     0.597978     -1.38441      1.05242    -0.283658    -0.360941    -0.926979    -0.643843     0.291747    -0.512897      -2.8569     -1.05351     0.943803    0.0463783
    0.496233     -1.14706     -1.95216    -0.504399    0.0958538     -1.15254      1.01823      1.45551      0.85445      0.55477    -0.837668   0.00363983     0.541711      0.45052     -0.12516      1.81373     -1.92619     -1.00784     -1.26592    0.0413626    -0.525997    -0.347808      2.00723      0.64713    -0.108186    -0.777937     0.858278    -0.295008       0.4433    -0.221613     0.788609     0.760338    -0.267476    -0.841906        1.454     0.701879     -1.23518     0.387699     0.113929      1.43312     -2.21874    -0.602378     -1.04864    -0.860247     -1.38099     0.401207    -0.264763     -0.87471    -0.516549     0.449305
   -0.756169     0.349679     0.551787    -0.874065   -0.0980952    0.0360759    -0.272554    -0.403481    -0.807196    -0.837689     0.280065     0.523638    -0.534998     0.403757   -0.0375364     -1.25437    -0.362916     0.432113    -0.894847     0.677436     0.588482     0.719151     -1.24775   -0.0347221    -0.709059    0.0773974    -0.641093   -0.0424001    -0.424023     -1.19312    -0.661861    -0.634199     0.521667     -1.41598     -1.27283    -0.491021     0.628793     0.111855    -0.425462    -0.709691     0.862741     0.546336      0.41003    -0.202575    -0.758046    -0.620695    -0.334544    -0.496571     0.845779    -0.648355
   -0.553924     0.225037    -0.667797   -0.0860557  0.000346517     -0.71717     0.779908     0.215119     0.490601    -0.551813    -0.519958    -0.182685    -0.292407    -0.813107    -0.313252     0.149814    -0.519276   -0.0738366    -0.747757    0.0427847     0.145363    -0.610262     0.610135     0.358478    -0.603332    -0.336812      0.19874     -1.00388    -0.854713    -0.253386     -1.05362   -0.0561908      0.17332    -0.767984    -0.124965    0.0782282    -0.217381   -0.0198957     0.881093     0.063755     -0.28115    -0.353816     0.135292    -0.104429    -0.908801    -0.799922     0.224971    -0.418686    -0.516373    -0.383682
   -0.955743      1.09706     0.504388     -1.12077     0.245185     -0.35453      0.19833    -0.911841    -0.310787    -0.406078     0.979754     0.709987   -0.0600482     0.791629    -0.350724    -0.517452  -0.00113489    -0.636162     -1.04995     -1.26312     0.193536     0.169894     -1.21045     0.497336    -0.995789     0.406513     -1.27679     0.186571    0.0001138    -0.702759     -0.37051     0.494332     0.367216    -0.370646     -1.12368    -0.462095     0.654304     0.140903    -0.563495     -1.80579      1.90177     0.629048   -0.0914604     0.469809    -0.660203     -1.18734    -0.655576     0.713276    -0.339263    -0.286958
    0.310669    -0.160941    -0.167455    -0.145998    0.0175972   -0.0626096    -0.265337    -0.248448     -0.14981    -0.153415       -0.237    -0.306046    -0.437391       0.1789    -0.383059    0.0831978    -0.100367     0.291378  0.000773351   -0.0309191    -0.341418   -0.0277818    -0.277242    -0.050206    -0.187868    0.0127953   -0.0849731   -0.0335453    0.0909456   -0.0574071   -0.0150855    -0.116854     0.150933    -0.295024    0.0419528    -0.230781    -0.103626    -0.170482    -0.412753    -0.233889    -0.047661    -0.367406     0.070761     0.194862     -0.15682    -0.148092    -0.262931    0.0169729    -0.156138    -0.219783
    0.296854       1.4515      0.41963     -1.05157     -2.13007     0.263049   -0.0876567    -0.683861     -1.28483     0.259757      0.17137    0.0420863     -1.03144     -0.75878    -0.455302     0.361433     -1.64662     -1.38409     -1.31886      -2.1696   -0.0445955      1.00494    0.0100094    -0.069504     -1.87795    -0.133389     -1.61753    0.0238917     -1.50594     -1.33156      1.16361      0.26237    -0.762213    -0.646507      -1.2601     0.300884     0.282006    -0.236618    -0.480964    -0.873933      -1.0978    -0.349141      0.45131     0.340094     -1.05318     -1.05012     0.558481     -1.25412     0.124485      1.47004
     1.20143     -0.96272    -0.893393     0.455535    -0.369242     -2.18528       1.4011      0.50707      0.61037     0.197541    -0.934976   -0.0903634     -1.61363     -1.81642    0.0325897    -0.213838     -1.39553     0.863861    -0.532069      1.99774    0.0784953   -0.0078454       1.8128    -0.810629    -0.768708     0.632606      0.53201      1.00455    -0.839951     -1.13103     0.146088    -0.461224   -0.0719772    -0.460046    -0.814706     0.643492    -0.243156     0.376071      -1.3745     0.556742    -0.417531      1.41913     0.411148    -0.224507     0.324089    -0.249018    -0.507127    -0.891643     0.173512    -0.873205
   -0.340067    -0.724685    -0.523747     0.100558      1.42307     -1.15059      1.61745     0.441366     0.389923   -0.0149163    -0.598996    -0.013555     -1.16823     -1.14404    -0.623279    -0.113211     -1.33544  -0.00176551    -0.782861      1.92412    -0.330719   -0.0450535      1.20597     0.224195      -0.3927    -0.668618     0.864885    -0.540926    -0.592368    -0.937674     -1.21582    -0.141119     0.102893   -0.0706825     -0.25927      1.13784   -0.0281646     0.842709   -0.0743189     0.189589    -0.873849   -0.0951956    -0.440876    -0.389511    -0.595366     -0.13579    -0.625457   -0.0730254    -0.358267    -0.841492
   0.0246417     -2.35254    -0.209882       1.1089    -0.914076     -1.75664     0.390091     -1.50103    -0.176596       1.6995    -0.789351   -0.0582999      -1.9072      -1.1339     0.194398    -0.793313     0.433401    -0.640733    0.0380665     -1.39535     0.972705     -0.73863       1.2144    -0.948984    -0.463005       1.2872     0.328949      0.29502    -0.280499   -0.0907239   -0.0331653  -0.00779476      2.32534     0.713029    -0.681178     -1.32208     0.450895     -2.02605    -0.643744    -0.232077    -0.335553      1.72098     0.720193    -0.522057    0.0229623     -0.71743    -0.596128    -0.490318      1.96514    -0.510615
  -1.22523
  -2.08779
   1.34451
   2.05701
  0.150764
 -0.683475
   2.56547
  -2.79471
  -1.93712
   1.32611
  -1.23805
 -0.144801
 -0.339205
 -0.154758
  0.356909
 0.0794914
 0.0235786
 -0.102204
   2.42534
 -0.818818
   1.05201
 -0.148956
 -0.164572
  0.227716
 -0.666836
  -2.30065
  0.258921
  0.751914
 -0.184653
  -1.66797
  0.185489
  -1.60949
 -0.131919
  0.559743
 -0.157261
 -0.166565
   1.50914
  0.559822
 -0.718405
 -0.154283
   1.03444
  0.565821
  0.109791
  0.734779
-0.0345327
  -1.02365
  0.387047
  -1.01213
 -0.107119
  -1.74775
1
4
50 10
   -2.10734    -4.87547   -0.456585   -0.103236   -0.402846  -0.0523519    -1.39583   -0.913367    -1.54641    -1.03119     1.24377    0.108442    0.469435    -1.49109    0.681185   -0.428489   0.0580748    -1.54734     3.78436   -0.370411     1.18848    -0.11287    0.199509     1.90501    -1.49025     1.15786     4.30768    -8.15423   -0.570699   -0.464922     -1.4813     1.94619    0.770634   -0.204752   -0.289896   -0.729918    -1.11105    -4.19161    0.915541    -1.27593    -2.34525    -5.29435    -1.71721    0.205534    0.821071  -0.0624683     1.98907   -0.808699     1.06127     2.50182
    -3.7434     3.42701    -0.47039    0.740226    0.254392  -0.0920088    0.812902   -0.984309  -0.0338781     3.04848    -2.07757   -0.471211    -4.19231     2.59737    0.803382    0.349536    0.136991      1.6391    0.941931    0.381562     1.46951    -1.27247     0.44602    -2.63183     2.02741     0.48086   -0.745919     1.99985    -2.00017  -0.0230129     0.41916      2.3764    -2.00298   -0.364245    0.074515      2.1678     1.19795   -0.772267     2.99128    -2.17657   -0.425087    -2.52856     1.65427     1.98354     1.82513   -0.258713    -2.65828  -0.0401478     1.11369      1.8874
   -2.03578    0.408494    -1.03372      2.4886  -0.0808282    -0.12342    0.515578     1.06517       2.314     1.03075    -1.72642    0.944662   -0.613627     3.89272   -0.860338    0.656879 0.000214808    -1.53985    -1.03868     -1.5919   0.0717586    -2.55518    0.185147     2.86407     2.13031    -5.56158     1.38179     1.80488     2.00644   0.0790966    -1.39348    -3.09944     1.30684   -0.441301   -0.139591    -4.25085    -4.68385     2.12246     2.37696    0.145241    -2.11446     1.07909     2.39079   -0.568972    0.945427    0.021947     1.64047  -0.0798247    0.466769     1.65607
   0.895768   -0.953149     1.97198     1.81812    0.100534    0.642316   -0.334722    -4.58099    0.907612    0.903348    0.151201     1.53322     4.16651    -3.45858    -2.42356    0.103774    0.344289     2.44313   -0.956367     2.17212     1.25343     3.81232  -0.0422933    -1.58286    -2.44746   -0.144634   -0.666897    0.774511     1.88654    0.382427     1.20307    0.112346     1.24804    0.789299   -0.338724     3.05167    0.708194    0.924403   -0.149559     1.58799     1.74974     1.79815    0.210568    -1.60265     3.99546    0.147396    0.198764     1.75696   -0.862987   -0.636651
  -0.658002     1.08963   -0.500015    0.969839    0.127103   -0.284421    -2.25468     2.53407     3.03435    -1.53661     4.48058    -5.03053    -1.32815   0.0360681    -2.52575  -0.0898035 -0.00521819   -0.304691    -3.64776     3.12934    -1.10977    0.718415    0.125954    -1.57444    0.879673     5.91431    -1.83336      1.1467     2.75362   -0.538591    -2.32828    -1.77109    0.631641     -1.9752    0.212466    -2.19364     1.49866   -0.963526     -4.1943    -1.67655      -2.968     1.03686   -0.603311   -0.327903    -1.56883   -0.240485     1.00024     3.35098    0.131466     1.20282
    5.82349    -2.11407   -0.525265    -1.07893    0.475967   -0.198059      2.2653     2.15995    -1.08122  -0.0786311      1.3566    0.792076   -0.248004     1.63775     3.74016    0.318704    0.303196    0.281733     -1.4015    0.772639     1.96737    -1.34262     0.15361     1.15346     -1.1797   -0.017163   -0.541415   -0.208104     1.65095   0.0126689     2.18746    -1.98685    0.744635    0.219565    0.554121    0.941382    0.108967      2.1088     2.27558   -0.158295     2.79239     3.04043   -0.978436    0.256973    -1.71248   -0.303329     1.81306     -3.2273    -3.59078     1.72804
   0.568808     1.05428     1.03826   -0.427818    0.234309   -0.486579     1.50376    -1.68646    -5.12481    0.352185    -1.98431    0.667522     1.93344    -1.45651   -0.942727   -0.129646  0.00569075    0.748761      1.2513    -4.93765     -4.1402    -0.56545   -0.340685     1.96228   -0.808675   -0.728262 -0.00294175      2.1079    -1.07298    0.307955     3.38072   -0.709881     2.07884    -3.18405   0.0895058    -2.89691     4.20071    -2.65094     -1.4617     2.19618     1.41245     1.91643     0.62696   -0.979024    -1.58979    0.207869    -5.09276   -0.978772    -1.57561   0.0654929
    1.86629    0.325078     0.25801    0.923946   -0.131592    0.196968     2.79933     1.65196     1.39472    -5.37007    -2.88517    0.103175    -1.46247     1.98155    0.557004   -0.640027   0.0744008     1.80053    -2.31471    -1.59055    -1.40409    0.968168  -0.0770855    -0.59933     1.40618    0.291842     0.72189    0.814692    -5.24333    0.113071   -0.946433     1.09291    -2.19474     4.98398   -0.557391     3.31629  -0.0758187     1.66125   -0.994828     3.21657     1.94654     -1.2144   -0.978391     -0.6934    -2.16675    0.194356    0.583303     2.61003    0.809109    -3.65187
   -0.70942     2.59967   -0.385476    -6.06733   -0.374143     0.18329    -4.40323    0.999838   -0.341889     2.44888     1.48032     1.59934    0.879367    -3.18281     1.13371   -0.144043   -0.128997    -2.67627     3.57099     2.32857    0.633952    0.535346   0.0687597    -1.46247    -0.39515    -1.59299    -3.46807   -0.774505     1.20378   0.0587209    -0.79853     2.33691    -2.57639    0.649524    0.388504    0.522407    -2.43652      1.4441    -1.66157    -1.35449   -0.594383    0.196341  -0.0646648     1.46643    -1.16064    0.184376    0.497004    -3.18048     1.78311    -5.03329
   -1.22318    -1.02817  -0.0587489   -0.627098  -0.0569739   0.0616337    0.369978   -0.480546   -0.194742    0.423121    0.466841   0.0750888    0.154712     0.55758    0.652956   -0.455965  -0.0123226   -0.357444    0.966265   -0.738105   -0.125719  -0.0793202   -0.179257     1.23964    0.126745    0.720075  -0.0963319    0.743633    0.772794   -0.422332   -0.339991       0.122    0.382743    0.634288   0.0206647  -0.0490345    0.834145    0.380457    0.184956     0.49292   -0.536414   -0.983132    0.615416    0.264294    0.239448   0.0649677    0.277353   -0.171509   -0.456817   -0.626881
 0.352991
 -2.45472
-0.582469
 -2.43368
  1.83917
 -3.86361
  -3.1024
 0.197012
  1.95461
-0.538696
